0 1 0.192308
0 47 0.24031
1 0 0.192308
1 2 0.11875
1 47 0.129032
1 48 0.142857
2 1 0.11875
2 3 0.397163
2 48 0.024
3 2 0.397163
3 4 0.122449
3 48 0.0859375
3 49 0.00666667
3 50 0.0564516
4 3 0.122449
4 5 0.22561
4 50 0.149606
4 51 0.0844156
4 52 0.00561798
5 4 0.22561
5 6 0.0212766
5 51 0.0178571
5 52 0.260417
5 53 0.0136054
6 5 0.0212766
6 7 0.0786517
6 52 0.16129
6 53 0.163636
7 6 0.0786517
7 53 0.0736842
7 54 0.194805
8 9 0.0897436
8 54 0.164557
8 55 0.144578
9 8 0.0897436
9 10 0.0126582
9 55 0.156627
9 56 0.193182
10 9 0.0126582
10 56 0.179775
10 57 0.047619
10 58 0.14
11 12 0.097561
11 58 0.20202
11 59 0.104651
12 11 0.097561
12 13 0.158537
12 59 0.144444
13 12 0.158537
13 14 0.0595238
13 60 0.151163
14 13 0.0595238
14 15 0.0344828
14 60 0.206522
14 61 0.191011
15 14 0.0344828
15 61 0.104651
15 62 0.21978
16 62 0.126437
16 63 0.121951
16 64 0.12
17 18 0.171053
17 64 0.186667
18 17 0.171053
18 19 0.153846
18 66 0.0365854
19 18 0.153846
19 20 0.0625
19 65 0.248175
19 66 0.0206186
20 19 0.0625
20 65 0.146853
20 67 0.251969
21 22 0.219697
21 23 0.00574713
21 67 0.221429
21 68 0.112676
21 69 0.025974
22 21 0.219697
22 23 0.0925926
22 24 0.132231
22 68 0.00769231
22 69 0.147887
23 21 0.00574713
23 22 0.0925926
23 24 0.134969
23 69 0.13587
23 70 0.0989011
23 71 0.308571
23 72 0.0252525
24 22 0.132231
24 23 0.134969
24 25 0.1875
24 72 0.0764331
25 24 0.1875
25 26 0.205128
25 72 0.0952381
26 25 0.205128
26 27 0.131944
26 28 0.00613497
26 72 0.0802469
27 26 0.131944
27 28 0.382857
27 29 0.0165746
28 26 0.00613497
28 27 0.382857
28 29 0.215
28 75 0.0324675
29 27 0.0165746
29 28 0.215
29 30 0.0070922
29 77 0.331839
30 29 0.0070922
30 76 0.15
30 77 0.0506329
30 78 0.0185185
31 32 0.0559006
31 33 0.10596
31 77 0.235955
31 78 0.0540541
31 79 0.117241
32 31 0.0559006
32 33 0.433673
32 34 0.039548
32 77 0.00448431
32 78 0.0420168
32 79 0.147368
32 80 0.0162162
32 81 0.0536585
33 31 0.10596
33 32 0.433673
33 34 0.0419162
33 79 0.0388889
33 80 0.0228571
33 81 0.0820513
34 32 0.039548
34 33 0.0419162
34 35 0.220779
34 81 0.329545
34 82 0.010929
35 34 0.220779
35 36 0.151316
35 81 0.0879121
35 82 0.121693
36 35 0.151316
36 37 0.289655
36 38 0.0125786
36 81 0.00574713
36 82 0.0662983
36 83 0.0451613
37 36 0.289655
37 38 0.15
37 83 0.0320513
37 84 0.0166667
37 85 0.0731707
38 36 0.0125786
38 37 0.15
38 39 0.141975
38 85 0.319635
38 86 0.0191388
39 38 0.141975
39 40 0.0518519
39 41 0.22335
39 85 0.0724638
39 86 0.187817
40 39 0.0518519
40 41 0.186813
40 42 0.233577
40 86 0.0549451
40 87 0.0920245
40 88 0.00621118
40 90 0.0978261
41 39 0.22335
41 40 0.186813
41 42 0.0301508
41 86 0.258197
41 87 0.115556
41 88 0.0403587
41 90 0.0121951
42 40 0.233577
42 41 0.0301508
42 43 0.117647
42 87 0.0333333
42 88 0.011236
42 89 0.00684932
42 90 0.313433
42 91 0.00507614
43 42 0.117647
43 44 0.11236
43 45 0.0454545
43 89 0.0275862
43 90 0.17
43 91 0.142857
44 43 0.11236
44 45 0.2
44 89 0.00584795
44 91 0.144144
44 92 0.20603
45 43 0.0454545
45 44 0.2
45 46 0.12381
45 91 0.030303
45 92 0.0857143
45 93 0.134615
46 45 0.12381
46 92 0.0483871
47 0 0.24031
47 1 0.129032
47 48 0.00833333
47 94 0.190476
48 1 0.142857
48 2 0.024
48 3 0.0859375
48 47 0.00833333
48 49 0.179104
48 94 0.0143885
48 95 0.0365854
48 96 0.0933333
49 3 0.00666667
49 48 0.179104
49 50 0.107692
49 95 0.0107527
49 96 0.30814
49 97 0.142857
50 3 0.0564516
50 4 0.149606
50 49 0.107692
50 51 0.0610687
50 97 0.103704
50 98 0.03125
51 4 0.0844156
51 5 0.0178571
51 50 0.0610687
51 52 0.214286
51 98 0.178862
51 99 0.057971
52 4 0.00561798
52 5 0.260417
52 6 0.16129
52 51 0.214286
52 53 0.0496894
52 99 0.111111
53 5 0.0136054
53 6 0.163636
53 7 0.0736842
53 52 0.0496894
53 99 0.0854701
53 100 0.190476
54 7 0.194805
54 8 0.164557
54 101 0.0843373
54 102 0.0722892
55 8 0.144578
55 9 0.156627
55 56 0.0322581
55 102 0.114943
56 9 0.193182
56 10 0.179775
56 55 0.0322581
56 103 0.114583
57 10 0.047619
57 58 0.0865385
57 103 0.142857
57 104 0.0925926
58 10 0.14
58 11 0.20202
58 57 0.0865385
58 104 0.0725806
58 105 0.049505
59 11 0.104651
59 12 0.144444
59 105 0.125
59 106 0.115789
60 13 0.151163
60 14 0.206522
60 106 0.105263
60 107 0.105263
61 14 0.191011
61 15 0.104651
61 107 0.076087
61 108 0.130435
62 15 0.21978
62 16 0.126437
62 108 0.0206186
62 110 0.134615
63 16 0.121951
63 64 0.135802
63 110 0.050505
63 111 0.139535
64 16 0.12
64 17 0.186667
64 63 0.135802
64 111 0.0506329
65 19 0.248175
65 20 0.146853
65 66 0.0859375
65 113 0.283951
65 114 0.00609756
66 18 0.0365854
66 19 0.0206186
66 65 0.0859375
66 112 0.11236
66 113 0.0819672
67 20 0.251969
67 21 0.221429
67 68 0.0724638
67 114 0.0405405
68 21 0.112676
68 22 0.00769231
68 67 0.0724638
68 69 0.157895
68 114 0.153333
68 115 0.0598291
68 116 0.00826446
69 21 0.025974
69 22 0.147887
69 23 0.13587
69 68 0.157895
69 70 0.148148
69 115 0.0310078
69 116 0.142857
70 23 0.0989011
70 69 0.148148
70 71 0.137255
70 116 0.152672
70 117 0.143885
70 118 0.107345
71 23 0.308571
71 70 0.137255
71 72 0.100592
71 117 0.00757576
71 118 0.111765
71 119 0.0110497
72 23 0.0252525
72 24 0.0764331
72 25 0.0952381
72 26 0.0802469
72 71 0.100592
72 119 0.27451
72 120 0.0243902
73 74 0.441176
73 75 0.140845
73 120 0.0731707
74 73 0.441176
74 75 0.116883
74 76 0.119048
74 120 0.0113636
75 28 0.0324675
75 73 0.140845
75 74 0.116883
75 76 0.164557
75 120 0.144
75 121 0.0709677
75 123 0.025974
76 30 0.15
76 74 0.119048
76 75 0.164557
76 121 0.00833333
76 123 0.092437
76 124 0.0240964
77 29 0.331839
77 30 0.0506329
77 31 0.235955
77 32 0.00448431
77 78 0.0661765
77 79 0.101449
77 123 0.0322581
77 124 0.0552486
77 125 0.0601852
78 30 0.0185185
78 31 0.0540541
78 32 0.0420168
78 77 0.0661765
78 79 0.0582524
79 31 0.117241
79 32 0.147368
79 33 0.0388889
79 77 0.101449
79 78 0.0582524
79 80 0.0532544
79 125 0.174863
79 126 0.104478
80 32 0.0162162
80 33 0.0228571
80 79 0.0532544
80 81 0.103261
80 82 0.0680628
80 126 0.0387597
80 127 0.113043
80 128 0.128713
80 130 0.018018
81 32 0.0536585
81 33 0.0820513
81 34 0.329545
81 35 0.0879121
81 36 0.00574713
81 80 0.103261
81 82 0.113744
82 34 0.010929
82 35 0.121693
82 36 0.0662983
82 80 0.0680628
82 81 0.113744
82 83 0.208333
82 127 0.00704225
82 128 0.0625
82 130 0.057971
82 131 0.0714286
83 36 0.0451613
83 37 0.0320513
83 82 0.208333
83 84 0.184615
83 129 0.151786
83 131 0.205128
84 37 0.0166667
84 83 0.184615
84 85 0.162011
84 131 0.0166667
85 37 0.0731707
85 38 0.319635
85 39 0.0724638
85 84 0.162011
85 86 0.137795
85 132 0.125
85 133 0.0272727
85 134 0.0108108
86 38 0.0191388
86 39 0.187817
86 40 0.0549451
86 41 0.258197
86 85 0.137795
86 87 0.0977778
86 88 0.0538117
86 133 0.109524
86 134 0.04
86 135 0.00578035
87 40 0.0920245
87 41 0.115556
87 42 0.0333333
87 86 0.0977778
87 88 0.284314
87 89 0.0755814
87 90 0.0748899
87 133 0.0052356
87 134 0.00641026
87 135 0.0519481
87 136 0.108247
88 40 0.00621118
88 41 0.0403587
88 42 0.011236
88 86 0.0538117
88 87 0.284314
88 89 0.0176471
88 90 0.0622222
88 133 0.021164
88 134 0.11039
88 135 0.0394737
88 136 0.197917
89 42 0.00684932
89 43 0.0275862
89 44 0.00584795
89 87 0.0755814
89 88 0.0176471
89 90 0.0569948
89 91 0.238095
89 136 0.2625
89 137 0.00699301
89 138 0.00609756
90 40 0.0978261
90 41 0.0121951
90 42 0.313433
90 43 0.17
90 87 0.0748899
90 88 0.0622222
90 89 0.0569948
90 91 0.0901639
90 136 0.130233
91 42 0.00507614
91 43 0.142857
91 44 0.144144
91 45 0.030303
91 89 0.238095
91 90 0.0901639
91 92 0.0276498
91 136 0.0853081
91 137 0.0206186
91 138 0.153488
91 139 0.00980392
92 44 0.20603
92 45 0.0857143
92 46 0.0483871
92 91 0.0276498
92 93 0.138211
92 139 0.19337
92 140 0.0583333
93 45 0.134615
93 92 0.138211
93 139 0.00909091
94 47 0.190476
94 48 0.0143885
94 95 0.246073
94 96 0.0112994
94 141 0.0839695
94 142 0.0119048
95 48 0.0365854
95 49 0.0107527
95 94 0.246073
95 96 0.321782
95 97 0.0052356
95 141 0.0128205
95 142 0.259067
96 48 0.0933333
96 49 0.30814
96 94 0.0112994
96 95 0.321782
96 97 0.0621469
96 142 0.0167598
96 143 0.0145985
97 49 0.142857
97 50 0.103704
97 95 0.0052356
97 96 0.0621469
97 143 0.047619
97 144 0.416667
97 145 0.017341
98 50 0.03125
98 51 0.178862
98 144 0.0363636
98 145 0.0597015
98 146 0.163462
98 147 0.00729927
99 51 0.057971
99 52 0.111111
99 53 0.0854701
99 145 0.0402685
99 146 0.10084
99 147 0.171053
100 53 0.190476
100 101 0.133333
100 147 0.0857143
100 148 0.0549451
101 54 0.0843373
101 100 0.133333
101 102 0.151163
101 148 0.126437
102 54 0.0722892
102 55 0.114943
102 101 0.151163
102 149 0.0898876
103 56 0.114583
103 57 0.142857
103 150 0.152174
103 151 0.0860215
104 57 0.0925926
104 58 0.0725806
104 105 0.0952381
104 152 0.0535714
105 58 0.049505
105 59 0.125
105 104 0.0952381
105 152 0.123596
106 59 0.115789
106 60 0.105263
106 107 0.0104167
106 153 0.0957447
106 154 0.0729167
107 60 0.105263
107 61 0.076087
107 106 0.0104167
107 154 0.0729167
107 155 0.129032
108 61 0.130435
108 62 0.0206186
108 109 0.0693069
108 110 0.0291262
108 155 0.129032
108 156 0.0526316
109 108 0.0693069
109 110 0.157407
109 156 0.2
109 157 0.040404
110 62 0.134615
110 63 0.050505
110 108 0.0291262
110 109 0.157407
110 157 0.0990099
111 63 0.139535
111 64 0.0506329
111 112 0.114943
111 157 0.0113636
111 158 0.105882
112 66 0.11236
112 111 0.114943
112 158 0.0681818
112 159 0.0869565
113 65 0.283951
113 66 0.0819672
113 114 0.120253
113 160 0.0880503
114 65 0.00609756
114 67 0.0405405
114 68 0.153333
114 113 0.120253
114 160 0.0496894
114 161 0.216216
115 68 0.0598291
115 69 0.0310078
115 116 0.173469
115 161 0.0956522
115 162 0.141593
116 68 0.00826446
116 69 0.142857
116 70 0.152672
116 115 0.173469
116 117 0.0909091
116 162 0.119658
117 70 0.143885
117 71 0.00757576
117 116 0.0909091
117 118 0.25641
117 119 0.0179641
117 163 0.0687023
117 164 0.108527
118 70 0.107345
118 71 0.111765
118 117 0.25641
118 119 0.146341
118 164 0.275449
118 165 0.0666667
118 166 0.0810811
119 71 0.0110497
119 72 0.27451
119 117 0.0179641
119 118 0.146341
119 120 0.0568182
119 166 0.0969388
119 167 0.0751445
120 72 0.0243902
120 73 0.0731707
120 74 0.0113636
120 75 0.144
120 119 0.0568182
120 121 0.0481928
120 167 0.0451128
120 168 0.00510204
121 75 0.0709677
121 76 0.00833333
121 120 0.0481928
121 122 0.133333
121 167 0.0552147
121 168 0.402655
121 169 0.0512821
122 121 0.133333
122 123 0.128049
122 124 0.0859375
122 125 0.0122699
122 168 0.025641
122 169 0.176
122 170 0.0227273
123 75 0.025974
123 76 0.092437
123 77 0.0322581
123 122 0.128049
123 124 0.35443
123 125 0.145078
123 171 0.00724638
124 76 0.0240964
124 77 0.0552486
124 122 0.0859375
124 123 0.35443
124 125 0.248408
124 170 0.0121951
124 171 0.00980392
125 77 0.0601852
125 79 0.174863
125 122 0.0122699
125 123 0.145078
125 124 0.248408
125 126 0.104895
125 170 0.00854701
125 171 0.0583942
126 79 0.104478
126 80 0.0387597
126 125 0.104895
126 127 0.0625
126 171 0.0113636
126 173 0.0833333
126 174 0.201389
127 80 0.113043
127 82 0.00704225
127 126 0.0625
127 130 0.016129
127 173 0.0142857
127 174 0.230769
128 80 0.128713
128 82 0.0625
128 174 0.0517241
129 83 0.151786
129 131 0.196078
129 175 0.00892857
129 177 0.101852
129 178 0.220588
129 179 0.0103093
130 80 0.018018
130 82 0.057971
130 127 0.016129
130 131 0.00980392
130 175 0.0178571
130 176 0.287356
131 82 0.0714286
131 83 0.205128
131 84 0.0166667
131 129 0.196078
131 130 0.00980392
131 132 0.0567376
131 175 0.0448718
131 176 0.465649
131 177 0.0986842
131 178 0.0267857
132 85 0.125
132 131 0.0567376
132 133 0.141026
132 134 0.0247934
132 177 0.0952381
132 178 0.00934579
132 179 0.0661765
132 180 0.0314961
132 181 0.00591716
133 85 0.0272727
133 86 0.109524
133 87 0.0052356
133 88 0.021164
133 132 0.141026
133 134 0.22695
133 179 0.0576923
133 180 0.0612245
133 181 0.201058
133 182 0.0112994
134 85 0.0108108
134 86 0.04
134 87 0.00641026
134 88 0.11039
134 132 0.0247934
134 133 0.22695
134 180 0.00892857
134 181 0.0324675
134 182 0.0352113
135 86 0.00578035
135 87 0.0519481
135 88 0.0394737
135 136 0.028169
135 137 0.056
135 181 0.0328947
135 182 0.271429
135 183 0.04
135 184 0.021978
136 87 0.108247
136 88 0.197917
136 89 0.2625
136 90 0.130233
136 91 0.0853081
136 135 0.028169
136 137 0.127273
136 138 0.0107527
136 182 0.00555556
136 183 0.030303
136 184 0.0610687
137 89 0.00699301
137 91 0.0206186
137 135 0.056
137 136 0.127273
137 138 0.213018
137 183 0.148649
137 184 0.359649
137 185 0.0592593
138 89 0.00609756
138 91 0.153488
138 136 0.0107527
138 137 0.213018
138 139 0.122905
138 183 0.00591716
138 184 0.0962963
138 185 0.314103
138 186 0.00591716
139 91 0.00980392
139 92 0.19337
139 93 0.00909091
139 138 0.122905
139 140 0.0280374
139 186 0.151899
139 187 0.100917
140 92 0.0583333
140 139 0.0280374
140 187 0.166667
141 94 0.0839695
141 95 0.0128205
141 142 0.0827068
141 188 0.224
142 94 0.0119048
142 95 0.259067
142 96 0.0167598
142 141 0.0827068
142 188 0.111111
142 189 0.169935
142 191 0.00552486
143 96 0.0145985
143 97 0.047619
143 144 0.0426829
143 190 0.0194805
143 191 0.410072
144 97 0.416667
144 98 0.0363636
144 143 0.0426829
144 145 0.312796
144 191 0.00921659
144 192 0.0174419
144 193 0.0046729
145 97 0.017341
145 98 0.0597015
145 99 0.0402685
145 144 0.312796
145 146 0.06
145 147 0.010929
145 193 0.136612
146 98 0.163462
146 99 0.10084
146 145 0.06
146 147 0.104575
146 193 0.169935
146 194 0.0205479
147 98 0.00729927
147 99 0.171053
147 100 0.0857143
147 145 0.010929
147 146 0.104575
147 148 0.0291971
147 193 0.0268817
147 194 0.134078
147 195 0.116788
148 100 0.0549451
148 101 0.126437
148 147 0.0291971
148 195 0.170455
148 196 0.146067
149 102 0.0898876
149 150 0.153846
149 196 0.131868
149 197 0.0869565
150 103 0.152174
150 149 0.153846
150 197 0.0659341
151 103 0.0860215
151 197 0.163043
151 198 0.108333
152 104 0.0535714
152 105 0.123596
152 153 0.12766
152 198 0.0245902
152 199 0.0543478
152 200 0.129032
153 106 0.0957447
153 152 0.12766
153 154 0.159574
153 200 0.153846
154 106 0.0729167
154 107 0.0729167
154 153 0.159574
154 201 0.134021
155 107 0.129032
155 108 0.129032
155 156 0.108696
155 202 0.11828
156 108 0.0526316
156 109 0.2
156 155 0.108696
156 203 0.0588235
157 109 0.040404
157 110 0.0990099
157 111 0.0113636
157 203 0.108911
157 204 0.155556
158 111 0.105882
158 112 0.0681818
158 159 0.0333333
158 204 0.114943
158 205 0.178571
159 112 0.0869565
159 158 0.0333333
159 160 0.0703125
159 205 0.102273
159 206 0.0549451
160 113 0.0880503
160 114 0.0496894
160 159 0.0703125
160 207 0.133333
161 114 0.216216
161 115 0.0956522
161 162 0.0149254
161 207 0.0364963
161 208 0.0930233
161 209 0.106667
162 115 0.141593
162 116 0.119658
162 161 0.0149254
162 163 0.0144928
162 209 0.168919
162 210 0.244755
163 117 0.0687023
163 162 0.0144928
163 164 0.147887
163 210 0.362416
163 211 0.141026
164 117 0.108527
164 118 0.275449
164 163 0.147887
164 165 0.224638
164 166 0.0126582
164 211 0.0714286
164 212 0.119497
165 118 0.0666667
165 164 0.224638
165 166 0.346154
165 211 0.00657895
165 212 0.165605
165 213 0.0143885
166 118 0.0810811
166 119 0.0969388
166 164 0.0126582
166 165 0.346154
166 167 0.0522876
166 212 0.0112994
166 213 0.138365
167 119 0.0751445
167 120 0.0451128
167 121 0.0552147
167 166 0.0522876
167 168 0.108808
167 213 0.00735294
167 214 0.175
168 120 0.00510204
168 121 0.402655
168 122 0.025641
168 167 0.108808
168 169 0.0268817
168 214 0.0163934
168 215 0.172414
168 216 0.0196078
169 121 0.0512821
169 122 0.176
169 168 0.0268817
169 215 0.17284
169 217 0.0743802
170 122 0.0227273
170 124 0.0121951
170 125 0.00854701
170 171 0.241935
170 217 0.047619
171 123 0.00724638
171 124 0.00980392
171 125 0.0583942
171 126 0.0113636
171 170 0.241935
171 172 0.034188
171 173 0.0512821
171 217 0.0865385
172 171 0.034188
172 173 0.0442478
172 217 0.165468
172 219 0.00970874
172 220 0.0964912
172 221 0.159509
173 126 0.0833333
173 127 0.0142857
173 171 0.0512821
173 172 0.0442478
173 174 0.0373134
173 221 0.0967742
174 126 0.201389
174 127 0.230769
174 128 0.0517241
174 173 0.0373134
174 221 0.0597826
174 222 0.038674
175 129 0.00892857
175 130 0.0178571
175 131 0.0448718
175 176 0.0780142
175 177 0.0864198
175 222 0.0778443
175 224 0.106557
176 130 0.287356
176 131 0.465649
176 175 0.0780142
176 177 0.0291971
176 222 0.0140845
177 129 0.101852
177 131 0.0986842
177 132 0.0952381
177 175 0.0864198
177 176 0.0291971
177 178 0.110169
177 179 0.163265
177 224 0.0338983
177 226 0.0113636
178 129 0.220588
178 131 0.0267857
178 132 0.00934579
178 177 0.110169
178 179 0.102804
178 225 0.0136986
178 226 0.102941
178 227 0.015873
179 129 0.0103093
179 132 0.0661765
179 133 0.0576923
179 177 0.163265
179 178 0.102804
179 180 0.188976
179 224 0.0280374
179 225 0.137255
179 226 0.0484848
180 132 0.0314961
180 133 0.0612245
180 134 0.00892857
180 179 0.188976
180 181 0.24375
180 226 0.166667
180 227 0.00684932
181 132 0.00591716
181 133 0.201058
181 134 0.0324675
181 135 0.0328947
181 180 0.24375
181 182 0.136842
181 227 0.0265957
181 229 0.117647
181 230 0.0529412
182 133 0.0112994
182 134 0.0352113
182 135 0.271429
182 136 0.00555556
182 181 0.136842
182 183 0.134969
182 184 0.00775194
182 229 0.101266
182 230 0.158228
182 231 0.175
183 135 0.04
183 136 0.030303
183 137 0.148649
183 138 0.00591716
183 182 0.134969
183 184 0.0175439
183 185 0.00740741
183 229 0.013986
183 231 0.259459
183 232 0.0764706
184 135 0.021978
184 136 0.0610687
184 137 0.359649
184 138 0.0962963
184 182 0.00775194
184 183 0.0175439
184 231 0.0397351
184 232 0.0147059
185 137 0.0592593
185 138 0.314103
185 183 0.00740741
185 186 0.0592593
185 232 0.0955414
186 138 0.00591716
186 139 0.151899
186 185 0.0592593
186 232 0.0588235
186 233 0.0573248
186 234 0.180645
187 139 0.100917
187 140 0.166667
187 234 0.0660377
188 141 0.224
188 142 0.111111
188 189 0.0551724
188 235 0.01875
188 236 0.0458015
189 142 0.169935
189 188 0.0551724
189 190 0.0502793
189 191 0.0731707
189 235 0.125828
189 236 0.122951
189 237 0.0380952
190 143 0.0194805
190 189 0.0502793
190 191 0.270531
190 236 0.0363636
190 237 0.310811
190 238 0.111111
191 142 0.00552486
191 143 0.410072
191 144 0.00921659
191 189 0.0731707
191 190 0.270531
191 192 0.0204082
191 237 0.0451128
191 238 0.0437158
192 144 0.0174419
192 191 0.0204082
192 193 0.00694444
192 238 0.231884
192 239 0.233333
193 144 0.0046729
193 145 0.136612
193 146 0.169935
193 147 0.0268817
193 192 0.00694444
193 194 0.106145
193 239 0.290123
193 241 0.00617284
194 146 0.0205479
194 147 0.134078
194 193 0.106145
194 195 0.00769231
194 239 0.0580645
194 240 0.00854701
194 241 0.322581
195 147 0.116788
195 148 0.170455
195 194 0.00769231
195 241 0.0707965
195 242 0.0344828
196 148 0.146067
196 149 0.131868
196 242 0.0681818
196 243 0.0777778
197 149 0.0869565
197 150 0.0659341
197 151 0.163043
197 243 0.0879121
197 244 0.111111
198 151 0.108333
198 152 0.0245902
198 199 0.110169
198 245 0.0578512
198 246 0.212329
199 152 0.0543478
199 198 0.110169
199 200 0.0786517
199 246 0.0948276
200 152 0.129032
200 153 0.153846
200 199 0.0786517
200 247 0.0967742
201 154 0.134021
201 202 0.0927835
201 248 0.125
201 249 0.0729167
202 155 0.11828
202 201 0.0927835
202 249 0.126316
202 250 0.105263
203 156 0.0588235
203 157 0.108911
203 204 0.040404
203 250 0.0196078
203 251 0.0594059
204 157 0.155556
204 158 0.114943
204 203 0.040404
204 251 0.1
204 252 0.0689655
205 158 0.178571
205 159 0.102273
205 206 0.152941
205 252 0.0833333
206 159 0.0549451
206 205 0.152941
206 253 0.09375
206 254 0.015625
207 160 0.133333
207 161 0.0364963
207 208 0.423077
207 253 0.0261438
207 254 0.0588235
207 255 0.0367647
208 161 0.0930233
208 207 0.423077
208 255 0.234375
209 161 0.106667
209 162 0.168919
209 210 0.0880503
209 255 0.214765
209 256 0.16
210 162 0.244755
210 163 0.362416
210 209 0.0880503
210 211 0.124224
210 256 0.0275862
211 163 0.141026
211 164 0.0714286
211 165 0.00657895
211 210 0.124224
211 212 0.242775
211 256 0.0657895
211 257 0.0797546
211 258 0.0272727
212 164 0.119497
212 165 0.165605
212 166 0.0112994
212 211 0.242775
212 213 0.04375
212 257 0.00595238
212 258 0.0782609
212 259 0.109195
212 260 0.0184049
213 165 0.0143885
213 166 0.138365
213 167 0.00735294
213 212 0.04375
213 214 0.0873016
213 260 0.310345
213 261 0.03125
214 167 0.175
214 168 0.0163934
214 213 0.0873016
214 215 0.00628931
214 216 0.00763359
214 260 0.0155039
214 261 0.388889
215 168 0.172414
215 169 0.17284
215 214 0.00628931
215 216 0.35
215 218 0.00671141
215 261 0.0362694
215 262 0.0138889
215 263 0.0206897
215 264 0.147929
216 168 0.0196078
216 214 0.00763359
216 215 0.35
216 261 0.0363636
216 262 0.206897
216 263 0.025641
216 264 0.035461
217 169 0.0743802
217 170 0.047619
217 171 0.0865385
217 172 0.165468
217 264 0.0859375
217 265 0.0671642
218 215 0.00671141
218 219 0.0138889
218 263 0.27907
218 264 0.181818
218 265 0.12931
219 172 0.00970874
219 218 0.0138889
219 220 0.338462
219 265 0.0816327
220 172 0.0964912
220 219 0.338462
220 221 0.032
220 265 0.0917431
220 266 0.0757576
220 267 0.0215827
220 268 0.0152672
221 172 0.159509
221 173 0.0967742
221 174 0.0597826
221 220 0.032
221 222 0.0701754
221 266 0.0662983
221 268 0.183333
221 269 0.0236686
222 174 0.038674
222 175 0.0778443
222 176 0.0140845
222 221 0.0701754
222 268 0.112994
222 269 0.253012
223 224 0.184615
223 225 0.0833333
223 269 0.12963
223 270 0.0267857
224 175 0.106557
224 177 0.0338983
224 179 0.0280374
224 223 0.184615
224 225 0.123288
224 269 0.0247934
224 270 0.016
225 178 0.0136986
225 179 0.137255
225 223 0.0833333
225 224 0.123288
225 226 0.00763359
225 270 0.0333333
225 271 0.153061
226 177 0.0113636
226 178 0.102941
226 179 0.0484848
226 180 0.166667
226 225 0.00763359
226 227 0.353261
226 271 0.254658
226 272 0.0291262
226 274 0.00505051
226 275 0.0782123
226 276 0.0128205
227 178 0.015873
227 180 0.00684932
227 181 0.0265957
227 226 0.353261
227 229 0.0192308
227 272 0.0204082
227 274 0.12766
227 275 0.153846
227 276 0.0273973
228 229 0.137931
228 274 0.0451977
228 275 0.202532
228 276 0.0666667
228 277 0.020202
228 278 0.00649351
229 181 0.117647
229 182 0.101266
229 183 0.013986
229 227 0.0192308
229 228 0.137931
229 230 0.26087
229 231 0.0666667
229 275 0.0662252
229 276 0.0078125
229 277 0.0157068
230 181 0.0529412
230 182 0.158228
230 229 0.26087
230 231 0.155556
230 277 0.0104712
231 182 0.175
231 183 0.259459
231 184 0.0397351
231 229 0.0666667
231 230 0.155556
231 232 0.0241546
231 277 0.0987124
231 278 0.015873
231 279 0.0418605
232 183 0.0764706
232 184 0.0147059
232 185 0.0955414
232 186 0.0588235
232 231 0.0241546
232 233 0.150838
232 234 0.0847458
232 279 0.19
233 186 0.0573248
233 232 0.150838
233 234 0.237805
233 279 0.0160428
233 280 0.12
234 186 0.180645
234 187 0.0660377
234 232 0.0847458
234 233 0.237805
234 279 0.00540541
234 280 0.0462428
234 281 0.0285714
235 188 0.01875
235 189 0.125828
235 236 0.313869
235 282 0.166667
235 283 0.0888889
236 188 0.0458015
236 189 0.122951
236 190 0.0363636
236 235 0.313869
236 283 0.235849
236 284 0.00862069
237 189 0.0380952
237 190 0.310811
237 191 0.0451128
237 284 0.020202
237 285 0.097561
238 190 0.111111
238 191 0.0437158
238 192 0.231884
238 239 0.00641026
238 285 0.179191
238 286 0.164706
239 192 0.233333
239 193 0.290123
239 194 0.0580645
239 238 0.00641026
239 286 0.0131579
239 287 0.0584416
240 194 0.00854701
240 241 0.09
240 286 0.219298
240 287 0.0775862
241 193 0.00617284
241 194 0.322581
241 195 0.0707965
241 240 0.09
241 287 0.0454545
241 288 0.128205
242 195 0.0344828
242 196 0.0681818
242 243 0.170455
242 289 0.168539
243 196 0.0777778
243 197 0.0879121
243 242 0.170455
243 290 0.125
244 197 0.111111
244 245 0.10989
244 290 0.149425
244 291 0.133333
245 198 0.0578512
245 244 0.10989
245 246 0.0672269
245 291 0.0430108
245 292 0.0769231
246 198 0.212329
246 199 0.0948276
246 245 0.0672269
246 292 0.141935
247 200 0.0967742
247 248 0.168421
247 293 0.136842
247 294 0.0833333
248 201 0.125
248 247 0.168421
248 249 0.0425532
248 294 0.0526316
248 295 0.0769231
249 201 0.0729167
249 202 0.126316
249 248 0.0425532
249 295 0.120879
249 296 0.0769231
250 202 0.105263
250 203 0.0196078
250 296 0.142857
250 297 0.142857
251 203 0.0594059
251 204 0.1
251 252 0.134831
251 298 0.197802
252 204 0.0689655
252 205 0.0833333
252 251 0.134831
252 299 0.127907
253 206 0.09375
253 207 0.0261438
253 254 0.214286
253 300 0.0314961
254 206 0.015625
254 207 0.0588235
254 253 0.214286
254 300 0.0944882
254 301 0.214286
255 207 0.0367647
255 208 0.234375
255 209 0.214765
255 256 0.0148148
255 301 0.0569106
255 302 0.131783
256 209 0.16
256 210 0.0275862
256 211 0.0657895
256 255 0.0148148
256 302 0.0923077
256 303 0.174194
257 211 0.0797546
257 212 0.00595238
257 258 0.0666667
257 259 0.0670732
257 303 0.13253
257 304 0.00657895
257 305 0.331579
257 306 0.0510949
258 211 0.0272727
258 212 0.0782609
258 257 0.0666667
258 259 0.045045
258 305 0.0291971
258 306 0.0119048
259 212 0.109195
259 257 0.0670732
259 258 0.045045
259 260 0.119497
259 305 0.0102041
259 306 0.384615
259 307 0.0170455
260 212 0.0184049
260 213 0.310345
260 214 0.0155039
260 259 0.119497
260 261 0.0245399
260 306 0.136364
260 307 0.109091
261 213 0.03125
261 214 0.388889
261 215 0.0362694
261 216 0.0363636
261 260 0.0245399
261 307 0.0777778
261 308 0.224638
262 215 0.0138889
262 216 0.206897
262 263 0.283951
262 264 0.0190476
262 310 0.0173913
263 215 0.0206897
263 216 0.025641
263 218 0.27907
263 262 0.283951
263 264 0.141509
263 311 0.130769
263 312 0.038961
264 215 0.147929
264 216 0.035461
264 217 0.0859375
264 218 0.181818
264 262 0.0190476
264 263 0.141509
264 265 0.0514706
264 311 0.0779221
264 312 0.00990099
265 217 0.0671642
265 218 0.12931
265 219 0.0816327
265 220 0.0917431
265 264 0.0514706
265 266 0.145455
265 311 0.1375
265 312 0.0747664
266 220 0.0757576
266 221 0.0662983
266 265 0.145455
266 267 0.251282
266 268 0.0320856
266 311 0.0546448
266 314 0.0135135
267 220 0.0215827
267 266 0.251282
267 268 0.139175
267 314 0.0451613
267 315 0.112903
268 220 0.0152672
268 221 0.183333
268 222 0.112994
268 266 0.0320856
268 267 0.139175
268 269 0.0228571
268 315 0.280899
269 221 0.0236686
269 222 0.253012
269 223 0.12963
269 224 0.0247934
269 268 0.0228571
269 270 0.00595238
269 315 0.11976
270 223 0.0267857
270 224 0.016
270 225 0.0333333
270 269 0.00595238
270 315 0.111111
270 316 0.310606
270 317 0.28
270 318 0.0259067
271 225 0.153061
271 226 0.254658
271 272 0.0289017
271 317 0.0130719
271 318 0.128655
272 226 0.0291262
272 227 0.0204082
272 271 0.0289017
272 273 0.0105263
272 317 0.0353535
272 318 0.356481
272 319 0.404372
272 321 0.027027
273 272 0.0105263
273 274 0.307692
273 275 0.0184049
273 319 0.264516
273 320 0.206897
273 321 0.0382166
274 226 0.00505051
274 227 0.12766
274 228 0.0451977
274 273 0.307692
274 275 0.202186
274 276 0.025
274 319 0.08
274 320 0.0727273
274 321 0.0564972
274 322 0.0309278
275 226 0.0782123
275 227 0.153846
275 228 0.202532
275 229 0.0662252
275 273 0.0184049
275 274 0.202186
275 276 0.219858
275 321 0.00632911
275 322 0.0285714
276 226 0.0128205
276 227 0.0273973
276 228 0.0666667
276 229 0.0078125
276 274 0.025
276 275 0.219858
276 277 0.0165746
276 322 0.197368
276 323 0.0410959
277 228 0.020202
277 229 0.0157068
277 230 0.0104712
277 231 0.0987124
277 276 0.0165746
277 278 0.335
277 279 0.0707965
277 322 0.12093
277 323 0.0441176
277 324 0.0136054
277 325 0.0888889
278 228 0.00649351
278 231 0.015873
278 277 0.335
278 279 0.043956
278 322 0.0233918
278 324 0.0679612
278 325 0.0220588
278 327 0.129464
279 231 0.0418605
279 232 0.19
279 233 0.0160428
279 234 0.00540541
279 277 0.0707965
279 278 0.043956
279 325 0.0740741
279 326 0.0124224
279 327 0.416
280 233 0.12
280 234 0.0462428
280 281 0.0862069
280 326 0.0872483
280 327 0.109244
280 328 0.107438
281 234 0.0285714
281 280 0.0862069
281 328 0.0943396
282 235 0.166667
282 329 0.0723684
283 235 0.0888889
283 236 0.235849
283 284 0.122807
283 285 0.0724638
283 330 0.0487805
284 236 0.00862069
284 237 0.020202
284 283 0.122807
284 285 0.317568
284 331 0.206349
284 332 0.00763359
285 237 0.097561
285 238 0.179191
285 283 0.0724638
285 284 0.317568
285 331 0.02
285 332 0.2
286 238 0.164706
286 239 0.0131579
286 240 0.219298
286 287 0.0357143
286 332 0.0855263
286 333 0.0738255
286 334 0.033557
287 239 0.0584416
287 240 0.0775862
287 241 0.0454545
287 286 0.0357143
287 288 0.037594
287 333 0.0264901
287 334 0.0728477
287 335 0.313609
288 241 0.128205
288 287 0.037594
288 289 0.138298
288 335 0.0378788
289 242 0.168539
289 288 0.138298
289 336 0.0978261
290 243 0.125
290 244 0.149425
290 291 0.0898876
290 337 0.101124
291 244 0.133333
291 245 0.0430108
291 290 0.0898876
291 338 0.204301
292 245 0.0769231
292 246 0.141935
292 293 0.0461538
292 338 0.0461538
292 339 0.174699
292 340 0.0546875
293 247 0.136842
293 292 0.0461538
293 340 0.0978261
293 341 0.076087
294 247 0.0833333
294 248 0.0526316
294 295 0.152174
294 341 0.129032
295 248 0.0769231
295 249 0.120879
295 294 0.152174
295 342 0.0879121
296 249 0.0769231
296 250 0.142857
296 342 0.142857
296 343 0.0989011
297 250 0.142857
297 298 0.0679612
297 343 0.0857143
297 344 0.119266
298 251 0.197802
298 297 0.0679612
298 344 0.114583
298 345 0.0568182
298 346 0.0549451
299 252 0.127907
299 300 0.116279
299 346 0.123596
300 253 0.0314961
300 254 0.0944882
300 299 0.116279
300 347 0.050505
301 254 0.214286
301 255 0.0569106
301 302 0.00847458
301 347 0.116071
301 348 0.148148
302 255 0.131783
302 256 0.0923077
302 301 0.00847458
302 303 0.0201342
302 348 0.219298
302 349 0.255814
303 256 0.174194
303 257 0.13253
303 302 0.0201342
303 304 0.2625
303 305 0.00505051
303 349 0.207792
303 350 0.0117647
303 351 0.0289855
304 257 0.00657895
304 303 0.2625
304 305 0.146739
304 349 0.0428571
304 350 0.0897436
304 351 0.169355
304 352 0.0168539
305 257 0.331579
305 258 0.0291971
305 259 0.0102041
305 303 0.00505051
305 304 0.146739
305 306 0.0710059
305 351 0.0185185
305 352 0.231481
305 353 0.00588235
306 257 0.0510949
306 258 0.0119048
306 259 0.384615
306 260 0.136364
306 305 0.0710059
306 352 0.122699
306 354 0.0314465
307 259 0.0170455
307 260 0.109091
307 261 0.0777778
307 308 0.1
307 354 0.489583
307 355 0.0347222
308 261 0.224638
308 307 0.1
308 309 0.0212766
308 310 0.016129
308 354 0.00666667
308 355 0.137255
309 308 0.0212766
309 310 0.283333
309 355 0.234694
309 356 0.191667
310 262 0.0173913
310 308 0.016129
310 309 0.283333
310 311 0.00609756
310 355 0.046875
310 356 0.34
310 357 0.233083
311 263 0.130769
311 264 0.0779221
311 265 0.1375
311 266 0.0546448
311 310 0.00609756
311 312 0.048
311 313 0.0185185
311 357 0.122449
311 358 0.106667
311 359 0.0617978
311 360 0.0880829
312 263 0.038961
312 264 0.00990099
312 265 0.0747664
312 311 0.048
312 313 0.2
312 358 0.103093
312 360 0.00714286
313 311 0.0185185
313 312 0.2
313 358 0.2875
314 266 0.0135135
314 267 0.0451613
314 315 0.028777
314 316 0.04
314 360 0.00632911
314 361 0.367925
314 362 0.123711
315 267 0.112903
315 268 0.280899
315 269 0.11976
315 270 0.111111
315 314 0.028777
315 316 0.0229008
315 361 0.0145985
316 270 0.310606
316 314 0.04
316 315 0.0229008
316 362 0.146067
317 270 0.28
317 271 0.0130719
317 272 0.0353535
317 318 0.27551
317 363 0.0892857
317 364 0.0225989
317 366 0.0165746
318 270 0.0259067
318 271 0.128655
318 272 0.356481
318 317 0.27551
318 319 0.0497238
318 363 0.016129
318 366 0.0251256
319 272 0.404372
319 273 0.264516
319 274 0.08
319 318 0.0497238
319 321 0.0666667
319 365 0.0327869
319 366 0.0120482
320 273 0.206897
320 274 0.0727273
320 321 0.242857
320 365 0.017341
320 367 0.0362694
320 368 0.0797101
320 369 0.0789474
321 272 0.027027
321 273 0.0382166
321 274 0.0564972
321 275 0.00632911
321 319 0.0666667
321 320 0.242857
321 365 0.0702703
321 367 0.112195
321 368 0.106667
321 369 0.0426829
322 274 0.0309278
322 275 0.0285714
322 276 0.197368
322 277 0.12093
322 278 0.0233918
322 323 0.0560748
322 324 0.0508475
322 368 0.0359281
322 369 0.116022
322 370 0.0526316
322 371 0.101942
323 276 0.0410959
323 277 0.0441176
323 322 0.0560748
323 368 0.0113636
323 370 0.0273973
323 371 0.0314961
324 277 0.0136054
324 278 0.0679612
324 322 0.0508475
324 325 0.0120482
324 369 0.0619469
324 371 0.217391
324 372 0.00662252
325 277 0.0888889
325 278 0.0220588
325 279 0.0740741
325 324 0.0120482
325 327 0.0196078
325 371 0.0467836
325 372 0.13587
325 373 0.134228
326 279 0.0124224
326 280 0.0872483
326 327 0.0935961
326 372 0.0437158
326 373 0.0337838
326 374 0.21164
327 278 0.129464
327 279 0.416
327 280 0.109244
327 325 0.0196078
327 326 0.0935961
327 372 0.0257353
327 373 0.0590717
327 374 0.0683453
327 375 0.0805687
328 280 0.107438
328 281 0.0943396
328 374 0.0124224
328 375 0.106383
329 282 0.0723684
329 376 0.483871
329 377 0.0188679
330 283 0.0487805
330 331 0.159574
330 377 0.141304
330 378 0.0618557
331 284 0.206349
331 285 0.02
331 330 0.159574
331 332 0.075188
331 378 0.160305
332 284 0.00763359
332 285 0.2
332 286 0.0855263
332 331 0.075188
332 333 0.155556
332 378 0.00735294
332 379 0.0993377
333 286 0.0738255
333 287 0.0264901
333 332 0.155556
333 334 0.204545
333 379 0.0675676
333 380 0.057377
333 381 0.0833333
334 286 0.033557
334 287 0.0728477
334 333 0.204545
334 335 0.18
334 380 0.0163934
334 381 0.135417
334 382 0.0144928
335 287 0.313609
335 288 0.0378788
335 334 0.18
335 382 0.294872
335 383 0.0227273
336 289 0.0978261
336 337 0.195652
336 383 0.0957447
337 290 0.101124
337 336 0.195652
337 384 0.133333
338 291 0.204301
338 292 0.0461538
338 339 0.0230769
338 385 0.0322581
338 386 0.164948
339 292 0.174699
339 338 0.0230769
339 340 0.078125
339 386 0.142857
339 387 0.0615385
340 292 0.0546875
340 293 0.0978261
340 339 0.078125
340 341 0.133333
340 387 0.119565
341 293 0.076087
341 294 0.129032
341 340 0.133333
341 388 0.120879
342 295 0.0879121
342 296 0.142857
342 343 0.0638298
342 389 0.0967742
343 296 0.0989011
343 297 0.0857143
343 342 0.0638298
343 344 0.0510204
343 390 0.0752688
343 391 0.020202
344 297 0.119266
344 298 0.114583
344 343 0.0510204
344 345 0.106383
344 391 0.106796
345 298 0.0568182
345 344 0.106383
345 392 0.22093
346 298 0.0549451
346 299 0.123596
346 392 0.134831
346 393 0.0786517
347 300 0.050505
347 301 0.116071
347 348 0.0185185
347 394 0.108911
347 395 0.0614035
348 301 0.148148
348 302 0.219298
348 347 0.0185185
348 349 0.00840336
348 395 0.1
348 396 0.0234375
349 302 0.255814
349 303 0.207792
349 304 0.0428571
349 348 0.00840336
349 350 0.0733333
349 396 0.0559441
350 303 0.0117647
350 304 0.0897436
350 349 0.0733333
350 396 0.144654
350 397 0.327957
350 398 0.0189873
351 303 0.0289855
351 304 0.169355
351 305 0.0185185
351 352 0.0512821
351 353 0.0181818
351 397 0.0649351
351 398 0.15873
351 399 0.0916667
352 304 0.0168539
352 305 0.231481
352 306 0.122699
352 351 0.0512821
352 353 0.237805
352 354 0.0291262
352 398 0.0111111
352 399 0.183908
352 400 0.0052356
353 305 0.00588235
353 351 0.0181818
353 352 0.237805
353 354 0.1
353 399 0.0390625
353 400 0.0344828
353 401 0.155844
354 306 0.0314465
354 307 0.489583
354 308 0.00666667
354 352 0.0291262
354 353 0.1
354 355 0.0324675
354 401 0.102041
354 402 0.0107527
355 307 0.0347222
355 308 0.137255
355 309 0.234694
355 310 0.046875
355 354 0.0324675
355 356 0.0234375
355 401 0.0135135
355 402 0.137681
355 403 0.0397351
356 309 0.191667
356 310 0.34
356 355 0.0234375
356 403 0.0693642
356 404 0.0461538
357 310 0.233083
357 311 0.122449
357 404 0.0353982
357 405 0.158333
358 311 0.106667
358 312 0.103093
358 313 0.2875
358 359 0.00666667
358 360 0.0848485
359 311 0.0617978
359 358 0.00666667
359 360 0.222798
359 405 0.198675
359 406 0.118056
360 311 0.0880829
360 312 0.00714286
360 314 0.00632911
360 358 0.0848485
360 359 0.222798
360 361 0.108974
360 406 0.0503145
360 407 0.00613497
361 314 0.367925
361 315 0.0145985
361 360 0.108974
361 407 0.00900901
362 314 0.123711
362 316 0.146067
362 408 0.151724
362 409 0.0962963
363 317 0.0892857
363 318 0.016129
363 364 0.323353
363 366 0.0350877
363 410 0.103896
363 411 0.195402
364 317 0.0225989
364 363 0.323353
364 409 0.194444
364 410 0.0736196
365 319 0.0327869
365 320 0.017341
365 321 0.0702703
365 366 0.338308
365 367 0.273109
365 412 0.167539
365 413 0.111801
365 414 0.0328947
365 415 0.0102041
366 317 0.0165746
366 318 0.0251256
366 319 0.0120482
366 363 0.0350877
366 365 0.338308
366 367 0.0678733
366 411 0.122995
366 412 0.201149
366 413 0.0208333
366 414 0.00740741
367 320 0.0362694
367 321 0.112195
367 365 0.273109
367 366 0.0678733
367 368 0.00985222
367 413 0.281768
367 414 0.261628
367 415 0.208333
367 416 0.0225989
368 320 0.0797101
368 321 0.106667
368 322 0.0359281
368 323 0.0113636
368 367 0.00985222
368 369 0.222222
368 370 0.0902256
368 414 0.00854701
368 415 0.0496894
368 416 0.00819672
368 417 0.0075188
368 418 0.0171429
369 320 0.0789474
369 321 0.0426829
369 322 0.116022
369 324 0.0619469
369 368 0.222222
369 370 0.00680272
369 371 0.0497512
369 415 0.0285714
369 416 0.0367647
369 417 0.129252
369 418 0.10582
370 322 0.0526316
370 323 0.0273973
370 368 0.0902256
370 369 0.00680272
370 371 0.0755814
370 417 0.00847458
370 418 0.325
370 419 0.0125
371 322 0.101942
371 323 0.0314961
371 324 0.217391
371 325 0.0467836
371 369 0.0497512
371 370 0.0755814
371 372 0.133891
371 418 0.341121
371 419 0.0186916
371 420 0.143646
372 324 0.00662252
372 325 0.13587
372 326 0.0437158
372 327 0.0257353
372 371 0.133891
372 373 0.193548
372 418 0.0264317
372 419 0.0440529
372 420 0.123711
373 325 0.134228
373 326 0.0337838
373 327 0.0590717
373 372 0.193548
373 374 0.134529
374 326 0.21164
374 327 0.0683453
374 328 0.0124224
374 373 0.134529
374 375 0.213198
374 421 0.125523
375 327 0.0805687
375 328 0.106383
375 374 0.213198
375 421 0.0116279
376 329 0.483871
376 377 0.0993377
376 423 0.0833333
376 424 0.0208333
376 425 0.0075188
377 329 0.0188679
377 330 0.141304
377 376 0.0993377
377 378 0.0310078
377 424 0.0940171
377 425 0.122642
378 330 0.0618557
378 331 0.160305
378 332 0.00735294
378 377 0.0310078
378 424 0.00819672
378 425 0.0990991
378 426 0.246269
379 332 0.0993377
379 333 0.0675676
379 380 0.0652174
379 426 0.167785
379 427 0.223684
380 333 0.057377
380 334 0.0163934
380 379 0.0652174
380 381 0.27907
380 427 0.031746
380 428 0.141593
380 429 0.114754
381 333 0.0833333
381 334 0.135417
381 380 0.27907
381 429 0.0520833
382 334 0.0144928
382 335 0.294872
382 383 0.141667
382 429 0.217391
382 430 0.0762712
383 335 0.0227273
383 336 0.0957447
383 382 0.141667
383 430 0.0957447
384 337 0.133333
384 385 0.2
384 431 0.123596
385 338 0.0322581
385 384 0.2
385 386 0.03125
385 432 0.153846
386 338 0.164948
386 339 0.142857
386 385 0.03125
386 432 0.105263
386 433 0.0689655
386 434 0.0534351
387 339 0.0615385
387 340 0.119565
387 433 0.079646
387 434 0.078125
387 435 0.0543478
388 341 0.120879
388 389 0.0652174
388 435 0.10989
388 436 0.133333
389 342 0.0967742
389 388 0.0652174
389 436 0.111111
389 437 0.131868
390 343 0.0752688
390 391 0.214286
390 437 0.10989
391 343 0.020202
391 344 0.106796
391 390 0.214286
391 438 0.0686275
391 439 0.112245
392 345 0.22093
392 346 0.134831
392 440 0.117647
393 346 0.0786517
393 394 0.193182
393 440 0.129412
394 347 0.108911
394 393 0.193182
394 441 0.106195
395 347 0.0614035
395 348 0.1
395 396 0.164179
395 441 0.246032
396 348 0.0234375
396 349 0.0559441
396 350 0.144654
396 395 0.164179
396 397 0.0167598
396 441 0.0555556
396 443 0.027027
396 444 0.166667
397 350 0.327957
397 351 0.0649351
397 396 0.0167598
397 398 0.292135
397 444 0.0272109
397 445 0.103226
397 446 0.00505051
398 350 0.0189873
398 351 0.15873
398 352 0.0111111
398 397 0.292135
398 399 0.0208333
398 446 0.282353
399 351 0.0916667
399 352 0.183908
399 353 0.0390625
399 398 0.0208333
399 400 0.329032
399 446 0.0304878
400 352 0.0052356
400 353 0.0344828
400 399 0.329032
400 401 0.104972
400 446 0.0220994
400 448 0.0879121
401 353 0.155844
401 354 0.102041
401 355 0.0135135
401 400 0.104972
401 402 0.105556
401 448 0.298429
402 354 0.0107527
402 355 0.137681
402 401 0.105556
402 403 0.289617
402 448 0.0828729
403 355 0.0397351
403 356 0.0693642
403 402 0.289617
403 404 0.0784314
403 448 0.0309278
403 449 0.0150376
403 450 0.208589
404 356 0.0461538
404 357 0.0353982
404 403 0.0784314
404 405 0.196581
404 406 0.0181818
