0 31 0.131313
0 32 0.110236
1 2 0.343137
1 3 0.0393701
1 31 0.0534351
1 32 0.163522
1 33 0.0729167
1 34 0.0958904
1 63 0.160839
1 64 0.016
2 1 0.343137
2 3 0.185841
2 4 0.0188679
2 33 0.207317
3 1 0.0393701
3 2 0.185841
3 4 0.259542
3 5 0.025
3 33 0.00934579
3 34 0.0318471
3 35 0.147287
3 64 0.00735294
3 66 0.0878378
3 67 0.0202703
4 2 0.0188679
4 3 0.259542
4 5 0.215686
4 6 0.140127
4 34 0.00666667
4 35 0.0819672
4 36 0.00952381
4 67 0.0496454
5 3 0.025
5 4 0.215686
5 6 0.150538
5 7 0.0898876
5 35 0.211921
5 37 0.14
5 38 0.0120482
5 66 0.0588235
5 67 0.117647
5 68 0.00520833
6 4 0.140127
6 5 0.150538
6 7 0.32967
6 8 0.0060241
6 36 0.0942029
6 37 0.0324675
6 67 0.045977
7 5 0.0898876
7 6 0.32967
7 8 0.183544
7 37 0.171233
7 38 0.00617284
7 39 0.0163043
7 40 0.0520833
7 67 0.0060241
8 6 0.0060241
8 7 0.183544
8 9 0.0211268
8 37 0.1
8 39 0.208333
8 40 0.204545
8 68 0.0290698
9 8 0.0211268
9 10 0.0382166
9 11 0.0125
9 39 0.0238095
9 40 0.409091
9 41 0.0496454
9 71 0.00684932
10 9 0.0382166
10 11 0.274286
10 12 0.0120482
10 41 0.294872
10 42 0.0231214
10 43 0.02
11 9 0.0125
11 10 0.274286
11 12 0.366864
11 41 0.0251572
11 42 0.0227273
11 43 0.0196078
11 44 0.0647059
12 10 0.0120482
12 11 0.366864
12 13 0.0494506
12 41 0.00666667
12 42 0.107784
12 44 0.173913
13 12 0.0494506
13 14 0.0251256
13 15 0.159091
13 43 0.0120482
13 44 0.234973
13 76 0.0773196
14 13 0.0251256
14 15 0.421053
14 45 0.348993
14 46 0.0388889
14 47 0.255034
14 48 0.00561798
14 76 0.00529101
14 77 0.0493827
14 78 0.0478723
14 79 0.0138249
15 13 0.159091
15 14 0.421053
15 45 0.142857
15 46 0.101911
15 47 0.0555556
15 76 0.0120482
15 77 0.028777
15 78 0.00606061
16 17 0.471074
16 48 0.132353
16 49 0.0896552
16 80 0.0232558
17 16 0.471074
17 18 0.121951
17 47 0.0423729
17 48 0.394558
17 49 0.0833333
17 79 0.00537634
17 80 0.0357143
18 17 0.121951
18 19 0.0534351
18 47 0.00917431
18 48 0.405797
18 49 0.0272109
18 51 0.0615385
18 79 0.101695
18 80 0.0458015
19 18 0.0534351
19 20 0.038961
19 49 0.0853659
19 51 0.360544
19 80 0.0337838
19 82 0.00947867
20 19 0.038961
20 21 0.314286
20 50 0.248485
20 51 0.0915033
20 52 0.0163934
20 82 0.0322581
20 83 0.00578035
21 20 0.314286
21 22 0.0243902
21 23 0.128205
21 52 0.237374
21 54 0.005
21 82 0.0603448
21 83 0.0106383
21 85 0.00546448
22 21 0.0243902
22 23 0.449704
22 24 0.012987
22 52 0.0116279
22 53 0.112676
22 54 0.0632184
22 55 0.00621118
22 83 0.00617284
22 85 0.203822
23 21 0.128205
23 22 0.449704
23 24 0.194595
23 52 0.0246305
23 53 0.017341
23 54 0.209756
23 55 0.0260417
23 85 0.132979
24 22 0.012987
24 23 0.194595
24 25 0.0848485
24 54 0.384211
24 55 0.293785
24 56 0.0512821
24 57 0.0207254
24 85 0.0346821
25 24 0.0848485
25 27 0.0213904
25 54 0.0108108
25 55 0.0755814
25 56 0.0736842
25 57 0.5
26 27 0.323232
26 28 0.021164
26 56 0.134328
26 57 0.0753769
26 58 0.283784
26 60 0.0981595
26 88 0.0728477
26 90 0.03125
27 25 0.0213904
27 26 0.323232
27 28 0.136585
27 29 0.123223
27 56 0.0230415
27 57 0.0651163
27 58 0.117647
27 59 0.0083682
27 60 0.0614525
27 90 0.0227273
28 26 0.021164
28 27 0.136585
28 29 0.430693
28 30 0.0777778
28 58 0.00436681
28 59 0.169565
28 60 0.0352941
28 61 0.0147783
28 90 0.00598802
28 91 0.00843882
29 27 0.123223
29 28 0.430693
29 30 0.155797
29 58 0.00425532
29 59 0.177966
29 60 0.0795455
29 61 0.0239234
29 90 0.017341
29 91 0.00411523
29 92 0.0047619
30 28 0.0777778
30 29 0.155797
30 59 0.0493421
30 61 0.577617
30 91 0.00643087
30 92 0.215827
31 0 0.131313
31 1 0.0534351
31 32 0.045977
31 62 0.251613
31 63 0.208861
31 64 0.0214286
31 93 0.0359712
32 0 0.110236
32 1 0.163522
32 31 0.045977
32 34 0.042328
32 63 0.236559
33 1 0.0729167
33 2 0.207317
33 3 0.00934579
33 34 0.015873
33 64 0.219048
34 1 0.0958904
34 3 0.0318471
34 4 0.00666667
34 32 0.042328
34 33 0.015873
34 35 0.0405405
34 63 0.0520231
34 64 0.0645161
34 65 0.133333
34 66 0.227545
34 95 0.0110497
35 3 0.147287
35 4 0.0819672
35 5 0.211921
35 34 0.0405405
35 66 0.179856
36 4 0.00952381
36 6 0.0942029
36 37 0.0294118
36 67 0.319672
36 68 0.00694444
36 98 0.00662252
37 5 0.14
37 6 0.0324675
37 7 0.171233
37 8 0.1
37 36 0.0294118
37 38 0.0895522
37 39 0.0128205
37 67 0.0942029
37 68 0.1
37 69 0.0566038
37 98 0.011976
38 5 0.0120482
38 7 0.00617284
38 37 0.0895522
38 39 0.0988372
38 67 0.00649351
38 68 0.267045
38 69 0.385246
38 98 0.0327869
38 100 0.18125
38 101 0.0310078
39 7 0.0163043
39 8 0.208333
39 9 0.0238095
39 37 0.0128205
39 38 0.0988372
39 40 0.133663
39 68 0.141414
39 69 0.0416667
39 71 0.0116279
39 72 0.147059
39 102 0.0742857
40 7 0.0520833
40 8 0.204545
40 9 0.409091
40 39 0.133663
40 71 0.122222
40 72 0.0505618
41 9 0.0496454
41 10 0.294872
41 11 0.0251572
41 12 0.00666667
41 42 0.0318471
41 43 0.223881
41 71 0.186207
41 73 0.00699301
41 74 0.00571429
41 102 0.027027
42 10 0.0231214
42 11 0.0227273
42 12 0.107784
42 41 0.0318471
42 43 0.357616
42 44 0.0833333
42 73 0.1375
42 74 0.317708
42 76 0.00558659
42 104 0.028436
42 105 0.00724638
43 10 0.02
43 11 0.0196078
43 13 0.0120482
43 41 0.223881
43 42 0.357616
43 44 0.0965517
43 73 0.10219
43 74 0.0828402
43 104 0.0265957
43 105 0.026087
44 11 0.0647059
44 12 0.173913
44 13 0.234973
44 42 0.0833333
44 43 0.0965517
44 74 0.0483871
44 75 0.020202
44 76 0.213873
44 107 0.0240964
45 14 0.348993
45 15 0.142857
45 47 0.0192308
45 76 0.0208333
45 77 0.0854701
46 14 0.0388889
46 15 0.101911
46 75 0.055
46 76 0.0342857
46 77 0.398649
46 78 0.132184
46 107 0.0238095
46 108 0.0255102
46 109 0.00689655
47 14 0.255034
47 15 0.0555556
47 17 0.0423729
47 18 0.00917431
47 45 0.0192308
47 48 0.0601504
47 79 0.0348837
48 14 0.00561798
48 16 0.132353
48 17 0.394558
48 18 0.405797
48 47 0.0601504
48 49 0.0233918
48 51 0.012987
48 79 0.208955
48 80 0.0580645
48 108 0.0154639
49 16 0.0896552
49 17 0.0833333
49 18 0.0272109
49 19 0.0853659
49 48 0.0233918
49 50 0.0628571
49 51 0.288344
49 80 0.121951
49 82 0.00440529
50 20 0.248485
50 49 0.0628571
50 51 0.0379747
50 52 0.0212766
50 80 0.081761
50 81 0.0454545
50 82 0.162162
50 83 0.0730337
50 110 0.156098
50 112 0.0787879
51 18 0.0615385
51 19 0.360544
51 20 0.0915033
51 48 0.012987
51 49 0.288344
51 50 0.0379747
51 79 0.015544
51 80 0.129252
51 81 0.0140845
51 82 0.0238095
51 110 0.00518135
52 20 0.0163934
52 21 0.237374
52 22 0.0116279
52 23 0.0246305
52 50 0.0212766
52 53 0.0227273
52 81 0.0348837
52 82 0.270833
52 83 0.229592
52 84 0.0471204
52 85 0.115183
52 115 0.00568182
53 22 0.112676
53 23 0.017341
53 52 0.0227273
53 54 0.0168539
53 83 0.0060241
53 84 0.385093
53 85 0.26087
53 114 0.0496894
53 115 0.0479452
53 116 0.0102041
54 21 0.005
54 22 0.0632184
54 23 0.209756
54 24 0.384211
54 25 0.0108108
54 53 0.0168539
54 55 0.147208
54 56 0.00465116
54 84 0.0414508
54 85 0.233161
54 86 0.0977778
54 116 0.0307018
54 118 0.0179372
55 22 0.00621118
55 23 0.0260417
55 24 0.293785
55 25 0.0755814
55 54 0.147208
55 56 0.247525
55 57 0.05
55 85 0.00555556
55 86 0.108491
55 88 0.00657895
55 116 0.0186047
55 118 0.17619
56 24 0.0512821
56 25 0.0736842
56 26 0.134328
56 27 0.0230415
56 54 0.00465116
56 55 0.247525
56 57 0.243119
56 58 0.149378
56 86 0.0173913
56 88 0.0235294
56 118 0.0833333
56 119 0.018018
57 24 0.0207254
57 25 0.5
57 26 0.0753769
57 27 0.0651163
57 55 0.05
57 56 0.243119
57 58 0.0334728
58 26 0.283784
58 27 0.117647
58 28 0.00436681
58 29 0.00425532
58 56 0.149378
58 57 0.0334728
58 59 0.0304183
58 60 0.280788
58 88 0.172775
58 89 0.00431034
58 90 0.185
58 118 0.0321285
58 119 0.037037
58 120 0.0597826
58 121 0.0603774
58 122 0.00411523
59 27 0.0083682
59 28 0.169565
59 29 0.177966
59 30 0.0493421
59 58 0.0304183
59 60 0.142157
59 61 0.00843882
59 90 0.21393
59 91 0.313653
59 92 0.0546218
59 121 0.0075188
59 122 0.0245902
59 123 0.0105263
60 26 0.0981595
60 27 0.0614525
60 28 0.0352941
60 29 0.0795455
60 58 0.280788
60 59 0.142157
60 88 0.128788
60 90 0.120567
60 91 0.0521327
60 120 0.024
60 121 0.0436893
61 28 0.0147783
61 29 0.0239234
61 30 0.577617
61 59 0.00843882
61 92 0.00947867
62 31 0.251613
62 64 0.0604027
62 93 0.243243
62 94 0.00675676
63 1 0.160839
63 31 0.208861
63 32 0.236559
63 34 0.0520231
63 64 0.171053
63 94 0.00662252
63 95 0.0898876
64 1 0.016
64 3 0.00735294
64 31 0.0214286
64 33 0.219048
64 34 0.0645161
64 62 0.0604027
64 63 0.171053
64 65 0.0125786
64 93 0.0075188
64 94 0.112782
64 95 0.1375
64 96 0.016129
65 34 0.133333
65 64 0.0125786
65 66 0.0877193
65 95 0.0486486
65 96 0.255034
65 98 0.02
65 99 0.0508475
65 125 0.025641
66 3 0.0878378
66 5 0.0588235
66 34 0.227545
66 35 0.179856
66 65 0.0877193
66 67 0.0443038
66 98 0.026738
67 3 0.0202703
67 4 0.0496454
67 5 0.117647
67 6 0.045977
67 7 0.0060241
67 36 0.319672
67 37 0.0942029
67 38 0.00649351
67 66 0.0443038
67 68 0.0166667
67 98 0.192513
67 99 0.00609756
67 129 0.0763359
68 5 0.00520833
68 8 0.0290698
68 36 0.00694444
68 37 0.1
68 38 0.267045
68 39 0.141414
68 67 0.0166667
68 98 0.00478469
68 99 0.00537634
68 100 0.129032
69 37 0.0566038
69 38 0.385246
69 39 0.0416667
69 70 0.113924
69 71 0.057377
69 72 0.0166667
69 100 0.0833333
69 101 0.326733
69 102 0.048
69 131 0.0173913
69 133 0.00729927
69 134 0.0166667
70 69 0.113924
70 71 0.11215
70 72 0.00952381
70 101 0.244186
70 102 0.0272727
70 132 0.047619
71 9 0.00684932
71 39 0.0116279
71 40 0.122222
71 41 0.186207
71 69 0.057377
71 70 0.11215
71 72 0.135135
71 101 0.00775194
71 102 0.346405
71 103 0.00833333
71 104 0.0100503
72 39 0.147059
72 40 0.0505618
72 69 0.0166667
72 70 0.00952381
72 71 0.135135
72 73 0.0684932
72 101 0.00787402
72 102 0.430464
72 103 0.0254237
72 104 0.0152284
72 134 0.232877
73 41 0.00699301
73 42 0.1375
73 43 0.10219
73 72 0.0684932
73 74 0.168539
73 102 0.0927152
73 103 0.0169492
73 104 0.279188
73 134 0.10274
73 136 0.030303
74 41 0.00571429
74 42 0.317708
74 43 0.0828402
74 44 0.0483871
74 73 0.168539
74 75 0.027027
74 76 0.00507614
74 104 0.104803
74 105 0.0384615
74 106 0.0559006
74 138 0.0141844
75 44 0.020202
75 46 0.055
75 74 0.027027
75 76 0.277512
75 77 0.0769231
75 105 0.125
75 106 0.017341
75 107 0.232673
75 137 0.0408163
75 138 0.163399
75 140 0.179191
76 13 0.0773196
76 14 0.00529101
76 15 0.0120482
76 42 0.00558659
76 44 0.213873
76 45 0.0208333
76 46 0.0342857
76 74 0.00507614
76 75 0.277512
76 77 0.0955414
76 107 0.446328
76 138 0.0078125
76 140 0.0135135
77 14 0.0493827
77 15 0.028777
77 45 0.0854701
77 46 0.398649
77 75 0.0769231
77 76 0.0955414
77 78 0.192308
77 106 0.0165289
77 107 0.00666667
77 108 0.0224719
77 109 0.00787402
77 138 0.0792079
77 140 0.0413223
78 14 0.0478723
78 15 0.00606061
78 46 0.132184
78 77 0.192308
78 79 0.042654
78 108 0.455882
78 109 0.0326797
78 111 0.0384615
78 140 0.0816327
78 141 0.0127389
79 14 0.0138249
79 17 0.00537634
79 18 0.101695
79 47 0.0348837
79 48 0.208955
79 51 0.015544
79 78 0.042654
79 80 0.118557
79 108 0.23176
79 109 0.0549451
79 110 0.0166667
79 111 0.0616114
79 112 0.005
80 16 0.0232558
80 17 0.0357143
80 18 0.0458015
80 19 0.0337838
80 48 0.0580645
80 49 0.121951
80 50 0.081761
80 51 0.129252
80 79 0.118557
80 108 0.0160428
80 110 0.21134
80 112 0.0584416
80 113 0.0344828
80 142 0.00529101
81 50 0.0454545
81 51 0.0140845
81 52 0.0348837
81 82 0.31068
81 83 0.0802469
81 110 0.015873
81 112 0.00671141
81 113 0.207071
81 115 0.00704225
81 144 0.128492
81 145 0.025641
82 19 0.00947867
82 20 0.0322581
82 21 0.0603448
82 49 0.00440529
82 50 0.162162
82 51 0.0238095
82 52 0.270833
82 81 0.31068
82 83 0.386957
82 110 0.0233463
82 112 0.00460829
82 113 0.0526316
82 115 0.0142857
82 144 0.0850202
83 20 0.00578035
83 21 0.0106383
83 22 0.00617284
83 50 0.0730337
83 52 0.229592
83 53 0.0060241
83 81 0.0802469
83 82 0.386957
83 84 0.00552486
83 85 0.00552486
83 113 0.0135135
83 115 0.0361446
83 144 0.0985222
84 52 0.0471204
84 53 0.385093
84 54 0.0414508
84 83 0.00552486
84 85 0.176136
84 86 0.0192308
84 114 0.227273
84 115 0.242236
84 116 0.0521327
84 145 0.00735294
84 148 0.140127
85 21 0.00546448
85 22 0.203822
85 23 0.132979
85 24 0.0346821
85 52 0.115183
85 53 0.26087
85 54 0.233161
85 55 0.00555556
85 83 0.00552486
85 84 0.176136
85 86 0.0192308
85 115 0.00621118
85 116 0.0853081
85 148 0.044586
86 54 0.0977778
86 55 0.108491
86 56 0.0173913
86 84 0.0192308
86 85 0.0192308
86 87 0.101064
86 115 0.00518135
86 116 0.353909
86 117 0.0555556
86 118 0.277311
86 119 0.00431034
86 146 0.0215054
86 148 0.0793651
86 150 0.0282258
87 86 0.101064
87 88 0.0625
87 116 0.0366492
87 117 0.0670732
87 118 0.11828
87 119 0.144444
87 150 0.362245
88 26 0.0728477
88 55 0.00657895
88 56 0.0235294
88 58 0.172775
88 60 0.128788
88 87 0.0625
88 89 0.00621118
88 90 0.0232558
88 118 0.129213
88 119 0.122093
88 120 0.0176991
88 121 0.139175
88 150 0.0478723
89 58 0.00431034
89 88 0.00621118
89 90 0.0411765
89 119 0.0610329
89 120 0.383117
89 121 0.319149
89 122 0.122066
89 150 0.00873362
89 151 0.0277778
89 152 0.00636943
89 153 0.00847458
90 26 0.03125
90 27 0.0227273
90 28 0.00598802
90 29 0.017341
90 58 0.185
90 59 0.21393
90 60 0.120567
90 88 0.0232558
90 89 0.0411765
90 91 0.0576923
90 120 0.114754
90 121 0.0541872
90 122 0.110497
91 28 0.00843882
91 29 0.00411523
91 30 0.00643087
91 59 0.313653
91 60 0.0521327
91 90 0.0576923
91 92 0.171429
91 121 0.003663
91 122 0.167331
91 123 0.167808
91 152 0.0102564
91 153 0.00729927
91 154 0.00408163
92 29 0.0047619
92 30 0.215827
92 59 0.0546218
92 61 0.00947867
92 91 0.171429
92 122 0.00458716
92 123 0.227799
93 31 0.0359712
93 62 0.243243
93 64 0.0075188
93 94 0.227273
93 95 0.00628931
93 124 0.0666667
94 62 0.00675676
94 63 0.00662252
94 64 0.112782
94 93 0.227273
94 95 0.301887
94 124 0.0888889
94 125 0.0295858
95 34 0.0110497
95 63 0.0898876
95 64 0.1375
95 65 0.0486486
95 93 0.00628931
95 94 0.301887
95 96 0.00666667
95 124 0.0123457
95 125 0.178571
95 126 0.0444444
96 64 0.016129
96 65 0.255034
96 95 0.00666667
96 98 0.00606061
96 99 0.0211268
96 125 0.03125
96 126 0.10101
96 127 0.0608696
96 158 0.21875
97 98 0.0948905
97 99 0.0175439
97 126 0.028169
97 127 0.206897
97 128 0.394737
97 157 0.0131579
97 158 0.01
97 159 0.0315789
97 161 0.0217391
98 36 0.00662252
98 37 0.011976
98 38 0.0327869
98 65 0.02
98 66 0.026738
98 67 0.192513
98 68 0.00478469
98 96 0.00606061
98 97 0.0948905
98 99 0.373057
98 127 0.0060241
98 128 0.0129032
98 129 0.20625
98 161 0.0701754
99 65 0.0508475
99 67 0.00609756
99 68 0.00537634
99 96 0.0211268
99 97 0.0175439
99 98 0.373057
99 100 0.00588235
99 127 0.013986
99 129 0.0291971
99 160 0.0193548
99 161 0.22973
100 38 0.18125
100 68 0.129032
100 69 0.0833333
100 99 0.00588235
100 129 0.0948905
100 130 0.0153846
100 131 0.169935
100 133 0.00571429
100 162 0.130719
101 38 0.0310078
101 69 0.326733
101 70 0.244186
101 71 0.00775194
101 72 0.00787402
101 102 0.0757576
101 131 0.057377
101 132 0.141509
101 133 0.0833333
102 39 0.0742857
102 41 0.027027
102 69 0.048
102 70 0.0272727
102 71 0.346405
102 72 0.430464
102 73 0.0927152
102 101 0.0757576
102 103 0.0731707
102 104 0.00495049
102 134 0.119205
102 135 0.00763359
102 164 0.0571429
103 71 0.00833333
103 72 0.0254237
103 73 0.0169492
103 102 0.0731707
103 104 0.0532544
103 133 0.00740741
103 134 0.0169492
103 135 0.336735
103 136 0.221154
103 164 0.11215
103 165 0.0446429
103 166 0.047619
103 167 0.00806452
104 42 0.028436
104 43 0.0265957
104 71 0.0100503
104 72 0.0152284
104 73 0.279188
104 74 0.104803
104 102 0.00495049
104 103 0.0532544
104 105 0.0114286
104 106 0.05
104 134 0.0456853
104 135 0.00564972
104 136 0.114754
104 166 0.0108696
104 167 0.0788177
105 42 0.00724638
105 43 0.026087
105 74 0.0384615
105 75 0.125
105 104 0.0114286
105 106 0.17757
105 107 0.0147059
105 137 0.0769231
105 138 0.114943
105 166 0.00900901
105 167 0.0384615
105 168 0.0748299
105 169 0.015748
106 74 0.0559006
106 75 0.017341
106 77 0.0165289
106 104 0.05
106 105 0.17757
106 136 0.00869565
106 137 0.0740741
106 138 0.173913
106 166 0.00862069
106 167 0.133333
106 168 0.210526
106 169 0.136364
107 44 0.0240964
107 46 0.0238095
107 75 0.232673
107 76 0.446328
107 77 0.00666667
107 105 0.0147059
107 138 0.0247934
107 140 0.035461
108 46 0.0255102
108 48 0.0154639
108 77 0.0224719
108 78 0.455882
108 79 0.23176
108 80 0.0160428
108 109 0.2
108 111 0.0392157
108 140 0.0769231
108 141 0.0391061
108 169 0.010582
108 170 0.00510204
109 46 0.00689655
109 77 0.00787402
109 78 0.0326797
109 79 0.0549451
109 108 0.2
109 111 0.0196078
109 139 0.02
109 140 0.0423729
109 141 0.21875
109 169 0.0362319
109 170 0.124138
109 171 0.05
109 173 0.0166667
110 50 0.156098
110 51 0.00518135
110 79 0.0166667
110 80 0.21134
110 81 0.015873
110 82 0.0233463
110 111 0.0805687
110 112 0.305
110 113 0.184739
110 142 0.229787
110 144 0.026087
111 78 0.0384615
111 79 0.0616114
111 108 0.0392157
111 109 0.0196078
111 110 0.0805687
111 112 0.00584795
111 113 0.0454545
111 139 0.0111732
111 140 0.00680272
111 141 0.191083
111 142 0.242718
111 172 0.0314465
111 173 0.100671
112 50 0.0787879
112 79 0.005
112 80 0.0584416
112 81 0.00671141
112 82 0.00460829
112 110 0.305
112 111 0.00584795
112 113 0.0669856
112 142 0.158974
112 143 0.0542169
112 144 0.0789474
113 80 0.0344828
113 81 0.207071
113 82 0.0526316
113 83 0.0135135
113 110 0.184739
113 111 0.0454545
113 112 0.0669856
113 142 0.151639
113 143 0.0139535
113 144 0.267782
113 145 0.0508475
114 53 0.0496894
114 84 0.227273
114 115 0.254658
114 116 0.00473934
114 144 0.0151515
114 145 0.279412
114 146 0.00649351
114 147 0.0528846
114 148 0.0254777
114 175 0.00497512
114 176 0.010101
115 52 0.00568182
115 53 0.0479452
115 81 0.00704225
115 82 0.0142857
115 83 0.0361446
115 84 0.242236
115 85 0.00621118
115 86 0.00518135
115 114 0.254658
115 116 0.0918367
115 117 0.00591716
115 144 0.0327869
115 145 0.0826446
115 146 0.0143885
115 147 0.165803
115 148 0.232394
115 176 0.0437158
116 53 0.0102041
116 54 0.0307018
116 55 0.0186047
116 84 0.0521327
116 85 0.0853081
116 86 0.353909
116 87 0.0366492
116 114 0.00473934
116 115 0.0918367
116 117 0.150685
116 118 0.0290456
116 146 0.0899471
116 148 0.307292
116 179 0.0514019
117 86 0.0555556
117 87 0.0670732
117 115 0.00591716
117 116 0.150685
117 118 0.0140187
117 119 0.00961538
117 146 0.0864198
117 148 0.0727273
117 149 0.316583
117 150 0.0535714
117 177 0.0238095
117 178 0.0229885
117 179 0.347594
117 181 0.01
118 54 0.0179372
118 55 0.17619
118 56 0.0833333
118 58 0.0321285
118 86 0.277311
118 87 0.11828
118 88 0.129213
118 116 0.0290456
118 117 0.0140187
118 119 0.369565
118 150 0.0487805
119 56 0.018018
119 58 0.037037
119 86 0.00431034
119 87 0.144444
119 88 0.122093
119 89 0.0610329
119 117 0.00961538
119 118 0.369565
119 120 0.0545455
119 121 0.101626
119 150 0.258333
119 151 0.0104712
119 179 0.0197044
119 182 0.0158103
120 58 0.0597826
120 60 0.024
120 88 0.0176991
120 89 0.383117
120 90 0.114754
120 119 0.0545455
120 121 0.122995
120 122 0.0545455
120 153 0.0212766
120 182 0.0257732
121 58 0.0603774
121 59 0.0075188
121 60 0.0436893
121 88 0.139175
121 89 0.319149
121 90 0.0541872
121 91 0.003663
121 119 0.101626
121 120 0.122995
121 122 0.162602
121 150 0.0114504
121 151 0.107981
121 152 0.0157895
121 153 0.0260223
121 182 0.116364
122 58 0.00411523
122 59 0.0245902
122 89 0.122066
122 90 0.110497
122 91 0.167331
122 92 0.00458716
122 120 0.0545455
122 121 0.162602
122 123 0.0377358
122 151 0.0052356
122 152 0.107143
122 153 0.271255
122 182 0.027668
122 185 0.00421941
123 59 0.0105263
123 91 0.167808
123 92 0.227799
123 122 0.0377358
123 152 0.062201
123 153 0.149306
123 154 0.355212
123 185 0.0431655
124 93 0.0666667
124 94 0.0888889
124 95 0.0123457
124 125 0.122093
124 155 0.108108
124 156 0.296552
124 187 0.0943396
125 65 0.025641
125 94 0.0295858
125 95 0.178571
125 96 0.03125
125 124 0.122093
125 127 0.00621118
125 156 0.0446927
125 158 0.0517241
125 187 0.212435
125 188 0.00649351
125 189 0.00621118
126 95 0.0444444
126 96 0.10101
126 97 0.028169
126 127 0.22
126 157 0.483146
126 158 0.168142
126 188 0.0215054
126 189 0.04
127 96 0.0608696
127 97 0.206897
127 98 0.0060241
127 99 0.013986
127 125 0.00621118
127 126 0.22
127 128 0.00952381
127 157 0.0666667
127 158 0.457364
127 159 0.0483871
127 187 0.027027
127 188 0.110092
127 189 0.137931
128 97 0.394737
128 98 0.0129032
128 127 0.00952381
128 159 0.185841
128 161 0.00909091
128 190 0.0149254
128 191 0.0458716
129 67 0.0763359
129 98 0.20625
129 99 0.0291971
129 100 0.0948905
129 130 0.206186
129 161 0.0869565
129 162 0.00833333
129 191 0.0263158
130 100 0.0153846
130 129 0.206186
130 162 0.0530973
130 191 0.233645
130 193 0.00980392
131 69 0.0173913
131 100 0.169935
131 101 0.057377
131 132 0.0583333
131 133 0.367089
131 134 0.0496454
131 162 0.147059
131 164 0.184615
131 165 0.0148148
132 70 0.047619
132 101 0.141509
132 131 0.0583333
132 133 0.387324
132 163 0.111111
132 165 0.0336134
133 69 0.00729927
133 100 0.00571429
133 101 0.0833333
133 103 0.00740741
133 131 0.367089
133 132 0.387324
133 134 0.0429448
133 162 0.0189873
133 163 0.03125
133 164 0.269737
133 165 0.101911
133 192 0.00625
133 193 0.0204082
133 194 0.0122699
133 195 0.00636943
134 69 0.0166667
134 72 0.232877
134 73 0.10274
134 102 0.119205
134 103 0.0169492
134 104 0.0456853
134 131 0.0496454
134 133 0.0429448
134 136 0.00757576
134 164 0.237037
135 102 0.00763359
135 103 0.336735
135 104 0.00564972
135 136 0.0535714
135 165 0.158333
135 166 0.115044
135 196 0.0722892
135 198 0.00694444
136 73 0.030303
136 103 0.221154
136 104 0.114754
136 106 0.00869565
136 134 0.00757576
136 135 0.0535714
136 165 0.015873
136 166 0.386555
136 167 0.202899
136 196 0.00581395
136 198 0.0133333
137 75 0.0408163
137 105 0.0769231
137 106 0.0740741
137 138 0.0521739
137 167 0.0316456
137 168 0.354286
137 169 0.0193548
137 170 0.0555556
137 171 0.00564972
137 198 0.188235
137 200 0.01875
138 74 0.0141844
138 75 0.163399
138 76 0.0078125
138 77 0.0792079
138 105 0.114943
138 106 0.173913
138 107 0.0247934
138 137 0.0521739
138 140 0.130435
138 167 0.00869565
138 169 0.0982143
138 170 0.0252101
139 109 0.02
139 111 0.0111732
139 140 0.0416667
139 141 0.123377
139 169 0.0121951
139 170 0.152047
139 171 0.430108
139 200 0.0118343
139 202 0.00510204
139 203 0.0333333
140 75 0.179191
140 76 0.0135135
140 77 0.0413223
140 78 0.0816327
140 107 0.035461
140 108 0.0769231
140 109 0.0423729
140 111 0.00680272
140 138 0.130435
140 139 0.0416667
140 169 0.0530303
140 170 0.0863309
141 78 0.0127389
141 108 0.0391061
141 109 0.21875
141 111 0.191083
141 139 0.123377
141 142 0.0110497
141 170 0.0402685
141 171 0.0609756
141 172 0.0373134
141 173 0.104839
141 203 0.28481
142 80 0.00529101
142 110 0.229787
142 111 0.242718
142 112 0.158974
142 113 0.151639
142 141 0.0110497
142 143 0.114428
142 172 0.0273224
142 175 0.00438596
142 204 0.0471204
143 112 0.0542169
143 113 0.0139535
143 142 0.114428
143 144 0.112245
143 172 0.00649351
143 174 0.0394737
143 175 0.221106
143 204 0.117284
143 205 0.0470588
144 81 0.128492
144 82 0.0850202
144 83 0.0985222
144 110 0.026087
144 112 0.0789474
144 113 0.267782
144 114 0.0151515
144 115 0.0327869
144 143 0.112245
144 145 0.101266
144 147 0.0217391
144 175 0.0179372
144 176 0.00454545
145 81 0.025641
145 84 0.00735294
145 113 0.0508475
145 114 0.279412
145 115 0.0826446
145 144 0.101266
145 147 0.130952
145 175 0.0248447
145 176 0.0253165
145 208 0.0272727
146 86 0.0215054
146 114 0.00649351
146 115 0.0143885
146 116 0.0899471
146 117 0.0864198
146 147 0.188172
146 148 0.0740741
146 176 0.261364
146 177 0.0942029
146 178 0.0347222
146 179 0.0318471
147 114 0.0528846
147 115 0.165803
147 144 0.0217391
147 145 0.130952
147 146 0.188172
147 148 0.0740741
147 175 0.0429185
147 176 0.46087
147 177 0.177083
147 178 0.00505051
147 207 0.0189573
147 208 0.0549451
148 84 0.140127
148 85 0.044586
148 86 0.0793651
148 114 0.0254777
148 115 0.232394
148 116 0.307292
148 117 0.0727273
148 146 0.0740741
148 147 0.0740741
148 177 0.0141844
148 179 0.09375
149 117 0.316583
149 150 0.04329
149 177 0.0228571
149 178 0.0110497
149 179 0.237113
149 180 0.168831
149 181 0.0821256
149 210 0.0452261
149 211 0.0186047
149 212 0.0688073
150 86 0.0282258
150 87 0.362245
150 88 0.0478723
150 89 0.00873362
150 117 0.0535714
150 118 0.0487805
150 119 0.258333
150 121 0.0114504
150 149 0.04329
150 151 0.00966184
150 179 0.127854
150 180 0.0335196
150 181 0.0775862
150 182 0.0371747
150 212 0.230453
151 89 0.0277778
151 119 0.0104712
151 121 0.107981
151 122 0.0052356
151 150 0.00966184
151 152 0.0592593
151 153 0.0280374
151 180 0.00769231
151 181 0.0327869
151 182 0.409091
151 183 0.115385
151 184 0.0320856
151 212 0.118557
151 213 0.0547945
152 89 0.00636943
152 91 0.0102564
152 121 0.0157895
152 122 0.107143
152 123 0.062201
152 151 0.0592593
152 153 0.298429
152 182 0.0304569
152 183 0.0526316
152 184 0.0365854
152 185 0.0718232
152 215 0.0351759
153 89 0.00847458
153 91 0.00729927
153 120 0.0212766
153 121 0.0260223
153 122 0.271255
153 123 0.149306
153 151 0.0280374
153 152 0.298429
153 154 0.165975
153 182 0.0108696
153 183 0.0283019
153 184 0.0452675
153 185 0.161538
153 215 0.118705
154 91 0.00408163
154 123 0.355212
154 153 0.165975
154 185 0.125541
154 215 0.060241
154 216 0.011236
155 124 0.108108
155 156 0.381356
155 186 0.192771
155 217 0.0350877
155 218 0.0229008
156 124 0.296552
156 125 0.0446927
156 155 0.381356
156 186 0.017094
156 187 0.0421687
156 217 0.027027
156 218 0.230303
156 219 0.0134228
157 97 0.0131579
157 126 0.483146
157 127 0.0666667
157 158 0.00847458
157 159 0.0265487
157 189 0.0666667
158 96 0.21875
158 97 0.01
158 125 0.0517241
158 126 0.168142
158 127 0.457364
158 157 0.00847458
158 187 0.0124224
158 188 0.172131
158 189 0.0542636
159 97 0.0315789
159 127 0.0483871
159 128 0.185841
159 157 0.0265487
159 160 0.0588235
159 161 0.0387597
159 189 0.201613
159 190 0.405229
159 191 0.0390625
159 220 0.0638298
159 223 0.0174419
160 99 0.0193548
160 159 0.0588235
160 161 0.218045
160 191 0.143939
160 192 0.107143
160 223 0.164773
161 97 0.0217391
161 98 0.0701754
161 99 0.22973
161 128 0.00909091
161 129 0.0869565
161 159 0.0387597
161 160 0.218045
161 190 0.00666667
161 191 0.312
161 192 0.0300752
162 100 0.130719
162 129 0.00833333
162 130 0.0530973
162 131 0.147059
162 133 0.0189873
162 164 0.0230769
162 191 0.00769231
162 192 0.137681
162 193 0.072
162 223 0.0229885
163 132 0.111111
163 133 0.03125
163 164 0.01
163 193 0.0210526
163 194 0.027027
163 195 0.0857143
163 224 0.252427
163 225 0.166667
164 102 0.0571429
164 103 0.11215
164 131 0.184615
164 133 0.269737
164 134 0.237037
164 162 0.0230769
164 163 0.01
164 165 0.0310078
164 194 0.0296296
164 195 0.00775194
165 103 0.0446429
165 131 0.0148148
165 132 0.0336134
165 133 0.101911
165 135 0.158333
165 136 0.015873
165 164 0.0310078
165 166 0.181102
165 194 0.00714286
165 195 0.11194
165 196 0.2
165 225 0.00699301
165 226 0.00787402
165 228 0.0634921
166 103 0.047619
166 104 0.0108696
166 105 0.00900901
166 106 0.00862069
166 135 0.115044
166 136 0.386555
166 165 0.181102
166 167 0.115108
166 196 0.0462428
166 198 0.0927152
166 228 0.0549451
167 103 0.00806452
167 104 0.0788177
167 105 0.0384615
167 106 0.133333
167 136 0.202899
167 137 0.0316456
167 138 0.00869565
167 166 0.115108
167 168 0.114286
167 169 0.0258065
167 197 0.0653595
167 198 0.0294118
168 105 0.0748299
168 106 0.210526
168 137 0.354286
168 167 0.114286
168 169 0.0523256
168 170 0.00558659
168 197 0.0294118
168 198 0.0909091
168 199 0.0162602
168 200 0.158192
168 230 0.0284091
168 231 0.0238095
169 105 0.015748
169 106 0.136364
169 108 0.010582
169 109 0.0362319
169 137 0.0193548
169 138 0.0982143
169 139 0.0121951
169 140 0.0530303
169 167 0.0258065
169 168 0.0523256
169 170 0.201258
169 200 0.101911
170 108 0.00510204
170 109 0.124138
170 137 0.0555556
170 138 0.0252101
170 139 0.152047
170 140 0.0863309
170 141 0.0402685
170 168 0.00558659
170 169 0.201258
170 171 0.292818
170 200 0.0670732
170 202 0.0157068
170 203 0.125714
171 109 0.05
171 137 0.00564972
171 139 0.430108
171 141 0.0609756
171 170 0.292818
171 200 0.0837989
171 201 0.0617284
171 202 0.0533981
171 203 0.0736842
172 111 0.0314465
172 141 0.0373134
172 142 0.0273224
172 143 0.00649351
172 173 0.373016
172 174 0.047619
172 202 0.0113636
172 203 0.05625
172 204 0.3125
172 205 0.00657895
172 234 0.00840336
172 235 0.146667
173 109 0.0166667
173 111 0.100671
173 141 0.104839
173 172 0.373016
173 174 0.025
173 202 0.0301205
173 203 0.126667
173 204 0.0149254
173 234 0.0733945
173 235 0.185714
174 143 0.0394737
174 172 0.047619
174 173 0.025
174 175 0.196078
174 204 0.220183
174 205 0.300885
174 206 0.0287081
174 208 0.0882353
174 235 0.178571
174 236 0.0459184
174 237 0.00581395
175 114 0.00497512
175 142 0.00438596
175 143 0.221106
175 144 0.0179372
175 145 0.0248447
175 147 0.0429185
175 174 0.196078
175 176 0.00448431
175 204 0.042328
175 205 0.279188
175 207 0.0882353
175 208 0.245714
175 235 0.0205128
175 239 0.00458716
176 114 0.010101
176 115 0.0437158
176 144 0.00454545
176 145 0.0253165
176 146 0.261364
176 147 0.46087
176 175 0.00448431
176 177 0.0769231
176 178 0.0106383
176 207 0.228856
176 208 0.0348837
176 209 0.0277778
176 239 0.0697674
177 117 0.0238095
177 146 0.0942029
177 147 0.177083
177 148 0.0141844
177 149 0.0228571
177 176 0.0769231
177 178 0.493333
177 179 0.153374
177 207 0.0184049
177 239 0.00564972
177 240 0.08
177 241 0.00609756
178 117 0.0229885
178 146 0.0347222
178 147 0.00505051
178 149 0.0110497
178 176 0.0106383
178 177 0.493333
178 179 0.0473373
178 207 0.0118343
178 209 0.0202703
178 238 0.037037
178 239 0.00546448
178 240 0.0769231
178 241 0.0588235
179 116 0.0514019
179 117 0.347594
179 119 0.0197044
179 146 0.0318471
179 148 0.09375
179 149 0.237113
179 150 0.127854
179 177 0.153374
179 178 0.0473373
179 180 0.0211268
179 181 0.0358974
179 210 0.0106952
179 240 0.0295858
180 149 0.168831
180 150 0.0335196
180 151 0.00769231
180 179 0.0211268
180 181 0.148387
180 182 0.0677083
180 210 0.0408163
180 211 0.0552147
180 212 0.271084
180 240 0.0155039
180 242 0.0261438
180 243 0.0239521
181 117 0.01
181 149 0.0821256
181 150 0.0775862
181 151 0.0327869
181 179 0.0358974
181 180 0.148387
181 182 0.0367347
181 210 0.01
181 211 0.0787037
181 212 0.273973
181 213 0.057377
181 240 0.00549451
181 242 0.116505
181 243 0.0818182
181 244 0.0330189
182 119 0.0158103
182 120 0.0257732
182 121 0.116364
182 122 0.027668
182 150 0.0371747
182 151 0.409091
182 152 0.0304569
182 153 0.0108696
182 180 0.0677083
182 181 0.0367347
182 183 0.0321101
182 184 0.0321285
182 212 0.203125
182 213 0.0782918
183 151 0.115385
183 152 0.0526316
183 153 0.0283019
183 182 0.0321101
183 184 0.340541
183 212 0.0104167
183 213 0.248848
183 214 0.015625
183 215 0.0227273
183 243 0.0103627
183 244 0.0594595
183 246 0.00862069
184 151 0.0320856
184 152 0.0365854
184 153 0.0452675
184 182 0.0321285
184 183 0.340541
184 185 0.107296
184 213 0.245968
184 214 0.107623
184 215 0.171315
184 244 0.00925926
184 246 0.0272109
184 247 0.00460829
185 122 0.00421941
185 123 0.0431655
185 152 0.0718232
185 153 0.161538
185 154 0.125541
185 184 0.107296
185 214 0.0708333
185 215 0.496269
185 216 0.0558376
186 155 0.192771
186 156 0.017094
187 124 0.0943396
187 125 0.212435
187 127 0.027027
187 156 0.0421687
187 158 0.0124224
187 188 0.106383
187 189 0.00675676
187 218 0.0111732
187 219 0.0245399
188 125 0.00649351
188 126 0.0215054
188 127 0.110092
188 158 0.172131
188 187 0.106383
188 189 0.211009
188 219 0.0322581
188 220 0.111111
189 125 0.00621118
189 126 0.04
189 127 0.137931
189 157 0.0666667
189 158 0.0542636
189 159 0.201613
189 187 0.00675676
189 188 0.211009
189 190 0.0758621
189 220 0.172932
189 251 0.0454545
190 128 0.0149254
190 159 0.405229
190 161 0.00666667
190 189 0.0758621
190 191 0.0201342
190 220 0.0185185
190 221 0.0791367
190 222 0.0307692
190 251 0.0791367
190 252 0.0108108
190 253 0.0283019
191 128 0.0458716
191 129 0.0263158
191 130 0.233645
191 159 0.0390625
191 160 0.143939
191 161 0.312
191 162 0.00769231
191 190 0.0201342
191 192 0.0681818
191 193 0.0252101
191 223 0.00595238
192 133 0.00625
192 160 0.107143
192 161 0.0300752
192 162 0.137681
192 191 0.0681818
192 193 0.322835
192 223 0.193182
192 224 0.0148148
192 255 0.0725806
193 130 0.00980392
193 133 0.0204082
193 162 0.072
193 163 0.0210526
193 191 0.0252101
193 192 0.322835
193 194 0.0923077
193 195 0.00806452
193 223 0.0245399
193 224 0.42623
193 225 0.0300752
193 226 0.025641
193 255 0.108108
193 256 0.00719424
194 133 0.0122699
194 163 0.027027
194 164 0.0296296
194 165 0.00714286
194 193 0.0923077
194 195 0.2
194 224 0.0217391
194 225 0.00671141
194 226 0.338346
194 227 0.00793651
194 257 0.0714286
194 258 0.0558376
195 133 0.00636943
195 163 0.0857143
195 164 0.00775194
195 165 0.11194
195 193 0.00806452
195 194 0.2
195 196 0.1
195 224 0.0378788
195 225 0.034965
195 226 0.401575
195 227 0.025
195 228 0.026455
195 256 0.0268456
195 257 0.00675676
195 258 0.0052356
196 135 0.0722892
196 136 0.00581395
196 165 0.2
196 166 0.0462428
196 195 0.1
196 198 0.0196078
196 227 0.0120482
196 228 0.417021
197 167 0.0653595
197 168 0.0294118
197 198 0.0727273
197 199 0.019802
197 227 0.0787402
197 228 0.0204082
197 230 0.324675
197 231 0.0478723
197 259 0.0888889
197 260 0.0116279
197 261 0.0185185
198 135 0.00694444
198 136 0.0133333
198 137 0.188235
198 166 0.0927152
198 167 0.0294118
198 168 0.0909091
198 196 0.0196078
198 197 0.0727273
198 199 0.127119
198 227 0.00694444
198 228 0.173709
198 230 0.222222
198 231 0.00487805
198 261 0.032
199 168 0.0162602
199 197 0.019802
199 198 0.127119
199 200 0.0648148
199 230 0.0747664
199 261 0.278689
200 137 0.01875
200 139 0.0118343
200 168 0.158192
200 169 0.101911
200 170 0.0670732
200 171 0.0837989
200 199 0.0648148
200 201 0.0896552
200 202 0.026455
200 231 0.261538
200 233 0.00617284
200 261 0.00869565
201 171 0.0617284
201 200 0.0896552
201 202 0.0813954
201 231 0.0617978
201 232 0.153061
201 233 0.358621
201 234 0.00869565
201 262 0.00621118
201 263 0.0789474
201 264 0.046729
202 139 0.00510204
202 170 0.0157068
202 171 0.0533981
202 172 0.0113636
202 173 0.0301205
202 200 0.026455
202 201 0.0813954
202 203 0.15
202 233 0.0740741
202 234 0.119497
202 235 0.00526316
202 265 0.268817
203 139 0.0333333
203 141 0.28481
203 170 0.125714
203 171 0.0736842
203 172 0.05625
203 173 0.126667
203 202 0.15
203 234 0.041958
203 265 0.0176471
204 142 0.0471204
204 143 0.117284
204 172 0.3125
204 173 0.0149254
204 174 0.220183
204 175 0.042328
204 205 0.09375
204 235 0.0696203
205 143 0.0470588
205 172 0.00657895
205 174 0.300885
205 175 0.279188
205 204 0.09375
205 208 0.0547945
205 235 0.0120482
205 267 0.00632911
206 174 0.0287081
206 207 0.00632911
206 208 0.0465116
206 209 0.0218978
206 235 0.00671141
206 236 0.0330578
206 237 0.278351
206 238 0.0206186
206 239 0.00581395
206 267 0.368794
206 268 0.0584416
206 269 0.231214
206 270 0.0373134
207 147 0.0189573
207 175 0.0882353
207 176 0.228856
207 177 0.0184049
207 178 0.0118343
207 206 0.00632911
207 208 0.0653595
207 209 0.068323
207 238 0.0247934
207 239 0.326531
207 241 0.0218579
207 269 0.121827
208 145 0.0272727
208 147 0.0549451
208 174 0.0882353
208 175 0.245714
208 176 0.0348837
208 205 0.0547945
208 206 0.0465116
208 207 0.0653595
208 209 0.0227273
208 237 0.0217391
208 238 0.0434783
208 239 0.0778443
208 269 0.0178571
209 176 0.0277778
209 178 0.0202703
209 206 0.0218978
209 207 0.068323
209 208 0.0227273
209 210 0.0120482
209 237 0.03
209 238 0.35
209 239 0.285714
209 240 0.0135135
209 241 0.117284
209 268 0.00636943
209 269 0.289773
209 270 0.0218978
210 149 0.0452261
210 179 0.0106952
210 180 0.0408163
210 181 0.01
210 209 0.0120482
210 211 0.403846
210 212 0.00473934
210 239 0.0348259
210 240 0.33908
210 241 0.12766
210 242 0.0353535
210 271 0.0206186
210 272 0.0721649
210 273 0.0180995
211 149 0.0186047
211 180 0.0552147
211 181 0.0787037
211 210 0.403846
211 212 0.00440529
211 240 0.226316
211 241 0.156863
211 242 0.238318
211 243 0.0921053
211 271 0.0428571
211 272 0.0428571
211 273 0.130802
212 149 0.0688073
212 150 0.230453
212 151 0.118557
212 180 0.271084
212 181 0.273973
212 182 0.203125
212 183 0.0104167
212 210 0.00473934
212 211 0.00440529
212 213 0.0313726
212 242 0.00921659
213 151 0.0547945
213 181 0.057377
213 182 0.0782918
213 183 0.248848
213 184 0.245968
213 212 0.0313726
213 214 0.0352941
213 242 0.00826446
213 243 0.0859375
213 244 0.290323
213 245 0.0052356
213 246 0.0167598
213 273 0.00754717
213 275 0.195402
213 277 0.015544
214 183 0.015625
214 184 0.107623
214 185 0.0708333
214 213 0.0352941
214 215 0.186047
214 216 0.0695187
214 245 0.0060241
214 246 0.0649351
214 247 0.111607
214 275 0.0254237
214 278 0.401674
215 152 0.0351759
215 153 0.118705
215 154 0.060241
215 183 0.0227273
215 184 0.171315
215 185 0.496269
215 214 0.186047
215 216 0.102326
215 247 0.00396825
215 278 0.0561798
216 154 0.011236
216 185 0.0558376
216 214 0.0695187
216 215 0.102326
216 247 0.259668
216 278 0.0459184
217 155 0.0350877
217 156 0.027027
217 218 0.248447
217 219 0.0206897
217 248 0.304636
217 250 0.0268456
217 280 0.117241
218 155 0.0229008
218 156 0.230303
218 187 0.0111732
218 217 0.248447
218 219 0.0925926
219 156 0.0134228
219 187 0.0245399
219 188 0.0322581
219 217 0.0206897
219 218 0.0925926
219 220 0.128378
219 249 0.00833333
219 250 0.16
219 280 0.00684932
219 281 0.00892857
220 159 0.0638298
220 188 0.111111
220 189 0.172932
220 190 0.0185185
220 219 0.128378
220 250 0.00657895
220 251 0.267717
220 253 0.0638298
220 281 0.0964912
221 190 0.0791367
221 251 0.00961538
221 252 0.34
221 282 0.00735294
221 283 0.0162602
222 190 0.0307692
222 223 0.127517
222 252 0.0141844
222 253 0.241935
222 254 0.220588
222 283 0.00877193
223 159 0.0174419
223 160 0.164773
223 162 0.0229885
223 191 0.00595238
223 192 0.193182
223 193 0.0245399
223 222 0.127517
223 253 0.008
223 254 0.0351759
223 255 0.025
224 163 0.252427
224 192 0.0148148
224 193 0.42623
224 194 0.0217391
224 195 0.0378788
224 225 0.212766
224 226 0.08
224 256 0.0544218
225 163 0.166667
225 165 0.00699301
225 193 0.0300752
225 194 0.00671141
225 195 0.034965
225 224 0.212766
225 226 0.0220588
225 255 0.0307692
225 256 0.43038
225 287 0.107692
226 165 0.00787402
226 193 0.025641
226 194 0.338346
226 195 0.401575
226 224 0.08
226 225 0.0220588
226 227 0.00884956
226 228 0.010989
226 257 0.156028
226 258 0.0597826
226 287 0.0350877
226 289 0.171171
227 194 0.00793651
227 195 0.025
227 196 0.0120482
227 197 0.0787402
227 198 0.00694444
227 226 0.00884956
227 228 0.142857
227 230 0.0300752
227 257 0.0447761
227 258 0.0169492
227 259 0.201754
227 260 0.225166
227 289 0.0673077
227 290 0.00671141
227 292 0.00909091
228 165 0.0634921
228 166 0.0549451
228 195 0.026455
228 196 0.417021
228 197 0.0204082
228 198 0.173709
228 226 0.010989
228 227 0.142857
228 229 0.0122699
228 230 0.049505
228 257 0.00492611
228 260 0.0272727
229 228 0.0122699
229 230 0.0330578
229 260 0.302158
229 261 0.146667
229 290 0.0145985
229 291 0.114286
229 292 0.122449
230 168 0.0284091
230 197 0.324675
230 198 0.222222
230 199 0.0747664
230 227 0.0300752
230 228 0.049505
230 229 0.0330578
230 231 0.123711
230 259 0.0425532
230 260 0.0337079
230 261 0.236842
230 262 0.0564972
230 292 0.0948905
231 168 0.0238095
231 197 0.0478723
231 198 0.00487805
231 200 0.261538
231 201 0.0617978
231 230 0.123711
231 233 0.148718
231 261 0.0202703
231 262 0.0900474
231 263 0.00609756
231 292 0.0116959
232 201 0.153061
232 233 0.0173913
232 234 0.0352941
232 264 0.0909091
232 265 0.00892857
232 294 0.216867
232 295 0.146667
232 296 0.0196078
233 200 0.00617284
233 201 0.358621
233 202 0.0740741
233 231 0.148718
233 232 0.0173913
233 261 0.00869565
233 262 0.0898876
233 263 0.229008
233 264 0.0403226
233 265 0.00628931
233 295 0.0245902
233 296 0.005
234 172 0.00840336
234 173 0.0733945
234 201 0.00869565
234 202 0.119497
234 203 0.041958
234 232 0.0352941
234 235 0.120301
234 236 0.0857143
234 265 0.341085
234 266 0.214286
234 296 0.0176471
235 172 0.146667
235 173 0.185714
235 174 0.178571
235 175 0.0205128
235 202 0.00526316
235 204 0.0696203
235 205 0.0120482
235 206 0.00671141
235 234 0.120301
235 236 0.257353
235 265 0.025
235 266 0.048951
235 267 0.0128205
235 297 0.0125786
236 174 0.0459184
236 206 0.0330578
236 234 0.0857143
236 235 0.257353
