0 1 0.258621
0 47 0.252525
0 48 0.0409836
1 0 0.258621
1 2 0.0423729
1 48 0.0447761
1 49 0.161677
2 1 0.0423729
2 3 0.0425532
2 48 0.016129
2 49 0.235669
2 50 0.00943396
3 2 0.0425532
3 4 0.0892857
3 49 0.0979021
4 3 0.0892857
4 5 0.219298
4 49 0.0285714
4 50 0.0564516
4 51 0.00819672
5 4 0.219298
5 6 0.232759
5 52 0.028777
6 5 0.232759
6 7 0.214286
6 53 0.37594
7 6 0.214286
7 8 0.153846
7 52 0.00613497
7 53 0.024
7 54 0.136691
8 7 0.153846
8 9 0.0714286
8 55 0.135802
9 8 0.0714286
9 10 0.17
9 55 0.0970874
9 56 0.302521
10 9 0.17
10 11 0.186916
10 56 0.0606061
11 10 0.186916
11 12 0.0943396
11 57 0.0884956
11 58 0.243902
11 59 0.079646
12 11 0.0943396
12 13 0.179775
12 59 0.164706
13 12 0.179775
13 14 0.0472441
13 60 0.113043
13 61 0.0460526
14 13 0.0472441
14 15 0.0746269
14 60 0.0140845
14 61 0.307263
15 14 0.0746269
15 17 0.157895
15 61 0.106918
15 62 0.0927835
15 63 0.0173913
16 17 0.340426
17 15 0.157895
17 16 0.340426
17 18 0.0948905
18 17 0.0948905
18 19 0.05
18 64 0.0116279
18 66 0.131148
19 18 0.05
19 20 0.0504202
19 21 0.0325203
19 65 0.0495868
19 66 0.108696
19 67 0.149425
20 19 0.0504202
20 21 0.230159
20 67 0.107345
20 68 0.0844156
20 69 0.0324675
21 19 0.0325203
21 20 0.230159
21 22 0.0378788
21 67 0.0441989
21 68 0.0443038
21 69 0.139241
22 21 0.0378788
22 23 0.0204082
22 24 0.27673
22 68 0.01875
22 69 0.15
22 70 0.0322581
23 22 0.0204082
23 24 0.168605
23 25 0.0977444
23 26 0.0301205
23 69 0.0924855
23 70 0.0357143
23 71 0.136054
24 22 0.27673
24 23 0.168605
24 69 0.237838
24 70 0.211111
24 71 0.00628931
25 23 0.0977444
25 26 0.158273
25 73 0.00729927
26 23 0.0301205
26 25 0.158273
26 28 0.0705128
26 71 0.0653595
26 73 0.0117647
27 73 0.214953
27 74 0.261905
28 26 0.0705128
28 29 0.00813008
28 30 0.0497238
28 73 0.298701
28 75 0.0516129
28 76 0.0509554
29 28 0.00813008
29 30 0.359756
30 28 0.0497238
30 29 0.359756
30 31 0.101124
30 75 0.0306122
30 76 0.176768
30 77 0.0047619
30 78 0.0784314
31 30 0.101124
31 32 0.205128
31 33 0.0380952
31 78 0.1625
31 79 0.0106383
31 80 0.0318471
32 31 0.205128
32 33 0.251969
32 34 0.122699
32 78 0.0934066
32 80 0.156425
33 31 0.0380952
33 32 0.251969
33 78 0.122137
33 79 0.184615
34 32 0.122699
34 35 0.2
34 80 0.0426829
34 81 0.191176
34 82 0.00917431
34 84 0.00495049
35 34 0.2
35 36 0.142857
35 80 0.00497512
35 81 0.0231214
35 82 0.136986
35 83 0.0272727
35 84 0.364017
36 35 0.142857
36 37 0.189655
36 38 0.195531
36 83 0.026738
36 84 0.237864
37 36 0.189655
37 38 0.122302
37 39 0.0514286
37 83 0.0612245
37 85 0.0104167
37 86 0.105634
38 36 0.195531
38 37 0.122302
38 39 0.163866
38 83 0.0904762
38 84 0.139738
38 85 0.0440252
38 86 0.0878049
39 37 0.0514286
39 38 0.163866
39 40 0.00492611
39 41 0.045045
39 86 0.510373
39 87 0.0608696
40 39 0.00492611
40 41 0.10596
40 86 0.0235294
40 87 0.377358
40 88 0.042328
41 39 0.045045
41 40 0.10596
41 42 0.164894
41 43 0.00568182
41 87 0.0786517
41 88 0.0192308
41 89 0.179894
42 41 0.164894
42 43 0.360825
42 44 0.0281125
42 89 0.241546
42 91 0.0172414
43 41 0.00568182
43 42 0.360825
43 44 0.0506329
43 45 0.0379747
43 89 0.0512821
43 90 0.00833333
43 91 0.05
44 42 0.0281125
44 43 0.0506329
44 45 0.276995
44 46 0.0553191
44 91 0.341818
44 92 0.157303
45 43 0.0379747
45 44 0.276995
45 46 0.134615
45 91 0.163265
45 92 0.0909091
46 44 0.0553191
46 45 0.134615
46 91 0.0458716
46 92 0.14876
46 93 0.125
47 0 0.252525
47 48 0.0683761
47 94 0.195652
48 0 0.0409836
48 1 0.0447761
48 2 0.016129
48 47 0.0683761
48 49 0.109827
48 94 0.0434783
48 95 0.264706
49 1 0.161677
49 2 0.235669
49 3 0.0979021
49 4 0.0285714
49 48 0.109827
49 50 0.193548
49 95 0.00591716
50 2 0.00943396
50 4 0.0564516
50 49 0.193548
50 51 0.127451
50 95 0.0338983
50 96 0.0891089
50 98 0.00943396
51 4 0.00819672
51 50 0.127451
51 96 0.0909091
51 97 0.103774
51 98 0.125
52 5 0.028777
52 7 0.00613497
52 53 0.025641
52 54 0.0941176
52 99 0.131944
52 100 0.4
53 6 0.37594
53 7 0.024
53 52 0.025641
53 100 0.219697
54 7 0.136691
54 52 0.0941176
54 101 0.252174
54 102 0.117647
55 8 0.135802
55 9 0.0970874
55 56 0.0392157
55 102 0.146067
55 103 0.0545455
56 9 0.302521
56 10 0.0606061
56 55 0.0392157
56 103 0.150794
56 104 0.01
57 11 0.0884956
57 58 0.137255
57 104 0.149425
57 105 0.103093
58 11 0.243902
58 57 0.137255
58 59 0.0588235
58 105 0.0934579
59 11 0.079646
59 12 0.164706
59 58 0.0588235
59 105 0.0618557
59 106 0.133333
60 13 0.113043
60 14 0.0140845
60 61 0.0479042
60 107 0.273504
60 108 0.0632911
61 13 0.0460526
61 14 0.307263
61 15 0.106918
61 60 0.0479042
61 62 0.0422535
61 108 0.14359
61 109 0.0879121
62 15 0.0927835
62 61 0.0422535
62 63 0.0408163
62 109 0.233333
63 15 0.0173913
63 62 0.0408163
63 64 0.00980392
63 108 0.013245
63 109 0.231884
63 110 0.0806452
63 111 0.154286
64 18 0.0116279
64 63 0.00980392
64 110 0.0181818
64 111 0.304348
64 112 0.040404
65 19 0.0495868
65 66 0.398601
65 112 0.0762712
65 113 0.0133333
66 18 0.131148
66 19 0.108696
66 65 0.398601
66 67 0.0255102
66 111 0.035533
66 112 0.0222222
66 113 0.0598802
67 19 0.149425
67 20 0.107345
67 21 0.0441989
67 66 0.0255102
67 68 0.181818
67 113 0.147783
67 114 0.0362319
67 115 0.0174419
67 116 0.0542169
68 20 0.0844156
68 21 0.0443038
68 22 0.01875
68 67 0.181818
68 69 0.0322581
68 113 0.0611111
68 114 0.0521739
68 115 0.0738255
68 116 0.132867
68 117 0.149068
69 20 0.0324675
69 21 0.139241
69 22 0.15
69 23 0.0924855
69 24 0.237838
69 68 0.0322581
69 70 0.176796
69 71 0.0125
69 117 0.0124224
70 22 0.0322581
70 23 0.0357143
70 24 0.211111
70 69 0.176796
70 71 0.116129
70 117 0.185897
70 118 0.104651
71 23 0.136054
71 24 0.00628931
71 26 0.0653595
71 69 0.0125
71 70 0.116129
71 72 0.0070922
71 117 0.0222222
71 118 0.165563
71 119 0.0555556
71 120 0.0196078
72 71 0.0070922
72 119 0.532544
72 120 0.05625
72 121 0.0218978
73 25 0.00729927
73 26 0.0117647
73 27 0.214953
73 28 0.298701
73 74 0.0970874
73 75 0.106509
73 76 0.0175439
73 120 0.1
73 121 0.0204082
74 27 0.261905
74 73 0.0970874
75 28 0.0516129
75 30 0.0306122
75 73 0.106509
75 76 0.22093
75 77 0.0163043
75 121 0.0540541
76 28 0.0509554
76 30 0.176768
76 73 0.0175439
76 75 0.22093
76 77 0.139785
76 78 0.00555556
76 123 0.207407
76 124 0.131387
77 30 0.0047619
77 75 0.0163043
77 76 0.139785
77 78 0.0364583
77 123 0.210884
77 124 0.127517
77 125 0.153846
78 30 0.0784314
78 31 0.1625
78 32 0.0934066
78 33 0.122137
78 76 0.00555556
78 77 0.0364583
78 79 0.0666667
78 80 0.0273224
78 124 0.174825
78 125 0.0552147
78 127 0.02
79 31 0.0106383
79 33 0.184615
79 78 0.0666667
79 124 0.12987
79 127 0.0833333
80 31 0.0318471
80 32 0.156425
80 34 0.0426829
80 35 0.00497512
80 78 0.0273224
80 81 0.0986842
80 125 0.00625
80 126 0.148936
80 127 0.142857
80 128 0.0632184
81 34 0.191176
81 35 0.0231214
81 80 0.0986842
81 84 0.00526316
81 127 0.0504202
81 128 0.253425
82 34 0.00917431
82 35 0.136986
82 83 0.104167
82 84 0.00613497
82 127 0.0434783
82 128 0.0168067
82 129 0.106061
83 35 0.0272727
83 36 0.026738
83 37 0.0612245
83 38 0.0904762
83 82 0.104167
83 84 0.0675105
83 85 0.0838323
83 128 0.0259067
83 129 0.228155
83 130 0.0606061
83 131 0.0078125
83 132 0.145374
84 34 0.00495049
84 35 0.364017
84 36 0.237864
84 38 0.139738
84 81 0.00526316
84 82 0.00613497
84 83 0.0675105
84 128 0.0141509
84 129 0.0533333
84 132 0.00406504
85 37 0.0104167
85 38 0.0440252
85 83 0.0838323
85 86 0.0679012
85 87 0.013245
85 130 0.0526316
85 132 0.210227
85 133 0.0310559
86 37 0.105634
86 38 0.0878049
86 39 0.510373
86 40 0.0235294
86 85 0.0679012
86 87 0.187817
86 132 0.0900901
86 133 0.00483092
86 134 0.0425532
87 39 0.0608696
87 40 0.377358
87 41 0.0786517
87 85 0.013245
87 86 0.187817
87 88 0.0787037
87 132 0.0189573
87 133 0.0918367
87 134 0.214689
87 136 0.0140187
88 40 0.042328
88 41 0.0192308
88 87 0.0787037
88 89 0.0837004
88 90 0.00657895
88 133 0.221239
88 134 0.183575
88 135 0.0809717
88 136 0.258197
89 41 0.179894
89 42 0.241546
89 43 0.0512821
89 88 0.0837004
89 90 0.105263
89 135 0.0219298
89 136 0.253333
89 137 0.208333
89 138 0.0179856
90 43 0.00833333
90 88 0.00657895
90 89 0.105263
90 91 0.00632911
90 135 0.0915033
90 136 0.06
90 137 0.0512821
90 138 0.0541872
90 139 0.0654206
91 42 0.0172414
91 43 0.05
91 44 0.341818
91 45 0.163265
91 46 0.0458716
91 90 0.00632911
91 92 0.00621118
91 137 0.0138249
91 138 0.293729
91 139 0.0628019
91 140 0.0871212
92 44 0.157303
92 45 0.0909091
92 46 0.14876
92 91 0.00621118
92 140 0.00598802
93 46 0.125
93 140 0.0316456
94 47 0.195652
94 48 0.0434783
94 95 0.0810811
94 141 0.182927
94 142 0.0366972
95 48 0.264706
95 49 0.00591716
95 50 0.0338983
95 94 0.0810811
95 96 0.0782609
95 142 0.0615385
96 50 0.0891089
96 51 0.0909091
96 95 0.0782609
96 97 0.0285714
96 143 0.166667
97 51 0.103774
97 96 0.0285714
97 143 0.368421
97 144 0.0431034
98 50 0.00943396
98 51 0.125
98 99 0.138614
98 145 0.166667
99 52 0.131944
99 98 0.138614
99 145 0.157303
100 52 0.4
100 53 0.219697
100 147 0.0314961
100 148 0.00641026
101 54 0.252174
101 148 0.352
102 54 0.117647
102 55 0.146067
102 149 0.0823529
103 55 0.0545455
103 56 0.150794
103 104 0.222222
103 149 0.169811
103 150 0.230769
104 56 0.01
104 57 0.149425
104 103 0.222222
104 151 0.0909091
105 57 0.103093
105 58 0.0934579
105 59 0.0618557
105 151 0.0714286
105 152 0.105263
106 59 0.133333
106 107 0.21875
106 152 0.0795455
106 153 0.0344828
107 60 0.273504
107 106 0.21875
107 153 0.0421053
107 154 0.056338
108 60 0.0632911
108 61 0.14359
108 63 0.013245
108 109 0.115607
108 154 0.163934
108 155 0.333333
109 61 0.0879121
109 62 0.233333
109 63 0.231884
109 108 0.115607
109 110 0.00684932
109 155 0.008
109 156 0.02
110 63 0.0806452
110 64 0.0181818
110 109 0.00684932
110 111 0.0601093
110 157 0.232394
110 158 0.136752
111 63 0.154286
111 64 0.304348
111 66 0.035533
111 110 0.0601093
111 112 0.302326
111 158 0.0892857
112 64 0.040404
112 65 0.0762712
112 66 0.0222222
112 111 0.302326
112 160 0.0620155
113 65 0.0133333
113 66 0.0598802
113 67 0.147783
113 68 0.0611111
113 114 0.174312
113 116 0.0656934
113 160 0.0931677
113 161 0.048951
113 162 0.0532544
114 67 0.0362319
114 68 0.0521739
114 113 0.174312
115 67 0.0174419
115 68 0.0738255
115 116 0.292453
115 117 0.0645161
115 162 0.0869565
115 163 0.0681818
115 164 0.0820896
116 67 0.0542169
116 68 0.132867
116 113 0.0656934
116 115 0.292453
116 117 0.110169
116 162 0.136364
116 164 0.0078125
117 68 0.149068
117 69 0.0124224
117 70 0.185897
117 71 0.0222222
117 115 0.0645161
117 116 0.110169
117 118 0.0526316
117 164 0.0890411
118 70 0.104651
118 71 0.165563
118 117 0.0526316
118 119 0.0726257
118 164 0.123457
118 165 0.104938
118 166 0.00564972
119 71 0.0555556
119 72 0.532544
119 118 0.0726257
119 120 0.0110497
119 121 0.126582
119 165 0.00578035
119 166 0.0797872
120 71 0.0196078
120 72 0.05625
120 73 0.1
120 119 0.0110497
120 121 0.0469799
121 72 0.0218978
121 73 0.0204082
121 75 0.0540541
121 119 0.126582
121 120 0.0469799
121 166 0.0641026
121 167 0.20202
121 168 0.0545455
121 169 0.0194805
122 169 0.00925926
122 170 0.309859
123 76 0.207407
123 77 0.210884
123 124 0.0510204
123 169 0.0503597
123 170 0.0392157
123 171 0.0144928
124 76 0.131387
124 77 0.127517
124 78 0.174825
124 79 0.12987
124 123 0.0510204
125 77 0.153846
125 78 0.0552147
125 80 0.00625
125 126 0.0247934
125 172 0.0955882
125 173 0.2
126 80 0.148936
126 125 0.0247934
126 127 0.037037
126 173 0.271523
126 174 0.0568182
127 78 0.02
127 79 0.0833333
127 80 0.142857
127 81 0.0504202
127 82 0.0434783
127 126 0.037037
127 128 0.035461
127 173 0.140127
127 174 0.153846
128 80 0.0632184
128 81 0.253425
128 82 0.0168067
128 83 0.0259067
128 84 0.0141509
128 127 0.035461
128 129 0.171271
128 174 0.119617
128 175 0.0379747
128 177 0.010582
129 82 0.106061
129 83 0.228155
129 84 0.0533333
129 128 0.171271
129 130 0.0653595
129 174 0.0135135
129 175 0.0350877
129 176 0.123077
129 177 0.282178
129 178 0.0139535
130 83 0.0606061
130 85 0.0526316
130 129 0.0653595
130 131 0.28
130 132 0.0632184
130 177 0.42236
130 178 0.0344828
130 179 0.0145985
131 83 0.0078125
131 130 0.28
131 132 0.0145985
131 177 0.0967742
131 178 0.00729927
132 83 0.145374
132 84 0.00406504
132 85 0.210227
132 86 0.0900901
132 87 0.0189573
132 130 0.0632184
132 131 0.0145985
132 133 0.0769231
132 134 0.00990099
132 177 0.0538117
132 178 0.101695
132 179 0.0201005
133 85 0.0310559
133 86 0.00483092
133 87 0.0918367
133 88 0.221239
133 132 0.0769231
133 134 0.40107
133 178 0.0135747
133 179 0.0163043
133 181 0.158192
133 182 0.0106383
134 86 0.0425532
134 87 0.214689
134 88 0.183575
134 132 0.00990099
134 133 0.40107
134 135 0.0384615
134 136 0.0097561
134 181 0.164557
134 182 0.0946746
135 88 0.0809717
135 89 0.0219298
135 90 0.0915033
135 134 0.0384615
135 136 0.187755
135 137 0.0188679
135 181 0.126263
135 182 0.291866
135 183 0.100592
135 184 0.156118
135 185 0.0958333
136 87 0.0140187
136 88 0.258197
136 89 0.253333
136 90 0.06
136 134 0.0097561
136 135 0.187755
136 137 0.196172
136 181 0.025641
136 182 0.00970874
136 183 0.0903614
136 184 0.017094
136 185 0.021097
137 89 0.208333
137 90 0.0512821
137 91 0.0138249
137 135 0.0188679
137 136 0.196172
137 138 0.0916031
137 139 0.0120482
137 183 0.0902256
138 89 0.0179856
138 90 0.0541872
138 91 0.293729
138 137 0.0916031
138 139 0.301587
138 183 0.0319635
138 184 0.097561
138 185 0.117241
138 186 0.117994
139 90 0.0654206
139 91 0.0628019
139 137 0.0120482
139 138 0.301587
139 140 0.0187793
139 183 0.00813008
139 184 0.141361
139 185 0.164948
139 186 0.17284
140 91 0.0871212
140 92 0.00598802
140 93 0.0316456
140 139 0.0187793
140 186 0.11
140 187 0.173653
141 94 0.182927
141 188 0.189474
142 94 0.0366972
142 95 0.0615385
142 188 0.229508
142 189 0.104575
142 190 0.0206897
143 96 0.166667
143 97 0.368421
143 144 0.0729927
143 190 0.139241
144 97 0.0431034
144 143 0.0729927
144 145 0.127451
144 189 0.0201342
144 190 0.0921986
144 192 0.147059
145 98 0.166667
145 99 0.157303
145 144 0.127451
145 192 0.0338983
146 147 0.247059
146 193 0.123457
146 194 0.0217391
147 100 0.0314961
147 146 0.247059
147 148 0.124088
147 193 0.115385
147 194 0.0608696
148 100 0.00641026
148 101 0.352
148 147 0.124088
148 194 0.111111
148 195 0.0852713
149 102 0.0823529
149 103 0.169811
149 150 0.0588235
149 195 0.0235294
149 196 0.144578
150 103 0.230769
150 149 0.0588235
150 197 0.129771
151 104 0.0909091
151 105 0.0714286
151 198 0.214286
151 199 0.228571
152 105 0.105263
152 106 0.0795455
152 199 0.127451
152 200 0.137931
153 106 0.0344828
153 107 0.0421053
153 154 0.0075188
153 200 0.244186
153 201 0.169643
154 107 0.056338
154 108 0.163934
154 153 0.0075188
154 155 0.0518519
154 201 0.157233
154 202 0.0125
154 203 0.0532544
155 108 0.333333
155 109 0.008
155 154 0.0518519
155 202 0.00869565
155 203 0.0564516
156 109 0.02
156 202 0.0222222
156 203 0.212121
157 110 0.232394
157 158 0.0551181
157 202 0.0205479
157 204 0.286822
157 205 0.0327869
158 110 0.136752
158 111 0.0892857
158 157 0.0551181
158 160 0.144
158 205 0.0412371
158 206 0.0465116
159 160 0.224806
159 161 0.0540541
159 206 0.218045
160 112 0.0620155
160 113 0.0931677
160 158 0.144
160 159 0.224806
160 161 0.123077
160 206 0.00657895
160 207 0.00854701
161 113 0.048951
161 159 0.0540541
161 160 0.123077
161 162 0.0289855
161 206 0.00746269
161 207 0.0808081
161 208 0.116071
162 113 0.0532544
162 115 0.0869565
162 116 0.136364
162 161 0.0289855
162 163 0.0438596
162 164 0.01875
162 208 0.195652
162 209 0.117647
162 211 0.0178571
163 115 0.0681818
163 162 0.0438596
163 164 0.0272727
163 211 0.245763
164 115 0.0820896
164 116 0.0078125
164 117 0.0890411
164 118 0.123457
164 162 0.01875
164 163 0.0272727
164 165 0.0961538
164 211 0.378049
165 118 0.104938
165 119 0.00578035
165 164 0.0961538
165 166 0.140351
165 211 0.0365854
165 212 0.150943
165 214 0.00561798
166 118 0.00564972
166 119 0.0797872
166 121 0.0641026
166 165 0.140351
166 167 0.116279
166 168 0.0214286
166 169 0.0163043
166 212 0.0402299
166 213 0.206897
166 214 0.0880829
167 121 0.20202
167 166 0.116279
167 169 0.0708661
167 214 0.0661765
168 121 0.0545455
168 166 0.0214286
168 169 0.246377
168 217 0.0526316
169 121 0.0194805
169 122 0.00925926
169 123 0.0503597
169 166 0.0163043
169 167 0.0708661
169 168 0.246377
169 170 0.206897
169 171 0.0220994
169 214 0.0942408
169 215 0.0851064
169 217 0.158163
170 122 0.309859
170 123 0.0392157
170 169 0.206897
170 171 0.0486111
171 123 0.0144928
171 169 0.0220994
171 170 0.0486111
171 172 0.025641
171 215 0.0142857
171 217 0.133333
171 218 0.177143
172 125 0.0955882
172 171 0.025641
172 173 0.0421687
172 218 0.10596
172 219 0.243478
173 125 0.2
173 126 0.271523
173 127 0.140127
173 172 0.0421687
173 174 0.0311111
173 219 0.0671141
173 220 0.0839161
174 126 0.0568182
174 127 0.153846
174 128 0.119617
174 129 0.0135135
174 173 0.0311111
174 175 0.38191
174 220 0.0833333
174 221 0.0970874
174 223 0.0060241
174 224 0.0362319
175 128 0.0379747
175 129 0.0350877
175 174 0.38191
175 221 0.0645161
175 222 0.0211268
175 224 0.0266667
176 129 0.123077
176 223 0.0675676
176 224 0.076087
177 128 0.010582
177 129 0.282178
177 130 0.42236
177 131 0.0967742
177 132 0.0538117
177 178 0.112108
177 179 0.0107527
177 224 0.0820312
177 225 0.0923913
178 129 0.0139535
178 130 0.0344828
178 131 0.00729927
178 132 0.101695
178 133 0.0135747
178 177 0.112108
178 179 0.271357
178 224 0.0557621
178 225 0.0812183
178 226 0.224852
179 130 0.0145985
179 132 0.0201005
179 133 0.0163043
179 177 0.0107527
179 178 0.271357
179 180 0.00806452
179 225 0.0125
179 226 0.030303
179 228 0.170616
180 179 0.00806452
180 182 0.015625
180 226 0.0106383
180 228 0.109827
180 230 0.019802
181 133 0.158192
181 134 0.164557
181 135 0.126263
181 136 0.025641
181 182 0.0754717
181 183 0.00840336
181 228 0.127451
182 133 0.0106383
182 134 0.0946746
182 135 0.291866
182 136 0.00970874
182 180 0.015625
182 181 0.0754717
182 183 0.269231
182 184 0.0656566
182 185 0.00497512
182 228 0.0465116
182 229 0.128
182 230 0.230769
182 231 0.0196078
183 135 0.100592
183 136 0.0903614
183 137 0.0902256
183 138 0.0319635
183 139 0.00813008
183 181 0.00840336
183 182 0.269231
183 184 0.0379747
183 185 0.0993789
183 230 0.0291262
183 231 0.0353982
184 135 0.156118
184 136 0.017094
184 138 0.097561
184 139 0.141361
184 182 0.0656566
184 183 0.0379747
184 185 0.327511
184 230 0.0350877
184 231 0.0552486
184 232 0.0149813
185 135 0.0958333
185 136 0.021097
185 138 0.117241
185 139 0.164948
185 182 0.00497512
185 183 0.0993789
185 184 0.327511
185 186 0.153025
185 230 0.00574713
185 231 0.125
185 232 0.0555556
186 138 0.117994
186 139 0.17284
186 140 0.11
186 185 0.153025
186 231 0.00858369
186 232 0.147335
186 233 0.315961
187 140 0.173653
187 233 0.0114943
187 234 0.166667
188 141 0.189474
188 142 0.229508
188 190 0.00719424
188 235 0.196581
188 236 0.115942
189 142 0.104575
189 144 0.0201342
189 190 0.352941
189 236 0.0828402
189 237 0.131387
190 142 0.0206897
190 143 0.139241
190 144 0.0921986
190 188 0.00719424
190 189 0.352941
190 237 0.00775194
191 192 0.0854701
191 237 0.235955
191 238 0.293103
191 239 0.0606061
192 144 0.147059
192 145 0.0338983
192 191 0.0854701
192 193 0.00793651
192 237 0.016129
192 239 0.268657
193 146 0.123457
193 147 0.115385
193 192 0.00793651
193 239 0.203704
193 240 0.0434783
194 146 0.0217391
194 147 0.0608696
194 148 0.111111
194 195 0.0654206
194 240 0.015873
194 241 0.290541
195 148 0.0852713
195 149 0.0235294
195 194 0.0654206
195 196 0.2
195 241 0.037594
195 242 0.0108696
196 149 0.144578
196 195 0.2
196 242 0.122222
196 243 0.149425
197 150 0.129771
197 243 0.0990991
197 244 0.159664
197 245 0.0173913
198 151 0.214286
198 245 0.285714
198 246 0.0679612
199 151 0.228571
199 152 0.127451
199 246 0.129032
200 152 0.137931
200 153 0.244186
200 246 0.0642202
201 153 0.169643
201 154 0.157233
201 247 0.136986
201 248 0.118421
202 154 0.0125
202 155 0.00869565
202 156 0.0222222
202 157 0.0205479
202 203 0.248322
202 248 0.222222
202 250 0.292683
203 154 0.0532544
203 155 0.0564516
203 156 0.212121
203 202 0.248322
204 157 0.286822
204 251 0.187919
205 157 0.0327869
205 158 0.0412371
205 206 0.104839
205 252 0.269231
206 158 0.0465116
206 159 0.218045
206 160 0.00657895
206 161 0.00746269
206 205 0.104839
206 207 0.0413223
206 252 0.0882353
206 253 0.158273
206 254 0.118343
207 160 0.00854701
207 161 0.0808081
207 206 0.0413223
207 208 0.020202
207 254 0.246269
207 255 0.0181818
208 161 0.116071
208 162 0.195652
208 207 0.020202
208 209 0.00909091
208 254 0.129252
208 255 0.154472
209 162 0.117647
209 208 0.00909091
209 255 0.0991736
209 256 0.057554
209 257 0.387387
209 258 0.0227273
210 257 0.240506
210 258 0.01
210 259 0.0823529
211 162 0.0178571
211 163 0.245763
211 164 0.378049
211 165 0.0365854
211 212 0.011976
211 258 0.109756
212 165 0.150943
212 166 0.0402299
212 211 0.011976
212 213 0.270677
212 214 0.0331492
212 258 0.0377358
212 259 0.0277778
212 260 0.137725
212 261 0.00568182
213 166 0.206897
213 212 0.270677
213 214 0.0592105
214 165 0.00561798
214 166 0.0880829
214 167 0.0661765
214 169 0.0942408
214 212 0.0331492
214 213 0.0592105
214 215 0.0733333
214 217 0.0536585
214 260 0.00537634
214 261 0.297436
215 169 0.0851064
215 171 0.0142857
215 214 0.0733333
215 216 0.333333
215 217 0.187097
215 261 0.0137931
215 263 0.0190476
216 215 0.333333
217 168 0.0526316
217 169 0.158163
217 171 0.133333
217 214 0.0536585
217 215 0.187097
217 263 0.28125
217 264 0.0674157
218 171 0.177143
218 172 0.10596
218 219 0.0671642
218 264 0.0316456
218 265 0.229358
218 266 0.10241
218 268 0.0218579
219 172 0.243478
219 173 0.0671141
219 218 0.0671642
219 220 0.0434783
219 221 0.00769231
219 265 0.0136986
219 266 0.0153846
219 268 0.0612245
220 173 0.0839161
220 174 0.0833333
220 219 0.0434783
220 221 0.0645161
220 267 0.0165289
220 268 0.0992908
220 269 0.00641026
221 174 0.0970874
221 175 0.0645161
221 219 0.00769231
221 220 0.0645161
221 222 0.127517
221 267 0.00628931
221 268 0.189944
221 269 0.0773196
222 175 0.0211268
222 221 0.127517
222 268 0.0060241
222 269 0.381215
222 270 0.0120482
223 174 0.0060241
223 176 0.0675676
223 224 0.28125
223 225 0.0166667
223 269 0.00649351
223 270 0.142857
223 271 0.03
224 174 0.0362319
224 175 0.0266667
224 176 0.076087
224 177 0.0820312
224 178 0.0557621
224 223 0.28125
224 225 0.113043
224 269 0.0871212
224 270 0.0301205
224 271 0.109524
225 177 0.0923913
225 178 0.0812183
225 179 0.0125
225 223 0.0166667
225 224 0.113043
225 271 0.0869565
225 272 0.015873
225 273 0.252212
225 274 0.0318471
226 178 0.224852
226 179 0.030303
226 180 0.0106383
226 228 0.0165746
226 271 0.109091
226 275 0.0774648
227 229 0.0638298
227 276 0.0117647
227 277 0.017094
228 179 0.170616
228 180 0.109827
228 181 0.127451
228 182 0.0465116
228 226 0.0165746
228 229 0.1
228 230 0.0159574
228 273 0.064982
228 274 0.0432692
228 275 0.479638
228 276 0.0511945
228 277 0.00416667
229 182 0.128
229 227 0.0638298
229 228 0.1
229 230 0.0510204
229 275 0.00763359
229 276 0.187192
229 277 0.0666667
230 180 0.019802
230 182 0.230769
230 183 0.0291262
230 184 0.0350877
230 185 0.00574713
230 228 0.0159574
230 229 0.0510204
230 231 0.126984
230 275 0.00671141
230 276 0.131222
230 277 0.190476
230 278 0.00714286
231 182 0.0196078
231 183 0.0353982
231 184 0.0552486
231 185 0.125
231 186 0.00858369
231 230 0.126984
231 232 0.216216
231 276 0.00865801
231 277 0.0168539
231 278 0.146667
231 280 0.0181818
232 184 0.0149813
232 185 0.0555556
232 186 0.147335
232 231 0.216216
232 233 0.027027
232 278 0.059322
232 279 0.0188679
232 280 0.188776
233 186 0.315961
233 187 0.0114943
233 232 0.027027
233 234 0.128049
233 280 0.0217391
233 281 0.159533
234 187 0.166667
234 233 0.128049
234 281 0.00729927
235 188 0.196581
235 236 0.0935252
235 282 0.186047
235 283 0.0133333
236 188 0.115942
236 189 0.0828402
236 235 0.0935252
236 283 0.233918
237 189 0.131387
237 190 0.00775194
237 191 0.235955
237 192 0.016129
237 283 0.0863309
237 284 0.075
238 191 0.293103
238 284 0.102804
238 285 0.292308
238 286 0.155039
239 191 0.0606061
239 192 0.268657
239 193 0.203704
239 286 0.0535714
239 288 0.0280374
240 193 0.0434783
240 194 0.015873
240 241 0.296053
240 287 0.015873
240 288 0.105263
240 289 0.0120482
241 194 0.290541
241 195 0.037594
241 240 0.296053
241 242 0.0827068
241 289 0.0585106
242 195 0.0108696
242 196 0.122222
242 241 0.0827068
242 243 0.0449438
242 289 0.0884354
243 196 0.149425
243 197 0.0990991
243 242 0.0449438
243 290 0.13253
244 197 0.159664
244 290 0.043956
244 291 0.165414
244 292 0.0306122
245 197 0.0173913
245 198 0.285714
245 246 0.00884956
245 292 0.148936
246 198 0.0679612
246 199 0.129032
246 200 0.0642202
246 245 0.00884956
246 292 0.0176991
246 293 0.0555556
247 201 0.136986
247 248 0.14375
247 294 0.0258621
247 295 0.010582
248 201 0.118421
248 202 0.222222
248 247 0.14375
248 249 0.103825
248 250 0.00735294
248 296 0.0254777
249 248 0.103825
249 250 0.124183
249 251 0.0459184
249 296 0.166667
249 297 0.25
249 298 0.0182927
250 202 0.292683
250 248 0.00735294
250 249 0.124183
250 251 0.14094
250 297 0.00952381
251 204 0.187919
251 249 0.0459184
251 250 0.14094
251 252 0.0974026
251 253 0.00636943
251 297 0.0472973
251 298 0.18125
252 205 0.269231
252 206 0.0882353
252 251 0.0974026
252 253 0.117647
252 298 0.172131
253 206 0.158273
253 251 0.00636943
253 252 0.117647
253 298 0.016
253 300 0.131387
253 301 0.122642
254 206 0.118343
254 207 0.246269
254 208 0.129252
254 255 0.170886
254 301 0.0808824
255 207 0.0181818
255 208 0.154472
255 209 0.0991736
255 254 0.170886
255 256 0.125
255 257 0.00806452
255 301 0.00892857
256 209 0.057554
256 255 0.125
256 257 0.0422535
256 302 0.08125
256 303 0.328358
256 304 0.0920245
257 209 0.387387
257 210 0.240506
257 255 0.00806452
257 256 0.0422535
257 258 0.0148148
257 259 0.025
257 303 0.00943396
257 304 0.0222222
258 209 0.0227273
258 210 0.01
258 211 0.109756
258 212 0.0377358
258 257 0.0148148
258 259 0.205674
258 260 0.0609756
258 304 0.185897
259 210 0.0823529
259 212 0.0277778
259 257 0.025
259 258 0.205674
259 260 0.154362
259 304 0.0496454
259 305 0.0449438
259 306 0.0559006
259 307 0.0555556
260 212 0.137725
260 214 0.00537634
260 258 0.0609756
260 259 0.154362
260 261 0.0110497
260 306 0.0978261
260 307 0.257485
260 308 0.0215827
261 212 0.00568182
261 214 0.297436
261 215 0.0137931
261 260 0.0110497
261 262 0.120482
261 307 0.136364
261 308 0.0540541
261 309 0.0372671
261 310 0.017341
262 261 0.120482
262 308 0.0403226
262 309 0.00729927
262 310 0.154362
263 215 0.0190476
263 217 0.28125
263 264 0.0078125
263 310 0.105263
264 217 0.0674157
264 218 0.0316456
264 263 0.0078125
264 266 0.0324675
264 310 0.0993377
264 311 0.298701
264 312 0.0901639
265 218 0.229358
265 219 0.0136986
265 312 0.178082
266 218 0.10241
266 219 0.0153846
266 264 0.0324675
266 267 0.0566038
266 268 0.0893855
266 311 0.0246914
266 312 0.169231
266 313 0.19863
266 314 0.00854701
267 220 0.0165289
267 221 0.00628931
267 266 0.0566038
267 268 0.284091
267 269 0.078534
267 313 0.013986
267 314 0.201754
267 315 0.123188
268 218 0.0218579
268 219 0.0612245
268 220 0.0992908
268 221 0.189944
268 222 0.0060241
268 266 0.0893855
268 267 0.284091
268 269 0.0379147
268 313 0.00613497
268 315 0.0822785
269 220 0.00641026
269 221 0.0773196
269 222 0.381215
269 223 0.00649351
269 224 0.0871212
269 267 0.078534
269 268 0.0379147
269 270 0.0625
269 315 0.0809249
269 317 0.0765766
269 318 0.0106952
270 222 0.0120482
270 223 0.142857
270 224 0.0301205
270 269 0.0625
270 317 0.016129
270 318 0.011236
271 223 0.03
271 224 0.109524
271 225 0.0869565
271 226 0.109091
271 272 0.0754717
271 273 0.0825243
271 274 0.00729927
271 319 0.0515464
272 225 0.015873
272 271 0.0754717
272 273 0.0412371
272 274 0.08
272 317 0.025641
272 318 0.0330578
272 319 0.411765
273 225 0.252212
273 228 0.064982
273 271 0.0825243
273 272 0.0412371
273 274 0.324444
273 275 0.0210084
273 319 0.0108108
273 320 0.168269
273 321 0.0646259
274 225 0.0318471
274 228 0.0432692
274 271 0.00729927
274 272 0.08
274 273 0.324444
274 275 0.0591716
274 319 0.0517241
274 320 0.129496
274 321 0.155556
274 323 0.0182927
275 226 0.0774648
275 228 0.479638
275 229 0.00763359
275 230 0.00671141
275 273 0.0210084
275 274 0.0591716
275 276 0.0354331
275 277 0.00497512
275 323 0.0112994
276 227 0.0117647
276 228 0.0511945
276 229 0.187192
276 230 0.131222
276 231 0.00865801
276 275 0.0354331
276 277 0.388278
276 278 0.191837
276 322 0.0541516
276 323 0.164659
276 325 0.00906344
276 326 0.0338164
277 227 0.017094
277 228 0.00416667
277 229 0.0666667
277 230 0.190476
277 231 0.0168539
277 275 0.00497512
277 276 0.388278
277 278 0.0833333
277 322 0.21875
277 323 0.178571
277 325 0.0179856
277 326 0.0519481
278 230 0.00714286
278 231 0.146667
278 232 0.059322
278 276 0.191837
278 277 0.0833333
278 280 0.104839
278 324 0.0294118
278 325 0.156
278 326 0.0634921
279 232 0.0188679
279 280 0.0851064
279 325 0.017341
280 231 0.0181818
280 232 0.188776
280 233 0.0217391
280 278 0.104839
280 279 0.0851064
280 324 0.0322581
280 325 0.1
280 327 0.0645161
281 233 0.159533
281 234 0.00729927
281 327 0.32069
281 328 0.26875
282 235 0.186047
282 329 0.235714
282 330 0.208589
283 235 0.0133333
283 236 0.233918
283 237 0.0863309
283 284 0.0813008
283 330 0.222826
284 237 0.075
284 238 0.102804
284 283 0.0813008
284 285 0.0344828
284 331 0.0243902
284 332 0.0736842
285 238 0.292308
285 284 0.0344828
285 331 0.047619
285 332 0.0932203
286 238 0.155039
286 239 0.0535714
286 288 0.0291262
286 332 0.017094
286 333 0.0555556
287 240 0.015873
287 288 0.1
287 289 0.166667
287 333 0.0521739
287 334 0.0458716
287 335 0.0246914
288 239 0.0280374
288 240 0.105263
288 286 0.0291262
288 287 0.1
288 333 0.223301
289 240 0.0120482
289 241 0.0585106
289 242 0.0884354
289 287 0.166667
289 335 0.39604
289 336 0.0208333
290 243 0.13253
290 244 0.043956
290 291 0.114754
290 336 0.0240964
290 337 0.168675
291 244 0.165414
291 290 0.114754
291 337 0.016
291 338 0.180451
292 244 0.0306122
292 245 0.148936
292 246 0.0176991
292 338 0.0816327
292 339 0.103704
293 246 0.0555556
293 294 0.209877
293 339 0.146154
294 247 0.0258621
294 293 0.209877
294 295 0.013245
294 341 0.0895522
294 342 0.044586
295 247 0.010582
295 294 0.013245
295 296 0.107527
295 341 0.135714
295 342 0.395652
296 248 0.0254777
296 249 0.166667
296 295 0.107527
296 297 0.047619
296 342 0.109375
296 343 0.22069
297 249 0.25
297 250 0.00952381
297 251 0.0472973
297 296 0.047619
297 343 0.146341
297 344 0.0819672
298 249 0.0182927
298 251 0.18125
298 252 0.172131
298 253 0.016
298 299 0.00900901
298 344 0.0895522
298 345 0.117241
298 346 0.124183
299 298 0.00900901
299 345 0.0234375
299 346 0.441176
300 253 0.131387
300 302 0.00662252
300 347 0.331081
300 348 0.0896552
300 349 0.0420168
301 253 0.122642
301 254 0.0808824
301 255 0.00892857
301 348 0.201754
302 256 0.08125
302 300 0.00662252
302 303 0.169355
302 348 0.208333
302 349 0.110169
302 350 0.0729927
302 351 0.034965
303 256 0.328358
303 257 0.00943396
303 302 0.169355
303 348 0.0169492
303 350 0.0900901
303 351 0.034188
304 256 0.0920245
304 257 0.0222222
304 258 0.185897
304 259 0.0496454
304 351 0.130137
304 353 0.0201342
305 259 0.0449438
305 306 0.16129
305 351 0.0319149
305 353 0.113402
306 259 0.0559006
306 260 0.0978261
306 305 0.16129
306 307 0.0726257
306 308 0.013245
306 309 0.0853659
306 353 0.118343
306 354 0.122807
307 259 0.0555556
307 260 0.257485
307 261 0.136364
307 306 0.0726257
307 308 0.11194
307 309 0.0612245
308 260 0.0215827
308 261 0.0540541
308 262 0.0403226
308 306 0.013245
308 307 0.11194
308 309 0.302521
308 356 0.0774648
309 261 0.0372671
309 262 0.00729927
309 306 0.0853659
309 307 0.0612245
309 308 0.302521
309 354 0.028777
309 355 0.0390625
309 356 0.0387097
310 261 0.017341
310 262 0.154362
310 263 0.105263
310 264 0.0993377
310 311 0.0503145
310 357 0.220779
311 264 0.298701
311 266 0.0246914
311 310 0.0503145
311 312 0.0153846
311 313 0.00684932
311 357 0.0127389
311 358 0.0671141
311 359 0.211111
312 264 0.0901639
312 265 0.178082
312 266 0.169231
312 311 0.0153846
312 359 0.202703
313 266 0.19863
313 267 0.013986
313 268 0.00613497
313 311 0.00684932
313 314 0.039604
313 359 0.207317
313 360 0.0662252
313 361 0.0479452
314 266 0.00854701
314 267 0.201754
314 313 0.039604
314 315 0.0208333
314 360 0.00819672
314 361 0.111111
315 267 0.123188
315 268 0.0822785
315 269 0.0809249
315 314 0.0208333
315 361 0.0141844
315 362 0.152672
315 363 0.0341463
316 317 0.0166667
316 363 0.0512821
316 365 0.0725806
317 269 0.0765766
317 270 0.016129
317 272 0.025641
317 316 0.0166667
317 318 0.251366
317 363 0.015748
317 364 0.0666667
317 365 0.144144
317 366 0.0862944
318 269 0.0106952
318 270 0.011236
318 272 0.0330578
318 317 0.251366
318 364 0.0157895
318 365 0.0213904
318 366 0.123457
319 271 0.0515464
319 272 0.411765
319 273 0.0108108
319 274 0.0517241
319 366 0.0873016
320 273 0.168269
320 274 0.129496
320 321 0.1875
320 323 0.00680272
320 366 0.0805369
320 367 0.0479042
320 368 0.00591716
321 273 0.0646259
321 274 0.155556
321 320 0.1875
321 322 0.0153257
321 323 0.133047
321 366 0.0212766
321 367 0.185771
321 368 0.188235
321 369 0.159091
322 276 0.0541516
322 277 0.21875
322 321 0.0153257
322 323 0.29
322 368 0.0315315
322 369 0.106952
322 370 0.180905
322 371 0.0725806
323 274 0.0182927
323 275 0.0112994
323 276 0.164659
323 277 0.178571
323 320 0.00680272
323 321 0.133047
323 322 0.29
323 368 0.0103093
323 369 0.201258
323 370 0.00584795
323 371 0.00909091
324 278 0.0294118
324 280 0.0322581
324 325 0.111702
324 326 0.109375
324 371 0.0974026
324 372 0.079646
324 373 0.0214286
325 276 0.00906344
325 277 0.0179856
325 278 0.156
325 279 0.017341
325 280 0.1
325 324 0.111702
325 326 0.127358
325 371 0.122517
325 372 0.195402
325 373 0.0590278
325 374 0.0529595
326 276 0.0338164
326 277 0.0519481
326 278 0.0634921
326 324 0.109375
326 325 0.127358
326 371 0.0786517
326 372 0.131387
327 280 0.0645161
327 281 0.32069
327 328 0.00454545
327 374 0.243902
327 375 0.0415335
328 281 0.26875
328 327 0.00454545
328 375 0.0765027
329 282 0.235714
329 330 0.110429
329 376 0.245033
330 282 0.208589
330 283 0.222826
330 329 0.110429
330 376 0.0862069
330 377 0.0789474
331 284 0.0243902
331 285 0.047619
331 332 0.230089
331 378 0.201754
332 284 0.0736842
332 285 0.0932203
332 286 0.017094
332 331 0.230089
332 378 0.015748
332 379 0.214286
333 286 0.0555556
333 287 0.0521739
333 288 0.223301
333 334 0.0588235
333 379 0.153846
333 380 0.12844
334 287 0.0458716
334 333 0.0588235
334 380 0.262136
334 381 0.14433
335 287 0.0246914
335 289 0.39604
335 382 0.0947368
336 289 0.0208333
336 290 0.0240964
336 337 0.209302
336 383 0.146067
337 290 0.168675
337 291 0.016
337 336 0.209302
337 383 0.011236
337 385 0.0479452
338 291 0.180451
338 292 0.0816327
338 385 0.0519481
338 386 0.206186
339 292 0.103704
339 293 0.146154
339 340 0.241135
339 386 0.11194
339 387 0.0268456
339 388 0.0384615
340 339 0.241135
340 387 0.122807
341 294 0.0895522
341 295 0.135714
341 342 0.0205479
341 388 0.185714
342 294 0.044586
342 295 0.395652
342 296 0.109375
342 341 0.0205479
342 389 0.0153061
343 296 0.22069
343 297 0.146341
343 344 0.0283688
343 390 0.2
343 391 0.148148
344 297 0.0819672
344 298 0.0895522
344 343 0.0283688
344 345 0.211921
344 390 0.0844156
344 391 0.0434783
344 392 0.0467836
345 298 0.117241
345 299 0.0234375
345 344 0.211921
345 346 0.223529
345 347 0.0980392
345 392 0.159341
345 393 0.0813008
346 298 0.124183
346 299 0.441176
346 345 0.223529
346 347 0.0372671
347 300 0.331081
347 345 0.0980392
347 346 0.0372671
347 348 0.0496454
347 349 0.0173913
347 393 0.236842
347 394 0.0769231
348 300 0.0896552
348 301 0.201754
348 302 0.208333
348 303 0.0169492
348 347 0.0496454
348 349 0.0267857
349 300 0.0420168
349 302 0.110169
349 347 0.0173913
349 348 0.0267857
349 350 0.0285714
349 394 0.029703
349 395 0.117021
350 302 0.0729927
350 303 0.0900901
350 349 0.0285714
350 351 0.169231
350 352 0.162393
350 395 0.0265487
350 398 0.12069
351 302 0.034965
351 303 0.034188
351 304 0.130137
351 305 0.0319149
351 350 0.169231
351 352 0.00813008
351 353 0.223022
352 350 0.162393
352 351 0.00813008
352 353 0.0396825
352 354 0.132812
352 398 0.12844
352 400 0.147368
353 304 0.0201342
353 305 0.113402
353 306 0.118343
353 351 0.223022
353 352 0.0396825
353 354 0.0763889
354 306 0.122807
354 309 0.028777
354 352 0.132812
354 353 0.0763889
354 355 0.0814815
354 399 0.0117647
354 400 0.115044
354 401 0.102273
354 402 0.135593
355 309 0.0390625
355 354 0.0814815
355 356 0.10596
355 401 0.025974
355 402 0.383178
355 403 0.0714286
355 404 0.108911
356 308 0.0774648
356 309 0.0387097
356 355 0.10596
356 357 0.127273
356 358 0.0254777
356 404 0.078125
356 405 0.0193548
357 310 0.220779
357 311 0.0127389
357 356 0.127273
357 358 0.159722
358 311 0.0671141
358 356 0.0254777
358 357 0.159722
358 359 0.0179641
358 360 0.0584416
358 405 0.291045
359 311 0.211111
359 312 0.202703
359 313 0.207317
359 358 0.0179641
359 360 0.124324
360 313 0.0662252
360 314 0.00819672
360 358 0.0584416
360 359 0.124324
360 361 0.0239521
360 405 0.0263158
360 407 0.146853
360 408 0.0481928
360 409 0.156069
361 313 0.0479452
361 314 0.111111
361 315 0.0141844
361 360 0.0239521
361 362 0.0789474
361 363 0.0752212
361 409 0.321429
361 410 0.150442
362 315 0.152672
362 361 0.0789474
362 363 0.268519
362 364 0.00534759
362 409 0.0696203
363 315 0.0341463
363 316 0.0512821
363 317 0.015748
363 361 0.0752212
363 362 0.268519
363 364 0.218391
363 365 0.00775194
363 410 0.0225989
363 411 0.0251256
364 317 0.0666667
364 318 0.0157895
364 362 0.00534759
364 363 0.218391
364 365 0.170306
364 410 0.0202703
364 411 0.435294
364 413 0.0097561
365 316 0.0725806
365 317 0.144144
365 318 0.0213904
365 363 0.00775194
365 364 0.170306
365 366 0.0348259
365 367 0.0410959
365 411 0.0359281
365 412 0.144828
365 413 0.207921
365 415 0.0277778
366 317 0.0862944
366 318 0.123457
366 319 0.0873016
366 320 0.0805369
366 321 0.0212766
366 365 0.0348259
366 367 0.0773196
366 413 0.0282486
366 415 0.0322581
367 320 0.0479042
367 321 0.185771
367 365 0.0410959
367 366 0.0773196
367 368 0.0794393
367 413 0.128205
367 414 0.297071
367 415 0.16763
368 320 0.00591716
368 321 0.188235
368 322 0.0315315
368 323 0.0103093
368 367 0.0794393
368 369 0.038674
368 414 0.112033
368 415 0.0171429
368 416 0.371648
368 417 0.0491803
369 321 0.159091
369 322 0.106952
369 323 0.201258
369 368 0.038674
369 415 0.0142857
369 416 0.0575221
370 322 0.180905
370 323 0.00584795
370 371 0.187215
370 416 0.10084
370 417 0.2375
370 418 0.276119
370 419 0.00833333
371 322 0.0725806
371 323 0.00909091
371 324 0.0974026
371 325 0.122517
371 326 0.0786517
371 370 0.187215
371 372 0.185022
371 373 0.0275591
371 417 0.0909091
371 418 0.214511
372 324 0.079646
372 325 0.195402
372 326 0.131387
372 371 0.185022
372 373 0.248826
372 374 0.121951
372 418 0.0688406
372 419 0.0078125
372 420 0.0510638
373 324 0.0214286
373 325 0.0590278
373 371 0.0275591
373 372 0.248826
373 374 0.285714
373 418 0.0330033
373 420 0.221374
373 421 0.0294118
374 325 0.0529595
374 327 0.243902
374 372 0.121951
374 373 0.285714
374 375 0.0274914
374 420 0.0169492
374 421 0.112094
375 327 0.0415335
375 328 0.0765027
375 374 0.0274914
375 421 0.422839
375 422 0.0245399
376 329 0.245033
376 330 0.0862069
376 423 0.204301
377 330 0.0789474
377 378 0.0406504
377 423 0.134146
377 424 0.150327
377 425 0.0740741
378 331 0.201754
378 332 0.015748
378 377 0.0406504
378 424 0.0316456
378 425 0.415929
378 426 0.017094
378 427 0.0588235
379 332 0.214286
379 333 0.153846
379 380 0.0254237
379 426 0.0775862
379 427 0.0814815
380 333 0.12844
380 334 0.262136
380 379 0.0254237
380 427 0.125984
381 334 0.14433
381 382 0.0869565
381 428 0.148649
382 335 0.0947368
382 381 0.0869565
382 383 0.17037
382 428 0.0350877
382 429 0.24
382 430 0.0150376
383 336 0.146067
383 337 0.011236
383 382 0.17037
383 430 0.122222
384 385 0.29697
384 432 0.15748
385 337 0.0479452
385 338 0.0519481
385 384 0.29697
385 386 0.0268456
385 431 0.0958904
385 432 0.119048
386 338 0.206186
386 339 0.11194
386 385 0.0268456
386 387 0.102804
386 433 0.0319149
386 434 0.00854701
387 339 0.0268456
387 340 0.122807
387 386 0.102804
387 388 0.0873786
387 434 0.174242
388 339 0.0384615
388 341 0.185714
