0 1 0.0606061
0 2 0.248062
0 32 0.0970874
0 62 0.0128205
1 0 0.0606061
1 2 0.141243
1 3 0.130208
1 32 0.192053
1 33 0.0321101
1 62 0.047619
1 63 0.310811
1 64 0.0119048
2 0 0.248062
2 1 0.141243
2 3 0.222222
2 32 0.0472973
2 33 0.00465116
3 1 0.130208
3 2 0.222222
3 4 0.12973
3 33 0.252174
3 35 0.0178571
3 63 0.025641
3 64 0.0166667
3 65 0.0177778
4 3 0.12973
4 5 0.0304878
4 33 0.00947867
4 34 0.138614
4 35 0.239024
5 4 0.0304878
5 6 0.0613497
5 7 0.0238095
5 34 0.07
5 35 0.0197044
5 36 0.283133
5 37 0.0638298
6 5 0.0613497
6 7 0.142012
6 8 0.0185185
6 36 0.0419162
6 37 0.365079
6 38 0.1
6 39 0.0543478
6 67 0.0295858
6 68 0.103448
6 70 0.0421687
7 5 0.0238095
7 6 0.142012
7 8 0.0898204
7 9 0.0220994
7 37 0.304124
7 38 0.0451613
7 39 0.031746
8 6 0.0185185
8 7 0.0898204
8 9 0.201149
8 37 0.00534759
8 38 0.0472973
8 39 0.192308
8 40 0.117978
8 68 0.00699301
8 70 0.00609756
9 7 0.0220994
9 8 0.201149
9 10 0.180556
9 39 0.0561224
9 40 0.0677083
9 41 0.0380952
9 71 0.181818
10 9 0.180556
10 11 0.114286
10 12 0.05
10 40 0.108108
10 41 0.060241
10 42 0.033557
10 72 0.178571
11 10 0.114286
11 12 0.46
11 13 0.0203046
11 41 0.0145631
11 42 0.148148
11 43 0.1
11 72 0.00657895
11 74 0.0507614
12 10 0.05
12 11 0.46
12 13 0.0737327
12 40 0.00480769
12 41 0.00442478
12 42 0.100478
12 43 0.0277778
12 74 0.0184332
13 11 0.0203046
13 12 0.0737327
13 14 0.16568
13 15 0.0862944
13 42 0.00485437
13 43 0.135593
13 44 0.238095
13 45 0.0318182
13 74 0.0420561
13 76 0.0207254
13 77 0.00507614
14 13 0.16568
14 15 0.151316
14 43 0.143939
14 44 0.0666667
14 45 0.0514286
14 74 0.0414201
14 76 0.189189
14 77 0.0328947
15 13 0.0862944
15 14 0.151316
15 16 0.117647
15 44 0.0207254
15 45 0.172414
15 46 0.0172414
15 47 0.0774194
15 48 0.0386473
15 76 0.0511364
15 77 0.0333333
16 15 0.117647
16 17 0.0207254
16 18 0.25
16 45 0.0238095
16 46 0.0243902
16 47 0.203704
16 48 0.0794393
16 77 0.00534759
17 16 0.0207254
17 18 0.10929
17 19 0.016129
17 46 0.106557
17 47 0.0993789
17 48 0.0798122
17 49 0.103175
17 50 0.0552486
17 78 0.136364
17 79 0.0162602
17 80 0.153846
17 81 0.0939227
18 16 0.25
18 17 0.10929
18 19 0.305085
18 48 0.00980392
18 49 0.025641
18 50 0.0813954
18 80 0.00826446
19 17 0.016129
19 18 0.305085
19 20 0.0387097
19 50 0.297143
19 52 0.0207254
19 81 0.0514286
20 19 0.0387097
20 21 0.186441
20 50 0.0266667
20 51 0.223077
20 52 0.119048
20 54 0.00423729
21 20 0.186441
21 22 0.137615
21 52 0.334884
21 53 0.00884956
21 54 0.127208
21 82 0.020202
21 84 0.0606061
22 21 0.137615
22 24 0.0543478
22 53 0.0409091
22 54 0.472924
22 55 0.0123967
22 84 0.0133333
23 24 0.270968
23 25 0.215116
23 53 0.0157068
23 55 0.230047
23 56 0.0987654
23 85 0.0282486
23 86 0.0189873
23 87 0.037037
24 22 0.0543478
24 23 0.270968
24 25 0.202312
24 53 0.00520833
24 54 0.0160643
24 55 0.200935
24 56 0.00613497
24 86 0.0125786
25 23 0.215116
25 24 0.202312
25 26 0.138075
25 27 0.0258065
25 55 0.186147
25 56 0.0722222
25 86 0.00568182
25 88 0.0149254
26 25 0.138075
26 27 0.362745
26 28 0.102222
26 56 0.0480349
26 57 0.0284553
26 58 0.0912698
26 87 0.0114286
26 88 0.168
27 25 0.0258065
27 26 0.362745
27 28 0.0425532
27 56 0.00689655
27 58 0.047619
27 59 0.02
27 88 0.0421687
28 26 0.102222
28 27 0.0425532
28 29 0.0777202
28 58 0.222222
28 59 0.132231
28 61 0.00621118
28 88 0.00534759
28 90 0.121693
29 28 0.0777202
29 30 0.355932
29 59 0.0197368
29 61 0.203125
29 90 0.122727
29 92 0.040201
30 29 0.355932
30 61 0.0551724
30 90 0.00578035
30 92 0.105263
31 62 0.173913
31 93 0.242424
32 0 0.0970874
32 1 0.192053
32 2 0.0472973
32 62 0.185567
32 63 0.11399
32 93 0.0875
32 94 0.00568182
33 1 0.0321101
33 2 0.00465116
33 3 0.252174
33 4 0.00947867
33 34 0.00404858
33 35 0.144
33 63 0.0653846
33 64 0.160194
33 65 0.0956175
33 66 0.00507614
33 95 0.0458015
33 96 0.0131579
34 4 0.138614
34 5 0.07
34 33 0.00404858
34 35 0.410788
34 36 0.0196078
34 65 0.119835
34 66 0.138298
34 67 0.0242718
34 96 0.155251
34 99 0.0199203
35 3 0.0178571
35 4 0.239024
35 5 0.0197044
35 33 0.144
35 34 0.410788
35 65 0.0979592
35 66 0.125654
35 67 0.00478469
36 5 0.283133
36 6 0.0419162
36 34 0.0196078
36 37 0.0208333
36 67 0.232558
36 99 0.00921659
37 5 0.0638298
37 6 0.365079
37 7 0.304124
37 8 0.00534759
37 36 0.0208333
37 38 0.08
37 39 0.0191388
37 67 0.0154639
37 68 0.188235
37 99 0.0167364
38 6 0.1
38 7 0.0451613
38 8 0.0472973
38 37 0.08
38 39 0.305882
38 40 0.0180723
38 68 0.0381679
38 70 0.0986842
38 71 0.0807453
38 99 0.025
38 100 0.0945274
38 101 0.0758621
38 102 0.0149254
39 6 0.0543478
39 7 0.031746
39 8 0.192308
39 9 0.0561224
39 37 0.0191388
39 38 0.305882
39 40 0.15
39 68 0.0121212
39 70 0.129032
39 71 0.235897
39 72 0.00609756
39 100 0.0808511
39 101 0.0111732
39 102 0.0170213
39 103 0.010929
40 8 0.117978
40 9 0.0677083
40 10 0.108108
40 12 0.00480769
40 38 0.0180723
40 39 0.15
40 41 0.233645
40 42 0.0152284
40 70 0.0934066
40 71 0.198953
40 72 0.225
40 73 0.00492611
40 100 0.004329
40 102 0.025974
40 103 0.0335196
40 104 0.00420168
41 9 0.0380952
41 10 0.060241
41 11 0.0145631
41 12 0.00442478
41 40 0.233645
41 42 0.274419
41 71 0.129187
41 72 0.207865
41 73 0.19457
41 74 0.0358744
41 102 0.0160643
41 103 0.0152284
41 104 0.0507812
42 10 0.033557
42 11 0.148148
42 12 0.100478
42 13 0.00485437
42 40 0.0152284
42 41 0.274419
42 43 0.0769231
42 72 0.0434783
42 73 0.0637255
42 74 0.354369
42 75 0.0416667
43 11 0.1
43 12 0.0277778
43 13 0.135593
43 14 0.143939
43 42 0.0769231
43 44 0.0809249
43 73 0.08
43 74 0.180791
43 106 0.0124224
44 13 0.238095
44 14 0.0666667
44 15 0.0207254
44 43 0.0809249
44 45 0.106481
44 74 0.0857143
44 75 0.153061
44 76 0.0529101
44 77 0.0880829
44 106 0.0154639
44 107 0.00970874
45 13 0.0318182
45 14 0.0514286
45 15 0.172414
45 16 0.0238095
45 44 0.106481
45 47 0.0617978
45 48 0.104348
45 76 0.271357
45 77 0.394089
45 78 0.0126582
45 106 0.0343137
45 107 0.0324074
45 109 0.0666667
46 15 0.0172414
46 16 0.0243902
46 17 0.106557
46 47 0.0549451
46 48 0.216783
46 49 0.107143
47 15 0.0774194
47 16 0.203704
47 17 0.0993789
47 45 0.0617978
47 46 0.0549451
47 48 0.21978
47 49 0.0105263
47 76 0.00662252
47 77 0.0129032
47 78 0.047619
47 109 0.00966184
48 15 0.0386473
48 16 0.0794393
48 17 0.0798122
48 18 0.00980392
48 45 0.104348
48 46 0.216783
48 47 0.21978
48 76 0.0788177
48 77 0.0144928
48 78 0.149378
48 109 0.0772201
48 110 0.0103627
49 17 0.103175
49 18 0.025641
49 46 0.107143
49 47 0.0105263
49 50 0.0608696
49 79 0.157895
49 80 0.234375
49 81 0.00869565
49 110 0.00943396
50 17 0.0552486
50 18 0.0813954
50 19 0.297143
50 20 0.0266667
50 49 0.0608696
50 51 0.02
50 52 0.037234
50 80 0.0504202
50 81 0.305882
50 82 0.00584795
51 20 0.223077
51 50 0.02
51 52 0.255952
51 82 0.0463576
51 84 0.0380435
51 113 0.0672269
52 19 0.0207254
52 20 0.119048
52 21 0.334884
52 50 0.037234
52 51 0.255952
52 53 0.00921659
52 54 0.0182482
52 81 0.0159574
52 82 0.195767
52 83 0.0104167
52 84 0.162162
52 113 0.0191083
52 115 0.00588235
53 21 0.00884956
53 22 0.0409091
53 23 0.0157068
53 24 0.00520833
53 52 0.00921659
53 54 0.175439
53 55 0.028
53 83 0.0147783
53 84 0.236051
53 85 0.443925
53 86 0.0358974
53 115 0.0939227
53 116 0.0368421
53 117 0.0176211
54 20 0.00423729
54 21 0.127208
54 22 0.472924
54 24 0.0160643
54 52 0.0182482
54 53 0.175439
54 55 0.019544
54 84 0.1
54 85 0.0664207
55 22 0.0123967
55 23 0.230047
55 24 0.200935
55 25 0.186147
55 53 0.028
55 54 0.019544
55 56 0.271493
55 57 0.012605
55 85 0.0550847
55 86 0.211982
55 88 0.0413223
55 117 0.0321285
56 23 0.0987654
56 24 0.00613497
56 25 0.0722222
56 26 0.0480349
56 27 0.00689655
56 55 0.271493
56 57 0.139037
56 85 0.00540541
56 86 0.13253
56 87 0.146552
56 88 0.162304
56 117 0.141414
56 118 0.0100503
57 26 0.0284553
57 55 0.012605
57 56 0.139037
57 58 0.0190476
57 86 0.00546448
57 87 0.24812
57 88 0.25
57 89 0.0963855
57 117 0.0139535
57 118 0.143519
57 119 0.0993377
57 120 0.0391061
57 121 0.118852
58 26 0.0912698
58 27 0.047619
58 28 0.222222
58 57 0.0190476
58 59 0.135135
58 88 0.121495
58 89 0.0116279
58 90 0.12963
58 121 0.14
59 27 0.02
59 28 0.132231
59 29 0.0197368
59 58 0.135135
59 61 0.0166667
59 89 0.105769
59 90 0.108108
59 121 0.00549451
60 61 0.20339
60 90 0.0136986
60 91 0.376344
60 92 0.128
60 122 0.00641026
60 123 0.0148148
61 28 0.00621118
61 29 0.203125
61 30 0.0551724
61 59 0.0166667
61 60 0.20339
61 90 0.132979
61 91 0.274074
61 92 0.269461
61 122 0.020202
62 0 0.0128205
62 1 0.047619
62 31 0.173913
62 32 0.185567
62 63 0.142857
62 64 0.00877193
62 93 0.0222222
63 1 0.310811
63 3 0.025641
63 32 0.11399
63 33 0.0653846
63 62 0.142857
63 64 0.32381
63 93 0.030303
63 94 0.0526316
63 95 0.0789474
64 1 0.0119048
64 3 0.0166667
64 33 0.160194
64 62 0.00877193
64 63 0.32381
64 65 0.0248756
64 94 0.108808
64 95 0.0424528
65 3 0.0177778
65 33 0.0956175
65 34 0.119835
65 35 0.0979592
65 64 0.0248756
65 66 0.208333
65 94 0.00420168
65 95 0.101167
65 96 0.372197
65 97 0.0860215
65 126 0.00478469
65 128 0.00961538
65 129 0.0236967
66 33 0.00507614
66 34 0.138298
66 35 0.125654
66 65 0.208333
66 67 0.025641
66 95 0.00985222
66 96 0.0769231
66 97 0.128788
66 99 0.0298507
66 129 0.0573248
67 6 0.0295858
67 34 0.0242718
67 35 0.00478469
67 36 0.232558
67 37 0.0154639
67 66 0.025641
67 98 0.0674157
67 99 0.378995
67 129 0.0571429
68 6 0.103448
68 8 0.00699301
68 37 0.188235
68 38 0.0381679
68 39 0.0121212
68 69 0.0337079
68 70 0.0408163
68 99 0.189744
68 100 0.0510204
68 101 0.0357143
68 129 0.013245
68 131 0.0840336
69 68 0.0337079
69 99 0.0506329
69 101 0.00970874
69 129 0.0701754
69 130 0.0121951
69 131 0.317073
69 132 0.00877193
70 6 0.0421687
70 8 0.00609756
70 38 0.0986842
70 39 0.129032
70 40 0.0934066
70 68 0.0408163
70 71 0.00564972
70 100 0.313364
70 101 0.0559006
70 102 0.0829493
70 103 0.0424242
70 131 0.0285714
70 132 0.0465116
71 9 0.181818
71 38 0.0807453
71 39 0.235897
71 40 0.198953
71 41 0.129187
71 70 0.00564972
71 72 0.00645161
71 102 0.0309735
72 10 0.178571
72 11 0.00657895
72 39 0.00609756
72 40 0.225
72 41 0.207865
72 42 0.0434783
72 71 0.00645161
72 73 0.113772
72 102 0.0205128
72 103 0.0909091
72 104 0.029703
73 40 0.00492611
73 41 0.19457
73 42 0.0637255
73 43 0.08
73 72 0.113772
73 74 0.0943396
73 75 0.040404
73 102 0.0168067
73 103 0.0537634
73 104 0.220408
73 105 0.0130719
73 134 0.032
73 135 0.0324074
74 11 0.0507614
74 12 0.0184332
74 13 0.0420561
74 14 0.0414201
74 41 0.0358744
74 42 0.354369
74 43 0.180791
74 44 0.0857143
74 73 0.0943396
74 75 0.11
74 104 0.0364372
74 106 0.040404
75 42 0.0416667
75 44 0.153061
75 73 0.040404
75 74 0.11
75 76 0.0446927
75 105 0.0851064
75 106 0.119565
75 107 0.117347
75 138 0.0449438
76 13 0.0207254
76 14 0.189189
76 15 0.0511364
76 44 0.0529101
76 45 0.271357
76 47 0.00662252
76 48 0.0788177
76 75 0.0446927
76 77 0.255682
76 78 0.0142857
76 106 0.0564972
76 107 0.021164
76 108 0.0327869
76 109 0.0263158
77 13 0.00507614
77 14 0.0328947
77 15 0.0333333
77 16 0.00534759
77 44 0.0880829
77 45 0.394089
77 47 0.0129032
77 48 0.0144928
77 76 0.255682
77 78 0.0140187
77 106 0.0276243
77 107 0.0880829
77 108 0.0714286
77 109 0.0732759
77 138 0.0114286
78 17 0.136364
78 45 0.0126582
78 47 0.047619
78 48 0.149378
78 76 0.0142857
78 77 0.0140187
78 80 0.00632911
78 107 0.00440529
78 108 0.00625
78 109 0.285714
78 110 0.1
78 139 0.019802
78 140 0.12749
79 17 0.0162602
79 49 0.157895
79 80 0.147541
79 110 0.038835
79 111 0.246377
79 142 0.0714286
80 17 0.153846
80 18 0.00826446
80 49 0.234375
80 50 0.0504202
80 78 0.00632911
80 79 0.147541
80 81 0.151261
80 110 0.0909091
80 111 0.0921053
80 112 0.0280374
81 17 0.0939227
81 19 0.0514286
81 49 0.00869565
81 50 0.305882
81 52 0.0159574
81 80 0.151261
81 82 0.0994152
81 110 0.0186335
81 111 0.015748
81 112 0.0822785
82 21 0.020202
82 50 0.00584795
82 51 0.0463576
82 52 0.195767
82 81 0.0994152
82 83 0.04
82 84 0.190244
82 112 0.0188679
82 113 0.2
82 114 0.0178571
82 115 0.0130719
82 144 0.0639535
83 52 0.0104167
83 53 0.0147783
83 82 0.04
83 84 0.149038
83 113 0.0699301
83 114 0.233918
83 115 0.282051
83 144 0.0171429
83 145 0.156863
83 146 0.146018
84 21 0.0606061
84 22 0.0133333
84 51 0.0380435
84 52 0.162162
84 53 0.236051
84 54 0.1
84 82 0.190244
84 83 0.149038
84 85 0.0958904
84 113 0.017341
84 114 0.00497512
84 115 0.134409
84 146 0.0234375
85 23 0.0282486
85 53 0.443925
85 54 0.0664207
85 55 0.0550847
85 56 0.00540541
85 84 0.0958904
85 86 0.0994475
85 115 0.113772
85 116 0.0284091
85 117 0.126761
85 146 0.0548523
85 148 0.00510204
86 23 0.0189873
86 24 0.0125786
86 25 0.00568182
86 53 0.0358974
86 55 0.211982
86 56 0.13253
86 57 0.00546448
86 85 0.0994475
86 87 0.00892857
86 88 0.0160428
86 116 0.044586
86 117 0.278351
86 118 0.0461538
86 148 0.0112994
87 23 0.037037
87 26 0.0114286
87 56 0.146552
87 57 0.24812
87 86 0.00892857
87 88 0.0510949
87 117 0.00694444
87 118 0.0275862
87 119 0.0625
88 25 0.0149254
88 26 0.168
88 27 0.0421687
88 28 0.00534759
88 55 0.0413223
88 56 0.162304
88 57 0.25
88 58 0.121495
88 86 0.0160428
88 87 0.0510949
88 89 0.00588235
88 118 0.05
88 120 0.0218579
88 121 0.0846774
89 57 0.0963855
89 58 0.0116279
89 59 0.105769
89 88 0.00588235
89 118 0.0168539
89 119 0.00884956
89 120 0.0070922
89 121 0.296117
89 150 0.0105263
89 151 0.0654762
89 152 0.0314136
90 28 0.121693
90 29 0.122727
90 30 0.00578035
90 58 0.12963
90 59 0.108108
90 60 0.0136986
90 61 0.132979
90 91 0.0306748
90 92 0.0205128
90 121 0.068
90 122 0.0530973
91 60 0.376344
91 61 0.274074
91 90 0.0306748
91 92 0.105634
91 122 0.121387
91 123 0.0723684
92 29 0.040201
92 30 0.105263
92 60 0.128
92 61 0.269461
92 90 0.0205128
92 91 0.105634
92 122 0.0731707
92 123 0.0706522
93 31 0.242424
93 32 0.0875
93 62 0.0222222
93 63 0.030303
93 94 0.163551
93 124 0.202899
93 125 0.0416667
93 155 0.0106383
94 32 0.00568182
94 63 0.0526316
94 64 0.108808
94 65 0.00420168
94 93 0.163551
94 95 0.345382
94 96 0.0186047
94 124 0.00649351
94 125 0.0163043
94 126 0.20398
94 157 0.00564972
95 33 0.0458015
95 63 0.0789474
95 64 0.0424528
95 65 0.101167
95 66 0.00985222
95 94 0.345382
95 96 0.034188
95 97 0.0406091
95 126 0.259091
95 128 0.0136986
95 157 0.0408163
96 33 0.0131579
96 34 0.155251
96 65 0.372197
96 66 0.0769231
96 94 0.0186047
96 95 0.034188
96 97 0.0306748
96 126 0.0591398
96 127 0.0266667
96 128 0.0432432
96 157 0.0432099
97 65 0.0860215
97 66 0.128788
97 95 0.0406091
97 96 0.0306748
97 98 0.025974
97 127 0.0265487
97 128 0.243243
97 129 0.0794702
98 67 0.0674157
98 97 0.025974
98 99 0.0627803
98 127 0.0425532
98 128 0.107955
98 129 0.0670391
98 130 0.187773
98 160 0.390071
99 34 0.0199203
99 36 0.00921659
99 37 0.0167364
99 38 0.025
99 66 0.0298507
99 67 0.378995
99 68 0.189744
99 69 0.0506329
99 98 0.0627803
99 100 0.0188679
99 101 0.0143541
99 129 0.240909
99 130 0.0296296
99 131 0.0638298
99 132 0.00909091
100 38 0.0945274
100 39 0.0808511
100 40 0.004329
100 68 0.0510204
100 70 0.313364
100 99 0.0188679
100 101 0.257143
100 102 0.0676692
100 131 0.037037
100 132 0.190045
100 133 0.0120968
100 163 0.030888
101 38 0.0758621
101 39 0.0111732
101 68 0.0357143
101 69 0.00970874
101 70 0.0559006
101 99 0.0143541
101 100 0.257143
101 130 0.0372093
101 131 0.037594
101 132 0.0727273
101 133 0.00520833
101 162 0.0137615
101 163 0.0738916
102 38 0.0149254
102 39 0.0170213
102 40 0.025974
102 41 0.0160643
102 70 0.0829493
102 71 0.0309735
102 72 0.0205128
102 73 0.0168067
102 100 0.0676692
102 103 0.233645
102 104 0.0989011
102 132 0.00452489
102 133 0.0685484
102 134 0.0683453
102 163 0.0617761
102 164 0.0529101
103 39 0.010929
103 40 0.0335196
103 41 0.0152284
103 70 0.0424242
103 72 0.0909091
103 73 0.0537634
103 102 0.233645
103 104 0.0452489
103 133 0.117347
103 134 0.0575221
103 163 0.0144928
103 164 0.0145985
104 40 0.00420168
104 41 0.0507812
104 72 0.029703
104 73 0.220408
104 74 0.0364372
104 102 0.0989011
104 103 0.0452489
104 105 0.0106383
104 134 0.252632
104 135 0.10757
104 166 0.0148148
105 73 0.0130719
105 75 0.0851064
105 104 0.0106383
105 106 0.0143885
105 135 0.0943396
105 136 0.209302
105 137 0.039604
105 138 0.0150376
105 166 0.00561798
105 168 0.126506
105 169 0.0149254
106 43 0.0124224
106 44 0.0154639
106 45 0.0343137
106 74 0.040404
106 75 0.119565
106 76 0.0564972
106 77 0.0276243
106 105 0.0143885
106 107 0.206186
106 108 0.015748
106 137 0.0625
106 138 0.164773
106 139 0.0946746
106 168 0.062201
107 44 0.00970874
107 45 0.0324074
107 75 0.117347
107 76 0.021164
107 77 0.0880829
107 78 0.00440529
107 106 0.206186
107 108 0.00719424
107 109 0.126531
107 137 0.025641
107 138 0.117021
107 139 0.0828729
107 168 0.0995475
107 169 0.00529101
107 170 0.0517928
108 76 0.0327869
108 77 0.0714286
108 78 0.00625
108 106 0.015748
108 107 0.00719424
108 109 0.0280899
108 137 0.011236
108 138 0.123967
108 139 0.289474
108 140 0.0368098
108 170 0.048913
109 45 0.0666667
109 47 0.00966184
109 48 0.0772201
109 76 0.0263158
109 77 0.0732759
109 78 0.285714
109 107 0.126531
109 108 0.0280899
109 110 0.00917431
109 138 0.0176211
109 139 0.0636364
109 140 0.133829
109 170 0.0724138
110 48 0.0103627
110 49 0.00943396
110 78 0.1
110 79 0.038835
110 80 0.0909091
110 81 0.0186335
110 109 0.00917431
110 111 0.118644
110 112 0.00671141
110 140 0.0935961
110 141 0.189655
110 142 0.0190476
110 143 0.0545455
110 170 0.00892857
111 79 0.246377
111 80 0.0921053
111 81 0.015748
111 110 0.118644
111 112 0.0173913
111 141 0.0571429
111 142 0.309859
111 143 0.289474
111 144 0.0078125
112 80 0.0280374
112 81 0.0822785
112 82 0.0188679
112 110 0.00671141
112 111 0.0173913
112 114 0.00645161
112 141 0.0994152
112 143 0.11215
112 144 0.169811
112 172 0.018018
112 173 0.00925926
112 174 0.033557
112 175 0.0877193
113 51 0.0672269
113 52 0.0191083
113 82 0.2
113 83 0.0699301
113 84 0.017341
113 114 0.00735294
113 115 0.0330578
113 144 0.228571
113 145 0.0295858
114 82 0.0178571
114 83 0.233918
114 84 0.00497512
114 112 0.00645161
114 113 0.00735294
114 115 0.0201342
114 144 0.125
114 145 0.441624
114 146 0.0684932
114 175 0.0277778
114 176 0.0651163
114 177 0.0112994
114 178 0.0263158
115 52 0.00588235
115 53 0.0939227
115 82 0.0130719
115 83 0.282051
115 84 0.134409
115 85 0.113772
115 113 0.0330578
115 114 0.0201342
115 116 0.013986
115 145 0.0274725
115 146 0.166667
116 53 0.0368421
116 85 0.0284091
116 86 0.044586
116 115 0.013986
116 117 0.100529
116 118 0.00526316
116 146 0.328638
116 147 0.153409
116 148 0.0290698
116 178 0.0652174
117 53 0.0176211
117 55 0.0321285
117 56 0.141414
117 57 0.0139535
117 85 0.126761
117 86 0.278351
117 87 0.00694444
117 116 0.100529
117 118 0.162996
117 146 0.016
117 147 0.00938967
117 148 0.277512
117 149 0.00526316
118 56 0.0100503
118 57 0.143519
118 86 0.0461538
118 87 0.0275862
118 88 0.05
118 89 0.0168539
118 116 0.00526316
118 117 0.162996
118 119 0.110429
118 120 0.198953
118 147 0.0046729
118 148 0.27619
118 149 0.0890052
118 150 0.0413793
118 151 0.0366972
118 180 0.00591716
118 181 0.10396
119 57 0.0993377
119 87 0.0625
119 89 0.00884956
119 118 0.110429
119 120 0.0238095
119 121 0.0157068
119 148 0.172414
119 149 0.126984
119 150 0.3875
119 151 0.0718954
120 57 0.0391061
120 88 0.0218579
120 89 0.0070922
120 118 0.198953
120 119 0.0238095
120 121 0.141553
120 149 0.012987
120 150 0.0462963
120 151 0.0828729
120 181 0.254545
121 57 0.118852
121 58 0.14
121 59 0.00549451
121 88 0.0846774
121 89 0.296117
121 90 0.068
121 119 0.0157068
121 120 0.141553
121 122 0.0269231
121 150 0.00578035
121 151 0.0691057
121 152 0.118959
122 60 0.00641026
122 61 0.020202
122 90 0.0530973
122 91 0.121387
122 92 0.0731707
122 121 0.0269231
122 123 0.246512
122 152 0.171429
122 153 0.00769231
122 154 0.104072
122 183 0.0681818
123 60 0.0148148
123 91 0.0723684
123 92 0.0706522
123 122 0.246512
123 153 0.119266
123 154 0.315
123 183 0.0150754
124 93 0.202899
124 94 0.00649351
124 125 0.12963
124 155 0.1875
124 186 0.0816327
124 187 0.018018
125 93 0.0416667
125 94 0.0163043
125 124 0.12963
125 126 0.0193548
125 155 0.272152
125 156 0.0111111
125 157 0.0610687
125 158 0.15873
125 187 0.0638298
125 189 0.0463576
126 65 0.00478469
126 94 0.20398
126 95 0.259091
126 96 0.0591398
126 125 0.0193548
126 127 0.00735294
126 128 0.0175439
126 157 0.398649
126 189 0.00595238
127 96 0.0266667
127 97 0.0265487
127 98 0.0425532
127 126 0.00735294
127 128 0.281481
127 129 0.00724638
127 157 0.107143
127 158 0.0176471
127 159 0.0198676
127 160 0.07
127 189 0.0757576
127 191 0.00564972
128 65 0.00961538
128 95 0.0136986
128 96 0.0432432
128 97 0.243243
128 98 0.107955
128 126 0.0175439
128 127 0.281481
128 129 0.0115607
128 130 0.0134529
128 157 0.0680272
128 160 0.00740741
128 189 0.0479042
128 191 0.00471698
129 65 0.0236967
129 66 0.0573248
129 67 0.0571429
129 68 0.013245
129 69 0.0701754
129 97 0.0794702
129 98 0.0670391
129 99 0.240909
129 127 0.00724638
129 128 0.0115607
129 130 0.185841
129 131 0.1875
129 160 0.0217391
129 161 0.0172414
129 162 0.00436681
130 69 0.0121951
130 98 0.187773
130 99 0.0296296
130 101 0.0372093
130 128 0.0134529
130 129 0.185841
130 131 0.0360825
130 132 0.0176991
130 160 0.159574
130 161 0.232143
130 162 0.272401
130 191 0.00377358
131 68 0.0840336
131 69 0.317073
131 70 0.0285714
131 99 0.0638298
131 100 0.037037
131 101 0.037594
131 129 0.1875
131 130 0.0360825
131 132 0.1875
132 69 0.00877193
132 70 0.0465116
132 99 0.00909091
132 100 0.190045
132 101 0.0727273
132 102 0.00452489
132 130 0.0176991
132 131 0.1875
132 133 0.00985222
132 161 0.0229885
132 162 0.0305677
132 163 0.261682
133 100 0.0120968
133 101 0.00520833
133 102 0.0685484
133 103 0.117347
133 132 0.00985222
133 134 0.161538
133 163 0.26556
133 164 0.116959
133 165 0.0869565
133 194 0.100962
133 195 0.015625
134 73 0.032
134 102 0.0683453
134 103 0.0575221
134 104 0.252632
134 133 0.161538
134 135 0.273438
134 164 0.114428
134 165 0.052356
134 166 0.214545
134 167 0.00540541
135 73 0.0324074
135 104 0.10757
135 105 0.0943396
135 134 0.273438
135 165 0.10828
135 166 0.232365
135 167 0.0397351
135 196 0.00571429
135 198 0.0295858
136 105 0.209302
136 198 0.25
137 105 0.039604
137 106 0.0625
137 107 0.025641
137 108 0.011236
137 138 0.057971
137 139 0.122137
137 167 0.0860215
137 168 0.175439
137 169 0.0791367
137 199 0.0127389
137 200 0.0295858
138 75 0.0449438
138 77 0.0114286
138 105 0.0150376
138 106 0.164773
138 107 0.117021
138 108 0.123967
138 109 0.0176211
138 137 0.057971
138 139 0.122699
138 168 0.236453
138 169 0.0175439
138 170 0.0515021
138 202 0.0172414
139 78 0.019802
139 106 0.0946746
139 107 0.0828729
139 108 0.289474
139 109 0.0636364
139 137 0.122137
139 138 0.122699
139 168 0.0765306
139 169 0.0365854
139 170 0.119469
139 202 0.00888889
140 78 0.12749
140 108 0.0368098
140 109 0.133829
140 110 0.0935961
140 141 0.0488889
140 170 0.203636
140 171 0.112403
141 110 0.189655
141 111 0.0571429
141 112 0.0994152
141 140 0.0488889
141 142 0.023622
141 143 0.204545
141 144 0.0108696
141 171 0.0611354
141 172 0.154412
141 173 0.0676692
141 174 0.0287356
141 175 0.0153061
141 205 0.0106383
142 79 0.0714286
142 110 0.0190476
142 111 0.309859
142 141 0.023622
142 143 0.190476
142 172 0.0149254
142 173 0.21875
143 110 0.0545455
143 111 0.289474
143 112 0.11215
143 141 0.204545
143 142 0.190476
143 144 0.025
143 173 0.0289855
143 174 0.00909091
143 175 0.00757576
144 82 0.0639535
144 83 0.0171429
144 111 0.0078125
144 112 0.169811
144 113 0.228571
144 114 0.125
144 141 0.0108696
144 143 0.025
144 145 0.114428
144 173 0.0165289
144 174 0.0185185
144 175 0.163043
144 176 0.0365297
145 83 0.156863
145 113 0.0295858
145 114 0.441624
145 115 0.0274725
145 144 0.114428
145 146 0.0238095
145 175 0.0610329
145 176 0.25
145 177 0.0571429
145 178 0.00448431
145 206 0.0102564
146 83 0.146018
146 84 0.0234375
146 85 0.0548523
146 114 0.0684932
146 115 0.166667
146 116 0.328638
146 117 0.016
146 145 0.0238095
146 147 0.130802
146 148 0.0128755
146 176 0.0407407
146 178 0.159184
147 116 0.153409
147 117 0.00938967
147 118 0.0046729
147 146 0.130802
147 148 0.0867347
147 149 0.0112994
147 178 0.149038
147 179 0.0659341
147 180 0.00645161
147 209 0.186603
147 210 0.133333
148 85 0.00510204
148 86 0.0112994
148 116 0.0290698
148 117 0.277512
148 118 0.27619
148 119 0.172414
148 146 0.0128755
148 147 0.0867347
148 149 0.16763
148 150 0.00787402
148 179 0.011236
148 180 0.013245
148 209 0.097561
149 117 0.00526316
149 118 0.0890052
149 119 0.126984
149 120 0.012987
149 147 0.0112994
149 148 0.16763
149 150 0.0925926
149 151 0.00552486
149 179 0.0691824
149 180 0.325758
149 181 0.0909091
149 182 0.0594595
149 209 0.150538
149 211 0.00552486
149 212 0.0808081
150 89 0.0105263
150 118 0.0413793
150 119 0.3875
150 120 0.0462963
150 121 0.00578035
150 148 0.00787402
150 149 0.0925926
150 151 0.0814815
150 180 0.0465116
150 182 0.0215827
150 212 0.0131579
151 89 0.0654762
151 118 0.0366972
151 119 0.0718954
151 120 0.0828729
151 121 0.0691057
151 149 0.00552486
151 150 0.0814815
151 152 0.220779
151 180 0.0125786
151 181 0.239583
151 182 0.127358
151 184 0.0103627
151 212 0.0444444
151 214 0.00729927
152 89 0.0314136
152 121 0.118959
152 122 0.171429
152 151 0.220779
152 181 0.0232558
152 182 0.0297872
152 183 0.0393013
152 184 0.189815
152 212 0.00403226
153 122 0.00769231
153 123 0.119266
153 154 0.00869565
153 183 0.0175439
154 122 0.104072
154 123 0.315
154 153 0.00869565
154 183 0.0341463
154 185 0.00684932
154 216 0.205607
155 93 0.0106383
155 124 0.1875
155 125 0.272152
155 217 0.0927152
155 218 0.15528
156 125 0.0111111
156 187 0.268817
157 94 0.00564972
157 95 0.0408163
157 96 0.0432099
157 125 0.0610687
157 126 0.398649
157 127 0.107143
157 128 0.0680272
157 158 0.0164835
157 189 0.0694444
158 125 0.15873
158 127 0.0176471
158 157 0.0164835
158 159 0.117647
158 187 0.151042
158 188 0.128079
158 189 0.331683
158 191 0.0121457
158 219 0.00892857
158 220 0.0122449
159 127 0.0198676
159 158 0.117647
159 160 0.0331126
159 189 0.010929
159 190 0.005
159 191 0.451754
159 193 0.0132159
159 220 0.0575221
159 221 0.0913462
160 98 0.390071
160 127 0.07
160 128 0.00740741
160 129 0.0217391
160 130 0.159574
160 159 0.0331126
160 161 0.0147059
160 162 0.0680628
160 191 0.0338983
160 221 0.10828
161 129 0.0172414
161 130 0.232143
161 132 0.0229885
161 160 0.0147059
161 162 0.202643
161 163 0.0518868
161 192 0.0192308
161 193 0.0471698
161 194 0.0167598
161 221 0.134715
161 223 0.0245902
161 224 0.021164
162 101 0.0137615
162 129 0.00436681
162 130 0.272401
162 132 0.0305677
162 160 0.0680628
162 161 0.202643
162 163 0.123596
162 192 0.0663507
162 193 0.0599251
162 194 0.132479
162 195 0.00917431
162 221 0.0120968
162 222 0.00438596
162 224 0.0819672
162 225 0.0395257
163 100 0.030888
163 101 0.0738916
163 102 0.0617761
163 103 0.0144928
163 132 0.261682
163 133 0.26556
163 161 0.0518868
163 162 0.123596
163 164 0.0824176
163 194 0.114155
164 102 0.0529101
164 103 0.0145985
164 133 0.116959
164 134 0.114428
164 163 0.0824176
164 165 0.0196078
164 194 0.120805
164 195 0.0601504
164 196 0.0166667
164 227 0.0666667
165 133 0.0869565
165 134 0.052356
165 135 0.10828
165 164 0.0196078
165 166 0.0340909
165 167 0.0348837
165 195 0.0162602
165 196 0.00909091
165 197 0.0155039
165 227 0.164706
165 228 0.0294118
166 104 0.0148148
166 105 0.00561798
166 134 0.214545
166 135 0.232365
166 165 0.0340909
166 167 0.2
166 196 0.0824742
166 197 0.0328638
166 198 0.0212766
166 227 0.00393701
166 228 0.0669291
167 134 0.00540541
167 135 0.0397351
167 137 0.0860215
167 165 0.0348837
167 166 0.2
167 168 0.0126582
167 196 0.00961538
167 197 0.0325203
167 198 0.0816327
167 200 0.0512821
167 228 0.0792683
168 105 0.126506
168 106 0.062201
168 107 0.0995475
168 137 0.175439
168 138 0.236453
168 139 0.0765306
168 167 0.0126582
168 169 0.323529
168 198 0.0511364
168 199 0.00900901
168 200 0.0512821
169 105 0.0149254
169 107 0.00529101
169 137 0.0791367
169 138 0.0175439
169 139 0.0365854
169 168 0.323529
169 170 0.0128205
169 198 0.00694444
169 199 0.157895
169 200 0.10396
169 202 0.0472103
170 107 0.0517928
170 108 0.048913
170 109 0.0724138
170 110 0.00892857
170 138 0.0515021
170 139 0.119469
170 140 0.203636
170 169 0.0128205
170 171 0.16129
170 199 0.00396825
170 201 0.0550459
170 202 0.152542
171 140 0.112403
171 141 0.0611354
171 170 0.16129
171 172 0.0236686
171 201 0.0497512
171 202 0.147482
171 203 0.185345
171 232 0.00440529
171 235 0.00595238
172 112 0.018018
172 141 0.154412
172 142 0.0149254
172 171 0.0236686
172 173 0.30137
172 174 0.0350877
172 203 0.0647482
172 204 0.126582
172 205 0.210938
172 235 0.16
173 112 0.00925926
173 141 0.0676692
173 142 0.21875
173 143 0.0289855
173 144 0.0165289
173 172 0.30137
173 174 0.018018
173 203 0.0367647
173 204 0.368421
173 205 0.032
173 235 0.125
174 112 0.033557
174 141 0.0287356
174 143 0.00909091
174 144 0.0185185
174 172 0.0350877
174 173 0.018018
174 175 0.229885
174 205 0.295181
174 235 0.079646
174 236 0.10303
175 112 0.0877193
175 114 0.0277778
175 141 0.0153061
175 143 0.00757576
175 144 0.163043
175 145 0.0610329
175 174 0.229885
175 176 0.0779221
175 177 0.0103627
175 205 0.0585106
175 206 0.235955
175 235 0.00740741
175 236 0.0160428
176 114 0.0651163
176 144 0.0365297
176 145 0.25
176 146 0.0407407
176 175 0.0779221
176 177 0.390351
176 178 0.145228
176 206 0.230047
176 207 0.0614035
176 210 0.0394737
176 238 0.0227273
177 114 0.0112994
177 145 0.0571429
177 175 0.0103627
177 176 0.390351
177 178 0.128079
177 206 0.148571
177 207 0.189474
177 208 0.0115607
177 210 0.0578947
177 238 0.137681
177 239 0.0360825
177 240 0.0512821
178 114 0.0263158
178 116 0.0652174
178 145 0.00448431
178 146 0.159184
178 147 0.149038
178 176 0.145228
178 177 0.128079
178 179 0.00526316
178 206 0.0106383
178 209 0.00921659
178 210 0.359606
178 240 0.0240385
179 147 0.0659341
179 148 0.011236
179 149 0.0691824
179 178 0.00526316
179 180 0.0656934
179 209 0.403141
179 210 0.0112994
179 211 0.0591398
179 240 0.0164835
179 241 0.100917
179 242 0.118012
180 118 0.00591716
180 147 0.00645161
180 148 0.013245
180 149 0.325758
180 150 0.0465116
180 151 0.0125786
180 179 0.0656934
180 181 0.027972
180 182 0.0490798
180 209 0.0243902
180 211 0.188679
180 212 0.125
180 213 0.02
180 242 0.00746269
180 243 0.0118343
181 118 0.10396
181 120 0.254545
181 149 0.0909091
181 151 0.239583
181 152 0.0232558
181 180 0.027972
181 182 0.0408163
181 184 0.0112994
181 211 0.00520833
181 212 0.239234
182 149 0.0594595
182 150 0.0215827
182 151 0.127358
182 152 0.0297872
182 180 0.0490798
182 181 0.0408163
182 184 0.152284
182 211 0.00471698
182 212 0.31441
182 213 0.0915033
182 214 0.0638298
182 243 0.0810811
182 245 0.11399
182 246 0.00478469
183 122 0.0681818
183 123 0.0150754
183 152 0.0393013
183 153 0.0175439
183 154 0.0341463
183 184 0.209424
183 185 0.0896552
183 214 0.0148148
183 215 0.0952381
183 216 0.150235
183 245 0.181818
184 151 0.0103627
184 152 0.189815
184 181 0.0112994
184 182 0.152284
184 183 0.209424
184 212 0.0714286
184 213 0.00746269
184 214 0.00819672
184 215 0.00746269
184 245 0.149425
184 246 0.0210526
185 154 0.00684932
185 183 0.0896552
185 215 0.0340909
185 216 0.253247
185 247 0.0167598
186 124 0.0816327
186 217 0.0833333
187 124 0.018018
187 125 0.0638298
187 156 0.268817
187 158 0.151042
187 188 0.0516129
187 189 0.0714286
187 217 0.0970149
187 218 0.0555556
187 219 0.0340909
188 158 0.128079
188 187 0.0516129
188 189 0.0242424
188 219 0.13369
188 220 0.331731
188 250 0.0105263
189 125 0.0463576
189 126 0.00595238
189 127 0.0757576
189 128 0.0479042
189 157 0.0694444
189 158 0.331683
189 159 0.010929
189 187 0.0714286
189 188 0.0242424
189 191 0.0717703
189 220 0.0144928
189 221 0.00529101
190 159 0.005
190 191 0.0707965
190 220 0.258929
190 221 0.00485437
190 222 0.0107527
190 250 0.0242718
190 251 0.0829016
190 252 0.307339
190 253 0.0434783
190 254 0.0677966
191 127 0.00564972
191 128 0.00471698
191 130 0.00377358
191 158 0.0121457
191 159 0.451754
191 160 0.0338983
191 189 0.0717703
191 190 0.0707965
191 220 0.0674603
191 221 0.260684
191 222 0.0280374
191 223 0.0306748
191 252 0.0203252
191 253 0.0301205
192 161 0.0192308
192 162 0.0663507
192 193 0.413265
192 194 0.0184049
192 221 0.00564972
192 222 0.0191083
192 224 0.00578035
192 225 0.0164835
192 254 0.027027
193 159 0.0132159
193 161 0.0471698
193 162 0.0599251
193 192 0.413265
193 194 0.00456621
193 221 0.0472103
193 222 0.295775
193 223 0.037037
193 224 0.0917031
193 225 0.0420168
193 254 0.0833333
193 255 0.00873362
194 133 0.100962
194 161 0.0167598
194 162 0.132479
194 163 0.114155
194 164 0.120805
194 192 0.0184049
194 193 0.00456621
194 195 0.194118
194 224 0.0408163
194 225 0.131707
194 227 0.0184332
195 133 0.015625
195 162 0.00917431
195 164 0.0601504
195 165 0.0162602
195 194 0.194118
195 196 0.12766
195 224 0.0444444
195 225 0.116402
195 227 0.288557
195 257 0.0677083
195 258 0.111888
196 135 0.00571429
196 164 0.0166667
196 165 0.00909091
196 166 0.0824742
196 167 0.00961538
196 195 0.12766
196 197 0.102041
196 227 0.255319
196 228 0.0797872
196 257 0.0111732
196 258 0.0153846
197 165 0.0155039
197 166 0.0328638
197 167 0.0325203
197 196 0.102041
197 198 0.0212766
197 228 0.400966
197 229 0.0230769
197 259 0.00662252
197 260 0.00520833
198 135 0.0295858
198 136 0.25
198 166 0.0212766
198 167 0.0816327
198 168 0.0511364
198 169 0.00694444
198 197 0.0212766
198 199 0.0123457
198 200 0.114943
198 228 0.043956
198 229 0.0857143
199 137 0.0127389
199 168 0.00900901
199 169 0.157895
199 170 0.00396825
199 198 0.0123457
199 200 0.418182
199 201 0.00574713
199 202 0.0677291
199 230 0.00515464
199 231 0.030303
199 260 0.0234742
199 262 0.137931
200 137 0.0295858
200 167 0.0512821
200 168 0.0512821
200 169 0.10396
200 198 0.114943
200 199 0.418182
200 201 0.00537634
200 202 0.0570342
200 229 0.00613497
200 230 0.0194175
200 231 0.0903955
200 260 0.0222222
200 262 0.0697674
201 170 0.0550459
201 171 0.0497512
201 199 0.00574713
201 200 0.00537634
201 202 0.24424
201 232 0.162651
201 262 0.0118343
202 138 0.0172414
202 139 0.00888889
202 169 0.0472103
202 170 0.152542
202 171 0.147482
202 199 0.0677291
202 200 0.0570342
202 201 0.24424
202 203 0.0120968
202 232 0.139918
202 262 0.0203252
203 171 0.185345
203 172 0.0647482
203 173 0.0367647
203 202 0.0120968
203 205 0.0471204
203 232 0.101523
203 233 0.130952
203 234 0.00584795
203 235 0.15942
203 263 0.00568182
203 265 0.110345
204 172 0.126582
204 173 0.368421
204 205 0.00763359
204 234 0.144144
204 235 0.166667
205 141 0.0106383
205 172 0.210938
205 173 0.032
205 174 0.295181
205 175 0.0585106
205 203 0.0471204
205 204 0.00763359
205 206 0.0117647
205 234 0.025
205 235 0.149606
205 236 0.240223
205 237 0.0675676
205 265 0.0149254
205 266 0.0326797
206 145 0.0102564
206 175 0.235955
206 176 0.230047
206 177 0.148571
206 178 0.0106383
206 205 0.0117647
206 207 0.04
206 236 0.0118343
206 237 0.057971
206 268 0.0598802
207 176 0.0614035
207 177 0.189474
207 206 0.04
207 208 0.0231214
207 210 0.0263158
207 238 0.442029
207 239 0.0773196
207 240 0.0358974
207 268 0.236264
207 271 0.0165746
208 177 0.0115607
208 207 0.0231214
208 210 0.00578035
208 238 0.0661157
208 239 0.480226
208 240 0.168539
208 241 0.0327103
208 270 0.12
208 271 0.0670732
208 272 0.00662252
209 147 0.186603
209 148 0.097561
209 149 0.150538
209 178 0.00921659
209 179 0.403141
209 180 0.0243902
209 210 0.107843
209 211 0.0187793
209 240 0.0239234
209 241 0.0204082
209 242 0.0531915
210 147 0.133333
210 176 0.0394737
210 177 0.0578947
210 178 0.359606
210 179 0.0112994
210 207 0.0263158
210 208 0.00578035
210 209 0.107843
210 238 0.0217391
210 239 0.0257732
210 240 0.271795
211 149 0.00552486
211 179 0.0591398
211 180 0.188679
211 181 0.00520833
211 182 0.00471698
211 209 0.0187793
211 212 0.0888889
211 213 0.0469799
211 241 0.0166667
211 242 0.278689
211 243 0.422018
211 270 0.0113636
211 273 0.00495049
211 274 0.217105
212 149 0.0808081
212 150 0.0131579
212 151 0.0444444
212 152 0.00403226
212 180 0.125
212 181 0.239234
212 182 0.31441
212 184 0.0714286
212 211 0.0888889
212 213 0.0060241
212 243 0.12766
212 245 0.00485437
213 180 0.02
213 182 0.0915033
213 184 0.00746269
213 211 0.0469799
213 212 0.0060241
213 214 0.141026
213 243 0.100629
213 244 0.0206897
213 245 0.130769
213 246 0.0342466
213 274 0.0107527
213 275 0.00632911
213 276 0.0472973
214 151 0.00729927
214 182 0.0638298
214 183 0.0148148
214 184 0.00819672
214 213 0.141026
214 215 0.025641
214 243 0.00680272
214 245 0.279661
214 246 0.00746269
215 183 0.0952381
215 184 0.00746269
215 185 0.0340909
215 214 0.025641
215 216 0.00641026
215 245 0.184615
215 246 0.0136986
215 247 0.0828729
215 276 0.00675676
215 278 0.0526316
216 154 0.205607
216 183 0.150235
216 185 0.253247
216 215 0.00641026
216 247 0.1417
216 278 0.0186335
217 155 0.0927152
217 186 0.0833333
217 187 0.0970149
217 218 0.261194
217 249 0.015625
217 279 0.0666667
218 155 0.15528
218 187 0.0555556
218 217 0.261194
218 219 0.0852273
218 248 0.019802
218 249 0.0724638
218 279 0.154286
219 158 0.00892857
219 187 0.0340909
219 188 0.13369
219 218 0.0852273
219 220 0.0567686
219 250 0.255924
219 279 0.173913
219 280 0.0159574
219 281 0.027907
220 158 0.0122449
220 159 0.0575221
220 188 0.331731
220 189 0.0144928
220 190 0.258929
220 191 0.0674603
220 219 0.0567686
220 250 0.0905172
220 251 0.00456621
220 252 0.0696721
220 281 0.00847458
221 159 0.0913462
221 160 0.10828
221 161 0.134715
221 162 0.0120968
221 189 0.00529101
221 190 0.00485437
221 191 0.260684
221 192 0.00564972
221 193 0.0472103
221 222 0.00515464
221 223 0.034965
222 162 0.00438596
222 190 0.0107527
222 191 0.0280374
222 192 0.0191083
222 193 0.295775
222 221 0.00515464
222 223 0.203252
222 224 0.0105263
222 252 0.0776699
222 253 0.0555556
222 254 0.151515
222 255 0.0421053
222 284 0.00649351
222 285 0.0147059
222 286 0.0384615
223 161 0.0245902
223 191 0.0306748
223 193 0.037037
223 221 0.034965
223 222 0.203252
223 252 0.0193548
223 253 0.0666667
224 161 0.021164
224 162 0.0819672
224 192 0.00578035
224 193 0.0917031
224 194 0.0408163
224 195 0.0444444
224 222 0.0105263
224 225 0.297674
224 226 0.00714286
224 254 0.00552486
224 255 0.199029
224 256 0.0338164
224 257 0.0183486
224 258 0.0118343
225 162 0.0395257
225 192 0.0164835
225 193 0.0420168
225 194 0.131707
225 195 0.116402
225 224 0.297674
225 226 0.00671141
225 227 0.059322
225 255 0.213953
225 256 0.0324074
225 257 0.0792952
225 258 0.0393258
225 286 0.00483092
226 224 0.00714286
226 225 0.00671141
226 227 0.00621118
226 256 0.234043
226 257 0.0394737
226 258 0.135922
227 164 0.0666667
227 165 0.164706
227 166 0.00393701
227 194 0.0184332
227 195 0.288557
227 196 0.255319
227 225 0.059322
227 226 0.00621118
227 228 0.00403226
227 257 0.0041841
227 258 0.1
227 259 0.0208333
228 165 0.0294118
228 166 0.0669291
228 167 0.0792683
228 196 0.0797872
228 197 0.400966
228 198 0.043956
228 227 0.00403226
228 229 0.00584795
228 259 0.166667
228 260 0.0772532
228 289 0.00512821
228 290 0.149573
229 197 0.0230769
229 198 0.0857143
229 200 0.00613497
229 228 0.00584795
229 260 0.237179
229 291 0.0306122
230 199 0.00515464
230 200 0.0194175
230 231 0.403974
230 260 0.0703518
230 261 0.245902
230 262 0.428571
230 292 0.035461
230 293 0.026178
231 199 0.030303
231 200 0.0903955
231 230 0.403974
231 232 0.0318471
231 260 0.0588235
231 261 0.162338
231 262 0.175
231 292 0.0178571
232 171 0.00440529
232 201 0.162651
232 202 0.139918
232 203 0.101523
232 231 0.0318471
232 233 0.0306748
232 262 0.0512821
232 263 0.280702
233 203 0.130952
233 232 0.0306748
233 234 0.0729927
233 235 0.00961538
233 263 0.34507
233 264 0.20354
233 265 0.171171
233 266 0.0153846
233 294 0.0267857
233 295 0.0472441
233 296 0.244444
234 203 0.00584795
234 204 0.144144
234 205 0.025
234 233 0.0729927
234 235 0.233645
234 264 0.0603448
234 265 0.368421
234 295 0.0615385
234 296 0.0289855
235 171 0.00595238
235 172 0.16
235 173 0.125
235 174 0.079646
235 175 0.00740741
235 203 0.15942
235 204 0.166667
235 205 0.149606
235 233 0.00961538
235 234 0.233645
235 236 0.00793651
235 265 0.0246914
236 174 0.10303
236 175 0.0160428
236 205 0.240223
236 206 0.0118343
236 235 0.00793651
236 237 0.14966
236 265 0.0075188
236 266 0.151316
236 267 0.114583
236 296 0.0127389
236 298 0.00995025
237 205 0.0675676
237 206 0.057971
237 236 0.14966
237 266 0.00826446
237 268 0.0551724
