0 1 0.190476
0 47 0.11236
0 48 0.144928
0 49 0.04
1 0 0.190476
1 2 0.030303
1 50 0.237762
2 1 0.030303
2 3 0.00819672
2 49 0.440789
2 50 0.165605
2 51 0.0672269
3 2 0.00819672
3 4 0.0442478
3 5 0.235294
3 50 0.150376
4 3 0.0442478
4 5 0.11194
4 6 0.0143885
4 50 0.00675676
4 51 0.2
4 52 0.227586
4 53 0.271318
4 54 0.00657895
5 3 0.235294
5 4 0.11194
5 6 0.0758621
5 52 0.013245
5 54 0.0949367
6 4 0.0143885
6 5 0.0758621
6 7 0.0789474
6 52 0.0641026
6 53 0.0642857
6 54 0.214724
6 55 0.0987654
7 6 0.0789474
7 8 0.0632911
7 9 0.03125
7 55 0.166667
7 56 0.00892857
8 7 0.0632911
8 9 0.0309278
8 56 0.39823
9 7 0.03125
9 8 0.0309278
9 10 0.046729
9 55 0.0138889
9 56 0.107692
9 57 0.145985
10 9 0.046729
10 11 0.00826446
10 57 0.169231
10 59 0.0948276
11 10 0.00826446
11 12 0.3
11 57 0.013245
11 58 0.150327
11 59 0.116788
12 11 0.3
12 13 0.0618557
12 14 0.0956522
12 58 0.0305344
12 62 0.00900901
13 12 0.0618557
13 14 0.359649
13 62 0.0181818
14 12 0.0956522
14 13 0.359649
14 61 0.0176471
14 62 0.117188
15 16 0.251748
15 17 0.030303
15 62 0.122449
15 63 0.144509
15 64 0.0380435
16 15 0.251748
16 17 0.047619
16 62 0.0583333
16 63 0.0205479
16 64 0.0318471
17 15 0.030303
17 16 0.047619
17 19 0.0666667
17 63 0.00740741
17 64 0.150685
17 65 0.0510949
17 67 0.008
18 19 0.303279
18 20 0.26
18 68 0.0743802
19 17 0.0666667
19 18 0.303279
19 20 0.00806452
19 21 0.0564516
19 65 0.0429448
19 67 0.152318
19 68 0.0551724
20 18 0.26
20 19 0.00806452
20 68 0.235772
21 19 0.0564516
21 22 0.152941
21 23 0.00740741
21 68 0.252033
21 69 0.0193548
22 21 0.152941
22 23 0.101695
22 24 0.25
22 71 0.00649351
23 21 0.00740741
23 22 0.101695
23 24 0.109091
23 69 0.223404
23 70 0.00529101
23 71 0.122549
24 22 0.25
24 23 0.109091
24 26 0.00862069
24 69 0.0153846
24 71 0.0890411
25 26 0.106481
25 27 0.263636
25 71 0.00406504
25 72 0.482906
25 73 0.0526316
25 74 0.060241
26 24 0.00862069
26 25 0.106481
26 27 0.00543478
26 71 0.209524
26 72 0.353535
27 25 0.263636
27 26 0.00543478
27 28 0.00684932
27 29 0.027027
27 72 0.00495049
27 74 0.493088
28 27 0.00684932
28 29 0.0849057
28 30 0.315789
28 74 0.0971429
29 27 0.027027
29 28 0.0849057
29 30 0.0618557
29 31 0.0126582
29 74 0.112994
29 76 0.103448
30 28 0.315789
30 29 0.0618557
30 32 0.0909091
31 29 0.0126582
31 32 0.325
31 33 0.193548
31 78 0.0125786
31 80 0.0147783
32 30 0.0909091
32 31 0.325
33 31 0.193548
33 34 0.188776
33 81 0.0222222
34 33 0.188776
34 35 0.0444444
34 36 0.0368421
34 81 0.212264
34 82 0.24
35 34 0.0444444
35 36 0.366197
35 37 0.0746269
35 81 0.0609756
35 82 0.0338983
35 83 0.0902778
35 84 0.0986842
36 34 0.0368421
36 35 0.366197
36 37 0.0763889
36 81 0.0804598
36 82 0.0320856
36 83 0.0324675
36 84 0.185185
36 85 0.0169492
37 35 0.0746269
37 36 0.0763889
37 83 0.171233
37 84 0.233766
37 85 0.172727
38 39 0.136842
38 40 0.0833333
38 83 0.0130719
38 85 0.179487
38 87 0.0846154
39 38 0.136842
39 40 0.0875
39 86 0.11875
39 87 0.123529
40 38 0.0833333
40 39 0.0875
40 41 0.0666667
40 87 0.15
41 40 0.0666667
41 42 0.15894
41 88 0.211382
42 41 0.15894
42 44 0.0742857
42 90 0.128834
42 91 0.05
43 44 0.338028
43 45 0.00925926
44 42 0.0742857
44 43 0.338028
44 45 0.128049
44 91 0.128834
44 92 0.00588235
45 43 0.00925926
45 44 0.128049
45 46 0.19685
45 92 0.147059
45 93 0.0169492
46 45 0.19685
46 92 0.150376
46 93 0.156522
47 0 0.11236
47 48 0.19697
47 49 0.0327869
47 94 0.238095
47 95 0.0612245
48 0 0.144928
48 47 0.19697
48 49 0.0686275
49 0 0.04
49 2 0.440789
49 47 0.0327869
49 48 0.0686275
49 50 0.00613497
49 95 0.0447761
49 96 0.170886
50 1 0.237762
50 2 0.165605
50 3 0.150376
50 4 0.00675676
50 49 0.00613497
50 95 0.0647482
50 97 0.0217391
51 2 0.0672269
51 4 0.2
51 52 0.0393701
51 53 0.189189
51 97 0.05
52 4 0.227586
52 5 0.013245
52 6 0.0641026
52 51 0.0393701
52 53 0.0753425
52 54 0.130178
52 97 0.118519
52 98 0.0135135
52 99 0.00724638
52 100 0.111765
53 4 0.271318
53 6 0.0642857
53 51 0.189189
53 52 0.0753425
53 54 0.0130719
53 100 0.168831
53 101 0.0390625
54 4 0.00657895
54 5 0.0949367
54 6 0.214724
54 52 0.130178
54 53 0.0130719
54 55 0.0285714
54 100 0.169492
54 101 0.00662252
55 6 0.0987654
55 7 0.166667
55 9 0.0138889
55 54 0.0285714
55 56 0.13125
55 100 0.113636
55 101 0.12
55 102 0.0390625
55 103 0.0784314
56 7 0.00892857
56 8 0.39823
56 9 0.107692
56 55 0.13125
56 57 0.163399
56 100 0.0123457
56 103 0.115108
56 105 0.00591716
57 9 0.145985
57 10 0.169231
57 11 0.013245
57 56 0.163399
57 58 0.0246914
57 59 0.157534
57 103 0.116438
57 105 0.221591
58 11 0.150327
58 12 0.0305344
58 57 0.0246914
58 59 0.222973
58 104 0.184874
58 105 0.0505618
58 106 0.0218978
58 107 0.083871
59 10 0.0948276
59 11 0.116788
59 57 0.157534
59 58 0.222973
59 105 0.0185185
60 61 0.119048
60 62 0.047619
60 107 0.126316
60 108 0.0144928
61 14 0.0176471
61 60 0.119048
61 62 0.0361446
61 106 0.0440252
61 107 0.135593
61 108 0.258278
61 110 0.0343137
62 12 0.00900901
62 13 0.0181818
62 14 0.117188
62 15 0.122449
62 16 0.0583333
62 60 0.047619
62 61 0.0361446
62 108 0.165138
62 110 0.0123457
63 15 0.144509
63 16 0.0205479
63 17 0.00740741
63 64 0.15508
63 110 0.25
64 15 0.0380435
64 16 0.0318471
64 17 0.150685
64 63 0.15508
64 65 0.031746
64 110 0.0452261
64 113 0.18232
65 17 0.0510949
65 19 0.0429448
65 64 0.031746
65 66 0.162963
65 67 0.244048
65 112 0.0227273
65 113 0.174419
66 65 0.162963
66 67 0.105691
66 112 0.0229885
66 113 0.0472441
66 114 0.0555556
67 17 0.008
67 19 0.152318
67 65 0.244048
67 66 0.105691
67 68 0.0133333
67 114 0.0425532
67 115 0.0942029
68 18 0.0743802
68 19 0.0551724
68 20 0.235772
68 21 0.252033
68 67 0.0133333
68 69 0.00568182
68 115 0.159091
68 116 0.0196078
69 21 0.0193548
69 23 0.223404
69 24 0.0153846
69 68 0.00568182
69 70 0.349282
69 71 0.0357143
69 115 0.0121951
69 116 0.0373134
69 117 0.0479042
69 118 0.00540541
70 23 0.00529101
70 69 0.349282
70 71 0.128889
70 117 0.119048
70 118 0.155914
70 119 0.080402
70 120 0.0408163
71 22 0.00649351
71 23 0.122549
71 24 0.0890411
71 25 0.00406504
71 26 0.209524
71 69 0.0357143
71 70 0.128889
71 72 0.0745614
71 119 0.130841
72 25 0.482906
72 26 0.353535
72 27 0.00495049
72 71 0.0745614
72 73 0.0392157
72 119 0.0544554
72 120 0.00502513
72 122 0.010989
73 25 0.0526316
73 72 0.0392157
73 74 0.0119048
73 119 0.0431655
73 120 0.169118
73 121 0.0245902
73 122 0.294118
74 25 0.060241
74 27 0.493088
74 28 0.0971429
74 29 0.112994
74 73 0.0119048
74 76 0.0756757
74 122 0.0507614
75 76 0.319328
75 77 0.079646
75 121 0.246269
75 122 0.0152672
76 29 0.103448
76 74 0.0756757
76 75 0.319328
76 77 0.322034
76 121 0.057554
76 122 0.0367647
76 123 0.075
76 124 0.031746
77 75 0.079646
77 76 0.322034
77 78 0.00900901
77 79 0.296296
77 123 0.00649351
77 124 0.0333333
78 31 0.0125786
78 77 0.00900901
78 79 0.364486
78 80 0.0194805
78 124 0.260504
78 125 0.108974
78 126 0.00775194
79 77 0.296296
79 78 0.364486
79 80 0.00662252
79 124 0.0603448
80 31 0.0147783
80 78 0.0194805
80 79 0.00662252
80 125 0.13
80 126 0.381503
80 127 0.0535714
80 128 0.00507614
81 33 0.0222222
81 34 0.212264
81 35 0.0609756
81 36 0.0804598
81 82 0.301435
81 128 0.0459184
82 34 0.24
82 35 0.0338983
82 36 0.0320856
82 81 0.301435
82 84 0.035533
82 127 0.0611111
82 128 0.23445
82 129 0.0729167
83 35 0.0902778
83 36 0.0324675
83 37 0.171233
83 38 0.0130719
83 84 0.158537
83 85 0.1
83 129 0.0251572
83 130 0.0299401
83 131 0.0857143
83 132 0.0209424
84 35 0.0986842
84 36 0.185185
84 37 0.233766
84 82 0.035533
84 83 0.158537
84 85 0.0078125
84 129 0.113772
84 130 0.0285714
84 131 0.0135135
85 36 0.0169492
85 37 0.172727
85 38 0.179487
85 83 0.1
85 84 0.0078125
86 39 0.11875
86 87 0.05
86 132 0.0379747
86 133 0.104294
87 38 0.0846154
87 39 0.123529
87 40 0.15
87 86 0.05
87 132 0.0535714
87 133 0.0404624
87 134 0.0869565
88 41 0.211382
88 134 0.0588235
88 135 0.247619
88 136 0.133333
89 90 0.437956
89 137 0.0444444
90 42 0.128834
90 89 0.437956
90 91 0.0728477
90 136 0.0440252
90 137 0.122093
91 42 0.05
91 44 0.128834
91 90 0.0728477
91 137 0.0738255
91 138 0.338462
92 44 0.00588235
92 45 0.147059
92 46 0.150376
92 93 0.0887097
92 139 0.101266
92 140 0.0780142
93 45 0.0169492
93 46 0.156522
93 92 0.0887097
93 139 0.0928571
93 140 0.130081
94 47 0.238095
94 95 0.166667
94 141 0.141732
94 143 0.0142857
95 47 0.0612245
95 49 0.0447761
95 50 0.0647482
95 94 0.166667
95 143 0.0446429
96 49 0.170886
96 97 0.0225564
96 142 0.223881
96 143 0.00735294
96 144 0.27907
97 50 0.0217391
97 51 0.05
97 52 0.118519
97 96 0.0225564
97 98 0.396694
97 99 0.018018
97 144 0.00961538
97 145 0.079646
98 52 0.0135135
98 97 0.396694
98 99 0.306452
98 145 0.031746
99 52 0.00724638
99 97 0.018018
99 98 0.306452
99 145 0.0862069
99 147 0.0884956
100 52 0.111765
100 53 0.168831
100 54 0.169492
100 55 0.113636
100 56 0.0123457
100 101 0.118421
100 147 0.00689655
100 148 0.0140845
100 149 0.0543478
101 53 0.0390625
101 54 0.00662252
101 55 0.12
101 100 0.118421
101 102 0.153846
101 149 0.151899
102 55 0.0390625
102 101 0.153846
102 149 0.227941
103 55 0.0784314
103 56 0.115108
103 57 0.116438
103 105 0.209877
103 149 0.0559006
103 150 0.0962963
103 151 0.00537634
104 58 0.184874
104 105 0.0075188
104 151 0.146497
105 56 0.00591716
105 57 0.221591
105 58 0.0505618
105 59 0.0185185
105 103 0.209877
105 104 0.0075188
105 150 0.0181818
105 151 0.143519
105 152 0.163636
106 58 0.0218978
106 61 0.0440252
106 107 0.125
106 108 0.0784314
106 153 0.05
106 154 0.0245902
107 58 0.083871
107 60 0.126316
107 61 0.135593
107 106 0.125
107 151 0.015544
107 152 0.0211268
107 154 0.185714
107 155 0.00625
108 60 0.0144928
108 61 0.258278
108 62 0.165138
108 106 0.0784314
108 110 0.0136054
108 155 0.0149254
109 110 0.0285714
109 155 0.246914
109 157 0.197802
110 61 0.0343137
110 62 0.0123457
110 63 0.25
110 64 0.0452261
110 108 0.0136054
110 109 0.0285714
110 155 0.0695187
110 157 0.10628
111 112 0.0357143
111 113 0.0483871
111 157 0.00671141
111 158 0.364407
112 65 0.0227273
112 66 0.0229885
112 111 0.0357143
112 113 0.0806452
113 64 0.18232
113 65 0.174419
113 66 0.0472441
113 111 0.0483871
113 112 0.0806452
113 158 0.0632911
114 66 0.0555556
114 67 0.0425532
114 161 0.165644
114 162 0.230769
115 67 0.0942029
115 68 0.159091
115 69 0.0121951
115 116 0.0777778
115 162 0.223464
115 163 0.00806452
116 68 0.0196078
116 69 0.0373134
116 115 0.0777778
116 117 0.129032
116 162 0.114094
116 163 0.265957
117 69 0.0479042
117 70 0.119048
117 116 0.129032
117 118 0.159722
117 162 0.010989
117 163 0.543307
117 164 0.145161
117 165 0.0189873
118 69 0.00540541
118 70 0.155914
118 117 0.159722
118 119 0.0285714
118 120 0.273256
118 163 0.0965517
118 164 0.0633803
118 165 0.1875
118 166 0.04
118 167 0.0733333
119 70 0.080402
119 71 0.130841
119 72 0.0544554
119 73 0.0431655
119 118 0.0285714
119 120 0.421622
119 122 0.0119048
119 166 0.00724638
119 167 0.00613497
120 70 0.0408163
120 72 0.00502513
120 73 0.169118
120 118 0.273256
120 119 0.421622
120 165 0.0268817
120 166 0.0518519
120 167 0.1125
121 73 0.0245902
121 75 0.246269
121 76 0.057554
121 122 0.152318
121 123 0.0285714
121 166 0.0909091
121 168 0.0102564
121 169 0.152778
122 72 0.010989
122 73 0.294118
122 74 0.0507614
122 75 0.0152672
122 76 0.0367647
122 119 0.0119048
122 121 0.152318
122 123 0.0290698
122 166 0.0423729
122 169 0.0921986
123 76 0.075
123 77 0.00649351
123 121 0.0285714
123 122 0.0290698
123 168 0.0925926
123 169 0.381818
123 170 0.13253
123 171 0.0294118
124 76 0.031746
124 77 0.0333333
124 78 0.260504
124 79 0.0603448
124 125 0.030303
124 170 0.030303
124 171 0.0441176
124 173 0.00649351
125 78 0.108974
125 80 0.13
125 124 0.030303
125 170 0.0118343
125 171 0.346821
125 172 0.252874
125 173 0.052356
126 78 0.00775194
126 80 0.381503
126 127 0.34965
126 128 0.0116279
126 173 0.0304878
126 174 0.00680272
126 175 0.00568182
126 176 0.00505051
127 80 0.0535714
127 82 0.0611111
127 126 0.34965
127 128 0.101796
127 174 0.0704225
127 175 0.0116959
127 176 0.0466321
128 80 0.00507614
128 81 0.0459184
128 82 0.23445
128 126 0.0116279
128 127 0.101796
128 129 0.122905
128 174 0.00584795
128 175 0.02
128 176 0.396396
128 177 0.0114286
129 82 0.0729167
129 83 0.0251572
129 84 0.113772
129 128 0.122905
129 130 0.252941
129 174 0.00649351
129 175 0.0273224
129 176 0.15122
129 177 0.0443038
129 178 0.0185185
130 83 0.0299401
130 84 0.0285714
130 129 0.252941
130 131 0.0198676
130 175 0.0209424
130 176 0.0187793
130 177 0.0301205
130 178 0.288235
131 83 0.0857143
131 84 0.0135135
131 130 0.0198676
131 132 0.0171429
131 178 0.195804
131 179 0.101124
132 83 0.0209424
132 86 0.0379747
132 87 0.0535714
132 131 0.0171429
132 133 0.160173
132 179 0.183406
133 86 0.104294
133 87 0.0404624
133 132 0.160173
133 179 0.217949
133 180 0.10241
134 87 0.0869565
134 88 0.0588235
134 135 0.0531915
134 180 0.0705882
134 181 0.0273973
135 88 0.247619
135 134 0.0531915
135 136 0.0775194
135 181 0.0645161
135 182 0.171429
135 183 0.00925926
136 88 0.133333
136 90 0.0440252
136 135 0.0775194
136 137 0.044586
136 183 0.0731707
137 89 0.0444444
137 90 0.122093
137 91 0.0738255
137 136 0.044586
137 138 0.00662252
137 183 0.117647
137 184 0.205298
137 185 0.229814
138 91 0.338462
138 137 0.00662252
138 139 0.0784314
138 185 0.176056
138 186 0.048
139 92 0.101266
139 93 0.0928571
139 138 0.0784314
139 140 0.235669
139 186 0.0890411
139 187 0.057554
140 92 0.0780142
140 93 0.130081
140 139 0.235669
140 187 0.114754
141 94 0.141732
141 143 0.039604
141 189 0.205882
141 191 0.111111
142 96 0.223881
142 143 0.214286
142 144 0.00952381
142 188 0.237113
143 94 0.0142857
143 95 0.0446429
143 96 0.00735294
143 141 0.039604
143 142 0.214286
143 144 0.0654206
143 145 0.172414
143 188 0.0606061
143 189 0.0782609
143 191 0.0991736
144 96 0.27907
144 97 0.00961538
144 142 0.00952381
144 143 0.0654206
144 145 0.431193
145 97 0.079646
145 98 0.031746
145 99 0.0862069
145 143 0.172414
145 144 0.431193
145 191 0.105691
146 147 0.0390625
146 192 0.107143
146 193 0.359477
146 194 0.0070922
147 99 0.0884956
147 100 0.00689655
147 146 0.0390625
147 148 0.0733945
147 192 0.16129
147 193 0.0364963
148 100 0.0140845
148 147 0.0733945
148 150 0.00819672
148 193 0.0597015
148 194 0.0737705
148 195 0.00746269
149 100 0.0543478
149 101 0.151899
149 102 0.227941
149 103 0.0559006
149 150 0.0853659
149 195 0.1875
149 196 0.0120482
149 197 0.00645161
149 198 0.02
150 103 0.0962963
150 105 0.0181818
150 148 0.00819672
150 149 0.0853659
150 151 0.037037
150 195 0.0133333
150 197 0.0465116
150 198 0.264368
151 103 0.00537634
151 104 0.146497
151 105 0.143519
151 107 0.015544
151 150 0.037037
151 152 0.222222
151 197 0.0666667
151 198 0.0755556
151 199 0.227679
152 105 0.163636
152 107 0.0211268
152 151 0.222222
152 154 0.00735294
152 199 0.179191
152 200 0.00657895
153 106 0.05
153 154 0.0108696
153 200 0.12037
153 201 0.115044
154 106 0.0245902
154 107 0.185714
154 152 0.00735294
154 153 0.0108696
154 155 0.0974026
154 156 0.0608696
154 200 0.16
154 201 0.0580645
155 107 0.00625
155 108 0.0149254
155 109 0.246914
155 110 0.0695187
155 154 0.0974026
155 156 0.177778
155 157 0.00515464
155 203 0.0177515
155 204 0.0263158
156 154 0.0608696
156 155 0.177778
156 200 0.0152672
156 201 0.0588235
156 202 0.0714286
156 203 0.2
156 204 0.0707965
157 109 0.197802
157 110 0.10628
157 111 0.00671141
157 155 0.00515464
157 158 0.180328
157 159 0.0104167
157 203 0.00529101
157 204 0.203488
157 205 0.0189873
158 111 0.364407
158 113 0.0632911
158 157 0.180328
158 159 0.0124224
158 206 0.0875
158 207 0.0331492
159 157 0.0104167
159 158 0.0124224
159 160 0.00813008
159 206 0.47929
160 159 0.00813008
160 161 0.34058
160 206 0.0491803
161 114 0.165644
161 160 0.34058
161 206 0.0869565
161 207 0.219512
161 208 0.0797546
162 114 0.230769
162 115 0.223464
162 116 0.114094
162 117 0.010989
162 163 0.0382514
162 208 0.0714286
162 209 0.020979
162 211 0.0181818
163 115 0.00806452
163 116 0.265957
163 117 0.543307
163 118 0.0965517
163 162 0.0382514
163 164 0.016
163 165 0.0251572
163 209 0.0113636
163 210 0.0366972
163 211 0.118182
164 117 0.145161
164 118 0.0633803
164 163 0.016
164 165 0.0576923
164 209 0.0352941
164 210 0.207547
164 211 0.0841122
165 117 0.0189873
165 118 0.1875
165 120 0.0268817
165 163 0.0251572
165 164 0.0576923
165 166 0.00719424
165 167 0.439024
165 210 0.00714286
165 211 0.035461
165 212 0.130719
166 118 0.04
166 119 0.00724638
166 120 0.0518519
166 121 0.0909091
166 122 0.0423729
166 165 0.00719424
166 167 0.0619469
166 168 0.0246914
166 212 0.0882353
166 213 0.028169
166 214 0.0952381
166 215 0.0684932
167 118 0.0733333
167 119 0.00613497
167 120 0.1125
167 165 0.439024
167 166 0.0619469
167 211 0.0173913
167 212 0.0866142
167 215 0.0467836
168 121 0.0102564
168 123 0.0925926
168 166 0.0246914
168 215 0.445455
168 216 0.258537
168 217 0.0396476
169 121 0.152778
169 122 0.0921986
169 123 0.381818
169 171 0.00719424
169 215 0.00591716
169 217 0.0681818
170 123 0.13253
170 124 0.030303
170 125 0.0118343
170 171 0.214286
170 217 0.293785
171 123 0.0294118
171 124 0.0441176
171 125 0.346821
171 169 0.00719424
171 170 0.214286
171 172 0.0827586
171 217 0.0773481
171 218 0.0185185
171 219 0.0888889
171 220 0.00735294
172 125 0.252874
172 171 0.0827586
172 173 0.0306748
172 218 0.321101
172 219 0.281768
172 220 0.145985
173 124 0.00649351
173 125 0.052356
173 126 0.0304878
173 172 0.0306748
173 174 0.00613497
173 219 0.00505051
173 220 0.025974
174 126 0.00680272
174 127 0.0704225
174 128 0.00584795
174 129 0.00649351
174 173 0.00613497
174 175 0.28
174 176 0.0406091
174 221 0.139073
174 222 0.0884956
175 126 0.00568182
175 127 0.0116959
175 128 0.02
175 129 0.0273224
175 130 0.0209424
175 174 0.28
175 176 0.234513
175 177 0.106145
175 221 0.0111111
175 222 0.0352113
175 223 0.00689655
175 224 0.0663507
176 126 0.00505051
176 127 0.0466321
176 128 0.396396
176 129 0.15122
176 130 0.0187793
176 174 0.0406091
176 175 0.234513
176 177 0.0945274
176 223 0.0299401
176 224 0.0729614
177 128 0.0114286
177 129 0.0443038
177 130 0.0301205
177 175 0.106145
177 176 0.0945274
177 178 0.0126582
177 223 0.0666667
177 224 0.301075
177 225 0.015748
178 129 0.0185185
178 130 0.288235
178 131 0.195804
178 177 0.0126582
178 224 0.0842105
178 225 0.0534351
179 131 0.101124
179 132 0.183406
179 133 0.217949
179 180 0.0243902
179 226 0.169014
179 227 0.0135135
180 133 0.10241
180 134 0.0705882
180 179 0.0243902
180 181 0.202381
180 227 0.0454545
181 134 0.0273973
181 135 0.0645161
181 180 0.202381
181 182 0.0238095
181 227 0.00704225
181 228 0.170455
182 135 0.171429
182 181 0.0238095
182 183 0.020202
182 228 0.04
182 229 0.214876
183 135 0.00925926
183 136 0.0731707
183 137 0.117647
183 182 0.020202
183 228 0.174757
183 230 0.0662252
184 137 0.205298
184 231 0.346939
184 232 0.269461
185 137 0.229814
185 138 0.176056
185 186 0.111111
185 230 0.00568182
185 232 0.0677966
186 138 0.048
186 139 0.0890411
186 185 0.111111
186 233 0.22069
187 139 0.057554
187 140 0.114754
187 233 0.057971
187 234 0.0540541
188 142 0.237113
188 143 0.0606061
188 189 0.15
188 235 0.0119048
188 236 0.144578
189 141 0.205882
189 143 0.0782609
189 188 0.15
189 191 0.0655738
189 235 0.13
189 236 0.0909091
189 237 0.11194
190 191 0.205607
190 237 0.0252101
190 238 0.0107527
190 240 0.20202
191 141 0.111111
191 143 0.0991736
191 145 0.105691
191 189 0.0655738
191 190 0.205607
191 237 0.0857143
191 238 0.00877193
191 239 0.00854701
191 240 0.0166667
192 146 0.107143
192 147 0.16129
192 193 0.0536913
192 239 0.00826446
192 240 0.016129
193 146 0.359477
193 147 0.0364963
193 148 0.0597015
193 192 0.0536913
193 194 0.186667
194 146 0.0070922
194 148 0.0737705
194 193 0.186667
194 239 0.0327869
194 241 0.253731
194 242 0.00645161
195 148 0.00746269
195 149 0.1875
195 150 0.0133333
195 196 0.0131579
195 242 0.293413
195 243 0.0147059
196 149 0.0120482
196 195 0.0131579
196 197 0.0839695
196 198 0.0170455
196 243 0.293651
197 149 0.00645161
197 150 0.0465116
197 151 0.0666667
197 196 0.0839695
197 198 0.266667
197 199 0.0731707
197 243 0.0173913
197 245 0.0165289
198 149 0.02
198 150 0.264368
198 151 0.0755556
198 196 0.0170455
198 197 0.266667
198 199 0.0287081
198 243 0.0125
198 244 0.105882
198 245 0.0662651
199 151 0.227679
199 152 0.179191
199 197 0.0731707
199 198 0.0287081
199 200 0.026738
199 244 0.0946746
199 246 0.232955
199 248 0.0734463
200 152 0.00657895
200 153 0.12037
200 154 0.16
200 156 0.0152672
200 199 0.026738
200 201 0.105263
200 202 0.142857
200 246 0.0258065
200 247 0.00578035
200 249 0.201058
201 153 0.115044
201 154 0.0580645
201 156 0.0588235
201 200 0.105263
201 202 0.0361446
202 156 0.0714286
202 200 0.142857
202 201 0.0361446
202 203 0.0375
202 249 0.179348
202 250 0.256881
203 155 0.0177515
203 156 0.2
203 157 0.00529101
203 202 0.0375
203 204 0.0952381
203 205 0.0225564
203 249 0.0265957
203 251 0.154286
203 252 0.00757576
204 155 0.0263158
204 156 0.0707965
204 157 0.203488
204 203 0.0952381
204 205 0.0172414
204 251 0.101266
204 252 0.130435
204 253 0.037037
205 157 0.0189873
205 203 0.0225564
205 204 0.0172414
205 251 0.305556
205 252 0.00990099
205 253 0.0472973
205 254 0.0465116
206 158 0.0875
206 159 0.47929
206 160 0.0491803
206 161 0.0869565
206 207 0.190476
206 253 0.0220994
206 255 0.0536913
207 158 0.0331492
207 161 0.219512
207 206 0.190476
207 208 0.00595238
207 255 0.0176471
208 161 0.0797546
208 162 0.0714286
208 207 0.00595238
208 255 0.046875
208 256 0.267974
209 162 0.020979
209 163 0.0113636
209 164 0.0352941
209 210 0.15942
209 211 0.228571
209 256 0.184211
210 163 0.0366972
210 164 0.207547
210 165 0.00714286
210 209 0.15942
210 211 0.307692
210 256 0.00740741
210 257 0.0416667
210 258 0.102564
210 259 0.0645161
211 162 0.0181818
211 163 0.118182
211 164 0.0841122
211 165 0.035461
211 167 0.0173913
211 209 0.228571
211 210 0.307692
211 212 0.0384615
211 256 0.0147059
211 258 0.0338983
211 259 0.032
211 260 0.0186916
212 165 0.130719
212 166 0.0882353
212 167 0.0866142
212 211 0.0384615
212 213 0.117647
212 214 0.0306122
212 215 0.03125
212 260 0.0840336
212 261 0.0569106
213 166 0.028169
213 212 0.117647
213 214 0.313433
214 166 0.0952381
214 212 0.0306122
214 213 0.313433
214 215 0.0985916
214 263 0.02
215 166 0.0684932
215 167 0.0467836
215 168 0.445455
215 169 0.00591716
215 212 0.03125
215 214 0.0985916
215 216 0.042328
215 261 0.0239521
215 263 0.0613208
216 168 0.258537
216 215 0.042328
216 217 0.122449
216 262 0.0697674
216 263 0.0812183
216 264 0.152174
216 265 0.00568182
217 168 0.0396476
217 169 0.0681818
217 170 0.293785
217 171 0.0773481
217 216 0.122449
217 219 0.0184332
217 263 0.00456621
217 264 0.05
218 171 0.0185185
218 172 0.321101
218 219 0.118056
218 220 0.06
219 171 0.0888889
219 172 0.281768
219 173 0.00505051
219 217 0.0184332
219 218 0.118056
219 220 0.284884
219 221 0.0430108
219 267 0.144144
220 171 0.00735294
220 172 0.145985
220 173 0.025974
220 218 0.06
220 219 0.284884
220 221 0.028169
220 266 0.171429
220 267 0.230337
221 174 0.139073
221 175 0.0111111
221 219 0.0430108
221 220 0.028169
221 222 0.0254237
221 266 0.00649351
221 267 0.40625
221 268 0.183206
222 174 0.0884956
222 175 0.0352113
222 221 0.0254237
222 224 0.0268456
222 266 0.00862069
222 267 0.038961
222 268 0.172043
222 269 0.0545455
222 270 0.0245902
223 175 0.00689655
223 176 0.0299401
223 177 0.0666667
223 224 0.00657895
223 269 0.0353982
223 270 0.192
223 271 0.035503
224 175 0.0663507
224 176 0.0729614
224 177 0.301075
224 178 0.0842105
224 222 0.0268456
224 223 0.00657895
224 225 0.0566038
224 269 0.0167598
224 270 0.0418848
224 271 0.140426
225 177 0.015748
225 178 0.0534351
225 224 0.0566038
225 226 0.142857
225 271 0.244318
225 272 0.024
226 179 0.169014
226 225 0.142857
226 227 0.0985222
226 271 0.00896861
226 272 0.0406977
226 273 0.203791
227 179 0.0135135
227 180 0.0454545
227 181 0.00704225
227 226 0.0985222
227 273 0.359091
227 275 0.0394737
228 181 0.170455
228 182 0.04
228 183 0.174757
228 229 0.216
228 230 0.0789474
228 275 0.0918367
228 277 0.0153846
229 182 0.214876
229 228 0.216
229 230 0.109827
229 275 0.0168067
229 276 0.20339
230 183 0.0662252
230 185 0.00568182
230 228 0.0789474
230 229 0.109827
230 232 0.174129
230 277 0.252809
231 184 0.346939
231 232 0.0451128
232 184 0.269461
232 185 0.0677966
232 230 0.174129
232 231 0.0451128
232 277 0.0111732
232 278 0.0909091
232 280 0.0730337
233 186 0.22069
233 187 0.057971
233 280 0.0797546
233 281 0.16763
234 187 0.0540541
234 281 0.0917431
235 188 0.0119048
235 189 0.13
235 237 0.00847458
235 282 0.0144928
235 283 0.0526316
236 188 0.144578
236 189 0.0909091
236 237 0.264957
236 238 0.120879
237 189 0.11194
237 190 0.0252101
237 191 0.0857143
237 235 0.00847458
237 236 0.264957
237 238 0.134921
237 240 0.0151515
237 283 0.00775194
237 284 0.0125
238 190 0.0107527
238 191 0.00877193
238 236 0.120879
238 237 0.134921
238 239 0.135922
238 285 0.0864198
238 286 0.0583333
239 191 0.00854701
239 192 0.00826446
239 194 0.0327869
239 238 0.135922
239 240 0.12844
239 285 0.047619
239 286 0.268293
240 190 0.20202
240 191 0.0166667
240 192 0.016129
240 237 0.0151515
240 239 0.12844
240 286 0.285714
240 287 0.0650406
241 194 0.253731
241 288 0.1
241 289 0.258333
242 194 0.00645161
242 195 0.293413
242 243 0.0567376
242 289 0.0283688
243 195 0.0147059
243 196 0.293651
243 197 0.0173913
243 198 0.0125
243 242 0.0567376
243 289 0.0909091
243 290 0.0300752
243 292 0.0140845
244 198 0.105882
244 199 0.0946746
244 245 0.253968
244 246 0.0364963
244 292 0.0657895
244 293 0.0863309
245 197 0.0165289
245 198 0.0662651
245 244 0.253968
245 292 0.175676
245 293 0.103704
246 199 0.232955
246 200 0.0258065
246 244 0.0364963
246 247 0.179012
246 248 0.144828
246 249 0.011236
246 293 0.0136986
247 200 0.00578035
247 246 0.179012
247 248 0.122699
247 249 0.0867347
247 292 0.0225989
247 293 0.0792683
247 294 0.238095
247 295 0.0338983
248 199 0.0734463
248 246 0.144828
248 247 0.122699
248 249 0.0949721
248 295 0.0792079
248 296 0.150602
249 200 0.201058
249 202 0.179348
249 203 0.0265957
249 246 0.011236
249 247 0.0867347
249 248 0.0949721
249 296 0.115578
250 202 0.256881
250 297 0.08
251 203 0.154286
251 204 0.101266
251 205 0.305556
251 252 0.20979
251 253 0.00526316
251 298 0.128049
251 300 0.00714286
252 203 0.00757576
252 204 0.130435
252 205 0.00990099
252 251 0.20979
252 298 0.0165289
252 300 0.175258
253 204 0.037037
253 205 0.0472973
253 206 0.0220994
253 251 0.00526316
253 254 0.377143
253 255 0.0185185
253 300 0.0138889
253 301 0.115
254 205 0.0465116
254 253 0.377143
254 255 0.013986
254 300 0.176
254 301 0.0939227
255 206 0.0536913
255 207 0.0176471
255 208 0.046875
255 253 0.0185185
255 254 0.013986
255 256 0.0645161
255 301 0.113095
255 302 0.013245
256 208 0.267974
256 209 0.184211
256 210 0.00740741
256 211 0.0147059
256 255 0.0645161
256 302 0.0284091
257 210 0.0416667
257 258 0.276423
257 303 0.025974
257 304 0.0495868
258 210 0.102564
258 211 0.0338983
258 257 0.276423
258 259 0.357616
258 260 0.0075188
259 210 0.0645161
259 211 0.032
259 258 0.357616
259 260 0.364286
259 304 0.120805
259 305 0.0518519
260 211 0.0186916
260 212 0.0840336
260 258 0.0075188
260 259 0.364286
260 261 0.230159
260 304 0.0152672
260 305 0.0683761
260 307 0.0190476
261 212 0.0569106
261 215 0.0239521
261 260 0.230159
261 262 0.224299
261 305 0.00826446
261 306 0.00869565
261 307 0.0366972
261 308 0.0473373
261 309 0.00819672
261 310 0.0165289
262 216 0.0697674
262 261 0.224299
262 263 0.0657895
262 308 0.0616438
262 309 0.0808081
262 310 0.0102041
263 214 0.02
263 215 0.0613208
263 216 0.0812183
263 217 0.00456621
263 262 0.0657895
263 264 0.0372671
263 265 0.21608
263 308 0.0654206
263 309 0.0179641
263 310 0.222892
263 311 0.19457
264 216 0.152174
264 217 0.05
264 263 0.0372671
264 265 0.0428571
264 311 0.259259
264 313 0.0307692
265 216 0.00568182
265 263 0.21608
265 264 0.0428571
265 310 0.0965517
265 311 0.44
265 312 0.0851064
265 313 0.00595238
266 220 0.171429
266 221 0.00649351
266 222 0.00862069
266 267 0.00526316
266 312 0.0742857
266 314 0.187166
266 315 0.10241
267 219 0.144144
267 220 0.230337
267 221 0.40625
267 222 0.038961
267 266 0.00526316
267 268 0.0179641
267 313 0.0829016
267 315 0.0147059
268 221 0.183206
268 222 0.172043
268 267 0.0179641
268 269 0.178862
268 270 0.0148148
268 314 0.0121951
268 315 0.20979
268 316 0.0299401
269 222 0.0545455
269 223 0.0353982
269 224 0.0167598
269 268 0.178862
269 270 0.302632
269 316 0.0652174
269 317 0.0733333
270 222 0.0245902
270 223 0.192
270 224 0.0418848
270 268 0.0148148
270 269 0.302632
270 271 0.0480769
270 316 0.0204082
270 317 0.12963
270 318 0.113095
271 223 0.035503
271 224 0.140426
271 225 0.244318
271 226 0.00896861
271 270 0.0480769
271 272 0.039801
271 317 0.0485437
271 318 0.268868
271 319 0.0879121
272 225 0.024
272 226 0.0406977
272 271 0.039801
272 318 0.0124224
272 319 0.374046
272 320 0.125749
273 226 0.203791
273 227 0.359091
273 320 0.0242718
273 321 0.00591716
274 275 0.0891089
274 321 0.318182
275 227 0.0394737
275 228 0.0918367
275 229 0.0168067
275 274 0.0891089
275 321 0.0594059
275 322 0.0272727
275 323 0.0353982
276 229 0.20339
276 323 0.133929
277 228 0.0153846
277 230 0.252809
277 232 0.0111732
277 278 0.00917431
277 322 0.0352113
277 325 0.183432
277 326 0.0875912
278 232 0.0909091
278 277 0.00917431
278 326 0.266667
279 280 0.118343
279 281 0.0670391
279 325 0.00546448
279 326 0.10596
279 327 0.284091
280 232 0.0730337
280 233 0.0797546
280 279 0.118343
280 281 0.0731707
280 326 0.0661765
280 327 0.130435
281 233 0.16763
281 234 0.0917431
281 279 0.0670391
281 280 0.0731707
281 327 0.122807
281 328 0.12931
282 235 0.0144928
282 283 0.2625
283 235 0.0526316
283 237 0.00775194
283 282 0.2625
283 329 0.212389
284 237 0.0125
284 286 0.00649351
284 329 0.0138889
284 330 0.0714286
284 331 0.225352
284 332 0.240437
285 238 0.0864198
285 239 0.047619
285 286 0.049505
285 287 0.0714286
285 332 0.161538
285 333 0.227273
286 238 0.0583333
286 239 0.268293
286 240 0.285714
286 284 0.00649351
286 285 0.049505
286 287 0.0583942
286 332 0.0473373
287 240 0.0650406
287 285 0.0714286
287 286 0.0583942
287 288 0.0984849
287 332 0.120482
287 333 0.00980392
287 335 0.188976
288 241 0.1
288 287 0.0984849
288 289 0.0166667
288 335 0.184
289 241 0.258333
289 242 0.0283688
289 243 0.0909091
289 288 0.0166667
289 290 0.172932
290 243 0.0300752
290 289 0.172932
290 336 0.0952381
290 337 0.286765
291 339 0.219048
292 243 0.0140845
292 244 0.0657895
292 245 0.175676
292 247 0.0225989
292 293 0.21118
292 338 0.113514
292 339 0.0519481
292 340 0.0876289
293 244 0.0863309
293 245 0.103704
293 246 0.0136986
293 247 0.0792683
293 292 0.21118
293 340 0.143646
293 341 0.012987
294 247 0.238095
294 341 0.137931
295 247 0.0338983
295 248 0.0792079
295 296 0.0330578
295 343 0.12766
296 248 0.150602
296 249 0.115578
296 295 0.0330578
296 297 0.0320856
296 298 0.0487805
296 341 0.017341
296 343 0.213836
296 344 0.122699
297 250 0.08
297 296 0.0320856
297 298 0.115152
297 299 0.122302
297 343 0.00625
297 344 0.176829
297 345 0.105263
297 346 0.00613497
297 347 0.00617284
298 251 0.128049
298 252 0.0165289
298 296 0.0487805
298 297 0.115152
298 343 0.0729927
298 344 0.148936
298 346 0.0857143
298 347 0.0143885
299 297 0.122302
299 346 0.00877193
299 347 0.345133
300 251 0.00714286
300 252 0.175258
300 253 0.0138889
300 254 0.176
300 301 0.0733333
300 346 0.0172414
300 347 0.00869565
300 348 0.0957447
301 253 0.115
301 254 0.0939227
301 255 0.113095
301 300 0.0733333
301 349 0.179191
302 255 0.013245
302 256 0.0284091
302 349 0.269231
302 350 0.335294
303 257 0.025974
303 304 0.125
303 305 0.0487805
303 350 0.2
303 351 0.0561798
303 352 0.0241935
303 353 0.0625
304 257 0.0495868
304 259 0.120805
304 260 0.0152672
304 303 0.125
304 305 0.261905
304 307 0.00877193
304 350 0.025974
304 351 0.285714
304 352 0.0178571
305 259 0.0518519
305 260 0.0683761
305 261 0.00826446
305 303 0.0487805
305 304 0.261905
305 306 0.0566038
305 307 0.35
305 351 0.0168067
305 352 0.038961
305 353 0.0363636
305 354 0.0227273
306 261 0.00869565
306 305 0.0566038
306 307 0.319149
306 353 0.0288462
306 354 0.246032
306 355 0.21
307 260 0.0190476
307 261 0.0366972
307 304 0.00877193
307 305 0.35
307 306 0.319149
307 352 0.0140845
307 353 0.0510204
307 354 0.15
307 355 0.0212766
308 261 0.0473373
308 262 0.0616438
308 263 0.0654206
308 309 0.279503
308 310 0.04375
308 354 0.0666667
308 355 0.0584416
308 356 0.385366
308 357 0.00595238
309 261 0.00819672
309 262 0.0808081
309 263 0.0179641
309 308 0.279503
309 354 0.0601504
309 355 0.00934579
309 356 0.0316456
310 261 0.0165289
310 262 0.0102041
310 263 0.222892
310 265 0.0965517
310 308 0.04375
310 355 0.0471698
310 356 0.140127
311 263 0.19457
311 264 0.259259
311 265 0.44
311 312 0.0285714
311 313 0.0368421
311 358 0.052356
312 265 0.0851064
312 266 0.0742857
312 311 0.0285714
312 313 0.123596
312 314 0.228571
312 358 0.100559
312 359 0.232432
312 361 0.0862944
312 362 0.0322581
313 264 0.0307692
313 265 0.00595238
313 267 0.0829016
313 311 0.0368421
313 312 0.123596
313 314 0.105263
313 315 0.00591716
313 361 0.0169492
314 266 0.187166
314 268 0.0121951
314 312 0.228571
314 313 0.105263
314 315 0.283582
314 359 0.0253807
314 361 0.430622
314 362 0.030303
315 266 0.10241
315 267 0.0147059
315 268 0.20979
315 313 0.00591716
315 314 0.283582
315 316 0.0686275
315 361 0.111702
315 362 0.00564972
315 363 0.129944
316 268 0.0299401
316 269 0.0652174
316 270 0.0204082
316 315 0.0686275
316 317 0.21134
316 363 0.189055
316 364 0.137566
316 365 0.122727
316 366 0.0110497
317 269 0.0733333
317 270 0.12963
317 271 0.0485437
317 316 0.21134
317 318 0.0481928
317 364 0.251613
317 365 0.241935
317 366 0.0204082
318 270 0.113095
318 271 0.268868
318 272 0.0124224
318 317 0.0481928
318 319 0.00704225
318 364 0.0124224
318 365 0.09375
319 271 0.0879121
319 272 0.374046
319 318 0.00704225
319 320 0.0135135
319 365 0.0802469
319 366 0.0243902
319 367 0.00609756
320 272 0.125749
320 273 0.0242718
320 319 0.0135135
320 321 0.115646
320 367 0.245
321 273 0.00591716
321 274 0.318182
321 275 0.0594059
321 320 0.115646
321 367 0.0122699
322 275 0.0272727
322 277 0.0352113
322 323 0.305344
322 369 0.192661
322 370 0.0185185
322 371 0.2
323 275 0.0353982
323 276 0.133929
323 322 0.305344
323 370 0.162162
324 325 0.270492
325 277 0.183432
325 279 0.00546448
325 324 0.270492
325 326 0.06
325 371 0.0606061
325 372 0.11236
326 277 0.0875912
326 278 0.266667
326 279 0.10596
326 280 0.0661765
326 325 0.06
326 372 0.0410959
327 279 0.284091
327 280 0.130435
327 281 0.122807
327 328 0.079646
327 375 0.0338983
328 281 0.12931
328 327 0.079646
328 375 0.0793651
329 283 0.212389
329 284 0.0138889
329 330 0.103448
329 331 0.0423729
329 377 0.0697674
329 378 0.0603448
330 284 0.0714286
330 329 0.103448
331 284 0.225352
331 329 0.0423729
331 332 0.0636943
331 333 0.0537634
331 378 0.184211
331 379 0.00961538
332 284 0.240437
332 285 0.161538
332 286 0.0473373
332 287 0.120482
332 331 0.0636943
332 333 0.0149254
332 379 0.0344828
333 285 0.227273
333 287 0.00980392
333 331 0.0537634
333 332 0.0149254
333 334 0.00862069
333 335 0.0421053
333 379 0.0987654
333 381 0.159091
334 333 0.00862069
334 380 0.221154
334 381 0.104478
334 382 0.0137931
334 383 0.0148148
335 287 0.188976
335 288 0.184
335 333 0.0421053
335 381 0.0707965
335 383 0.210526
336 290 0.0952381
336 337 0.00787402
336 382 0.263158
336 383 0.227642
336 385 0.0291971
337 290 0.286765
337 336 0.00787402
337 338 0.108974
337 339 0.008
337 385 0.031746
338 292 0.113514
338 337 0.108974
338 339 0.145455
338 340 0.165854
338 384 0.348101
338 386 0.00757576
338 387 0.184524
339 291 0.219048
339 292 0.0519481
339 337 0.008
339 338 0.145455
339 384 0.15748
339 387 0.0948905
340 292 0.0876289
340 293 0.143646
340 338 0.165854
340 341 0.0106952
340 387 0.169492
340 388 0.037037
341 293 0.012987
341 294 0.137931
341 296 0.017341
341 340 0.0106952
341 342 0.101852
341 387 0.0133333
341 389 0.308219
342 341 0.101852
342 343 0.0106383
342 344 0.193878
342 389 0.0212766
343 295 0.12766
343 296 0.213836
343 297 0.00625
343 298 0.0729927
343 342 0.0106383
343 344 0.0735294
343 389 0.00757576
343 390 0.037037
343 392 0.00735294
344 296 0.122699
344 297 0.176829
344 298 0.148936
344 342 0.193878
344 343 0.0735294
344 345 0.122222
344 389 0.0367647
344 390 0.0722892
344 392 0.0214286
345 297 0.105263
345 344 0.122222
345 392 0.0555556
346 297 0.00613497
346 298 0.0857143
346 299 0.00877193
346 300 0.0172414
346 347 0.175182
346 348 0.0689655
346 392 0.122302
346 393 0.352518
346 394 0.00925926
347 297 0.00617284
347 298 0.0143885
347 299 0.345133
347 300 0.00869565
347 346 0.175182
347 348 0.278261
347 392 0.0217391
347 393 0.0144928
348 300 0.0957447
348 346 0.0689655
348 347 0.278261
348 396 0.165354
349 301 0.179191
349 302 0.269231
349 395 0.0141844
349 397 0.0141844
350 302 0.335294
350 303 0.2
350 304 0.025974
350 397 0.0774194
351 303 0.0561798
351 304 0.285714
351 305 0.0168067
351 352 0.0869565
351 398 0.115385
351 399 0.015625
352 303 0.0241935
352 304 0.0178571
352 305 0.038961
352 307 0.0140845
352 351 0.0869565
352 353 0.0592105
352 398 0.251309
352 399 0.392638
352 400 0.0643275
352 401 0.162651
353 303 0.0625
353 305 0.0363636
353 306 0.0288462
353 307 0.0510204
353 352 0.0592105
353 354 0.0538462
353 398 0.00680272
353 399 0.361345
353 400 0.00787402
353 401 0.139344
354 305 0.0227273
354 306 0.246032
354 307 0.15
354 308 0.0666667
354 309 0.0601504
354 353 0.0538462
354 355 0.277778
354 356 0.0508475
354 400 0.0201342
354 401 0.145833
355 306 0.21
355 307 0.0212766
355 308 0.0584416
355 309 0.00934579
355 310 0.0471698
355 354 0.277778
355 356 0.0728477
355 401 0.00847458
356 308 0.385366
356 309 0.0316456
356 310 0.140127
356 354 0.0508475
356 355 0.0728477
356 357 0.145455
356 404 0.0295858
356 405 0.126984
357 308 0.00595238
357 356 0.145455
357 358 0.0694444
357 405 0.421053
357 406 0.0916031
358 311 0.052356
358 312 0.100559
358 357 0.0694444
358 359 0.0301205
358 405 0.35119
358 406 0.0816327
358 407 0.124138
359 312 0.232432
359 314 0.0253807
359 358 0.0301205
359 360 0.284768
359 361 0.0326087
359 362 0.346821
359 406 0.00653595
359 407 0.0264901
359 408 0.00552486
360 359 0.284768
360 362 0.105263
360 406 0.280303
360 407 0.130769
361 312 0.0862944
361 313 0.0169492
361 314 0.430622
361 315 0.111702
361 359 0.0326087
361 362 0.118919
361 363 0.151351
362 312 0.0322581
362 314 0.030303
362 315 0.00564972
362 359 0.346821
362 360 0.105263
362 361 0.118919
362 363 0.126437
362 407 0.0394737
363 315 0.129944
363 316 0.189055
363 361 0.151351
363 362 0.126437
363 364 0.0679012
363 408 0.043956
363 409 0.0416667
364 316 0.137566
364 317 0.251613
364 318 0.0124224
364 363 0.0679012
364 365 0.127072
364 366 0.028169
364 409 0.0192308
364 410 0.0674847
364 411 0.0892857
364 412 0.00689655
365 316 0.122727
365 317 0.241935
365 318 0.09375
365 319 0.0802469
365 364 0.127072
365 366 0.248555
365 411 0.0100503
366 316 0.0110497
366 317 0.0204082
366 319 0.0243902
366 364 0.028169
366 365 0.248555
366 412 0.0948905
366 413 0.175573
367 319 0.00609756
367 320 0.245
367 321 0.0122699
367 413 0.104651
367 414 0.335165
367 415 0.0116959
368 369 0.106195
368 414 0.0633803
368 415 0.0229008
368 416 0.219858
369 322 0.192661
369 368 0.106195
369 416 0.059322
370 322 0.0185185
370 323 0.162162
370 417 0.272727
371 322 0.2
371 325 0.0606061
371 372 0.164062
371 418 0.00980392
372 325 0.11236
372 326 0.0410959
372 371 0.164062
372 418 0.148649
372 419 0.11194
373 374 0.348624
373 420 0.202128
373 421 0.135593
374 373 0.348624
374 421 0.218487
375 327 0.0338983
375 328 0.0793651
375 422 0.163265
376 377 0.325967
377 329 0.0697674
377 376 0.325967
377 423 0.229299
377 424 0.105263
377 425 0.0240964
378 329 0.0603448
378 331 0.184211
378 379 0.137255
378 425 0.2
379 331 0.00961538
379 332 0.0344828
379 333 0.0987654
379 378 0.137255
379 381 0.0606061
379 425 0.08
379 426 0.12
380 334 0.221154
380 381 0.0131579
380 427 0.0733945
380 428 0.0283019
381 333 0.159091
381 334 0.104478
381 335 0.0707965
381 379 0.0606061
381 380 0.0131579
381 426 0.0560748
381 428 0.139706
381 429 0.0121951
382 334 0.0137931
382 336 0.263158
382 385 0.0227273
382 428 0.00680272
382 430 0.0212766
382 431 0.0827068
383 334 0.0148148
383 335 0.210526
383 336 0.227642
383 428 0.0948905
