0 1 0.0653595
0 31 0.18797
0 32 0.334802
0 63 0.0248756
1 0 0.0653595
1 2 0.0492611
1 3 0.0181818
1 31 0.0844156
1 32 0.483871
1 33 0.00480769
1 63 0.0630631
2 1 0.0492611
2 3 0.412371
2 4 0.0416667
2 32 0.104693
2 33 0.341772
2 34 0.0742574
2 36 0.00471698
2 63 0.0796813
3 1 0.0181818
3 2 0.412371
3 4 0.0168539
3 32 0.0292887
3 33 0.165829
3 34 0.0426829
3 36 0.0402299
4 2 0.0416667
4 3 0.0168539
4 5 0.323529
4 7 0.0150754
4 33 0.0723982
4 34 0.0107527
4 35 0.387755
4 36 0.22449
4 67 0.0598291
5 4 0.323529
5 6 0.0348837
5 7 0.254438
5 35 0.0240964
5 36 0.126506
5 38 0.0135135
5 67 0.0147059
6 5 0.0348837
6 7 0.338308
6 8 0.0673575
6 37 0.42623
6 38 0.169291
6 39 0.012605
6 67 0.0169492
6 70 0.027027
7 4 0.0150754
7 5 0.254438
7 6 0.338308
7 35 0.0410256
7 36 0.0358974
7 37 0.05
7 38 0.278884
7 67 0.124464
7 68 0.0251256
7 70 0.0182648
8 6 0.0673575
8 9 0.287356
8 10 0.0594595
8 37 0.209302
8 38 0.00411523
8 39 0.154185
8 40 0.0652174
8 70 0.014218
9 8 0.287356
9 10 0.0960452
9 37 0.00609756
9 39 0.118721
9 40 0.243243
9 70 0.118227
9 71 0.0046729
9 73 0.047619
10 8 0.0594595
10 9 0.0960452
10 11 0.199029
10 12 0.120482
10 39 0.0304348
10 40 0.283262
10 42 0.050505
10 70 0.0046729
10 73 0.0253165
11 10 0.199029
11 12 0.369565
11 13 0.150198
11 40 0.0876494
11 42 0.125
11 43 0.149485
11 73 0.0170455
11 74 0.0488889
12 10 0.120482
12 11 0.369565
12 13 0.0328638
12 40 0.156398
12 42 0.153409
12 73 0.117647
12 74 0.0162162
13 11 0.150198
13 12 0.0328638
13 14 0.0758929
13 42 0.0530612
13 43 0.112108
13 44 0.300395
13 45 0.0952381
13 74 0.0551181
13 76 0.00534759
14 13 0.0758929
14 15 0.110169
14 44 0.0871795
14 45 0.381443
14 46 0.0885417
14 47 0.0181818
14 76 0.0232558
15 14 0.110169
15 16 0.159722
15 45 0.0616438
15 46 0.00694444
15 47 0.00581395
15 76 0.037037
15 79 0.02
16 15 0.159722
16 17 0.315217
16 18 0.00574713
16 46 0.0366972
16 47 0.097561
16 48 0.0228311
16 49 0.00471698
16 78 0.00502513
16 79 0.402299
16 80 0.02
17 16 0.315217
17 18 0.214286
17 19 0.0331492
17 46 0.0108696
17 47 0.0188679
17 48 0.124324
17 49 0.0730337
17 78 0.0181818
17 79 0.1
17 80 0.0361446
17 82 0.00510204
18 16 0.00574713
18 17 0.214286
18 19 0.415205
18 48 0.0628571
18 49 0.0952381
18 81 0.0333333
19 17 0.0331492
19 18 0.415205
19 20 0.158974
19 48 0.00462963
19 49 0.167464
19 50 0.0792952
19 51 0.0597015
19 79 0.0175439
19 80 0.035533
19 81 0.167539
19 82 0.0352423
20 19 0.158974
20 21 0.0411765
20 50 0.109524
20 51 0.451087
20 52 0.0122699
20 81 0.155172
20 84 0.00502513
21 20 0.0411765
21 22 0.174825
21 23 0.0643275
21 51 0.301136
21 52 0.329032
21 53 0.0273973
21 54 0.0595238
21 84 0.0994764
22 21 0.174825
22 23 0.125
22 24 0.179688
22 52 0.0514706
22 53 0.251969
22 54 0.114094
22 55 0.00537634
22 84 0.0581395
22 85 0.0205479
23 21 0.0643275
23 22 0.125
23 24 0.294872
23 25 0.169231
23 52 0.0243902
23 53 0.0129032
23 54 0.214689
23 55 0.0934579
23 84 0.025
24 22 0.179688
24 23 0.294872
24 25 0.177966
24 53 0.00763359
24 54 0.111111
24 56 0.0205479
24 84 0.0113636
25 23 0.169231
25 24 0.177966
25 27 0.142373
25 54 0.0466926
25 55 0.234694
25 56 0.096
25 57 0.0423453
25 86 0.0232558
25 87 0.05919
26 27 0.0795455
26 28 0.202614
26 29 0.0135135
26 56 0.0610687
26 58 0.0757576
26 59 0.105634
26 90 0.104167
27 25 0.142373
27 26 0.0795455
27 28 0.00881057
27 56 0.44878
27 57 0.194656
27 58 0.176471
28 26 0.202614
28 27 0.00881057
28 29 0.19598
28 57 0.0041841
28 58 0.253012
28 59 0.264249
28 60 0.0488889
28 61 0.0714286
28 90 0.0612245
29 26 0.0135135
29 28 0.19598
29 30 0.132911
29 59 0.175532
29 60 0.163636
29 61 0.0104712
29 90 0.176056
29 92 0.0144928
30 29 0.132911
30 60 0.108696
30 61 0.0322581
30 92 0.22807
31 0 0.18797
31 1 0.0844156
31 32 0.149123
31 62 0.177914
31 63 0.029703
31 93 0.117647
32 0 0.334802
32 1 0.483871
32 2 0.104693
32 3 0.0292887
32 31 0.149123
32 33 0.035461
32 34 0.0202429
32 62 0.0116732
32 63 0.22973
33 1 0.00480769
33 2 0.341772
33 3 0.165829
33 4 0.0723982
33 32 0.035461
33 34 0.198068
33 35 0.0230415
33 36 0.0368664
33 63 0.0898438
33 64 0.0808081
33 67 0.00784314
33 95 0.0326531
33 97 0.00862069
34 2 0.0742574
34 3 0.0426829
34 4 0.0107527
34 32 0.0202429
34 33 0.198068
34 36 0.0604396
34 63 0.226244
34 64 0.0613497
34 65 0.056
34 66 0.0318471
34 94 0.00571429
34 95 0.109524
34 96 0.0335196
34 97 0.0507614
35 4 0.387755
35 5 0.0240964
35 7 0.0410256
35 33 0.0230415
35 36 0.234375
35 38 0.00403226
35 67 0.195652
35 68 0.0153061
36 2 0.00471698
36 3 0.0402299
36 4 0.22449
36 5 0.126506
36 7 0.0358974
36 33 0.0368664
36 34 0.0604396
36 35 0.234375
36 64 0.00578035
36 65 0.00740741
36 66 0.00598802
36 67 0.291304
36 68 0.0204082
36 97 0.00966184
37 6 0.42623
37 7 0.05
37 8 0.209302
37 9 0.00609756
37 38 0.0815451
37 39 0.0599078
37 70 0.00995025
38 5 0.0135135
38 6 0.169291
38 7 0.278884
38 8 0.00411523
38 35 0.00403226
38 37 0.0815451
38 39 0.0555556
38 67 0.0524476
38 68 0.313492
38 69 0.214286
38 70 0.0735294
38 71 0.0282686
38 98 0.004
39 6 0.012605
39 8 0.154185
39 9 0.118721
39 10 0.0304348
39 37 0.0599078
39 38 0.0555556
39 40 0.105455
39 69 0.0412371
39 70 0.214844
39 71 0.310861
39 72 0.0364963
39 102 0.00896861
39 103 0.00862069
40 8 0.0652174
40 9 0.243243
40 10 0.283262
40 11 0.0876494
40 12 0.156398
40 39 0.105455
40 42 0.037037
40 70 0.030888
40 71 0.0111111
40 72 0.0180505
40 73 0.0788177
40 103 0.140426
41 42 0.057971
41 72 0.0232558
41 73 0.316327
41 103 0.207692
41 104 0.106557
42 10 0.050505
42 11 0.125
42 12 0.153409
42 13 0.0530612
42 40 0.037037
42 41 0.057971
42 43 0.145161
42 44 0.0324074
42 72 0.0165289
42 73 0.125
42 74 0.368664
42 103 0.14
42 104 0.0208333
42 105 0.0226244
43 11 0.149485
43 13 0.112108
43 42 0.145161
43 44 0.0412371
43 74 0.45641
43 75 0.0264317
43 105 0.0301508
44 13 0.300395
44 14 0.0871795
44 42 0.0324074
44 43 0.0412371
44 45 0.107623
44 46 0.0135747
44 74 0.106667
44 75 0.206226
44 76 0.0506329
44 105 0.00436681
44 108 0.0143541
45 13 0.0952381
45 14 0.381443
45 15 0.0616438
45 44 0.107623
45 46 0.168182
45 47 0.0846774
45 75 0.105469
45 76 0.318471
45 108 0.00480769
46 14 0.0885417
46 15 0.00694444
46 16 0.0366972
46 17 0.0108696
46 44 0.0135747
46 45 0.168182
46 47 0.390244
46 48 0.0273973
46 75 0.00393701
46 76 0.103226
46 77 0.10559
46 78 0.145729
46 106 0.00483092
46 108 0.038835
47 14 0.0181818
47 15 0.00581395
47 16 0.097561
47 17 0.0188679
47 45 0.0846774
47 46 0.390244
47 48 0.210526
47 76 0.0437158
47 77 0.0634921
47 78 0.167401
47 79 0.019802
47 80 0.0307018
47 108 0.0299145
48 16 0.0228311
48 17 0.124324
48 18 0.0628571
48 19 0.00462963
48 46 0.0273973
48 47 0.210526
48 49 0.225352
48 78 0.275
48 79 0.0514286
48 80 0.348259
48 82 0.00865801
48 110 0.00854701
48 111 0.0102041
49 16 0.00471698
49 17 0.0730337
49 18 0.0952381
49 19 0.167464
49 48 0.225352
49 50 0.0446429
49 79 0.0238095
49 80 0.159794
49 81 0.0265957
49 82 0.285714
49 110 0.00881057
49 111 0.042328
49 113 0.0223214
50 19 0.0792952
50 20 0.109524
50 49 0.0446429
50 51 0.037037
50 52 0.0153846
50 81 0.276699
50 82 0.173554
50 83 0.141414
50 113 0.177686
51 19 0.0597015
51 20 0.451087
51 21 0.301136
51 50 0.037037
51 52 0.0473373
51 81 0.0388889
51 84 0.0146341
52 20 0.0122699
52 21 0.329032
52 22 0.0514706
52 23 0.0243902
52 50 0.0153846
52 51 0.0473373
52 53 0.0143885
52 54 0.0434783
52 83 0.00662252
52 84 0.152174
52 85 0.0126582
52 116 0.00558659
53 21 0.0273973
53 22 0.251969
53 23 0.0129032
53 24 0.00763359
53 52 0.0143885
53 54 0.0328947
53 84 0.0628571
53 85 0.288591
53 116 0.0352941
54 21 0.0595238
54 22 0.114094
54 23 0.214689
54 24 0.111111
54 25 0.0466926
54 52 0.0434783
54 53 0.0328947
54 55 0.0710901
54 84 0.203046
54 85 0.0116959
54 87 0.0252101
54 116 0.109375
55 22 0.00537634
55 23 0.0934579
55 25 0.234694
55 54 0.0710901
55 57 0.0229885
55 85 0.0192308
55 86 0.0188679
55 87 0.290909
55 116 0.0349345
55 117 0.0384615
56 24 0.0205479
56 25 0.096
56 26 0.0610687
56 27 0.44878
56 57 0.046083
56 58 0.0792952
56 86 0.0297619
57 25 0.0423453
57 27 0.194656
57 28 0.0041841
57 55 0.0229885
57 56 0.046083
57 58 0.200704
57 86 0.177778
57 87 0.145833
57 88 0.02
57 89 0.13587
57 118 0.0747126
57 120 0.109091
58 26 0.0757576
58 27 0.176471
58 28 0.253012
58 56 0.0792952
58 57 0.200704
58 59 0.147059
58 61 0.0290456
58 88 0.00625
58 89 0.103093
58 90 0.0208333
58 118 0.0163043
58 120 0.0245614
58 121 0.0188679
59 26 0.105634
59 28 0.264249
59 29 0.175532
59 58 0.147059
59 60 0.14486
59 61 0.0648649
59 90 0.272059
59 121 0.0191388
60 28 0.0488889
60 29 0.163636
60 30 0.108696
60 59 0.14486
60 61 0.308756
60 90 0.0178571
60 91 0.0265957
60 92 0.197425
60 121 0.0124481
60 122 0.0613027
61 28 0.0714286
61 29 0.0104712
61 30 0.0322581
61 58 0.0290456
61 59 0.0648649
61 60 0.308756
61 91 0.176101
61 92 0.0637255
61 121 0.160377
61 122 0.0560345
61 123 0.029703
62 31 0.177914
62 32 0.0116732
62 63 0.251082
62 93 0.263736
62 94 0.0162162
62 95 0.0272727
62 125 0.0115385
62 126 0.0807453
63 0 0.0248756
63 1 0.0630631
63 2 0.0796813
63 31 0.029703
63 32 0.22973
63 33 0.0898438
63 34 0.226244
63 62 0.251082
63 64 0.0235849
63 93 0.0135747
63 94 0.0491071
63 95 0.158301
63 96 0.00438596
63 126 0.04
64 33 0.0808081
64 34 0.0613497
64 36 0.00578035
64 63 0.0235849
64 65 0.0172414
64 66 0.0472973
64 67 0.014218
64 94 0.13253
64 95 0.174129
64 96 0.111765
64 97 0.143617
64 126 0.00704225
64 127 0.0427807
65 34 0.056
65 36 0.00740741
65 64 0.0172414
65 66 0.363636
65 67 0.00578035
65 95 0.0184049
65 96 0.189394
65 97 0.1
65 128 0.0330578
66 34 0.0318471
66 36 0.00598802
66 64 0.0472973
66 65 0.363636
66 67 0.0682927
66 95 0.0102564
66 96 0.335366
66 97 0.263736
66 98 0.0236686
66 127 0.0276243
66 128 0.111111
67 4 0.0598291
67 5 0.0147059
67 6 0.0169492
67 7 0.124464
67 33 0.00784314
67 35 0.195652
67 36 0.291304
67 38 0.0524476
67 64 0.014218
67 65 0.00578035
67 66 0.0682927
67 68 0.192308
67 96 0.0396476
67 97 0.15102
67 98 0.012931
67 99 0.00371747
67 130 0.0572519
68 7 0.0251256
68 35 0.0153061
68 36 0.0204082
68 38 0.313492
68 67 0.192308
68 69 0.113924
68 97 0.00947867
68 98 0.0606061
68 99 0.123404
68 130 0.149123
68 132 0.0128205
69 38 0.214286
69 39 0.0412371
69 68 0.113924
69 70 0.0898876
69 71 0.0740741
69 98 0.0384615
69 99 0.119171
69 100 0.06
69 130 0.016129
69 131 0.0070922
69 132 0.0260417
70 6 0.027027
70 7 0.0182648
70 8 0.014218
70 9 0.118227
70 10 0.0046729
70 37 0.00995025
70 38 0.0735294
70 39 0.214844
70 40 0.030888
70 69 0.0898876
70 71 0.430279
70 72 0.0465116
70 99 0.0313726
70 101 0.0514286
70 102 0.0483092
71 9 0.0046729
71 38 0.0282686
71 39 0.310861
71 40 0.0111111
71 69 0.0740741
71 70 0.430279
71 72 0.0743494
71 99 0.037594
71 100 0.0231214
71 101 0.0483871
71 102 0.0963303
71 131 0.0046729
71 132 0.090566
71 133 0.0344828
72 39 0.0364963
72 40 0.0180505
72 41 0.0232558
72 42 0.0165289
72 70 0.0465116
72 71 0.0743494
72 73 0.0742574
72 101 0.119171
72 102 0.217778
72 103 0.264957
72 104 0.10177
72 133 0.0671642
72 134 0.041841
72 135 0.0464135
73 9 0.047619
73 10 0.0253165
73 11 0.0170455
73 12 0.117647
73 40 0.0788177
73 41 0.316327
73 42 0.125
73 72 0.0742574
73 102 0.00662252
73 103 0.325
73 104 0.0657895
74 11 0.0488889
74 12 0.0162162
74 13 0.0551181
74 42 0.368664
74 43 0.45641
74 44 0.106667
74 75 0.124031
74 103 0.0191388
74 104 0.0199005
74 105 0.126087
74 106 0.00947867
74 135 0.0660377
75 43 0.0264317
75 44 0.206226
75 45 0.105469
75 46 0.00393701
75 74 0.124031
75 76 0.0628272
75 77 0.0253807
75 105 0.206107
75 106 0.263374
75 107 0.0239234
75 108 0.11157
75 135 0.00819672
75 136 0.0108108
75 139 0.0136986
76 13 0.00534759
76 14 0.0232558
76 15 0.037037
76 44 0.0506329
76 45 0.318471
76 46 0.103226
76 47 0.0437158
76 75 0.0628272
76 77 0.0102041
76 108 0.048951
76 139 0.00518135
77 46 0.10559
77 47 0.0634921
77 75 0.0253807
77 76 0.0102041
77 78 0.169014
77 106 0.02
77 107 0.0172414
77 108 0.181208
77 109 0.00704225
77 139 0.281407
77 140 0.00826446
77 141 0.0145631
78 16 0.00502513
78 17 0.0181818
78 46 0.145729
78 47 0.167401
78 48 0.275
78 77 0.169014
78 80 0.0497238
78 108 0.0481283
78 109 0.0111111
78 110 0.0934579
78 139 0.0675105
78 141 0.147541
79 15 0.02
79 16 0.402299
79 17 0.1
79 19 0.0175439
79 47 0.019802
79 48 0.0514286
79 49 0.0238095
79 80 0.115385
80 16 0.02
80 17 0.0361446
80 19 0.035533
80 47 0.0307018
80 48 0.348259
80 49 0.159794
80 78 0.0497238
80 79 0.115385
80 81 0.0113636
80 82 0.127358
80 109 0.0110497
80 110 0.0232558
80 141 0.0857143
81 18 0.0333333
81 19 0.167539
81 20 0.155172
81 49 0.0265957
81 50 0.276699
81 51 0.0388889
81 80 0.0113636
81 82 0.0485437
81 83 0.00617284
82 17 0.00510204
82 19 0.0352423
82 48 0.00865801
82 49 0.285714
82 50 0.173554
82 80 0.127358
82 81 0.0485437
82 83 0.0151515
82 110 0.0244898
82 111 0.0628019
82 112 0.115044
82 113 0.194215
83 50 0.141414
83 52 0.00662252
83 81 0.00617284
83 82 0.0151515
83 84 0.0641711
83 85 0.0124224
83 113 0.313131
83 114 0.0503145
83 115 0.0171429
83 145 0.0157068
84 20 0.00502513
84 21 0.0994764
84 22 0.0581395
84 23 0.025
84 24 0.0113636
84 51 0.0146341
84 52 0.152174
84 53 0.0628571
84 54 0.203046
84 83 0.0641711
84 85 0.314433
84 113 0.021645
84 115 0.00480769
84 116 0.2
85 22 0.0205479
85 52 0.0126582
85 53 0.288591
85 54 0.0116959
85 55 0.0192308
85 83 0.0124224
85 84 0.314433
85 114 0.0240964
85 115 0.164835
85 116 0.201058
85 146 0.048951
86 25 0.0232558
86 55 0.0188679
86 56 0.0297619
86 57 0.177778
86 87 0.32636
86 116 0.00518135
86 117 0.0348837
86 118 0.016
86 148 0.00913242
86 149 0.00628931
86 150 0.127119
87 25 0.05919
87 54 0.0252101
87 55 0.290909
87 57 0.145833
87 86 0.32636
87 116 0.03125
87 117 0.208511
87 148 0.0106383
87 150 0.0568562
88 57 0.02
88 58 0.00625
88 89 0.0333333
88 118 0.32
88 120 0.0198676
89 57 0.13587
89 58 0.103093
89 88 0.0333333
89 118 0.107143
89 120 0.145946
89 121 0.0242424
89 150 0.0153846
90 26 0.104167
90 28 0.0612245
90 29 0.176056
90 58 0.0208333
90 59 0.272059
90 60 0.0178571
91 60 0.0265957
91 61 0.176101
91 92 0.0114286
91 120 0.0197044
91 121 0.0983607
91 122 0.0689655
91 123 0.312139
91 152 0.0153061
91 153 0.0173913
92 29 0.0144928
92 30 0.22807
92 60 0.197425
92 61 0.0637255
92 91 0.0114286
92 122 0.221774
92 123 0.0275229
93 31 0.117647
93 62 0.263736
93 63 0.0135747
93 94 0.0971429
93 95 0.0047619
93 124 0.0774194
93 125 0.256
93 126 0.10596
94 34 0.00571429
94 62 0.0162162
94 63 0.0491071
94 64 0.13253
94 93 0.0971429
94 95 0.384977
94 124 0.0126582
94 125 0.158103
94 126 0.0519481
94 127 0.110553
94 155 0.0251256
94 157 0.0231481
95 33 0.0326531
95 34 0.109524
95 62 0.0272727
95 63 0.158301
95 64 0.174129
95 65 0.0184049
95 66 0.0102564
95 93 0.0047619
95 94 0.384977
95 96 0.0967742
95 97 0.00425532
95 125 0.0277778
95 126 0.232804
95 127 0.15812
95 157 0.00796813
96 34 0.0335196
96 63 0.00438596
96 64 0.111765
96 65 0.189394
96 66 0.335366
96 67 0.0396476
96 95 0.0967742
96 97 0.303922
96 127 0.157635
96 128 0.0571429
96 157 0.0136364
96 158 0.0818713
97 33 0.00862069
97 34 0.0507614
97 36 0.00966184
97 64 0.143617
97 65 0.1
97 66 0.263736
97 67 0.15102
97 68 0.00947867
97 95 0.00425532
97 96 0.303922
97 98 0.133971
97 127 0.0452489
97 128 0.0207254
97 130 0.0794979
97 158 0.010582
98 38 0.004
98 66 0.0236686
98 67 0.012931
98 68 0.0606061
98 69 0.0384615
98 97 0.133971
98 99 0.223176
98 100 0.00714286
98 129 0.0437158
98 130 0.460177
98 159 0.00460829
99 67 0.00371747
99 68 0.123404
99 69 0.119171
99 70 0.0313726
99 71 0.037594
99 98 0.223176
99 100 0.0677966
99 101 0.0263158
99 129 0.0545455
99 130 0.262357
99 131 0.169725
99 132 0.289963
100 69 0.06
100 71 0.0231214
100 98 0.00714286
100 99 0.0677966
100 101 0.103093
100 129 0.0551181
100 130 0.0235294
100 131 0.04
100 132 0.215909
100 133 0.0232558
100 161 0.0526316
101 70 0.0514286
101 71 0.0483871
101 72 0.119171
101 99 0.0263158
101 100 0.103093
101 102 0.105634
101 103 0.0662252
101 131 0.0724638
101 132 0.169312
101 133 0.162162
101 134 0.0641026
101 163 0.00934579
101 164 0.0263158
102 39 0.00896861
102 70 0.0483092
102 71 0.0963303
102 72 0.217778
102 73 0.00662252
102 101 0.105634
102 103 0.0546448
102 104 0.0171429
102 131 0.0117647
102 132 0.0497738
102 133 0.294931
102 134 0.111702
102 135 0.00537634
102 164 0.267123
102 166 0.0262009
103 39 0.00862069
103 40 0.140426
103 41 0.207692
103 42 0.14
103 72 0.264957
103 73 0.325
103 74 0.0191388
103 101 0.0662252
103 102 0.0546448
103 104 0.103261
103 133 0.0176991
103 135 0.0153846
103 164 0.0129032
104 41 0.106557
104 42 0.0208333
104 72 0.10177
104 73 0.0657895
104 74 0.0199005
104 102 0.0171429
104 103 0.103261
104 105 0.234146
104 134 0.026455
104 135 0.235294
104 137 0.0295359
104 164 0.0204082
104 166 0.217391
105 42 0.0226244
105 43 0.0301508
105 44 0.00436681
105 74 0.126087
105 75 0.206107
105 104 0.234146
105 106 0.0883721
105 135 0.259259
105 136 0.22293
105 137 0.0112782
105 166 0.015444
105 167 0.004329
105 168 0.039801
106 46 0.00483092
106 74 0.00947867
106 75 0.263374
106 77 0.02
106 105 0.0883721
106 107 0.0555556
106 108 0.0461538
106 136 0.0652174
106 137 0.00809717
106 138 0.00769231
106 139 0.0489796
106 168 0.186813
106 170 0.0324074
107 75 0.0239234
107 77 0.0172414
107 106 0.0555556
107 108 0.130435
107 136 0.00961538
107 137 0.0234742
107 138 0.40625
107 139 0.0663507
107 140 0.0150376
107 168 0.114865
107 169 0.00892857
107 170 0.291209
107 171 0.0357143
108 44 0.0143541
108 45 0.00480769
108 46 0.038835
108 47 0.0299145
108 75 0.11157
108 76 0.048951
108 77 0.181208
108 78 0.0481283
108 106 0.0461538
108 107 0.130435
108 109 0.026738
108 138 0.00775194
108 139 0.512295
108 140 0.0361446
108 141 0.0119522
108 168 0.00552486
108 170 0.0186047
109 77 0.00704225
109 78 0.0111111
109 80 0.0110497
109 108 0.026738
109 110 0.116822
109 139 0.101266
109 140 0.119497
109 141 0.418033
109 142 0.0157068
109 170 0.00480769
109 171 0.126506
109 173 0.0561798
110 48 0.00854701
110 49 0.00881057
110 78 0.0934579
110 80 0.0232558
110 82 0.0244898
110 109 0.116822
110 111 0.333333
110 140 0.0362694
110 141 0.345324
110 142 0.04
110 172 0.00581395
110 173 0.0141509
111 48 0.0102041
111 49 0.042328
111 82 0.0628019
111 110 0.333333
111 112 0.0942408
111 141 0.0375
111 142 0.0855615
111 144 0.186529
111 172 0.00746269
111 173 0.00574713
112 82 0.115044
112 111 0.0942408
112 113 0.0663717
112 142 0.00485437
112 143 0.0731707
112 144 0.490566
112 145 0.0456621
112 173 0.0103627
112 174 0.0849057
112 175 0.0326087
113 49 0.0223214
113 50 0.177686
113 82 0.194215
113 83 0.313131
113 84 0.021645
113 112 0.0663717
113 114 0.0689655
113 144 0.00877193
113 145 0.0382979
114 83 0.0503145
114 85 0.0240964
114 113 0.0689655
114 115 0.0777778
114 116 0.00534759
114 145 0.382653
114 146 0.0638298
114 147 0.0160428
114 175 0.136646
114 176 0.0714286
114 177 0.00598802
115 83 0.0171429
115 84 0.00480769
115 85 0.164835
115 114 0.0777778
115 116 0.17734
115 117 0.00549451
115 145 0.0235849
115 146 0.11465
115 147 0.246305
115 148 0.00873362
115 177 0.0327869
116 52 0.00558659
116 53 0.0352941
116 54 0.109375
116 55 0.0349345
116 84 0.2
116 85 0.201058
116 86 0.00518135
116 87 0.03125
116 114 0.00534759
116 115 0.17734
116 117 0.047619
116 145 0.00913242
116 146 0.0853659
116 148 0.0127119
117 55 0.0384615
117 86 0.0348837
117 87 0.208511
117 115 0.00549451
117 116 0.047619
117 147 0.0687831
117 148 0.404651
117 149 0.0322581
117 150 0.012931
118 57 0.0747126
118 58 0.0163043
118 86 0.016
118 88 0.32
118 89 0.107143
118 120 0.194286
118 150 0.0324324
118 152 0.0178571
119 120 0.00429185
119 148 0.0619469
119 149 0.0722892
119 150 0.242798
119 151 0.00892857
119 152 0.0132743
119 179 0.0119048
119 180 0.0714286
119 181 0.0378788
119 182 0.231441
120 57 0.109091
120 58 0.0245614
120 88 0.0198676
120 89 0.145946
120 91 0.0197044
120 118 0.194286
120 119 0.00429185
120 121 0.1875
120 150 0.216783
120 152 0.115242
121 58 0.0188679
121 59 0.0191388
121 60 0.0124481
121 61 0.160377
121 89 0.0242424
121 91 0.0983607
121 120 0.1875
121 123 0.159292
121 152 0.116466
121 153 0.196429
121 183 0.0202429
122 60 0.0613027
122 61 0.0560345
122 91 0.0689655
122 92 0.221774
122 123 0.284553
122 153 0.0585106
122 154 0.172
122 183 0.00374532
122 185 0.010989
123 61 0.029703
123 91 0.312139
123 92 0.0275229
123 121 0.159292
123 122 0.284553
123 152 0.0167364
123 153 0.107595
123 154 0.0545455
123 183 0.0759494
123 184 0.0145631
124 93 0.0774194
124 94 0.0126582
124 125 0.403433
124 126 0.00746269
124 155 0.0893855
124 186 0.0882353
125 62 0.0115385
125 93 0.256
125 94 0.158103
125 95 0.0277778
125 124 0.403433
125 126 0.117904
125 127 0.00729927
125 155 0.375912
125 156 0.0340909
125 157 0.0137457
125 186 0.004329
126 62 0.0807453
126 63 0.04
126 64 0.00704225
126 93 0.10596
126 94 0.0519481
126 95 0.232804
126 124 0.00746269
126 125 0.117904
126 127 0.0685714
126 155 0.0228571
126 156 0.00606061
126 157 0.09375
127 64 0.0427807
127 66 0.0276243
127 94 0.110553
127 95 0.15812
127 96 0.157635
127 97 0.0452489
127 125 0.00729927
127 126 0.0685714
127 128 0.0104167
127 156 0.0285714
127 157 0.413502
127 158 0.12766
127 189 0.0357143
127 191 0.0656566
128 65 0.0330578
128 66 0.111111
128 96 0.0571429
128 97 0.0207254
128 127 0.0104167
128 129 0.0359281
128 130 0.0047619
128 157 0.00956938
128 158 0.1375
128 159 0.0547264
128 190 0.0103627
128 191 0.411765
129 98 0.0437158
129 99 0.0545455
129 100 0.0551181
129 128 0.0359281
129 130 0.0422535
129 131 0.00595238
129 132 0.00913242
129 159 0.318627
129 160 0.141975
129 161 0.188406
129 162 0.0704225
129 190 0.0561224
129 191 0.0693642
129 192 0.165775
129 193 0.0718954
130 67 0.0572519
130 68 0.149123
130 69 0.016129
130 97 0.0794979
130 98 0.460177
130 99 0.262357
130 100 0.0235294
130 128 0.0047619
130 129 0.0422535
130 132 0.00763359
130 159 0.00809717
130 192 0.0130435
131 69 0.0070922
131 71 0.0046729
131 99 0.169725
131 100 0.04
131 101 0.0724638
131 102 0.0117647
131 129 0.00595238
131 132 0.331797
131 133 0.15493
131 160 0.00625
131 161 0.0147059
131 163 0.00740741
131 192 0.178378
131 193 0.0331126
131 194 0.0229358
131 195 0.0584416
132 68 0.0128205
132 69 0.0260417
132 71 0.090566
132 99 0.289963
132 100 0.215909
132 101 0.169312
132 102 0.0497738
132 129 0.00913242
132 130 0.00763359
132 131 0.331797
132 133 0.166667
132 134 0.00851064
132 161 0.0160428
132 192 0.0381356
132 193 0.00495049
132 195 0.0292683
133 71 0.0344828
133 72 0.0671642
133 100 0.0232558
133 101 0.162162
133 102 0.294931
133 103 0.0176991
133 131 0.15493
133 132 0.166667
133 134 0.350649
133 163 0.021978
133 164 0.164021
133 165 0.0398551
133 193 0.00505051
133 195 0.0696517
133 197 0.0119048
134 72 0.041841
134 101 0.0641026
134 102 0.111702
134 104 0.026455
134 132 0.00851064
134 133 0.350649
134 135 0.005
134 163 0.0130719
134 164 0.1125
134 165 0.234818
134 166 0.090535
134 194 0.00423729
134 195 0.162791
134 196 0.0544554
134 197 0.0647482
135 72 0.0464135
135 74 0.0660377
135 75 0.00819672
135 102 0.00537634
135 103 0.0153846
135 104 0.235294
135 105 0.259259
135 134 0.005
135 136 0.0431655
135 137 0.016129
135 164 0.0759494
135 166 0.211618
135 167 0.0234742
135 197 0.0218978
136 75 0.0108108
136 105 0.22293
136 106 0.0652174
136 107 0.00961538
136 135 0.0431655
136 137 0.0899471
136 138 0.0416667
136 166 0.0274725
136 167 0.168831
136 168 0.0322581
137 104 0.0295359
137 105 0.0112782
137 106 0.00809717
137 107 0.0234742
137 135 0.016129
137 136 0.0899471
137 138 0.00552486
137 166 0.0515464
137 167 0.403042
137 168 0.137339
137 169 0.0304569
137 170 0.082397
137 198 0.214286
137 199 0.0703125
138 106 0.00769231
138 107 0.40625
138 108 0.00775194
138 136 0.0416667
138 137 0.00552486
138 139 0.0167598
138 168 0.0431034
138 169 0.0125
138 170 0.1
138 171 0.0185185
138 201 0.0970874
138 202 0.00729927
139 75 0.0136986
139 76 0.00518135
139 77 0.281407
139 78 0.0675105
139 106 0.0489796
139 107 0.0663507
139 108 0.512295
139 109 0.101266
139 138 0.0167598
139 140 0.143519
139 141 0.0498339
139 168 0.034632
139 170 0.0603774
139 171 0.00896861
140 77 0.00826446
140 107 0.0150376
140 108 0.0361446
140 109 0.119497
140 110 0.0362694
140 139 0.143519
140 141 0.125561
140 142 0.0529412
140 170 0.0534759
140 171 0.268966
140 172 0.00854701
140 173 0.0382166
140 201 0.0142857
140 202 0.0517241
141 77 0.0145631
141 78 0.147541
141 80 0.0857143
141 108 0.0119522
141 109 0.418033
141 110 0.345324
141 111 0.0375
141 139 0.0498339
141 140 0.125561
141 142 0.0352941
141 171 0.026087
141 172 0.00990099
141 173 0.0123967
142 109 0.0157068
142 110 0.04
142 111 0.0855615
142 112 0.00485437
142 140 0.0529412
142 141 0.0352941
142 144 0.00961538
142 172 0.402685
142 173 0.359788
142 174 0.00480769
142 202 0.00485437
143 112 0.0731707
143 144 0.008
143 174 0.08
143 175 0.0412371
143 204 0.0365854
144 111 0.186529
144 112 0.490566
144 113 0.00877193
144 142 0.00961538
144 143 0.008
144 145 0.0497738
144 173 0.0102564
144 174 0.135514
145 83 0.0157068
145 112 0.0456621
145 113 0.0382979
145 114 0.382653
145 115 0.0235849
145 116 0.00913242
145 144 0.0497738
145 146 0.381503
145 174 0.00452489
145 175 0.15544
145 176 0.04
146 85 0.048951
146 114 0.0638298
146 115 0.11465
146 116 0.0853659
146 145 0.381503
146 147 0.054878
146 177 0.00694444
147 114 0.0160428
147 115 0.246305
147 117 0.0687831
147 146 0.054878
147 148 0.0381356
147 149 0.0170455
147 176 0.0052356
147 177 0.147368
147 178 0.0787879
147 179 0.0168539
147 209 0.125628
147 210 0.00823045
148 86 0.00913242
148 87 0.0106383
148 115 0.00873362
148 116 0.0127119
148 117 0.404651
148 119 0.0619469
148 147 0.0381356
148 149 0.207921
148 150 0.0645161
148 179 0.205882
148 180 0.0631579
148 181 0.0416667
148 210 0.0483271
149 86 0.00628931
149 117 0.0322581
149 119 0.0722892
149 147 0.0170455
149 148 0.207921
149 150 0.187215
149 179 0.0486111
149 180 0.215385
149 181 0.0925926
149 209 0.00606061
149 210 0.133971
149 212 0.00900901
150 86 0.127119
150 87 0.0568562
150 89 0.0153846
150 117 0.012931
150 118 0.0324324
150 119 0.242798
150 120 0.216783
150 148 0.0645161
150 149 0.187215
150 152 0.0286738
150 180 0.0531401
150 181 0.00540541
150 182 0.0673759
151 119 0.00892857
151 180 0.131579
151 181 0.277778
151 182 0.0198676
151 211 0.0412371
151 212 0.0175439
151 213 0.0258065
152 91 0.0153061
152 118 0.0178571
152 119 0.0132743
152 120 0.115242
152 121 0.116466
152 123 0.0167364
152 150 0.0286738
152 153 0.0331492
152 180 0.00526316
152 182 0.290566
152 183 0.180769
152 184 0.0611354
152 213 0.063197
152 214 0.00578035
153 91 0.0173913
153 121 0.196429
153 122 0.0585106
153 123 0.107595
153 152 0.0331492
153 183 0.217877
154 122 0.172
154 123 0.0545455
154 183 0.0290456
154 184 0.052381
154 185 0.384615
154 216 0.139831
155 94 0.0251256
155 124 0.0893855
155 125 0.375912
155 126 0.0228571
155 156 0.0428571
155 157 0.0253165
155 186 0.0338983
155 187 0.00574713
155 217 0.356223
155 219 0.00469484
156 125 0.0340909
156 126 0.00606061
156 127 0.0285714
156 155 0.0428571
156 157 0.229075
156 158 0.134831
156 187 0.445122
156 188 0.0989583
156 217 0.139013
156 218 0.0119048
156 219 0.251232
156 220 0.00495049
157 94 0.0231481
157 95 0.00796813
157 96 0.0136364
157 125 0.0137457
157 126 0.09375
157 127 0.413502
157 128 0.00956938
157 155 0.0253165
157 156 0.229075
157 158 0.22439
157 187 0.0471204
157 188 0.0365297
157 189 0.0486486
157 190 0.00840336
157 191 0.00930233
157 219 0.0826087
158 96 0.0818713
158 97 0.010582
158 127 0.12766
158 128 0.1375
158 156 0.134831
158 157 0.22439
158 159 0.0253807
158 187 0.056338
158 189 0.0367647
158 190 0.037037
158 191 0.228916
158 219 0.0607735
159 98 0.00460829
159 128 0.0547264
159 129 0.318627
159 130 0.00809717
159 158 0.0253807
159 160 0.367347
159 161 0.0348837
159 162 0.0284091
159 189 0.079096
159 190 0.178261
159 191 0.198068
159 192 0.0452489
159 220 0.00452489
159 221 0.0630631
159 222 0.0406977
159 223 0.0116732
160 129 0.141975
160 131 0.00625
160 159 0.367347
160 161 0.0538462
160 162 0.0149254
160 189 0.0222222
160 190 0.148936
160 192 0.0782123
160 193 0.0275862
160 222 0.0538462
160 223 0.111628
160 224 0.0419162
161 100 0.0526316
161 129 0.188406
161 131 0.0147059
161 132 0.0160428
161 159 0.0348837
161 160 0.0538462
161 162 0.409091
161 163 0.0285714
161 192 0.135484
161 193 0.256198
161 194 0.0212766
161 222 0.00943396
161 223 0.0418848
161 224 0.034965
161 225 0.0136986
162 129 0.0704225
162 159 0.0284091
162 160 0.0149254
162 161 0.409091
162 190 0.0119048
162 192 0.0377358
162 193 0.072
162 222 0.118182
162 223 0.0512821
163 101 0.00934579
163 131 0.00740741
163 133 0.021978
163 134 0.0130719
163 161 0.0285714
163 192 0.0844156
163 193 0.158333
163 194 0.112299
163 195 0.341463
163 196 0.0261438
163 225 0.0137931
164 101 0.0263158
164 102 0.267123
164 103 0.0129032
164 104 0.0204082
164 133 0.164021
164 134 0.1125
164 135 0.0759494
164 165 0.0878049
164 166 0.0895522
164 195 0.0153846
164 197 0.0412371
165 133 0.0398551
165 134 0.234818
165 164 0.0878049
165 166 0.125
165 167 0.0538462
165 194 0.00711744
165 195 0.0645161
165 196 0.206478
165 197 0.0434783
165 226 0.021645
165 227 0.028777
165 228 0.223485
165 229 0.104167
166 102 0.0262009
166 104 0.217391
166 105 0.015444
166 134 0.090535
166 135 0.211618
166 136 0.0274725
166 137 0.0515464
166 164 0.0895522
166 165 0.125
166 167 0.214844
166 196 0.0205761
166 197 0.305556
166 198 0.0138249
166 228 0.0153846
166 229 0.0265957
167 105 0.004329
167 135 0.0234742
167 136 0.168831
167 137 0.403042
167 165 0.0538462
167 166 0.214844
167 168 0.020202
167 197 0.0460526
167 198 0.100529
167 199 0.0542986
167 228 0.0732759
167 229 0.025
168 105 0.039801
168 106 0.186813
168 107 0.114865
168 108 0.00552486
168 136 0.0322581
168 137 0.137339
168 138 0.0431034
168 139 0.034632
168 167 0.020202
168 170 0.425743
168 171 0.03125
168 198 0.0566038
168 231 0.00671141
169 107 0.00892857
169 137 0.0304569
169 138 0.0125
169 170 0.0481928
169 171 0.016129
169 199 0.0322581
169 201 0.0840336
169 202 0.0326797
169 230 0.0561798
169 231 0.238938
169 232 0.134021
170 106 0.0324074
170 107 0.291209
170 108 0.0186047
170 109 0.00480769
170 137 0.082397
170 138 0.1
170 139 0.0603774
170 140 0.0534759
170 168 0.425743
170 169 0.0481928
170 171 0.159794
170 198 0.0103627
170 201 0.100529
170 202 0.00448431
170 231 0.0601093
170 232 0.00598802
171 107 0.0357143
171 109 0.126506
171 138 0.0185185
171 139 0.00896861
171 140 0.268966
171 141 0.026087
171 168 0.03125
171 169 0.016129
171 170 0.159794
171 173 0.0243902
171 201 0.115646
171 202 0.209945
171 203 0.00740741
171 231 0.0283688
171 232 0.016
172 110 0.00581395
172 111 0.00746269
172 140 0.00854701
172 141 0.00990099
172 142 0.402685
172 173 0.0367647
173 109 0.0561798
173 110 0.0141509
173 111 0.00574713
173 112 0.0103627
173 140 0.0382166
173 141 0.0123967
173 142 0.359788
173 144 0.0102564
173 171 0.0243902
173 172 0.0367647
173 174 0.0615385
173 202 0.108808
173 204 0.0263158
173 205 0.0591716
174 112 0.0849057
174 142 0.00480769
174 143 0.08
174 144 0.135514
174 145 0.00452489
174 173 0.0615385
174 175 0.172043
174 204 0.00584795
174 205 0.271277
174 206 0.0181818
175 112 0.0326087
175 114 0.136646
175 143 0.0412371
175 145 0.15544
175 174 0.172043
175 176 0.224242
175 206 0.0729927
176 114 0.0714286
176 145 0.04
176 147 0.0052356
176 175 0.224242
176 177 0.245614
176 178 0.00684932
176 206 0.0902778
176 207 0.101266
176 208 0.00735294
176 237 0.0657895
176 238 0.0189873
176 239 0.00495049
177 114 0.00598802
177 115 0.0327869
177 146 0.00694444
177 147 0.147368
177 176 0.245614
177 178 0.0275862
177 207 0.280255
177 209 0.0391061
178 147 0.0787879
178 176 0.00684932
178 177 0.0275862
178 208 0.1
178 209 0.285714
178 238 0.0378788
178 239 0.0397727
178 240 0.0346821
179 119 0.0119048
179 147 0.0168539
179 148 0.205882
179 149 0.0486111
179 180 0.00757576
179 181 0.00909091
179 209 0.0179641
179 210 0.364929
179 211 0.0196078
179 241 0.0555556
180 119 0.0714286
180 148 0.0631579
180 149 0.215385
180 150 0.0531401
180 151 0.131579
180 152 0.00526316
180 179 0.00757576
180 181 0.260417
180 182 0.145078
180 210 0.0862944
180 211 0.057554
180 212 0.030303
180 213 0.0152284
180 244 0.0555556
181 119 0.0378788
181 148 0.0416667
181 149 0.0925926
181 150 0.00540541
181 151 0.277778
181 179 0.00909091
181 180 0.260417
181 210 0.0628571
181 211 0.128205
181 212 0.012987
181 241 0.0138889
181 242 0.0294118
181 244 0.0227273
182 119 0.231441
182 150 0.0673759
182 151 0.0198676
182 152 0.290566
182 180 0.145078
182 183 0.0152091
182 211 0.0046729
182 212 0.0574713
182 213 0.216912
182 243 0.00529101
182 244 0.0695971
183 121 0.0202429
183 122 0.00374532
183 123 0.0759494
183 152 0.180769
183 153 0.217877
183 154 0.0290456
183 182 0.0152091
183 184 0.251101
183 213 0.0749064
183 214 0.163743
183 215 0.0383142
183 216 0.0513834
184 123 0.0145631
184 152 0.0611354
184 154 0.052381
184 183 0.251101
184 213 0.00847458
184 214 0.0142857
184 215 0.182609
184 216 0.162162
184 247 0.00645161
185 122 0.010989
185 154 0.384615
185 216 0.0178571
185 247 0.00990099
186 124 0.0882353
186 125 0.004329
186 155 0.0338983
186 217 0.347368
186 218 0.0962963
186 248 0.304965
186 249 0.0229885
187 155 0.00574713
187 156 0.445122
187 157 0.0471204
187 158 0.056338
187 188 0.025641
187 217 0.117647
187 218 0.0378788
187 219 0.161677
187 248 0.00724638
187 249 0.0292398
187 250 0.0234375
188 156 0.0989583
188 157 0.0365297
188 187 0.025641
188 189 0.06
188 190 0.0394089
188 217 0.0511628
188 218 0.0125
188 219 0.307692
188 220 0.164948
188 221 0.117949
188 249 0.0301508
188 250 0.160256
188 251 0.0243902
189 127 0.0357143
189 157 0.0486486
189 158 0.0367647
189 159 0.079096
189 160 0.0222222
189 188 0.06
189 190 0.272189
189 191 0.0479452
189 219 0.0621118
189 220 0.05625
189 221 0.186335
189 222 0.018018
189 253 0.0148148
190 128 0.0103627
190 129 0.0561224
190 157 0.00840336
190 158 0.037037
190 159 0.178261
190 160 0.148936
190 162 0.0119048
190 188 0.0394089
190 189 0.272189
190 191 0.130653
190 219 0.0280374
190 220 0.14554
190 221 0.214953
190 222 0.134146
190 223 0.0160643
190 252 0.00434783
190 253 0.0478723
191 127 0.0656566
191 128 0.411765
191 129 0.0693642
191 157 0.00930233
191 158 0.228916
191 159 0.198068
191 189 0.0479452
191 190 0.130653
191 219 0.0052356
192 129 0.165775
192 130 0.0130435
192 131 0.178378
192 132 0.0381356
192 159 0.0452489
192 160 0.0782123
192 161 0.135484
192 162 0.0377358
192 163 0.0844156
192 193 0.370588
192 194 0.0843882
192 222 0.0129032
192 224 0.0572917
192 225 0.0102564
193 129 0.0718954
193 131 0.0331126
193 132 0.00495049
193 133 0.00505051
193 160 0.0275862
193 161 0.256198
193 162 0.072
193 163 0.158333
193 192 0.370588
193 194 0.108374
193 195 0.0359712
193 222 0.00826446
193 223 0.0582524
193 224 0.0632911
193 225 0.10559
193 255 0.0206186
194 131 0.0229358
194 134 0.00423729
194 161 0.0212766
194 163 0.112299
194 165 0.00711744
194 192 0.0843882
194 193 0.108374
194 195 0.223301
194 196 0.110169
194 223 0.018315
194 224 0.177778
194 225 0.276316
194 226 0.186364
194 255 0.00609756
194 257 0.00471698
194 258 0.0250896
195 131 0.0584416
195 132 0.0292683
195 133 0.0696517
195 134 0.162791
195 163 0.341463
195 164 0.0153846
195 165 0.0645161
195 193 0.0359712
195 194 0.223301
195 196 0.232558
195 225 0.0121951
195 226 0.0320513
195 258 0.027907
196 134 0.0544554
196 163 0.0261438
196 165 0.206478
196 166 0.0205761
196 194 0.110169
196 195 0.232558
196 225 0.0154639
196 226 0.150538
196 227 0.0128755
196 228 0.136986
196 229 0.00680272
196 257 0.0224719
196 258 0.253061
197 133 0.0119048
197 134 0.0647482
197 135 0.0218978
197 164 0.0412371
197 165 0.0434783
197 166 0.305556
197 167 0.0460526
197 198 0.00884956
197 228 0.00641026
197 229 0.0714286
198 137 0.214286
198 166 0.0138249
198 167 0.100529
198 168 0.0566038
198 170 0.0103627
198 197 0.00884956
198 199 0.274725
198 227 0.0338164
198 228 0.11399
198 229 0.14876
198 230 0.00487805
198 231 0.114286
198 260 0.0160428
199 137 0.0703125
199 167 0.0542986
199 169 0.0322581
199 198 0.274725
199 200 0.00684932
199 227 0.167364
199 228 0.0977778
199 229 0.0784314
199 230 0.00421941
199 231 0.122093
199 259 0.00515464
199 260 0.200913
199 261 0.030303
200 199 0.00684932
200 230 0.325444
200 231 0.00961538
200 260 0.00662252
200 261 0.0206186
200 262 0.0227273
200 264 0.00970874
201 138 0.0970874
201 140 0.0142857
201 169 0.0840336
201 170 0.100529
201 171 0.115646
201 202 0.272727
201 203 0.176923
201 230 0.0248756
201 231 0.00735294
201 232 0.15
202 138 0.00729927
202 140 0.0517241
202 142 0.00485437
202 169 0.0326797
202 170 0.00448431
202 171 0.209945
202 173 0.108808
202 201 0.272727
202 203 0.243902
202 204 0.0236686
202 230 0.0170213
202 232 0.012987
202 233 0.075188
203 171 0.00740741
203 201 0.176923
203 202 0.243902
203 204 0.170732
203 232 0.0648148
203 233 0.091954
203 234 0.025641
203 235 0.242188
203 264 0.00813008
203 266 0.0326797
203 267 0.00735294
204 143 0.0365854
204 173 0.0263158
204 174 0.00584795
204 202 0.0236686
204 203 0.170732
204 205 0.2
204 206 0.0245902
204 234 0.0807453
204 235 0.105263
204 266 0.0443038
205 173 0.0591716
205 174 0.271277
205 204 0.2
205 206 0.172662
205 234 0.0280899
205 266 0.0114286
206 174 0.0181818
206 175 0.0729927
206 176 0.0902778
206 204 0.0245902
206 205 0.172662
206 207 0.0230769
206 236 0.037594
206 237 0.185484
206 238 0.0230769
206 239 0.00574713
206 267 0.0444444
207 176 0.101266
207 177 0.280255
207 206 0.0230769
207 209 0.0060241
207 236 0.0408163
207 237 0.224638
207 238 0.0555556
207 239 0.0265957
208 176 0.00735294
208 178 0.1
208 237 0.00862069
208 238 0.139344
208 239 0.512048
208 268 0.0326797
208 269 0.0149254
208 270 0.0173913
209 147 0.125628
209 149 0.00606061
209 177 0.0391061
209 178 0.285714
209 179 0.0179641
209 207 0.0060241
209 210 0.0387931
209 238 0.0903614
209 239 0.00952381
209 240 0.328502
209 242 0.048
209 271 0.0416667
209 272 0.0197368
209 274 0.0045045
210 147 0.00823045
210 148 0.0483271
210 149 0.133971
210 179 0.364929
210 180 0.0862944
210 181 0.0628571
210 209 0.0387931
210 211 0.233945
210 212 0.0730337
210 241 0.115607
210 242 0.0710059
210 244 0.064982
210 273 0.00460829
210 274 0.018797
210 275 0.00473934
211 151 0.0412371
211 179 0.0196078
211 180 0.057554
211 181 0.128205
211 182 0.0046729
211 210 0.233945
211 212 0.0583333
211 241 0.0521739
211 242 0.135135
211 243 0.133333
211 244 0.210046
211 273 0.119497
211 274 0.0336538
211 275 0.0261438
212 149 0.00900901
212 151 0.0175439
212 180 0.030303
212 181 0.012987
212 182 0.0574713
212 210 0.0730337
212 211 0.0583333
212 213 0.0168539
212 244 0.273743
212 245 0.015625
212 275 0.0176991
213 151 0.0258065
213 152 0.063197
213 180 0.0152284
213 182 0.216912
213 183 0.0749064
213 184 0.00847458
213 212 0.0168539
213 214 0.116667
213 215 0.0592593
213 243 0.134715
213 244 0.212996
213 245 0.0413793
213 246 0.00621118
213 276 0.0869565
214 152 0.00578035
214 183 0.163743
214 184 0.0142857
214 213 0.116667
214 215 0.0172414
214 243 0.103093
214 245 0.0206186
214 246 0.0153846
214 276 0.0722222
215 183 0.0383142
215 184 0.182609
215 213 0.0592593
215 214 0.0172414
215 216 0.210938
215 245 0.0140845
215 276 0.314815
215 277 0.0045045
215 278 0.084507
216 154 0.139831
216 183 0.0513834
216 184 0.162162
216 185 0.0178571
216 215 0.210938
216 246 0.0272109
216 247 0.265193
216 276 0.0496183
216 278 0.0097561
217 155 0.356223
217 156 0.139013
217 186 0.347368
217 187 0.117647
217 188 0.0511628
217 218 0.125654
217 219 0.0132743
217 248 0.0659898
217 249 0.00869565
217 250 0.026738
218 156 0.0119048
218 186 0.0962963
218 187 0.0378788
218 188 0.0125
218 217 0.125654
218 248 0.352113
218 249 0.12
218 250 0.227273
218 279 0.194444
218 281 0.0119048
219 155 0.00469484
219 156 0.251232
219 157 0.0826087
219 158 0.0607735
219 187 0.161677
219 188 0.307692
219 189 0.0621118
219 190 0.0280374
219 191 0.0052356
219 217 0.0132743
219 220 0.170732
219 221 0.0145631
219 249 0.0904762
219 250 0.0898204
220 156 0.00495049
220 159 0.00452489
220 188 0.164948
220 189 0.05625
220 190 0.14554
220 219 0.170732
220 221 0.273171
220 222 0.0193548
220 249 0.00478469
220 250 0.0361446
220 251 0.212644
220 252 0.0226244
220 280 0.010101
220 281 0.0346535
220 282 0.00568182
220 283 0.0913242
220 284 0.0318471
221 159 0.0630631
221 188 0.117949
221 189 0.186335
