0 1 0.12766
0 31 0.117021
1 0 0.12766
1 2 0.0130719
1 31 0.188406
1 33 0.202381
2 1 0.0130719
2 3 0.233333
2 33 0.420765
2 65 0.00714286
3 2 0.233333
3 4 0.180451
3 33 0.0121212
3 34 0.0666667
3 65 0.0491803
4 3 0.180451
4 5 0.0961538
4 34 0.00735294
4 35 0.25731
4 36 0.0175439
4 65 0.00813008
4 66 0.025641
5 4 0.0961538
5 6 0.0420168
5 35 0.170213
6 5 0.0420168
6 7 0.0779221
6 35 0.11828
6 37 0.0993377
6 38 0.00591716
6 39 0.0347222
6 68 0.144928
6 69 0.0990099
7 6 0.0779221
7 8 0.00671141
7 9 0.0566038
7 37 0.0567376
7 39 0.246269
7 69 0.046875
8 7 0.00671141
8 9 0.170732
8 39 0.122302
8 40 0.298701
8 41 0.0078125
8 70 0.029703
8 71 0.00657895
9 7 0.0566038
9 8 0.170732
9 10 0.305195
9 11 0.130682
9 39 0.120805
9 40 0.0914634
10 9 0.305195
10 11 0.269231
10 40 0.0972222
10 42 0.00529101
10 70 0.00520833
10 73 0.0149254
11 9 0.130682
11 10 0.269231
11 12 0.0204082
11 40 0.0060241
11 41 0.0142857
11 42 0.203791
12 11 0.0204082
12 13 0.112903
12 41 0.0183486
12 42 0.111111
12 43 0.193103
12 44 0.17931
12 45 0.00636943
13 12 0.112903
13 15 0.00534759
13 42 0.0638298
13 43 0.124183
13 44 0.228758
13 76 0.0318471
14 15 0.517766
14 16 0.0483871
14 44 0.0368098
14 45 0.0285714
14 46 0.0289855
14 78 0.00621118
15 13 0.00534759
15 14 0.517766
15 16 0.307359
15 44 0.100962
15 45 0.0818182
15 46 0.0163934
15 47 0.015
15 76 0.0754717
15 78 0.0242718
15 79 0.014218
16 14 0.0483871
16 15 0.307359
16 17 0.0510204
16 47 0.296296
16 76 0.0348259
16 78 0.0102564
16 79 0.025
17 16 0.0510204
17 18 0.165468
17 47 0.339394
17 48 0.125
17 49 0.0295567
17 80 0.0672646
18 17 0.165468
18 47 0.0454545
18 49 0.182353
18 80 0.0263158
19 20 0.354331
19 49 0.183784
19 50 0.0245902
19 81 0.035461
20 19 0.354331
20 21 0.0487805
20 49 0.113636
20 50 0.247788
21 20 0.0487805
21 22 0.29697
21 23 0.0432099
21 50 0.186441
21 51 0.139896
21 52 0.180556
21 53 0.0115607
22 21 0.29697
22 23 0.0301508
22 50 0.0193548
22 51 0.278261
22 52 0.0607735
22 53 0.147619
22 54 0.0195122
23 21 0.0432099
23 22 0.0301508
23 24 0.133663
23 25 0.178571
23 53 0.246377
23 54 0.173267
23 55 0.0511628
24 23 0.133663
24 25 0.212871
24 26 0.0927835
24 54 0.0240385
24 55 0.176471
24 56 0.248649
24 58 0.0362694
24 86 0.0210084
25 23 0.178571
25 24 0.212871
25 26 0.12766
25 54 0.0891089
25 55 0.181395
25 56 0.0558659
25 57 0.00865801
25 58 0.0588235
25 86 0.0603448
26 24 0.0927835
26 25 0.12766
26 27 0.20765
26 55 0.00483092
26 56 0.233918
26 57 0.139013
26 58 0.486034
26 59 0.0307018
26 86 0.00446429
27 26 0.20765
27 28 0.0733333
27 29 0.0382775
27 56 0.103448
27 57 0.0353982
27 58 0.137363
27 59 0.393939
27 60 0.0251572
27 90 0.020202
28 27 0.0733333
28 29 0.236994
28 30 0.0402685
28 59 0.307692
28 60 0.0325203
28 61 0.0201005
29 27 0.0382775
29 28 0.236994
29 30 0.245192
29 59 0.240157
29 60 0.302198
29 61 0.182171
29 90 0.0226244
29 91 0.0238095
29 92 0.00495049
30 28 0.0402685
30 29 0.245192
30 60 0.107595
30 61 0.418803
30 92 0.0337079
31 0 0.117021
31 1 0.188406
31 32 0.0457143
31 33 0.0238095
31 62 0.0909091
32 31 0.0457143
32 33 0.0926829
32 34 0.0114286
32 62 0.0441176
32 63 0.281609
32 93 0.047619
32 94 0.0546448
33 1 0.202381
33 2 0.420765
33 3 0.0121212
33 31 0.0238095
33 32 0.0926829
33 34 0.00595238
34 3 0.0666667
34 4 0.00735294
34 32 0.0114286
34 33 0.00595238
34 35 0.00578035
34 63 0.00729927
34 64 0.120805
34 65 0.464
34 66 0.0443038
34 95 0.17094
35 4 0.25731
35 5 0.170213
35 6 0.11828
35 34 0.00578035
35 36 0.158654
35 64 0.0108696
35 66 0.176166
35 68 0.01875
36 4 0.0175439
36 35 0.158654
36 64 0.0108696
36 66 0.310881
36 67 0.233766
36 68 0.125
36 98 0.137363
37 6 0.0993377
37 7 0.0567376
37 38 0.0128205
37 69 0.343915
38 6 0.00591716
38 37 0.0128205
38 39 0.033557
38 68 0.020979
38 69 0.241546
38 70 0.00471698
38 71 0.12963
38 99 0.0264901
38 100 0.205882
39 6 0.0347222
39 7 0.246269
39 8 0.122302
39 9 0.120805
39 38 0.033557
39 40 0.00719424
39 69 0.0549451
39 70 0.0481283
39 71 0.182482
40 8 0.298701
40 9 0.0914634
40 10 0.0972222
40 11 0.0060241
40 39 0.00719424
40 41 0.140625
40 42 0.0100503
40 70 0.237624
40 71 0.0328947
40 72 0.00694444
40 73 0.0416667
40 102 0.0116959
41 8 0.0078125
41 11 0.0142857
41 12 0.0183486
41 40 0.140625
41 42 0.179191
41 43 0.0217391
41 72 0.110169
41 73 0.0932203
42 10 0.00529101
42 11 0.203791
42 12 0.111111
42 13 0.0638298
42 40 0.0100503
42 41 0.179191
42 43 0.253589
42 44 0.00478469
42 73 0.100529
42 105 0.0047619
43 12 0.193103
43 13 0.124183
43 41 0.0217391
43 42 0.253589
43 44 0.143678
43 45 0.016129
43 73 0.00649351
43 75 0.0636943
43 76 0.00561798
43 105 0.142857
44 12 0.17931
44 13 0.228758
44 14 0.0368098
44 15 0.100962
44 42 0.00478469
44 43 0.143678
44 45 0.0913979
44 76 0.0337079
44 105 0.00571429
45 12 0.00636943
45 14 0.0285714
45 15 0.0818182
45 43 0.016129
45 44 0.0913979
45 74 0.54386
45 75 0.00591716
45 76 0.105263
45 77 0.0886699
45 105 0.144385
46 14 0.0289855
46 15 0.0163934
46 76 0.00653595
46 77 0.0361446
46 78 0.47619
46 79 0.0328947
46 109 0.12
47 15 0.015
47 16 0.296296
47 17 0.339394
47 18 0.0454545
47 48 0.0465116
47 78 0.00609756
47 79 0.100592
48 17 0.125
48 47 0.0465116
48 49 0.00598802
48 79 0.128571
48 80 0.171123
48 110 0.00714286
49 17 0.0295567
49 18 0.182353
49 19 0.183784
49 20 0.113636
49 48 0.00598802
49 50 0.0175439
49 80 0.110236
49 81 0.142105
49 111 0.0097561
50 19 0.0245902
50 20 0.247788
50 21 0.186441
50 22 0.0193548
50 49 0.0175439
50 51 0.15847
50 52 0.0223881
50 81 0.125984
50 82 0.0559441
50 83 0.0336134
51 21 0.139896
51 22 0.278261
51 50 0.15847
51 52 0.287081
51 53 0.00840336
51 82 0.178899
51 83 0.0309278
51 84 0.00877193
51 113 0.1133
52 21 0.180556
52 22 0.0607735
52 50 0.0223881
52 51 0.287081
52 53 0.037037
52 82 0.100592
52 83 0.303448
52 84 0.117318
52 113 0.0324675
52 114 0.0390625
53 21 0.0115607
53 22 0.147619
53 23 0.246377
53 51 0.00840336
53 52 0.037037
53 54 0.300469
53 55 0.0132743
53 83 0.00574713
53 84 0.0528846
54 22 0.0195122
54 23 0.173267
54 24 0.0240385
54 25 0.0891089
54 53 0.300469
54 55 0.235294
54 84 0.128079
54 85 0.0989583
54 86 0.0588235
54 87 0.00561798
54 116 0.0299401
54 117 0.0145631
55 23 0.0511628
55 24 0.176471
55 25 0.181395
55 26 0.00483092
55 53 0.0132743
55 54 0.235294
55 56 0.030303
55 84 0.00925926
55 85 0.0439024
55 86 0.310757
55 87 0.0837696
55 116 0.0666667
55 117 0.0228311
55 119 0.00505051
56 24 0.248649
56 25 0.0558659
56 26 0.233918
56 27 0.103448
56 55 0.030303
56 57 0.172897
56 58 0.123529
56 86 0.0372093
56 89 0.00549451
57 25 0.00865801
57 26 0.139013
57 27 0.0353982
57 56 0.172897
57 58 0.220721
57 59 0.0295203
57 86 0.0861423
57 87 0.0434783
57 88 0.121495
57 89 0.141026
57 90 0.0168067
57 118 0.00809717
57 119 0.257009
57 120 0.021978
58 24 0.0362694
58 25 0.0588235
58 26 0.486034
58 27 0.137363
58 56 0.123529
58 57 0.220721
58 59 0.030837
58 86 0.0179372
58 88 0.0411765
58 89 0.0210526
58 90 0.0206186
59 26 0.0307018
59 27 0.393939
59 28 0.307692
59 29 0.240157
59 57 0.0295203
59 58 0.030837
59 60 0.0833333
59 88 0.00913242
59 90 0.0699589
59 91 0.0437956
60 27 0.0251572
60 28 0.0325203
60 29 0.302198
60 30 0.107595
60 59 0.0833333
60 61 0.0144231
60 89 0.0239521
60 90 0.134503
60 91 0.0643564
60 92 0.0197368
60 122 0.0227273
61 28 0.0201005
61 29 0.182171
61 30 0.418803
61 60 0.0144231
61 90 0.00809717
61 91 0.028777
61 92 0.223684
62 31 0.0909091
62 32 0.0441176
62 124 0.0581395
63 32 0.281609
63 34 0.00729927
63 64 0.0472973
63 94 0.110345
64 34 0.120805
64 35 0.0108696
64 36 0.0108696
64 63 0.0472973
64 66 0.16568
64 94 0.0700637
64 95 0.296875
64 96 0.0849673
64 97 0.00840336
64 98 0.0126582
64 126 0.0333333
64 127 0.0304878
65 2 0.00714286
65 3 0.0491803
65 4 0.00813008
65 34 0.464
65 95 0.0288462
66 4 0.025641
66 34 0.0443038
66 35 0.176166
66 36 0.310881
66 64 0.16568
66 95 0.0218978
66 97 0.0234375
66 98 0.0838323
67 36 0.233766
67 97 0.134831
67 98 0.1875
67 99 0.00877193
67 100 0.037594
67 128 0.031746
67 129 0.013986
67 130 0.0408163
67 131 0.00653595
68 6 0.144928
68 35 0.01875
68 36 0.125
68 38 0.020979
68 69 0.0909091
68 98 0.0373134
68 99 0.0666667
68 100 0.028777
69 6 0.0990099
69 7 0.046875
69 37 0.343915
69 38 0.241546
69 39 0.0549451
69 68 0.0909091
69 71 0.0153846
69 99 0.0217391
70 8 0.029703
70 10 0.00520833
70 38 0.00471698
70 39 0.0481283
70 40 0.237624
70 71 0.365
70 102 0.242009
70 131 0.00877193
70 132 0.00990099
70 133 0.0165746
71 8 0.00657895
71 38 0.12963
71 39 0.182482
71 40 0.0328947
71 69 0.0153846
71 70 0.365
71 102 0.0177515
71 131 0.00561798
71 132 0.0131579
72 40 0.00694444
72 41 0.110169
72 73 0.0298507
72 103 0.246269
72 104 0.141791
72 132 0.00694444
72 133 0.178862
72 135 0.0763359
73 10 0.0149254
73 40 0.0416667
73 41 0.0932203
73 42 0.100529
73 43 0.00649351
73 72 0.0298507
73 75 0.175182
73 104 0.223881
74 45 0.54386
74 76 0.0122699
74 77 0.0568182
74 105 0.0375
74 138 0.04
75 43 0.0636943
75 45 0.00591716
75 73 0.175182
75 76 0.0869565
75 104 0.0145985
75 105 0.373418
75 135 0.00746269
75 136 0.0118343
75 137 0.0647482
76 13 0.0318471
76 15 0.0754717
76 16 0.0348259
76 43 0.00561798
76 44 0.0337079
76 45 0.105263
76 46 0.00653595
76 74 0.0122699
76 75 0.0869565
76 77 0.266667
76 78 0.0625
76 105 0.128492
76 107 0.0335196
76 108 0.108974
76 138 0.0103093
77 45 0.0886699
77 46 0.0361446
77 74 0.0568182
77 76 0.266667
77 78 0.148148
77 105 0.0260417
77 106 0.0126582
77 107 0.114583
77 108 0.0118343
77 136 0.0394089
77 137 0.017341
77 138 0.202899
77 139 0.102941
78 14 0.00621118
78 15 0.0242718
78 16 0.0102564
78 46 0.47619
78 47 0.00609756
78 76 0.0625
78 77 0.148148
78 79 0.32
78 107 0.0346821
78 109 0.0894309
78 138 0.0159574
78 140 0.083871
79 15 0.014218
79 16 0.025
79 46 0.0328947
79 47 0.100592
79 48 0.128571
79 78 0.32
79 80 0.0220264
79 107 0.0505618
79 108 0.00645161
79 109 0.0234375
79 110 0.155556
79 111 0.011236
79 140 0.1875
79 142 0.00571429
80 17 0.0672646
80 18 0.0263158
80 48 0.171123
80 49 0.110236
80 79 0.0220264
80 81 0.0809524
80 110 0.0352423
80 111 0.337778
80 112 0.00537634
81 19 0.035461
81 49 0.142105
81 50 0.125984
81 80 0.0809524
81 82 0.0740741
81 111 0.068323
81 112 0.245902
82 50 0.0559441
82 51 0.178899
82 52 0.100592
82 81 0.0740741
82 83 0.194805
82 111 0.0112994
82 112 0.0144928
82 113 0.374233
82 114 0.00729927
82 115 0.04
82 143 0.0154639
83 50 0.0336134
83 51 0.0309278
83 52 0.303448
83 53 0.00574713
83 82 0.194805
83 84 0.0182927
83 113 0.0143885
83 114 0.327434
83 115 0.0993377
84 51 0.00877193
84 52 0.117318
84 53 0.0528846
84 54 0.128079
84 55 0.00925926
84 83 0.0182927
84 85 0.0909091
84 114 0.0272109
84 115 0.151351
84 116 0.0185185
84 117 0.0497512
84 145 0.0166667
84 146 0.00595238
84 147 0.0617284
85 54 0.0989583
85 55 0.0439024
85 84 0.0909091
85 86 0.036036
85 87 0.0864198
85 115 0.0287356
85 116 0.10596
85 117 0.468421
85 146 0.0509554
85 147 0.0993377
85 148 0.0571429
86 24 0.0210084
86 25 0.0603448
86 26 0.00446429
86 54 0.0588235
86 55 0.310757
86 56 0.0372093
86 57 0.0861423
86 58 0.0179372
86 85 0.036036
86 87 0.158654
86 116 0.0609137
86 117 0.059322
86 118 0.149194
86 119 0.176744
86 148 0.0316742
87 54 0.00561798
87 55 0.0837696
87 57 0.0434783
87 85 0.0864198
87 86 0.158654
87 88 0.0193548
87 116 0.0145985
87 117 0.0795455
87 118 0.191489
87 119 0.0322581
87 120 0.0046729
87 147 0.00729927
87 148 0.21118
87 151 0.0141844
88 57 0.121495
88 58 0.0411765
88 59 0.00913242
88 87 0.0193548
88 89 0.395604
88 90 0.11828
88 91 0.0184332
88 118 0.0205128
88 119 0.0493827
88 120 0.122172
88 121 0.00591716
88 151 0.0337838
89 56 0.00549451
89 57 0.141026
89 58 0.0210526
89 60 0.0239521
89 88 0.395604
89 90 0.169903
89 91 0.156118
89 118 0.00465116
89 119 0.142857
89 120 0.207469
89 121 0.047619
89 151 0.0238095
89 152 0.00487805
90 27 0.020202
90 29 0.0226244
90 57 0.0168067
90 58 0.0206186
90 59 0.0699589
90 60 0.134503
90 61 0.00809717
90 88 0.11828
90 89 0.169903
90 91 0.385892
90 120 0.0326531
90 121 0.0984456
90 122 0.152047
90 123 0.00456621
91 29 0.0238095
91 59 0.0437956
91 60 0.0643564
91 61 0.028777
91 88 0.0184332
91 89 0.156118
91 90 0.385892
91 92 0.0315315
91 120 0.0326087
91 121 0.1875
91 122 0.0990099
91 123 0.124
91 152 0.0125
91 154 0.0322581
92 29 0.00495049
92 30 0.0337079
92 60 0.0197368
92 61 0.223684
92 91 0.0315315
92 122 0.0723684
92 123 0.2
92 154 0.0909091
93 32 0.047619
93 94 0.05
93 124 0.18705
93 125 0.174603
93 126 0.0437158
93 155 0.0359712
93 156 0.0645161
94 32 0.0546448
94 63 0.110345
94 64 0.0700637
94 93 0.05
94 95 0.008
94 96 0.0133333
94 124 0.0150376
94 125 0.0273224
94 126 0.378531
94 127 0.0248447
95 34 0.17094
95 64 0.296875
95 65 0.0288462
95 66 0.0218978
95 94 0.008
95 126 0.121622
95 127 0.00757576
96 64 0.0849673
96 94 0.0133333
96 97 0.00892857
96 98 0.0463576
96 126 0.00578035
96 127 0.394904
96 128 0.295302
96 158 0.0174419
97 64 0.00840336
97 66 0.0234375
97 67 0.134831
97 96 0.00892857
97 98 0.239316
97 128 0.0521739
97 129 0.0151515
97 130 0.114943
97 159 0.0245902
98 36 0.137363
98 64 0.0126582
98 66 0.0838323
98 67 0.1875
98 68 0.0373134
98 96 0.0463576
98 97 0.239316
98 99 0.190141
98 100 0.00621118
98 127 0.00617284
98 128 0.0844156
98 129 0.0584795
98 159 0.0124224
99 38 0.0264901
99 67 0.00877193
99 68 0.0666667
99 69 0.0217391
99 98 0.190141
99 100 0.258503
99 129 0.089172
99 131 0.011976
100 38 0.205882
100 67 0.037594
100 68 0.028777
100 98 0.00621118
100 99 0.258503
100 101 0.00684932
100 129 0.0511364
100 131 0.231183
100 161 0.00787402
101 100 0.00684932
101 102 0.0127389
101 129 0.0128205
101 131 0.439759
101 132 0.00714286
101 133 0.0504202
101 161 0.0560748
102 40 0.0116959
102 70 0.242009
102 71 0.0177515
102 101 0.0127389
102 131 0.0659898
102 132 0.192982
102 133 0.286667
102 163 0.0515464
102 165 0.00581395
103 72 0.246269
103 133 0.00813008
103 134 0.326733
103 164 0.00628931
103 165 0.213793
104 72 0.141791
104 73 0.223881
104 75 0.0145985
104 135 0.290076
104 165 0.00689655
105 42 0.0047619
105 43 0.142857
105 44 0.00571429
105 45 0.144385
105 74 0.0375
105 75 0.373418
105 76 0.128492
105 77 0.0260417
105 135 0.00657895
105 136 0.0106952
105 137 0.0382166
105 138 0.0418848
106 77 0.0126582
106 136 0.156863
106 137 0.00813008
106 138 0.305732
106 168 0.0546875
106 169 0.0284091
107 76 0.0335196
107 77 0.114583
107 78 0.0346821
107 79 0.0505618
107 108 0.411765
107 138 0.0209424
107 139 0.281915
107 140 0.0126582
107 170 0.0473373
107 171 0.00636943
108 76 0.108974
108 77 0.0118343
108 79 0.00645161
108 107 0.411765
108 139 0.0363636
108 140 0.00740741
108 170 0.10274
109 46 0.12
109 78 0.0894309
109 79 0.0234375
109 140 0.324074
110 48 0.00714286
110 79 0.155556
110 80 0.0352423
110 111 0.0337079
110 139 0.0210526
110 140 0.20625
110 141 0.219512
110 142 0.16
110 143 0.0205128
110 170 0.00584795
110 171 0.0503145
110 172 0.035503
110 174 0.049505
111 49 0.0097561
111 79 0.011236
111 80 0.337778
111 81 0.068323
111 82 0.0112994
111 110 0.0337079
111 112 0.0364963
111 140 0.0379747
111 142 0.132948
111 143 0.0207254
111 176 0.00478469
112 80 0.00537634
112 81 0.245902
112 82 0.0144928
112 111 0.0364963
112 113 0.00813008
112 143 0.168831
113 51 0.1133
113 52 0.0324675
113 82 0.374233
113 83 0.0143885
113 112 0.00813008
113 114 0.0245902
113 115 0.025
113 144 0.0194805
113 176 0.102564
114 52 0.0390625
114 82 0.00729927
114 83 0.327434
114 84 0.0272109
114 113 0.0245902
114 115 0.134328
114 144 0.0859375
114 145 0.0155039
114 146 0.017094
114 176 0.112426
115 82 0.04
115 83 0.0993377
115 84 0.151351
115 85 0.0287356
115 113 0.025
115 114 0.134328
115 116 0.0402685
115 117 0.0478723
115 144 0.0060241
115 145 0.221557
115 146 0.277419
115 147 0.161074
115 175 0.0115607
115 176 0.0531401
115 177 0.00666667
115 178 0.0144928
116 54 0.0299401
116 55 0.0666667
116 84 0.0185185
116 85 0.10596
116 86 0.0609137
116 87 0.0145985
116 115 0.0402685
116 117 0.272727
116 145 0.00694444
116 146 0.151515
116 147 0.0396825
116 148 0.106667
116 178 0.0521739
117 54 0.0145631
117 55 0.0228311
117 84 0.0497512
117 85 0.468421
117 86 0.059322
117 87 0.0795455
117 115 0.0478723
117 116 0.272727
117 118 0.0648148
117 146 0.128655
117 147 0.0909091
117 148 0.206349
117 149 0.0287081
117 177 0.0060241
117 178 0.0844156
118 57 0.00809717
118 86 0.149194
118 87 0.191489
118 88 0.0205128
118 89 0.00465116
118 117 0.0648148
118 119 0.107692
118 120 0.0944882
118 148 0.144279
118 149 0.0588235
118 150 0.1
118 151 0.143646
118 181 0.179825
118 182 0.00531915
119 55 0.00505051
119 57 0.257009
119 86 0.176744
119 87 0.0322581
119 88 0.0493827
119 89 0.142857
119 118 0.107692
119 120 0.131222
119 150 0.00729927
119 151 0.0202703
120 57 0.021978
120 87 0.0046729
120 88 0.122172
120 89 0.207469
120 90 0.0326531
120 91 0.0326087
120 118 0.0944882
120 119 0.131222
120 121 0.149123
120 150 0.142857
120 151 0.207729
120 152 0.143443
120 181 0.0511811
120 183 0.0338346
120 184 0.00680272
121 88 0.00591716
121 89 0.047619
121 90 0.0984456
121 91 0.1875
121 120 0.149123
121 122 0.0194805
121 123 0.019802
121 150 0.0208333
121 152 0.130208
121 153 0.0196078
121 183 0.0186916
121 184 0.165289
122 60 0.0227273
122 90 0.152047
122 91 0.0990099
122 92 0.0723684
122 121 0.0194805
122 123 0.327778
122 152 0.0470588
122 153 0.0305344
122 154 0.0898876
122 184 0.0227273
123 90 0.00456621
123 91 0.124
123 92 0.2
123 121 0.019802
123 122 0.327778
123 152 0.0229358
123 153 0.0223464
123 154 0.314159
123 184 0.0335821
123 185 0.0255102
124 62 0.0581395
124 93 0.18705
124 94 0.0150376
124 125 0.123457
124 126 0.0192308
124 155 0.00892857
124 156 0.0125786
125 93 0.174603
125 94 0.0273224
125 124 0.123457
125 126 0.0873786
125 127 0.0157895
125 155 0.104938
125 156 0.157895
125 157 0.0232558
125 186 0.0689655
125 187 0.0213904
125 188 0.0301205
126 64 0.0333333
126 93 0.0437158
126 94 0.378531
126 95 0.121622
126 96 0.00578035
126 124 0.0192308
126 125 0.0873786
126 127 0.0923913
127 64 0.0304878
127 94 0.0248447
127 95 0.00757576
127 96 0.394904
127 98 0.00617284
127 125 0.0157895
127 126 0.0923913
127 128 0.03125
127 157 0.00934579
127 158 0.191257
128 67 0.031746
128 96 0.295302
128 97 0.0521739
128 98 0.0844156
128 127 0.03125
128 129 0.0532544
128 158 0.0628571
128 159 0.169811
128 189 0.00813008
128 191 0.00671141
129 67 0.013986
129 97 0.0151515
129 98 0.0584795
129 99 0.089172
129 100 0.0511364
129 101 0.0128205
129 128 0.0532544
129 130 0.184397
129 131 0.0510204
129 159 0.238636
129 161 0.0510949
129 162 0.0357143
129 191 0.0783133
129 192 0.011976
130 67 0.0408163
130 97 0.114943
130 129 0.184397
130 131 0.00662252
130 159 0.160305
130 161 0.0108696
130 191 0.00826446
131 67 0.00653595
131 70 0.00877193
131 71 0.00561798
131 99 0.011976
131 100 0.231183
131 101 0.439759
131 102 0.0659898
131 129 0.0510204
131 130 0.00662252
131 132 0.0333333
131 133 0.00628931
131 161 0.108844
131 163 0.0295567
131 164 0.00512821
132 70 0.00990099
132 71 0.0131579
132 72 0.00694444
132 101 0.00714286
132 102 0.192982
132 131 0.0333333
132 133 0.0977444
132 162 0.137097
132 163 0.305085
132 164 0.0177515
132 194 0.0298507
133 70 0.0165746
133 72 0.178862
133 101 0.0504202
133 102 0.286667
133 103 0.00813008
133 131 0.00628931
133 132 0.0977444
133 163 0.0128205
133 164 0.0743243
133 165 0.0298507
134 103 0.326733
134 165 0.160714
135 72 0.0763359
135 75 0.00746269
135 104 0.290076
135 105 0.00657895
135 136 0.00613497
135 137 0.120301
135 165 0.0352113
135 166 0.0709677
135 167 0.0512821
135 197 0.0447761
136 75 0.0118343
136 77 0.0394089
136 105 0.0106952
136 106 0.156863
136 135 0.00613497
136 137 0.416667
136 138 0.217822
136 167 0.0526316
136 168 0.127168
136 169 0.0361991
136 201 0.038835
137 75 0.0647482
137 77 0.017341
137 105 0.0382166
137 106 0.00813008
137 135 0.120301
137 136 0.416667
137 138 0.0290698
137 167 0.0327869
137 201 0.119318
138 74 0.04
138 76 0.0103093
138 77 0.202899
138 78 0.0159574
138 105 0.0418848
138 106 0.305732
138 107 0.0209424
138 136 0.217822
138 137 0.0290698
138 139 0.103448
138 169 0.04
138 201 0.0285714
139 77 0.102941
139 107 0.281915
139 108 0.0363636
139 110 0.0210526
139 138 0.103448
139 140 0.0882353
139 170 0.237569
139 171 0.207101
139 172 0.0223464
139 201 0.0289855
140 78 0.083871
140 79 0.1875
140 107 0.0126582
140 108 0.00740741
140 109 0.324074
140 110 0.20625
140 111 0.0379747
140 139 0.0882353
140 142 0.0129032
140 171 0.100719
140 172 0.033557
141 110 0.219512
141 142 0.0125786
141 143 0.0335196
141 170 0.0129032
141 172 0.228758
141 174 0.112903
142 79 0.00571429
142 110 0.16
142 111 0.132948
142 140 0.0129032
142 141 0.0125786
142 143 0.1
142 172 0.0487805
142 173 0.0451977
142 174 0.350254
143 82 0.0154639
143 110 0.0205128
143 111 0.0207254
143 112 0.168831
143 141 0.0335196
143 142 0.1
143 144 0.194595
143 173 0.0101523
143 174 0.327189
143 176 0.0530973
143 205 0.111801
144 113 0.0194805
144 114 0.0859375
144 115 0.0060241
144 143 0.194595
144 174 0.0520833
144 175 0.113772
144 176 0.477612
144 205 0.0147059
144 206 0.00546448
144 207 0.010989
144 208 0.0116959
145 84 0.0166667
145 114 0.0155039
145 115 0.221557
145 116 0.00694444
145 146 0.04
145 147 0.131944
145 175 0.0714286
145 176 0.019802
145 177 0.00689655
145 178 0.0300752
145 207 0.00546448
145 208 0.290698
145 209 0.0625
146 84 0.00595238
146 85 0.0509554
146 114 0.017094
146 115 0.277419
146 116 0.151515
146 117 0.128655
146 145 0.04
146 147 0.143939
146 148 0.025641
146 177 0.233083
146 178 0.14876
146 179 0.0734463
146 208 0.03125
147 84 0.0617284
147 85 0.0993377
147 87 0.00729927
147 115 0.161074
147 116 0.0396825
147 117 0.0909091
147 145 0.131944
147 146 0.143939
147 148 0.0866667
147 177 0.0393701
147 178 0.121739
147 179 0.116959
147 180 0.149425
147 208 0.0324675
147 209 0.0517241
148 85 0.0571429
148 86 0.0316742
148 87 0.21118
148 116 0.106667
148 117 0.206349
148 118 0.144279
148 146 0.025641
148 147 0.0866667
148 149 0.164948
148 178 0.0935252
148 179 0.0666667
148 180 0.020202
148 181 0.0497512
148 212 0.032967
149 117 0.0287081
149 118 0.0588235
149 148 0.164948
149 150 0.00613497
149 151 0.045977
149 178 0.0314465
149 179 0.102326
149 180 0.183486
149 181 0.108597
149 210 0.0208333
149 211 0.173184
149 212 0.361386
150 118 0.1
150 119 0.00729927
150 120 0.142857
150 121 0.0208333
150 149 0.00613497
150 151 0.0731707
150 152 0.03125
150 181 0.235294
150 182 0.0769231
150 183 0.131868
150 212 0.0331126
150 213 0.0503145
151 87 0.0141844
151 88 0.0337838
151 89 0.0238095
151 118 0.143646
151 119 0.0202703
151 120 0.207729
151 149 0.045977
151 150 0.0731707
151 152 0.0175439
151 181 0.160221
151 182 0.0921986
151 183 0.0621762
151 212 0.0185185
152 89 0.00487805
152 91 0.0125
152 120 0.143443
152 121 0.130208
152 122 0.0470588
152 123 0.0229358
152 150 0.03125
152 151 0.0175439
152 153 0.236686
152 182 0.0561798
152 183 0.213043
152 184 0.282946
152 185 0.00537634
152 213 0.0241546
152 214 0.0304569
153 121 0.0196078
153 122 0.0305344
153 123 0.0223464
153 152 0.236686
153 154 0.0338983
153 184 0.187215
153 185 0.22449
153 214 0.0126582
153 215 0.0374332
153 216 0.0518868
154 91 0.0322581
154 92 0.0909091
154 122 0.0898876
154 123 0.314159
154 153 0.0338983
154 184 0.146617
154 185 0.21134
154 216 0.003861
155 93 0.0359712
155 124 0.00892857
155 125 0.104938
155 156 0.257862
155 186 0.0967742
156 93 0.0645161
156 124 0.0125786
156 125 0.157895
156 155 0.257862
156 186 0.233918
156 187 0.0869565
156 188 0.0184049
156 217 0.0108696
156 218 0.0240964
157 125 0.0232558
157 127 0.00934579
157 158 0.0819672
157 187 0.105769
157 188 0.0120482
157 189 0.0571429
158 96 0.0174419
158 127 0.191257
158 128 0.0628571
158 157 0.0819672
158 159 0.0274725
158 187 0.00555556
158 188 0.0566038
158 189 0.212329
158 190 0.0298507
158 191 0.0174419
158 220 0.0682927
158 221 0.055
159 97 0.0245902
159 98 0.0124224
159 128 0.169811
159 129 0.238636
159 130 0.160305
159 158 0.0274725
159 189 0.0307692
159 191 0.115385
160 161 0.0402685
160 162 0.0131579
160 190 0.221429
160 191 0.303371
160 192 0.0391061
160 221 0.0291262
160 223 0.387255
160 224 0.00465116
161 100 0.00787402
161 101 0.0560748
161 129 0.0510949
161 130 0.0108696
161 131 0.108844
161 160 0.0402685
161 162 0.0879121
161 163 0.0347222
161 191 0.00854701
161 192 0.144068
162 129 0.0357143
162 132 0.137097
162 160 0.0131579
162 161 0.0879121
162 163 0.0340136
162 192 0.0330578
162 194 0.0288462
162 224 0.184713
163 102 0.0515464
163 131 0.0295567
163 132 0.305085
163 133 0.0128205
163 161 0.0347222
163 162 0.0340136
163 164 0.286458
163 194 0.089172
163 195 0.0186335
163 224 0.0619048
164 103 0.00628931
164 131 0.00512821
164 132 0.0177515
164 133 0.0743243
164 163 0.286458
164 165 0.141176
164 194 0.033557
164 195 0.20915
164 197 0.0308642
164 224 0.019802
165 102 0.00581395
165 103 0.213793
165 104 0.00689655
165 133 0.0298507
165 134 0.160714
165 135 0.0352113
165 164 0.141176
165 166 0.0295858
165 195 0.028777
165 196 0.0162602
165 197 0.155405
166 135 0.0709677
166 165 0.0295858
166 167 0.284722
166 196 0.147059
166 197 0.223602
166 227 0.103448
166 228 0.0215827
166 229 0.0284091
167 135 0.0512821
167 136 0.0526316
167 137 0.0327869
167 166 0.284722
167 168 0.291339
167 201 0.0625
167 228 0.019802
167 229 0.00724638
168 106 0.0546875
168 136 0.127168
168 167 0.291339
168 169 0.168367
168 198 0.0409836
168 199 0.0985916
168 201 0.038674
168 228 0.00819672
169 106 0.0284091
169 136 0.0361991
169 138 0.04
169 168 0.168367
169 171 0.0104712
169 199 0.0105263
169 200 0.385093
169 201 0.454148
169 230 0.0325581
169 233 0.00452489
170 107 0.0473373
170 108 0.10274
170 110 0.00584795
170 139 0.237569
170 141 0.0129032
170 171 0.173333
170 172 0.0375
170 201 0.0212766
170 202 0.0152672
170 203 0.038674
170 232 0.0320513
170 233 0.0333333
171 107 0.00636943
171 110 0.0503145
171 139 0.207101
171 140 0.100719
171 169 0.0104712
171 170 0.173333
171 172 0.0405405
171 200 0.00925926
171 201 0.0227273
171 202 0.117647
171 203 0.035503
172 110 0.035503
172 139 0.0223464
172 140 0.033557
172 141 0.228758
172 142 0.0487805
172 170 0.0375
172 171 0.0405405
172 173 0.0584795
172 174 0.026178
172 203 0.0391061
172 204 0.0801887
172 233 0.0561798
173 142 0.0451977
173 143 0.0101523
173 172 0.0584795
173 174 0.112745
173 203 0.03125
173 204 0.408889
174 110 0.049505
174 141 0.112903
174 142 0.350254
174 143 0.327189
174 144 0.0520833
174 172 0.026178
174 173 0.112745
174 175 0.00502513
174 204 0.0204082
174 205 0.0535714
174 237 0.0052356
175 115 0.0115607
175 144 0.113772
175 145 0.0714286
175 174 0.00502513
175 176 0.418269
175 206 0.0842105
175 207 0.164021
175 208 0.0674157
175 237 0.0301205
176 111 0.00478469
176 113 0.102564
176 114 0.112426
176 115 0.0531401
176 143 0.0530973
176 144 0.477612
176 145 0.019802
176 175 0.418269
176 177 0.00540541
176 207 0.00896861
176 208 0.0518868
176 237 0.01
177 115 0.00666667
177 117 0.0060241
177 145 0.00689655
177 146 0.233083
177 147 0.0393701
177 176 0.00540541
177 178 0.0689655
177 179 0.0348837
177 180 0.00571429
177 206 0.0419162
177 207 0.10241
177 208 0.212903
177 209 0.0342857
177 240 0.0655738
178 115 0.0144928
178 116 0.0521739
178 117 0.0844156
178 145 0.0300752
178 146 0.14876
178 147 0.121739
178 148 0.0935252
178 149 0.0314465
178 177 0.0689655
178 179 0.2125
178 180 0.153374
178 209 0.0184049
178 210 0.00729927
179 146 0.0734463
179 147 0.116959
179 148 0.0666667
179 149 0.102326
179 177 0.0348837
179 178 0.2125
179 180 0.383562
179 208 0.00502513
179 209 0.086758
179 210 0.0829016
179 211 0.0166667
179 212 0.0246305
179 239 0.0133929
179 240 0.0421687
180 147 0.149425
180 148 0.020202
180 149 0.183486
180 177 0.00571429
180 178 0.153374
180 179 0.383562
180 209 0.0900901
180 210 0.0459184
180 211 0.0327869
180 212 0.00970874
180 239 0.00440529
180 240 0.0177515
180 241 0.00938967
180 242 0.00497512
181 118 0.179825
181 120 0.0511811
181 148 0.0497512
181 149 0.108597
181 150 0.235294
181 151 0.160221
181 182 0.117021
181 183 0.025
181 210 0.0100503
181 211 0.0322581
181 212 0.229665
181 213 0.0737327
182 118 0.00531915
182 150 0.0769231
182 151 0.0921986
182 152 0.0561798
182 181 0.117021
182 183 0.295
182 184 0.00877193
182 211 0.0342466
182 212 0.0650888
182 213 0.0621469
182 243 0.0337079
182 244 0.164773
182 245 0.00526316
182 246 0.00456621
183 120 0.0338346
183 121 0.0186916
183 150 0.131868
183 151 0.0621762
183 152 0.213043
183 181 0.025
183 182 0.295
183 184 0.0928571
183 212 0.00904977
183 213 0.310044
183 214 0.141553
183 215 0.00806452
183 244 0.0438596
183 246 0.0184502
184 120 0.00680272
184 121 0.165289
184 122 0.0227273
184 123 0.0335821
184 152 0.282946
184 153 0.187215
184 154 0.146617
184 182 0.00877193
184 183 0.0928571
184 185 0.127119
184 213 0.00389105
184 214 0.0931174
184 215 0.0543478
184 216 0.152824
185 123 0.0255102
185 152 0.00537634
185 153 0.22449
185 154 0.21134
185 184 0.127119
185 215 0.0147059
185 216 0.253275
186 125 0.0689655
186 155 0.0967742
186 156 0.233918
186 187 0.00671141
186 188 0.015625
186 217 0.161074
187 125 0.0213904
187 156 0.0869565
187 157 0.105769
187 158 0.00555556
187 186 0.00671141
187 188 0.312057
187 189 0.0234375
187 217 0.037037
187 218 0.152778
187 219 0.0196078
187 220 0.0534759
187 250 0.0257732
188 125 0.0301205
188 156 0.0184049
188 157 0.0120482
188 158 0.0566038
188 186 0.015625
188 187 0.312057
188 220 0.138554
188 221 0.0124224
188 250 0.0520231
189 128 0.00813008
189 157 0.0571429
189 158 0.212329
189 159 0.0307692
189 187 0.0234375
189 220 0.111111
189 221 0.027027
190 158 0.0298507
190 160 0.221429
190 191 0.0648148
190 221 0.0661765
190 223 0.0149254
191 128 0.00671141
191 129 0.0783133
191 130 0.00826446
191 158 0.0174419
191 159 0.115385
191 160 0.303371
191 161 0.00854701
191 190 0.0648148
191 192 0.0408163
191 221 0.0402299
191 223 0.0697674
192 129 0.011976
192 160 0.0391061
192 161 0.144068
192 162 0.0330578
192 191 0.0408163
192 193 0.104478
192 222 0.00662252
192 223 0.127168
192 224 0.26087
192 253 0.0216216
193 192 0.104478
193 223 0.0566038
193 224 0.0647059
193 225 0.037037
193 254 0.351852
193 255 0.0991736
193 256 0.0428571
194 132 0.0298507
194 162 0.0288462
194 163 0.089172
194 164 0.033557
194 195 0.0169492
194 224 0.197605
194 256 0.0218978
195 163 0.0186335
195 164 0.20915
195 165 0.028777
195 194 0.0169492
195 196 0.132075
195 197 0.0381679
195 224 0.00584795
195 225 0.0122699
195 227 0.0555556
195 256 0.0212766
195 258 0.0616438
196 165 0.0162602
196 166 0.147059
196 195 0.132075
196 226 0.150538
196 227 0.125
196 229 0.0615385
196 257 0.00826446
196 258 0.1
196 259 0.008
197 135 0.0447761
197 164 0.0308642
197 165 0.155405
197 166 0.223602
197 195 0.0381679
197 227 0.169935
198 168 0.0409836
198 199 0.431034
198 228 0.0104167
198 261 0.0225564
199 168 0.0985916
199 169 0.0105263
199 198 0.431034
199 201 0.00571429
199 228 0.12931
199 230 0.0372671
199 260 0.0676692
199 261 0.0457516
200 169 0.385093
200 171 0.00925926
200 201 0.0410959
200 202 0.0449438
200 230 0.030303
201 136 0.038835
201 137 0.119318
201 138 0.0285714
201 139 0.0289855
201 167 0.0625
201 168 0.038674
201 169 0.454148
201 170 0.0212766
201 171 0.0227273
201 199 0.00571429
201 200 0.0410959
201 230 0.155
201 233 0.00485437
202 170 0.0152672
202 171 0.117647
202 200 0.0449438
202 203 0.32
202 230 0.048951
202 232 0.008
202 233 0.0604027
203 170 0.038674
203 171 0.035503
203 172 0.0391061
203 173 0.03125
203 202 0.32
203 204 0.0643777
203 232 0.0171429
203 233 0.321608
203 234 0.0213904
203 267 0.0180995
204 172 0.0801887
204 173 0.408889
204 174 0.0204082
204 203 0.0643777
204 205 0.116402
204 234 0.0590909
204 235 0.208163
204 236 0.00492611
204 267 0.0511811
205 143 0.111801
205 144 0.0147059
205 174 0.0535714
205 204 0.116402
205 235 0.047619
205 236 0.0396825
205 237 0.0962963
206 144 0.00546448
206 175 0.0842105
206 177 0.0419162
206 207 0.321951
206 208 0.0154639
206 235 0.00465116
206 237 0.401099
206 238 0.00578035
206 240 0.0186335
206 268 0.215
206 269 0.0855615
206 270 0.07
207 144 0.010989
207 145 0.00546448
207 175 0.164021
207 176 0.00896861
207 177 0.10241
207 206 0.321951
207 208 0.0880829
207 209 0.0469484
207 237 0.0773481
207 238 0.145349
207 239 0.00917431
207 240 0.15625
207 268 0.0150754
207 269 0.0806452
207 270 0.0703518
208 144 0.0116959
208 145 0.290698
208 146 0.03125
208 147 0.0324675
208 175 0.0674157
208 176 0.0518868
208 177 0.212903
208 179 0.00502513
208 206 0.0154639
208 207 0.0880829
208 209 0.277228
208 238 0.0372671
208 239 0.0193237
208 240 0.100671
209 145 0.0625
209 147 0.0517241
209 177 0.0342857
209 178 0.0184049
209 179 0.086758
209 180 0.0900901
209 207 0.0469484
209 208 0.277228
209 238 0.0276243
209 239 0.167401
209 240 0.0710059
209 241 0.00469484
209 271 0.00483092
210 149 0.0208333
210 178 0.00729927
210 179 0.0829016
210 180 0.0459184
210 181 0.0100503
210 211 0.140127
210 212 0.205556
210 241 0.203209
210 242 0.36
210 243 0.00529101
210 272 0.0102041
210 273 0.11399
211 149 0.173184
211 179 0.0166667
211 180 0.0327869
211 181 0.0322581
211 182 0.0342466
211 210 0.140127
211 212 0.293413
211 213 0.0114286
211 241 0.0862069
211 242 0.0493827
211 243 0.125
211 244 0.0287356
211 273 0.0777778
211 274 0.00588235
212 148 0.032967
212 149 0.361386
212 150 0.0331126
212 151 0.0185185
212 179 0.0246305
212 180 0.00970874
212 181 0.229665
212 182 0.0650888
212 183 0.00904977
212 210 0.205556
212 211 0.293413
212 213 0.0353535
212 241 0.00507614
212 242 0.0756757
212 243 0.00502513
212 244 0.071066
212 273 0.0197044
213 150 0.0503145
213 152 0.0241546
213 181 0.0737327
213 182 0.0621469
213 183 0.310044
213 184 0.00389105
213 211 0.0114286
213 212 0.0353535
213 214 0.137755
213 243 0.0917874
213 244 0.229268
213 245 0.0593607
213 246 0.0927419
213 273 0.0331754
214 152 0.0304569
214 153 0.0126582
214 183 0.141553
214 184 0.0931174
214 213 0.137755
214 215 0.153488
214 216 0.025
214 244 0.0153846
214 245 0.0430622
214 246 0.315126
214 247 0.00490196
215 153 0.0374332
215 183 0.00806452
215 184 0.0543478
215 185 0.0147059
215 214 0.153488
215 216 0.252788
215 245 0.092437
215 246 0.179775
215 247 0.201717
215 277 0.0188679
215 278 0.0945946
216 153 0.0518868
216 154 0.003861
216 184 0.152824
216 185 0.253275
216 214 0.025
216 215 0.252788
216 246 0.0171233
216 247 0.302326
216 278 0.0121457
217 156 0.0108696
217 186 0.161074
217 187 0.037037
217 218 0.0625
217 248 0.226804
217 279 0.161074
218 156 0.0240964
218 187 0.152778
218 217 0.0625
218 219 0.142857
218 220 0.00591716
218 248 0.159091
218 250 0.0340909
219 187 0.0196078
219 218 0.142857
219 220 0.173228
219 221 0.0163934
219 250 0.0149254
220 158 0.0682927
220 187 0.0534759
220 188 0.138554
220 189 0.111111
220 218 0.00591716
220 219 0.173228
220 221 0.154589
220 249 0.0130719
220 250 0.173516
220 252 0.0176471
220 282 0.00561798
221 158 0.055
221 160 0.0291262
221 188 0.0124224
221 189 0.027027
221 190 0.0661765
221 191 0.0402299
221 219 0.0163934
221 220 0.154589
221 223 0.01
221 249 0.0675676
221 250 0.0327103
221 252 0.0787879
221 253 0.146226
221 282 0.0115607
222 192 0.00662252
222 252 0.035461
222 253 0.382979
222 255 0.0797101
222 282 0.0134228
222 284 0.152381
223 160 0.387255
223 190 0.0149254
223 191 0.0697674
223 192 0.127168
223 193 0.0566038
223 221 0.01
223 224 0.0191388
223 252 0.0122699
223 253 0.12381
223 254 0.00680272
223 255 0.10625
224 160 0.00465116
224 162 0.184713
224 163 0.0619048
224 164 0.019802
224 192 0.26087
224 193 0.0647059
224 194 0.197605
224 195 0.00584795
224 223 0.0191388
224 225 0.00943396
224 254 0.00632911
224 256 0.0421053
225 193 0.037037
225 195 0.0122699
225 224 0.00943396
225 226 0.00666667
225 254 0.153333
225 255 0.0490798
225 256 0.384615
225 257 0.0505618
225 258 0.144385
225 287 0.0422535
226 196 0.150538
226 225 0.00666667
226 227 0.0229008
226 229 0.0075188
226 257 0.0564516
226 258 0.413534
226 259 0.03125
226 290 0.0107527
227 166 0.103448
227 195 0.0555556
227 196 0.125
227 197 0.169935
227 226 0.0229008
227 229 0.130952
227 257 0.0880503
227 258 0.166667
228 166 0.0215827
228 167 0.019802
228 168 0.00819672
228 198 0.0104167
228 199 0.12931
228 229 0.0902256
228 259 0.21875
228 260 0.0530973
228 261 0.0451128
228 291 0.0217391
228 292 0.043956
229 166 0.0284091
229 167 0.00724638
229 196 0.0615385
229 226 0.0075188
229 227 0.130952
229 228 0.0902256
229 257 0.0993789
229 258 0.0647059
229 259 0.309091
229 260 0.0266667
229 290 0.00769231
229 292 0.0078125
230 169 0.0325581
230 199 0.0372671
230 200 0.030303
230 201 0.155
230 202 0.048951
230 231 0.149606
230 232 0.14881
230 233 0.125
230 260 0.0506329
230 262 0.0471204
230 263 0.011236
231 230 0.149606
231 232 0.0825688
231 262 0.113636
231 263 0.0168067
231 293 0.0151515
232 170 0.0320513
232 202 0.008
232 203 0.0171429
232 230 0.14881
232 231 0.0825688
232 233 0.298851
232 262 0.017341
232 263 0.0375
232 264 0.181818
233 169 0.00452489
233 170 0.0333333
233 172 0.0561798
233 201 0.00485437
233 202 0.0604027
233 203 0.321608
233 230 0.125
233 232 0.298851
233 234 0.0698925
233 262 0.00507614
233 263 0.0271739
233 264 0.026455
233 296 0.0124224
234 203 0.0213904
234 204 0.0590909
234 233 0.0698925
234 235 0.0251256
234 263 0.0232558
234 264 0.271186
234 267 0.201923
234 296 0.100671
234 297 0.0208333
235 204 0.208163
235 205 0.047619
235 206 0.00465116
235 234 0.0251256
235 236 0.263736
235 237 0.0157068
235 266 0.00598802
235 267 0.304721
235 268 0.0334928
235 298 0.0611354
236 204 0.00492611
236 205 0.0396825
236 235 0.263736
236 237 0.0469799
236 266 0.008
236 268 0.233533
236 298 0.0106952
237 174 0.0052356
237 175 0.0301205
237 176 0.01
237 205 0.0962963
237 206 0.401099
237 207 0.0773481
237 235 0.0157068
237 236 0.0469799
237 268 0.0795455
238 206 0.00578035
238 207 0.145349
238 208 0.0372671
238 209 0.0276243
238 239 0.198925
238 240 0.0625
238 268 0.00598802
238 269 0.0779221
238 270 0.311377
238 271 0.114458
238 301 0.0136986
239 179 0.0133929
239 180 0.00440529
239 207 0.00917431
239 208 0.0193237
239 209 0.167401
239 238 0.198925
239 240 0.143678
239 241 0.0642202
239 269 0.01
239 270 0.00938967
239 271 0.273585
239 272 0.145374
239 301 0.00520833
239 302 0.00813008
240 177 0.0655738
240 179 0.0421687
240 180 0.0177515
240 206 0.0186335
240 207 0.15625
240 208 0.100671
240 209 0.0710059
240 238 0.0625
240 239 0.143678
240 241 0.00625
240 269 0.119718
240 270 0.0322581
240 271 0.116883
240 272 0.0177515
241 180 0.00938967
241 209 0.00469484
241 210 0.203209
241 211 0.0862069
241 212 0.00507614
241 239 0.0642202
241 240 0.00625
241 242 0.114583
241 271 0.050505
241 272 0.234742
241 273 0.157143
241 274 0.03
241 302 0.00431034
241 303 0.0765027
241 304 0.0211864
241 305 0.0100503
242 180 0.00497512
242 210 0.36
242 211 0.0493827
242 212 0.0756757
242 241 0.114583
242 243 0.0463918
242 244 0.0208333
242 272 0.00995025
242 273 0.393939
242 274 0.0106383
243 182 0.0337079
243 210 0.00529101
243 211 0.125
243 212 0.00502513
243 213 0.0917874
243 242 0.0463918
243 244 0.305825
243 245 0.0409091
243 246 0.00401606
243 273 0.226415
243 274 0.29703
243 275 0.13913
243 276 0.0677083
244 182 0.164773
244 183 0.0438596
244 211 0.0287356
244 212 0.071066
244 213 0.229268
244 214 0.0153846
244 242 0.0208333
244 243 0.305825
244 245 0.123853
244 246 0.0283401
244 273 0.0714286
244 274 0.03
244 275 0.0438596
244 276 0.0368421
245 182 0.00526316
245 213 0.0593607
245 214 0.0430622
245 215 0.092437
245 243 0.0409091
245 244 0.123853
245 246 0.425287
245 275 0.0991736
245 276 0.215686
245 277 0.0679612
245 278 0.0601852
245 307 0.00763359
245 308 0.0958333
246 182 0.00456621
246 183 0.0184502
246 213 0.0927419
246 214 0.315126
246 215 0.179775
246 216 0.0171233
246 243 0.00401606
246 244 0.0283401
246 245 0.425287
246 247 0.0234375
246 275 0.0110701
246 276 0.0429185
246 277 0.0765957
246 278 0.0612245
246 309 0.0103093
247 214 0.00490196
247 215 0.201717
247 216 0.302326
247 246 0.0234375
247 277 0.134328
247 278 0.255924
247 309 0.0350195
248 217 0.226804
248 218 0.159091
248 250 0.0575221
248 279 0.18232
248 280 0.0691489
248 281 0.00588235
248 310 0.0348259
248 311 0.0138889
249 220 0.0130719
249 221 0.0675676
249 250 0.3875
249 280 0.00819672
250 187 0.0257732
250 188 0.0520231
250 218 0.0340909
250 219 0.0149254
250 220 0.173516
250 221 0.0327103
250 248 0.0575221
250 249 0.3875
250 251 0.0720339
250 280 0.0585106
250 281 0.00588235
