0 1 0.0833333
0 47 0.0277778
0 48 0.128571
0 49 0.0107527
1 0 0.0833333
1 3 0.146789
1 48 0.177215
1 49 0.135135
2 3 0.126437
2 48 0.0661765
2 50 0.00943396
2 51 0.0531915
3 1 0.146789
3 2 0.126437
3 4 0.120879
3 48 0.00653595
3 49 0.00943396
3 51 0.036036
3 52 0.0625
4 3 0.120879
4 6 0.0506329
4 52 0.114504
5 6 0.0405405
5 7 0.0208333
5 51 0.172043
5 52 0.0555556
5 54 0.0824742
6 4 0.0506329
6 5 0.0405405
6 7 0.313726
6 52 0.0606061
7 5 0.0208333
7 6 0.313726
7 8 0.263158
7 54 0.032
8 7 0.263158
8 9 0.162963
8 54 0.00869565
9 8 0.162963
9 10 0.179856
9 54 0.116438
9 55 0.141593
9 58 0.0592105
10 9 0.179856
10 12 0.0827068
10 58 0.112
10 60 0.00854701
11 12 0.192982
11 58 0.169811
12 10 0.0827068
12 11 0.192982
12 58 0.0890411
12 60 0.217391
13 14 0.13
13 60 0.205607
14 13 0.13
14 16 0.0792079
14 60 0.0347826
14 61 0.173228
14 63 0.00735294
15 62 0.0537634
15 63 0.238938
16 14 0.0792079
16 63 0.20155
17 18 0.0123457
17 62 0.0990099
17 63 0.0991736
17 65 0.178295
18 17 0.0123457
18 19 0.0803571
18 65 0.25
18 66 0.0542636
19 18 0.0803571
19 21 0.0828025
19 65 0.1125
19 66 0.133758
19 67 0.109489
20 21 0.0373832
20 67 0.252874
20 69 0.0116279
21 19 0.0828025
21 20 0.0373832
21 67 0.24026
21 68 0.0886076
21 69 0.111111
22 23 0.0506329
22 69 0.17757
22 70 0.218391
23 22 0.0506329
23 24 0.091954
23 70 0.202381
23 71 0.107143
24 23 0.091954
24 25 0.149606
24 26 0.0141844
24 71 0.0650406
24 72 0.118881
25 24 0.149606
25 26 0.276471
25 27 0.132948
25 72 0.0348837
26 24 0.0141844
26 25 0.276471
26 27 0.122995
26 28 0.0430622
26 72 0.0645161
26 74 0.00775194
27 25 0.132948
27 26 0.122995
27 28 0.231132
27 72 0.00529101
27 74 0.136364
28 26 0.0430622
28 27 0.231132
28 29 0.180791
28 74 0.00649351
28 75 0.0788382
28 76 0.0938776
28 77 0.0630252
29 28 0.180791
29 30 0.0280374
29 31 0.00662252
29 76 0.0212766
29 77 0.314917
30 29 0.0280374
30 31 0.0652174
30 76 0.217143
30 77 0.25
30 78 0.139175
31 29 0.00662252
31 30 0.0652174
31 32 0.148352
31 77 0.0849057
31 78 0.289916
31 79 0.0742574
31 80 0.0559006
32 31 0.148352
32 33 0.314815
32 34 0.0121212
32 35 0.00518135
32 78 0.0630252
32 79 0.0792079
32 80 0.453416
33 32 0.314815
33 34 0.331658
33 35 0.378855
33 36 0.00458716
33 79 0.059322
33 80 0.189744
33 83 0.0152672
34 32 0.0121212
34 33 0.331658
34 35 0.284091
34 36 0.113772
34 80 0.0416667
34 82 0.013986
34 83 0.109005
35 32 0.00518135
35 33 0.378855
35 34 0.284091
35 36 0.169231
35 37 0.0253807
35 80 0.0406977
35 83 0.175732
36 33 0.00458716
36 34 0.113772
36 35 0.169231
36 37 0.287234
36 82 0.117284
36 83 0.282609
36 84 0.00662252
36 85 0.0052356
37 35 0.0253807
37 36 0.287234
37 82 0.0304878
37 83 0.219828
37 84 0.287582
37 85 0.139896
37 86 0.0363636
38 39 0.142241
38 40 0.35
38 84 0.1125
38 85 0.045
38 86 0.151163
38 87 0.00657895
38 88 0.00925926
39 38 0.142241
39 40 0.163462
39 41 0.0518868
39 87 0.377778
39 88 0.151639
40 38 0.35
40 39 0.163462
40 86 0.0945946
40 87 0.03125
40 88 0.0208333
41 39 0.0518868
41 42 0.208556
41 43 0.0670391
41 87 0.0227273
41 88 0.0153061
42 41 0.208556
42 43 0.292079
42 89 0.233766
42 91 0.0194175
43 41 0.0670391
43 42 0.292079
43 44 0.0994152
43 45 0.0337079
43 89 0.00684932
43 90 0.129252
43 91 0.0606061
44 43 0.0994152
44 45 0.154839
44 46 0.0196078
44 90 0.0483871
44 93 0.0684211
45 43 0.0337079
45 44 0.154839
45 46 0.0625
45 93 0.182741
46 44 0.0196078
46 45 0.0625
46 92 0.175573
46 93 0.276923
47 0 0.0277778
47 48 0.188235
47 94 0.165414
47 95 0.0366972
48 0 0.128571
48 1 0.177215
48 2 0.0661765
48 3 0.00653595
48 47 0.188235
48 49 0.251613
48 94 0.0121212
48 95 0.0283688
48 97 0.0117647
49 0 0.0107527
49 1 0.135135
49 3 0.00943396
49 48 0.251613
49 50 0.128
49 95 0.0212766
49 97 0.0325203
50 2 0.00943396
50 49 0.128
50 51 0.00769231
50 52 0.0490798
50 97 0.285714
50 99 0.191176
51 2 0.0531915
51 3 0.036036
51 5 0.172043
51 50 0.00769231
51 52 0.324503
51 97 0.015625
51 99 0.00806452
52 3 0.0625
52 4 0.114504
52 5 0.0555556
52 6 0.0606061
52 50 0.0490798
52 51 0.324503
52 97 0.0434783
52 99 0.10828
52 100 0.00636943
53 99 0.0645161
53 100 0.0967742
54 5 0.0824742
54 7 0.032
54 8 0.00869565
54 9 0.116438
54 55 0.182796
54 100 0.0546875
54 101 0.203125
55 9 0.141593
55 54 0.182796
56 57 0.109756
56 103 0.0648148
57 56 0.109756
57 58 0.176
57 59 0.0927835
57 103 0.195652
57 106 0.025
58 9 0.0592105
58 10 0.112
58 11 0.169811
58 12 0.0890411
58 57 0.176
58 103 0.0529801
58 104 0.00735294
58 105 0.104
58 106 0.037594
59 57 0.0927835
59 106 0.342857
60 10 0.00854701
60 12 0.217391
60 13 0.205607
60 14 0.0347826
60 61 0.0149254
60 106 0.008
61 14 0.173228
61 60 0.0149254
61 63 0.0193548
61 106 0.00729927
61 107 0.142045
61 108 0.0217391
61 109 0.183099
61 110 0.0124224
62 15 0.0537634
62 17 0.0990099
62 63 0.166667
62 109 0.0152672
62 110 0.133333
63 14 0.00735294
63 15 0.238938
63 16 0.20155
63 17 0.0991736
63 61 0.0193548
63 62 0.166667
63 109 0.172185
63 110 0.0352941
64 65 0.0542636
64 66 0.0714286
64 111 0.189189
65 17 0.178295
65 18 0.25
65 19 0.1125
65 64 0.0542636
65 66 0.0847458
65 67 0.0254777
65 111 0.00502513
65 113 0.0536585
66 18 0.0542636
66 19 0.133758
66 64 0.0714286
66 65 0.0847458
66 111 0.102041
66 113 0.232673
66 115 0.00531915
67 19 0.109489
67 20 0.252874
67 21 0.24026
67 65 0.0254777
67 68 0.0289855
67 113 0.0879121
67 115 0.0357143
68 21 0.0886076
68 67 0.0289855
68 69 0.0510949
68 113 0.0537634
68 115 0.110465
68 116 0.00666667
69 20 0.0116279
69 21 0.111111
69 22 0.17757
69 68 0.0510949
69 116 0.0413793
70 22 0.218391
70 23 0.202381
70 71 0.0666667
70 116 0.08
70 117 0.019802
71 23 0.107143
71 24 0.0650406
71 70 0.0666667
71 72 0.0595238
71 118 0.0238095
71 119 0.271676
72 24 0.118881
72 25 0.0348837
72 26 0.0645161
72 27 0.00529101
72 71 0.0595238
72 119 0.238342
72 120 0.0358974
72 121 0.0387931
73 74 0.190476
73 120 0.0188679
74 26 0.00775194
74 27 0.136364
74 28 0.00649351
74 73 0.190476
74 75 0.0248447
74 120 0.289855
74 121 0.0342857
75 28 0.0788382
75 74 0.0248447
75 76 0.126984
75 77 0.0122449
75 120 0.08
75 121 0.187023
75 122 0.0384615
75 123 0.304545
76 28 0.0938776
76 29 0.0212766
76 30 0.217143
76 75 0.126984
76 77 0.240964
76 78 0.0254545
76 123 0.0446429
76 124 0.0485437
76 125 0.015873
77 28 0.0630252
77 29 0.314917
77 30 0.25
77 31 0.0849057
77 75 0.0122449
77 76 0.240964
77 78 0.190299
77 123 0.00460829
77 125 0.0549451
78 30 0.139175
78 31 0.289916
78 32 0.0630252
78 76 0.0254545
78 77 0.190299
78 79 0.205426
78 80 0.0138249
78 124 0.0222222
78 125 0.192308
78 127 0.069869
79 31 0.0742574
79 32 0.0792079
79 33 0.059322
79 78 0.205426
79 80 0.110497
79 125 0.261628
79 126 0.0465116
79 127 0.196891
79 129 0.0392157
80 31 0.0559006
80 32 0.453416
80 33 0.189744
80 34 0.0416667
80 35 0.0406977
80 78 0.0138249
80 79 0.110497
80 81 0.00769231
80 125 0.00763359
80 127 0.00657895
80 129 0.0368098
81 80 0.00769231
81 82 0.0542636
81 127 0.176056
81 128 0.19403
81 129 0.0915033
82 34 0.013986
82 36 0.117284
82 37 0.0304878
82 81 0.0542636
82 83 0.242718
82 85 0.0179641
82 128 0.180952
82 129 0.0246914
82 130 0.155689
82 131 0.00769231
83 33 0.0152672
83 34 0.109005
83 35 0.175732
83 36 0.282609
83 37 0.219828
83 82 0.242718
83 84 0.0153846
83 85 0.0638298
83 128 0.104317
83 129 0.0608696
83 130 0.187234
84 36 0.00662252
84 37 0.287582
84 38 0.1125
84 83 0.0153846
84 85 0.121795
84 86 0.0234375
84 131 0.00840336
84 132 0.0240385
85 36 0.0052356
85 37 0.139896
85 38 0.045
85 82 0.0179641
85 83 0.0638298
85 84 0.121795
85 86 0.0892857
85 130 0.183673
85 131 0.314465
85 132 0.278226
86 37 0.0363636
86 38 0.151163
86 40 0.0945946
86 84 0.0234375
86 85 0.0892857
86 130 0.0119048
86 131 0.00763359
86 132 0.395455
87 38 0.00657895
87 39 0.377778
87 40 0.03125
87 41 0.0227273
87 88 0.054878
87 132 0.005
87 133 0.057971
87 134 0.0153846
87 135 0.0641026
88 38 0.00925926
88 39 0.151639
88 40 0.0208333
88 41 0.0153061
88 87 0.054878
88 89 0.0306748
88 133 0.158416
88 134 0.42268
88 135 0.35
88 136 0.0714286
89 42 0.233766
89 43 0.00684932
89 88 0.0306748
89 91 0.06
89 134 0.0387597
89 135 0.0322581
89 136 0.310345
89 137 0.0205479
90 43 0.129252
90 44 0.0483871
90 91 0.013245
90 136 0.00684932
90 137 0.0680272
90 138 0.115385
91 42 0.0194175
91 43 0.0606061
91 89 0.06
91 90 0.013245
91 136 0.187817
91 137 0.252525
91 138 0.107296
91 139 0.0662983
92 46 0.175573
92 93 0.0119048
92 140 0.308642
93 44 0.0684211
93 45 0.182741
93 46 0.276923
93 92 0.0119048
93 138 0.0282258
93 139 0.0663265
93 140 0.181416
94 47 0.165414
94 48 0.0121212
94 95 0.125
94 96 0.05
94 142 0.215686
94 143 0.00900901
95 47 0.0366972
95 48 0.0283688
95 49 0.0212766
95 94 0.125
95 96 0.104167
95 97 0.100917
96 94 0.05
96 95 0.104167
96 97 0.048
96 98 0.097561
96 143 0.0679612
96 144 0.1875
97 48 0.0117647
97 49 0.0325203
97 50 0.285714
97 51 0.015625
97 52 0.0434783
97 95 0.100917
97 96 0.048
97 144 0.016
98 96 0.097561
98 99 0.0227273
98 144 0.130081
98 145 0.0961538
98 146 0.158879
98 147 0.0601504
99 50 0.191176
99 51 0.00806452
99 52 0.10828
99 53 0.0645161
99 98 0.0227273
99 100 0.0846154
99 147 0.0229008
100 52 0.00636943
100 53 0.0967742
100 54 0.0546875
100 99 0.0846154
100 101 0.0769231
100 102 0.144928
100 147 0.0381679
101 54 0.203125
101 100 0.0769231
101 102 0.304348
101 103 0.0408163
101 148 0.0757576
101 150 0.0204082
102 100 0.144928
102 101 0.304348
102 103 0.135484
102 147 0.0359712
102 150 0.00645161
103 56 0.0648148
103 57 0.195652
103 58 0.0529801
103 101 0.0408163
103 102 0.135484
103 150 0.0670732
104 58 0.00735294
104 105 0.130081
104 150 0.0939597
104 151 0.297872
105 58 0.104
105 104 0.130081
105 152 0.126761
105 153 0.047619
105 154 0.0875912
106 57 0.025
106 58 0.037594
106 59 0.342857
106 60 0.008
106 61 0.00729927
106 107 0.0718563
106 108 0.139535
106 153 0.0671642
107 61 0.142045
107 106 0.0718563
107 108 0.309524
107 153 0.196532
107 154 0.0217391
107 155 0.0212766
108 61 0.0217391
108 106 0.139535
108 107 0.309524
108 109 0.00746269
108 110 0.0196078
108 155 0.0582524
109 61 0.183099
109 62 0.0152672
109 63 0.172185
109 108 0.00746269
109 110 0.197452
110 61 0.0124224
110 62 0.133333
110 63 0.0352941
110 108 0.0196078
110 109 0.197452
110 155 0.047619
110 157 0.21229
111 64 0.189189
111 65 0.00502513
111 66 0.102041
111 112 0.106383
111 113 0.0625
111 157 0.005
111 158 0.309942
111 159 0.162437
112 111 0.106383
112 113 0.0816327
112 158 0.0638298
112 160 0.00877193
113 65 0.0536585
113 66 0.232673
113 67 0.0879121
113 68 0.0537634
113 111 0.0625
113 112 0.0816327
113 115 0.157407
113 159 0.00985222
113 160 0.147208
114 115 0.376812
115 66 0.00531915
115 67 0.0357143
115 68 0.110465
115 113 0.157407
115 114 0.376812
115 160 0.0163934
115 161 0.0437158
115 163 0.0228571
116 68 0.00666667
116 69 0.0413793
116 70 0.08
116 117 0.171642
116 163 0.124183
116 164 0.162651
117 70 0.019802
117 116 0.171642
117 164 0.133803
117 165 0.217391
118 71 0.0238095
118 119 0.181347
118 165 0.145038
119 71 0.271676
119 72 0.238342
119 118 0.181347
119 166 0.0728477
119 168 0.00913242
120 72 0.0358974
120 73 0.0188679
120 74 0.289855
120 75 0.08
120 121 0.292887
120 167 0.0310881
120 168 0.171946
120 169 0.0209424
121 72 0.0387931
121 74 0.0342857
121 75 0.187023
121 120 0.292887
121 123 0.132479
121 167 0.0434783
121 168 0.0542636
122 75 0.0384615
122 123 0.195312
122 167 0.016129
122 170 0.0429448
123 75 0.304545
123 76 0.0446429
123 77 0.00460829
123 121 0.132479
123 122 0.195312
123 124 0.00574713
123 169 0.0107527
123 170 0.189427
124 76 0.0485437
124 78 0.0222222
124 123 0.00574713
124 169 0.0178571
124 170 0.167464
124 171 0.256545
124 172 0.133663
125 76 0.015873
125 77 0.0549451
125 78 0.192308
125 79 0.261628
125 80 0.00763359
125 126 0.0163934
125 127 0.034965
125 170 0.0625
125 171 0.0114943
125 172 0.2
125 173 0.0394737
126 79 0.0465116
126 125 0.0163934
126 127 0.041958
126 171 0.0229885
126 172 0.189189
126 173 0.342105
126 174 0.0494506
127 78 0.069869
127 79 0.196891
127 80 0.00657895
127 81 0.176056
127 125 0.034965
127 126 0.041958
127 128 0.112108
127 129 0.0857143
127 172 0.106796
127 173 0.138728
127 174 0.197044
127 175 0.0478723
128 81 0.19403
128 82 0.180952
128 83 0.104317
128 127 0.112108
128 129 0.401709
128 130 0.0585774
128 173 0.00431034
128 174 0.0267176
128 175 0.048583
128 176 0.0664062
128 177 0.0769231
129 79 0.0392157
129 80 0.0368098
129 81 0.0915033
129 82 0.0246914
129 83 0.0608696
129 127 0.0857143
129 128 0.401709
129 173 0.0217391
129 174 0.0046729
129 175 0.00502513
129 176 0.0144231
129 177 0.0141509
130 82 0.155689
130 83 0.187234
130 85 0.183673
130 86 0.0119048
130 128 0.0585774
130 131 0.176101
130 132 0.0282258
130 176 0.0187793
130 177 0.156682
130 178 0.254717
131 82 0.00769231
131 84 0.00840336
131 85 0.314465
131 86 0.00763359
131 130 0.176101
131 132 0.0521327
131 177 0.0166667
131 178 0.0571429
131 179 0.00588235
131 180 0.0294118
132 84 0.0240385
132 85 0.278226
132 86 0.395455
132 87 0.005
132 130 0.0282258
132 131 0.0521327
132 133 0.0504202
132 178 0.0454545
132 179 0.104247
132 180 0.0102389
133 87 0.057971
133 88 0.158416
133 132 0.0504202
133 134 0.154762
133 135 0.0360825
133 179 0.0203046
133 180 0.0909091
133 181 0.0277778
133 182 0.204878
134 87 0.0153846
134 88 0.42268
134 89 0.0387597
134 133 0.154762
134 135 0.129032
134 136 0.00568182
134 179 0.042328
134 180 0.00896861
134 181 0.0294118
134 182 0.111675
134 183 0.00483092
135 87 0.0641026
135 88 0.35
135 89 0.0322581
135 133 0.0360825
135 134 0.129032
135 136 0.0544554
135 137 0.044335
135 182 0.0627803
135 183 0.00429185
136 88 0.0714286
136 89 0.310345
136 90 0.00684932
136 91 0.187817
136 134 0.00568182
136 135 0.0544554
136 137 0.139896
136 182 0.0187793
136 183 0.2287
136 184 0.0294118
136 185 0.010989
137 89 0.0205479
137 90 0.0680272
137 91 0.252525
137 135 0.044335
137 136 0.139896
137 138 0.0262009
137 182 0.00934579
137 183 0.205357
137 184 0.0233918
137 185 0.0655738
137 186 0.0379147
138 90 0.115385
138 91 0.107296
138 93 0.0282258
138 137 0.0262009
138 139 0.103774
138 186 0.0609756
139 91 0.0662983
139 93 0.0663265
139 138 0.103774
139 140 0.00526316
139 185 0.0481928
139 186 0.128866
139 187 0.129187
140 92 0.308642
140 93 0.181416
140 139 0.00526316
140 187 0.213389
141 142 0.175
141 188 0.1625
141 189 0.166667
141 190 0.141732
142 94 0.215686
142 141 0.175
142 189 0.0232558
142 190 0.0487805
143 94 0.00900901
143 96 0.0679612
143 144 0.203883
143 145 0.0119048
143 189 0.0210526
143 190 0.0909091
144 96 0.1875
144 97 0.016
144 98 0.130081
144 143 0.203883
144 145 0.0752688
145 98 0.0961538
145 143 0.0119048
145 144 0.0752688
145 147 0.0291262
145 191 0.0660377
145 193 0.0927835
145 194 0.03125
146 98 0.158879
146 147 0.0566038
146 148 0.11215
147 98 0.0601504
147 99 0.0229008
147 100 0.0381679
147 102 0.0359712
147 145 0.0291262
147 146 0.0566038
147 148 0.0676692
147 194 0.112
147 196 0.113333
148 101 0.0757576
148 146 0.11215
148 147 0.0676692
148 149 0.0461538
148 195 0.0282486
148 196 0.258278
149 148 0.0461538
149 150 0.158621
149 195 0.150289
149 196 0.00680272
149 197 0.109756
149 198 0.0961538
150 101 0.0204082
150 102 0.00645161
150 103 0.0670732
150 104 0.0939597
150 149 0.158621
150 195 0.0208333
150 196 0.0722892
150 198 0.205714
151 104 0.297872
152 105 0.126761
152 153 0.0448718
152 154 0.0778443
152 198 0.150838
152 199 0.258824
152 200 0.0890411
153 105 0.047619
153 106 0.0671642
153 107 0.196532
153 152 0.0448718
153 154 0.271523
153 202 0.0661765
154 105 0.0875912
154 107 0.0217391
154 152 0.0778443
154 153 0.271523
154 155 0.10084
154 199 0.0181818
154 200 0.134752
154 202 0.142857
155 107 0.0212766
155 108 0.0582524
155 110 0.047619
155 154 0.10084
155 157 0.0620155
155 202 0.0865385
155 203 0.00671141
156 157 0.124031
156 203 0.0134228
156 204 0.160305
157 110 0.21229
157 111 0.005
157 155 0.0620155
157 156 0.124031
157 158 0.0588235
157 203 0.138614
158 111 0.309942
158 112 0.0638298
158 157 0.0588235
158 206 0.0178571
159 111 0.162437
159 113 0.00985222
159 160 0.1
159 205 0.206349
159 206 0.0507246
160 112 0.00877193
160 113 0.147208
160 115 0.0163934
160 159 0.1
160 161 0.0426829
160 205 0.0833333
160 206 0.121212
160 207 0.224638
161 115 0.0437158
161 160 0.0426829
161 162 0.25
161 207 0.15942
161 208 0.116788
161 209 0.203593
162 161 0.25
162 207 0.00980392
162 209 0.206107
163 115 0.0228571
163 116 0.124183
163 164 0.192547
163 209 0.0377358
164 116 0.162651
164 117 0.133803
164 163 0.192547
164 209 0.0639535
164 210 0.0507246
164 211 0.04
165 117 0.217391
165 118 0.145038
165 212 0.0985916
165 213 0.00793651
166 119 0.0728477
166 167 0.0208333
166 168 0.0116279
166 214 0.153226
167 120 0.0310881
167 121 0.0434783
167 122 0.016129
167 166 0.0208333
167 168 0.471698
167 169 0.010989
167 214 0.00609756
167 215 0.154412
167 216 0.0633484
168 119 0.00913242
168 120 0.171946
168 121 0.0542636
168 166 0.0116279
168 167 0.471698
168 169 0.0952381
168 214 0.0625
168 215 0.0121951
168 216 0.0441767
168 217 0.00353357
169 120 0.0209424
169 123 0.0107527
169 124 0.0178571
169 167 0.010989
169 168 0.0952381
169 170 0.00452489
169 171 0.00492611
169 216 0.351598
169 217 0.126482
169 218 0.00518135
169 219 0.0104167
170 122 0.0429448
170 123 0.189427
170 124 0.167464
170 125 0.0625
170 169 0.00452489
170 171 0.139344
170 172 0.0352941
170 216 0.0346154
170 218 0.0299145
170 219 0.0171674
171 124 0.256545
171 125 0.0114943
171 126 0.0229885
171 169 0.00492611
171 170 0.139344
171 172 0.147679
171 173 0.00490196
171 216 0.0454545
171 218 0.319444
171 219 0.372093
171 220 0.0408163
172 124 0.133663
172 125 0.2
172 126 0.189189
172 127 0.106796
172 170 0.0352941
172 171 0.147679
172 173 0.246512
172 174 0.0285714
172 218 0.0132159
172 219 0.00442478
172 220 0.0917874
173 125 0.0394737
173 126 0.342105
173 127 0.138728
173 128 0.00431034
173 129 0.0217391
173 171 0.00490196
173 172 0.246512
173 174 0.245283
173 175 0.0507614
173 220 0.0977011
173 221 0.0125786
174 126 0.0494506
174 127 0.197044
174 128 0.0267176
174 129 0.0046729
174 172 0.0285714
174 173 0.245283
174 175 0.374449
174 176 0.0805085
174 220 0.0441176
174 221 0.021164
174 222 0.0228571
175 127 0.0478723
175 128 0.048583
175 129 0.00502513
175 173 0.0507614
175 174 0.374449
175 176 0.316742
175 177 0.0311111
175 221 0.0229885
175 222 0.05
175 223 0.00617284
176 128 0.0664062
176 129 0.0144231
176 130 0.0187793
176 174 0.0805085
176 175 0.316742
176 177 0.205128
176 178 0.0305677
176 221 0.00546448
176 222 0.035503
176 223 0.0818713
176 224 0.113043
177 128 0.0769231
177 129 0.0141509
177 130 0.156682
177 131 0.0166667
177 175 0.0311111
177 176 0.205128
177 178 0.304721
177 223 0.308571
177 224 0.209402
177 225 0.036036
178 130 0.254717
178 131 0.0571429
178 132 0.0454545
178 176 0.0305677
178 177 0.304721
178 179 0.0134529
178 180 0.0272374
178 223 0.0882353
178 224 0.157205
178 225 0.21659
178 226 0.0242424
179 131 0.00588235
179 132 0.104247
179 133 0.0203046
179 134 0.042328
179 178 0.0134529
179 180 0.452381
179 181 0.00606061
179 225 0.0283019
179 226 0.08125
179 228 0.0426829
180 131 0.0294118
180 132 0.0102389
180 133 0.0909091
180 134 0.00896861
180 178 0.0272374
180 179 0.452381
180 181 0.0150754
180 182 0.0192308
180 225 0.239837
180 226 0.14433
180 227 0.012987
180 228 0.0555556
181 133 0.0277778
181 134 0.0294118
181 179 0.00606061
181 180 0.0150754
181 182 0.156069
181 183 0.0163934
181 184 0.0153846
181 227 0.00694444
181 228 0.207207
181 230 0.0261438
182 133 0.204878
182 134 0.111675
182 135 0.0627803
182 136 0.0187793
182 137 0.00934579
182 180 0.0192308
182 181 0.156069
182 183 0.135246
182 184 0.0157068
182 228 0.0232558
182 229 0.00675676
182 230 0.121495
183 134 0.00483092
183 135 0.00429185
183 136 0.2287
183 137 0.205357
183 181 0.0163934
183 182 0.135246
183 184 0.268657
183 185 0.15493
183 230 0.129464
183 231 0.012766
183 232 0.0083682
184 136 0.0294118
184 137 0.0233918
184 181 0.0153846
184 182 0.0157068
184 183 0.268657
184 185 0.2125
184 230 0.0584795
184 232 0.00537634
185 136 0.010989
185 137 0.0655738
185 139 0.0481928
185 183 0.15493
185 184 0.2125
185 186 0.01
185 229 0.00854701
185 230 0.00546448
185 231 0.139175
185 232 0.222222
185 233 0.00515464
186 137 0.0379147
186 138 0.0609756
186 139 0.128866
186 185 0.01
186 187 0.0164609
186 231 0.283784
186 232 0.0176991
186 233 0.0135135
186 234 0.0103093
187 139 0.129187
187 140 0.213389
187 186 0.0164609
187 233 0.0421941
187 234 0.296651
188 141 0.1625
188 190 0.113821
188 235 0.047619
189 141 0.166667
189 142 0.0232558
189 143 0.0210526
189 190 0.233083
189 191 0.0512821
190 141 0.141732
190 142 0.0487805
190 143 0.0909091
190 188 0.113821
190 189 0.233083
190 191 0.0519481
191 145 0.0660377
191 189 0.0512821
191 190 0.0519481
191 192 0.149533
191 193 0.0697674
191 238 0.00675676
191 239 0.0217391
191 240 0.0243902
192 191 0.149533
192 193 0.234694
193 145 0.0927835
193 191 0.0697674
193 192 0.234694
193 194 0.193277
193 240 0.0964912
194 145 0.03125
194 147 0.112
194 193 0.193277
194 240 0.168142
194 241 0.0606061
195 148 0.0282486
195 149 0.150289
195 150 0.0208333
195 242 0.298913
195 243 0.176471
196 147 0.113333
196 148 0.258278
196 149 0.00680272
196 150 0.0722892
196 241 0.00806452
196 242 0.202532
197 149 0.109756
197 198 0.00892857
197 243 0.177215
198 149 0.0961538
198 150 0.205714
198 152 0.150838
198 197 0.00892857
198 200 0.00653595
198 243 0.0392157
198 244 0.0724638
199 152 0.258824
199 154 0.0181818
199 246 0.343284
199 247 0.05
200 152 0.0890411
200 154 0.134752
200 198 0.00653595
200 247 0.0735294
201 248 0.202532
201 249 0.0649351
202 153 0.0661765
202 154 0.142857
202 155 0.0865385
202 247 0.112676
202 248 0.023622
202 249 0.408
202 250 0.0241935
203 155 0.00671141
203 156 0.0134228
203 157 0.138614
203 204 0.338235
203 250 0.195266
204 156 0.160305
204 203 0.338235
204 251 0.160256
205 159 0.206349
205 160 0.0833333
205 207 0.0319149
205 253 0.00819672
206 158 0.0178571
206 159 0.0507246
206 160 0.121212
206 207 0.00943396
206 251 0.19469
206 253 0.134328
206 254 0.298507
207 160 0.224638
207 161 0.15942
207 162 0.00980392
207 205 0.0319149
207 206 0.00943396
207 253 0.0357143
208 161 0.116788
208 209 0.0928571
208 255 0.242857
208 256 0.046875
209 161 0.203593
209 162 0.206107
209 163 0.0377358
209 164 0.0639535
209 208 0.0928571
209 210 0.125
209 256 0.0443038
209 257 0.0314961
210 164 0.0507246
210 209 0.125
210 211 0.0438596
210 256 0.120968
210 257 0.397849
210 259 0.00892857
211 164 0.04
211 210 0.0438596
211 212 0.0412371
211 257 0.247619
211 258 0.00900901
211 259 0.322581
212 165 0.0985916
212 211 0.0412371
212 213 0.203252
212 259 0.326316
212 260 0.00689655
213 165 0.00793651
213 212 0.203252
213 214 0.0124224
213 258 0.0291971
213 259 0.0733333
213 260 0.22
214 166 0.153226
214 167 0.00609756
214 168 0.0625
214 213 0.0124224
214 215 0.12069
214 260 0.131148
214 261 0.0873786
215 167 0.154412
215 168 0.0121951
215 214 0.12069
215 260 0.0193548
215 261 0.168539
215 263 0.0352113
216 167 0.0633484
216 168 0.0441767
216 169 0.351598
216 170 0.0346154
216 171 0.0454545
216 217 0.116438
216 218 0.0474138
216 219 0.025974
216 263 0.00881057
216 264 0.00873362
217 168 0.00353357
217 169 0.126482
217 216 0.116438
217 218 0.0827068
217 219 0.0566038
217 262 0.0708661
217 263 0.226054
217 264 0.410646
217 265 0.0853242
217 266 0.0104895
218 169 0.00518135
218 170 0.0299145
218 171 0.319444
218 172 0.0132159
218 216 0.0474138
218 217 0.0827068
218 219 0.331707
218 220 0.0268817
218 264 0.0541872
218 265 0.0515021
218 266 0.00442478
218 267 0.012987
219 169 0.0104167
219 170 0.0171674
219 171 0.372093
219 172 0.00442478
219 216 0.025974
219 217 0.0566038
219 218 0.331707
219 220 0.0108108
219 264 0.0148515
219 265 0.0862069
219 266 0.0133333
219 267 0.0173913
220 171 0.0408163
220 172 0.0917874
220 173 0.0977011
220 174 0.0441176
220 218 0.0268817
220 219 0.0108108
220 221 0.125828
220 222 0.0364963
220 265 0.00469484
220 266 0.0194175
220 267 0.464455
220 268 0.115385
220 269 0.00446429
221 173 0.0125786
221 174 0.021164
221 175 0.0229885
221 176 0.00546448
221 220 0.125828
221 222 0.196721
221 267 0.25
221 268 0.130435
221 269 0.196172
222 174 0.0228571
222 175 0.05
222 176 0.035503
222 220 0.0364963
222 221 0.196721
222 267 0.0549451
222 268 0.039604
222 269 0.261538
222 270 0.0310078
223 175 0.00617284
223 176 0.0818713
223 177 0.308571
223 178 0.0882353
223 224 0.181287
223 225 0.0125786
223 270 0.0229008
223 271 0.129353
224 176 0.113043
224 177 0.209402
224 178 0.157205
224 223 0.181287
224 225 0.0366972
224 226 0.0361446
224 270 0.0736842
224 271 0.376923
224 272 0.0157895
225 177 0.036036
225 178 0.21659
225 179 0.0283019
225 180 0.239837
225 223 0.0125786
225 224 0.0366972
225 226 0.103896
225 271 0.00403226
225 272 0.0786517
226 178 0.0242424
226 179 0.08125
226 180 0.14433
226 224 0.0361446
226 225 0.103896
226 227 0.0503597
226 228 0.132075
226 271 0.0153061
226 272 0.00793651
226 273 0.0574713
226 274 0.0882353
226 275 0.00574713
227 180 0.012987
227 181 0.00694444
227 226 0.0503597
227 228 0.0559441
227 230 0.00540541
227 273 0.0241935
227 274 0.309179
227 275 0.156398
227 276 0.117925
228 179 0.0426829
228 180 0.0555556
228 181 0.207207
228 182 0.0232558
228 226 0.132075
228 227 0.0559441
228 273 0.142857
228 274 0.12069
228 275 0.168539
228 276 0.0111732
229 182 0.00675676
229 185 0.00854701
229 230 0.25
229 276 0.0967742
229 277 0.0895522
229 278 0.118644
229 279 0.00699301
230 181 0.0261438
230 182 0.121495
230 183 0.129464
230 184 0.0584795
230 185 0.00546448
230 227 0.00540541
230 229 0.25
230 275 0.113636
230 276 0.108597
230 277 0.195
230 278 0.0271739
231 183 0.012766
231 185 0.139175
231 186 0.283784
231 232 0.295455
231 233 0.0509259
231 277 0.014218
231 278 0.0974359
232 183 0.0083682
232 184 0.00537634
232 185 0.222222
232 186 0.0176991
232 231 0.295455
232 233 0.145455
232 277 0.0511628
232 278 0.231156
232 279 0.00892857
233 185 0.00515464
233 186 0.0135135
233 187 0.0421941
233 231 0.0509259
233 232 0.145455
233 234 0.0425532
233 280 0.22
233 281 0.0784314
234 186 0.0103093
234 187 0.296651
234 233 0.0425532
234 281 0.136
235 188 0.047619
235 236 0.126984
235 282 0.0724638
235 283 0.157895
236 235 0.126984
236 237 0.307692
236 238 0.0940171
236 283 0.149606
237 236 0.307692
237 238 0.0566038
237 283 0.0344828
238 191 0.00675676
238 236 0.0940171
238 237 0.0566038
238 239 0.182432
238 283 0.0297619
238 284 0.00793651
238 285 0.198582
238 286 0.0550459
239 191 0.0217391
239 238 0.182432
239 240 0.0731707
239 286 0.222222
239 288 0.0522388
240 191 0.0243902
240 193 0.0964912
240 194 0.168142
240 239 0.0731707
240 241 0.117021
240 288 0.00840336
241 194 0.0606061
241 196 0.00806452
241 240 0.117021
241 242 0.166667
241 288 0.0380952
242 195 0.298913
242 196 0.202532
242 241 0.166667
242 288 0.0503597
243 195 0.176471
243 197 0.177215
243 198 0.0392157
243 290 0.255319
243 291 0.0296296
244 198 0.0724638
244 246 0.0736842
244 291 0.266667
245 293 0.0839695
246 199 0.343284
246 244 0.0736842
246 291 0.024
246 292 0.0412371
247 199 0.05
247 200 0.0735294
247 202 0.112676
247 249 0.00740741
247 292 0.00813008
247 293 0.0126582
247 294 0.280992
248 201 0.202532
248 202 0.023622
248 249 0.358333
248 295 0.245455
248 296 0.0319149
249 201 0.0649351
249 202 0.408
249 247 0.00740741
249 248 0.358333
249 296 0.0108696
250 202 0.0241935
250 203 0.195266
250 296 0.0549451
251 204 0.160256
251 206 0.19469
251 252 0.0155039
251 253 0.0408163
251 254 0.0125
251 299 0.0258621
252 251 0.0155039
252 253 0.0933333
252 298 0.0075188
252 299 0.226891
252 300 0.0327869
253 205 0.00819672
253 206 0.134328
253 207 0.0357143
253 251 0.0408163
253 252 0.0933333
253 254 0.00990099
253 299 0.0510949
253 300 0.107143
253 301 0.198864
254 206 0.298507
254 251 0.0125
254 253 0.00990099
255 208 0.242857
256 208 0.046875
256 209 0.0443038
256 210 0.120968
256 301 0.0666667
256 302 0.02
256 303 0.21374
257 209 0.0314961
257 210 0.397849
257 211 0.247619
257 258 0.0111111
257 259 0.0970874
257 303 0.04
257 305 0.00925926
258 211 0.00900901
258 213 0.0291971
258 257 0.0111111
258 259 0.0550459
258 303 0.00943396
258 304 0.0142857
258 305 0.219298
259 210 0.00892857
259 211 0.322581
259 212 0.326316
259 213 0.0733333
259 257 0.0970874
259 258 0.0550459
259 260 0.0290698
259 305 0.0472441
260 212 0.00689655
260 213 0.22
260 214 0.131148
260 215 0.0193548
260 259 0.0290698
260 261 0.232653
260 262 0.049505
260 307 0.0284091
260 308 0.0163934
261 214 0.0873786
261 215 0.168539
261 260 0.232653
261 262 0.293333
261 263 0.12069
261 307 0.0100503
261 308 0.0339806
261 310 0.00515464
262 217 0.0708661
262 260 0.049505
262 261 0.293333
262 263 0.232804
262 264 0.0314136
262 308 0.00613497
262 310 0.00662252
263 215 0.0352113
263 216 0.00881057
263 217 0.226054
263 261 0.12069
263 262 0.232804
263 264 0.0656566
263 308 0.00588235
263 310 0.0379747
263 312 0.0104167
264 216 0.00873362
264 217 0.410646
264 218 0.0541872
264 219 0.0148515
264 262 0.0314136
264 263 0.0656566
264 265 0.0695652
264 266 0.0538117
264 310 0.00625
264 311 0.025974
264 312 0.0309278
265 217 0.0853242
265 218 0.0515021
265 219 0.0862069
265 220 0.00469484
265 264 0.0695652
265 266 0.557312
265 267 0.0310078
265 311 0.0380435
265 312 0.0178571
265 313 0.120773
265 314 0.0966543
266 217 0.0104895
266 218 0.00442478
266 219 0.0133333
266 220 0.0194175
266 264 0.0538117
266 265 0.557312
266 267 0.0398406
266 312 0.00921659
266 313 0.09
266 314 0.152672
266 315 0.0155642
267 218 0.012987
267 219 0.0173913
267 220 0.464455
267 221 0.25
267 222 0.0549451
267 265 0.0310078
267 266 0.0398406
267 268 0.0628571
267 269 0.0111524
267 313 0.35122
267 314 0.0374532
267 315 0.0572519
267 316 0.00446429
268 220 0.115385
268 221 0.130435
268 222 0.039604
268 267 0.0628571
268 269 0.164894
268 314 0.0107527
268 315 0.00552486
269 220 0.00446429
269 221 0.196172
269 222 0.261538
269 267 0.0111524
269 268 0.164894
269 270 0.138889
269 271 0.00699301
269 314 0.00714286
269 315 0.0945455
269 316 0.113924
269 317 0.18251
269 318 0.00766284
270 222 0.0310078
270 223 0.0229008
270 224 0.0736842
270 269 0.138889
270 271 0.145455
270 316 0.0526316
270 317 0.19797
270 318 0.2
271 223 0.129353
271 224 0.376923
271 225 0.00403226
271 226 0.0153061
271 269 0.00699301
271 270 0.145455
271 272 0.104545
271 317 0.0411985
271 318 0.316981
271 319 0.148855
272 224 0.0157895
272 225 0.0786517
272 226 0.00793651
272 271 0.104545
272 274 0.0360825
272 318 0.025641
272 319 0.479167
272 320 0.00854701
273 226 0.0574713
273 227 0.0241935
273 228 0.142857
273 274 0.23871
273 275 0.0188679
273 319 0.0457516
274 226 0.0882353
274 227 0.309179
274 228 0.12069
274 272 0.0360825
274 273 0.23871
274 275 0.132231
274 276 0.00411523
274 319 0.144068
274 321 0.0255102
274 322 0.0801688
274 323 0.030303
275 226 0.00574713
275 227 0.156398
275 228 0.168539
275 230 0.113636
275 273 0.0188679
275 274 0.132231
275 276 0.153846
275 277 0.00884956
275 322 0.0124481
275 323 0.029703
276 227 0.117925
276 228 0.0111732
276 229 0.0967742
276 230 0.108597
276 274 0.00411523
276 275 0.153846
276 277 0.123348
276 279 0.0677966
276 322 0.239669
276 323 0.128079
276 324 0.00520833
277 229 0.0895522
277 230 0.195
277 231 0.014218
277 232 0.0511628
277 275 0.00884956
277 276 0.123348
277 278 0.205263
277 279 0.186047
277 323 0.021978
277 324 0.0175439
278 229 0.118644
278 230 0.0271739
278 231 0.0974359
278 232 0.231156
278 277 0.205263
278 279 0.0502513
278 326 0.12
279 229 0.00699301
279 232 0.00892857
279 276 0.0677966
279 277 0.186047
279 278 0.0502513
279 322 0.00869565
279 323 0.0942408
279 324 0.227778
279 325 0.130841
279 326 0.04
280 233 0.22
280 281 0.103448
280 326 0.00645161
280 327 0.131579
281 233 0.0784314
281 234 0.136
281 280 0.103448
281 327 0.0683761
282 235 0.0724638
282 283 0.0451128
282 329 0.20339
282 330 0.029703
283 235 0.157895
283 236 0.149606
283 237 0.0344828
283 238 0.0297619
283 282 0.0451128
283 285 0.0198676
283 329 0.0981595
283 331 0.0837696
284 238 0.00793651
284 331 0.295302
285 238 0.198582
285 283 0.0198676
286 238 0.0550459
286 239 0.222222
286 288 0.0210526
287 334 0.225225
287 335 0.0326087
288 239 0.0522388
288 240 0.00840336
288 241 0.0380952
288 242 0.0503597
288 286 0.0210526
288 289 0.260504
288 334 0.0612245
288 335 0.078125
289 288 0.260504
289 335 0.00854701
289 336 0.0902256
290 243 0.255319
290 336 0.141593
291 243 0.0296296
291 244 0.266667
291 246 0.024
291 292 0.180328
291 336 0.0194805
291 337 0.12
292 246 0.0412371
292 247 0.00813008
292 291 0.180328
292 293 0.44186
292 337 0.057377
292 338 0.034188
292 339 0.00900901
292 341 0.0307692
293 245 0.0839695
293 247 0.0126582
293 292 0.44186
293 337 0.00636943
293 338 0.421053
293 339 0.178082
293 341 0.0181818
294 247 0.280992
294 341 0.148438
295 248 0.245455
295 342 0.181818
296 248 0.0319149
296 249 0.0108696
296 250 0.0549451
296 342 0.023622
296 343 0.0131579
296 344 0.0967742
297 298 0.191304
297 344 0.0935252
298 252 0.0075188
298 297 0.191304
298 299 0.158333
298 344 0.246835
298 345 0.0245399
299 251 0.0258621
299 252 0.226891
299 253 0.0510949
299 298 0.158333
299 300 0.155963
299 344 0.0208333
299 345 0.14094
300 252 0.0327869
300 253 0.107143
300 299 0.155963
300 301 0.0135135
300 345 0.0657895
300 346 0.315217
300 347 0.0470588
300 348 0.0915493
301 253 0.198864
301 256 0.0666667
301 300 0.0135135
301 302 0.112426
301 348 0.185393
302 256 0.02
302 301 0.112426
302 303 0.2
302 348 0.0736196
302 349 0.411215
302 350 0.0482759
303 256 0.21374
303 257 0.04
303 258 0.00943396
303 302 0.2
303 304 0.2875
303 305 0.0241935
303 349 0.0227273
303 350 0.230159
304 258 0.0142857
304 303 0.2875
304 305 0.147727
304 350 0.0333333
304 351 0.0135135
305 257 0.00925926
305 258 0.219298
305 259 0.0472441
305 303 0.0241935
305 304 0.147727
305 306 0.132911
305 351 0.110169
305 352 0.00854701
305 354 0.0443038
306 305 0.132911
306 351 0.0138889
306 352 0.286713
306 353 0.0986842
306 354 0.130435
307 260 0.0284091
307 261 0.0100503
307 308 0.394161
307 309 0.0566038
307 353 0.008
307 354 0.11465
307 355 0.261682
308 260 0.0163934
308 261 0.0339806
308 262 0.00613497
308 263 0.00588235
308 307 0.394161
308 309 0.0619469
308 310 0.219697
308 353 0.0606061
308 355 0.0614035
308 357 0.0763889
309 307 0.0566038
309 308 0.0619469
309 310 0.029703
309 355 0.0361446
309 356 0.0123457
309 357 0.230089
309 358 0.03125
310 261 0.00515464
310 262 0.00662252
310 263 0.0379747
310 264 0.00625
310 308 0.219697
310 309 0.029703
310 312 0.012987
310 356 0.12
310 357 0.242424
310 359 0.036036
311 264 0.025974
311 265 0.0380435
311 312 0.243243
311 356 0.0425532
311 357 0.174603
311 359 0.0761905
312 263 0.0104167
312 264 0.0309278
312 265 0.0178571
312 266 0.00921659
312 310 0.012987
312 311 0.243243
312 356 0.0671642
312 357 0.120482
312 359 0.303448
312 360 0.102564
313 265 0.120773
313 266 0.09
313 267 0.35122
313 314 0.101852
313 315 0.0236967
314 265 0.0966543
314 266 0.152672
314 267 0.0374532
314 268 0.0107527
314 269 0.00714286
314 313 0.101852
314 315 0.494505
314 316 0.0382979
314 360 0.00497512
314 361 0.0512821
314 363 0.0126582
315 266 0.0155642
315 267 0.0572519
315 268 0.00552486
315 269 0.0945455
315 313 0.0236967
315 314 0.494505
315 316 0.269565
315 317 0.046875
315 360 0.00510204
315 363 0.00862069
316 267 0.00446429
316 269 0.113924
316 270 0.0526316
316 314 0.0382979
316 315 0.269565
316 317 0.311927
316 361 0.00657895
316 362 0.0145985
316 363 0.103093
316 364 0.0384615
316 365 0.0100503
317 269 0.18251
317 270 0.19797
317 271 0.0411985
317 315 0.046875
317 316 0.311927
317 318 0.103306
317 363 0.0272727
317 364 0.21978
317 365 0.186667
318 269 0.00766284
318 270 0.2
318 271 0.316981
318 272 0.025641
318 317 0.103306
318 319 0.0168776
318 364 0.144444
318 365 0.273543
318 366 0.0466102
319 271 0.148855
319 272 0.479167
319 273 0.0457516
319 274 0.144068
319 318 0.0168776
319 320 0.0125786
319 366 0.0515021
319 367 0.0598291
320 272 0.00854701
320 319 0.0125786
320 321 0.0588235
320 366 0.28481
320 367 0.0314465
321 274 0.0255102
321 320 0.0588235
321 322 0.0820513
321 323 0.00641026
321 366 0.0725389
321 367 0.242268
321 368 0.0529801
321 369 0.0384615
322 274 0.0801688
322 275 0.0124481
322 276 0.239669
322 279 0.00869565
322 321 0.0820513
322 323 0.375635
322 324 0.00537634
322 367 0.0255319
322 368 0.109375
322 369 0.128514
322 370 0.146739
322 371 0.0486726
323 274 0.030303
323 275 0.029703
323 276 0.128079
323 277 0.021978
323 279 0.0942408
323 321 0.00641026
323 322 0.375635
323 324 0.047619
323 368 0.215686
323 369 0.0761905
323 370 0.0275862
323 371 0.00534759
324 276 0.00520833
324 277 0.0175439
324 279 0.227778
324 322 0.00537634
324 323 0.047619
324 325 0.0176471
324 371 0.0625
324 372 0.324138
325 279 0.130841
325 324 0.0176471
325 326 0.223256
325 371 0.0380952
325 372 0.195531
325 373 0.0843373
326 278 0.12
326 279 0.04
326 280 0.00645161
326 325 0.223256
326 327 0.145946
326 328 0.00881057
326 372 0.0842105
326 373 0.20904
326 374 0.0115607
327 280 0.131579
327 281 0.0683761
327 326 0.145946
327 328 0.0322581
327 373 0.0808824
327 375 0.108696
328 326 0.00881057
328 327 0.0322581
328 373 0.00561798
328 374 0.316092
328 375 0.3
329 282 0.20339
329 283 0.0981595
329 377 0.189781
330 282 0.029703
330 376 0.285714
331 283 0.0837696
331 284 0.295302
331 332 0.121387
331 377 0.181818
331 378 0.0198676
332 331 0.121387
332 333 0.00699301
332 379 0.216561
333 332 0.00699301
333 334 0.00649351
333 335 0.0222222
333 379 0.481013
333 380 0.202703
333 381 0.00729927
334 287 0.225225
334 288 0.0612245
334 333 0.00649351
334 335 0.248276
334 379 0.107143
335 287 0.0326087
335 288 0.078125
335 289 0.00854701
335 333 0.0222222
335 334 0.248276
335 379 0.0201342
335 380 0.0431655
335 381 0.0390625
335 383 0.0518519
336 289 0.0902256
336 290 0.141593
336 291 0.0194805
336 337 0.0194805
336 383 0.192053
336 385 0.0154639
337 291 0.12
337 292 0.057377
337 293 0.00636943
337 336 0.0194805
337 338 0.0137931
337 383 0.0204082
337 384 0.00598802
337 385 0.4
338 292 0.034188
338 293 0.421053
338 337 0.0137931
338 339 0.0298507
338 385 0.0324324
338 386 0.0105263
339 292 0.00900901
339 293 0.178082
339 338 0.0298507
339 341 0.0816327
339 385 0.00558659
339 387 0.0375
340 387 0.416667
340 389 0.0327869
341 292 0.0307692
341 293 0.0181818
341 294 0.148438
341 339 0.0816327
341 342 0.039548
341 387 0.0391061
341 389 0.140127
342 295 0.181818
342 296 0.023622
342 341 0.039548
342 343 0.182482
342 389 0.113095
342 390 0.0479042
343 296 0.0131579
343 342 0.182482
343 344 0.0895522
343 389 0.0512821
343 390 0.0431034
343 391 0.0113636
344 296 0.0967742
344 297 0.0935252
344 298 0.246835
344 299 0.0208333
344 343 0.0895522
344 391 0.139706
344 392 0.00740741
345 298 0.0245399
345 299 0.14094
345 300 0.0657895
345 348 0.0164835
345 393 0.190476
345 394 0.0379747
345 395 0.025
346 300 0.315217
346 347 0.523077
346 348 0.00819672
346 394 0.183673
346 396 0.00892857
347 300 0.0470588
347 346 0.523077
348 300 0.0915493
348 301 0.185393
348 302 0.0736196
348 345 0.0164835
348 346 0.00819672
348 394 0.00675676
348 395 0.14
348 396 0.0246914
349 302 0.411215
349 303 0.0227273
350 302 0.0482759
350 303 0.230159
350 304 0.0333333
350 396 0.0347222
350 397 0.12766
350 398 0.00769231
351 304 0.0135135
351 305 0.110169
351 306 0.0138889
351 397 0.072
351 398 0.0614035
351 399 0.0967742
351 400 0.0866667
352 305 0.00854701
352 306 0.286713
352 353 0.027027
352 354 0.034965
352 398 0.20354
352 399 0.0162602
352 400 0.0134228
353 306 0.0986842
353 307 0.008
353 308 0.0606061
353 352 0.027027
353 354 0.118421
353 400 0.0316456
353 401 0.0509554
353 402 0.0423729
354 305 0.0443038
354 306 0.130435
354 307 0.11465
354 352 0.034965
354 353 0.118421
354 398 0.00649351
354 400 0.0368421
354 401 0.153439
354 402 0.0866667
355 307 0.261682
355 308 0.0614035
355 309 0.0361446
355 357 0.0614035
355 402 0.19
355 403 0.0102041
355 404 0.142857
356 309 0.0123457
356 310 0.12
356 311 0.0425532
356 312 0.0671642
356 357 0.0267857
356 358 0.222222
356 359 0.208791
356 403 0.0104167
356 405 0.0462963
357 308 0.0763889
357 309 0.230089
357 310 0.242424
357 311 0.174603
357 312 0.120482
357 355 0.0614035
357 356 0.0267857
357 358 0.0105263
357 359 0.0325203
357 403 0.0078125
358 309 0.03125
358 356 0.222222
358 357 0.0105263
358 359 0.027027
