0 31 0.248062
0 32 0.264
0 64 0.0172414
1 2 0.225225
1 32 0.166667
2 1 0.225225
2 3 0.0866142
2 32 0.0610687
2 33 0.183673
3 2 0.0866142
3 4 0.0614035
3 33 0.0642857
3 34 0.25
3 35 0.105263
3 66 0.00719424
4 3 0.0614035
4 5 0.106383
4 35 0.0314961
4 36 0.123711
4 67 0.268657
5 4 0.106383
5 36 0.168675
5 37 0.195652
5 68 0.032967
6 8 0.0927152
6 37 0.192661
6 38 0.135135
6 69 0.030303
6 70 0.0746269
7 38 0.22619
7 69 0.222222
8 6 0.0927152
8 9 0.0978261
8 38 0.175676
8 39 0.22619
8 40 0.193939
8 41 0.03125
8 69 0.0882353
8 70 0.0292398
9 8 0.0978261
9 10 0.244186
9 40 0.0310559
9 41 0.281915
9 42 0.0234742
9 72 0.0107527
10 9 0.244186
10 11 0.179012
10 41 0.0222222
10 42 0.229268
11 10 0.179012
11 12 0.219653
11 13 0.0227273
11 42 0.275862
11 43 0.0909091
12 11 0.219653
12 13 0.460317
12 14 0.0353982
12 42 0.0277778
12 43 0.203593
12 44 0.0314961
12 74 0.0425532
13 11 0.0227273
13 12 0.460317
13 14 0.292576
13 43 0.0588235
13 44 0.0153846
13 45 0.00746269
13 74 0.0157068
13 75 0.0291971
14 12 0.0353982
14 13 0.292576
14 15 0.13913
14 43 0.00966184
14 44 0.323353
14 46 0.187739
14 74 0.00877193
14 75 0.0977011
14 76 0.00480769
15 14 0.13913
15 16 0.318919
15 17 0.0352113
15 44 0.0458015
15 46 0.293333
15 47 0.0810811
15 48 0.0083682
16 15 0.318919
16 17 0.142857
16 18 0.0441989
16 46 0.0694444
16 47 0.181818
16 48 0.143478
16 78 0.0572687
17 15 0.0352113
17 16 0.142857
17 18 0.0942029
17 46 0.017341
17 47 0.112782
17 48 0.0320856
18 16 0.0441989
18 17 0.0942029
18 19 0.166667
18 47 0.0607735
18 48 0.323404
18 49 0.150754
18 50 0.00495049
18 80 0.00598802
19 18 0.166667
19 20 0.134615
19 49 0.208556
19 50 0.136842
19 51 0.0316456
19 52 0.0100503
19 80 0.00645161
20 19 0.134615
20 21 0.29697
20 22 0.0320856
20 50 0.00543478
20 51 0.0789474
20 52 0.129534
20 81 0.0422535
21 20 0.29697
21 22 0.29703
21 23 0.0809249
21 51 0.0359281
21 52 0.278846
21 53 0.00769231
21 81 0.0573248
21 85 0.020202
22 20 0.0320856
22 21 0.29703
22 23 0.138462
22 51 0.021164
22 52 0.221739
22 54 0.0102564
22 55 0.201717
22 85 0.109091
23 21 0.0809249
23 22 0.138462
23 24 0.0224719
23 52 0.00995025
23 53 0.0813008
23 54 0.126506
23 55 0.289216
23 56 0.0110497
23 85 0.204188
24 23 0.0224719
24 25 0.344262
24 26 0.0496454
24 54 0.0561798
24 55 0.222222
24 56 0.11399
24 85 0.0197044
24 86 0.178947
25 24 0.344262
25 26 0.410448
25 54 0.00584795
25 55 0.00956938
25 56 0.0752688
25 57 0.0106952
25 58 0.0426829
25 86 0.0928962
26 24 0.0496454
26 25 0.410448
26 56 0.0208333
26 57 0.0344828
26 58 0.0491803
26 86 0.0070922
27 28 0.0535714
27 29 0.120219
27 58 0.215278
27 59 0.208556
27 90 0.0169492
28 27 0.0535714
28 29 0.0314465
28 59 0.349693
28 60 0.0462963
28 88 0.0151515
28 89 0.00980392
28 90 0.0196078
28 91 0.025641
29 27 0.120219
29 28 0.0314465
29 30 0.196319
29 59 0.239316
29 60 0.340782
29 61 0.00469484
29 90 0.0669643
29 91 0.0265957
29 92 0.012766
30 29 0.196319
30 60 0.142857
30 61 0.0479452
30 92 0.10119
31 0 0.248062
31 62 0.157895
31 63 0.196203
31 64 0.0243902
31 95 0.072
32 0 0.264
32 1 0.166667
32 2 0.0610687
32 33 0.0763889
32 64 0.0420168
33 2 0.183673
33 3 0.0642857
33 32 0.0763889
33 34 0.046875
33 64 0.214815
33 65 0.0582011
34 3 0.25
34 33 0.046875
34 65 0.0828025
34 66 0.0472441
35 3 0.105263
35 4 0.0314961
35 66 0.210526
35 67 0.228758
35 98 0.181159
36 4 0.123711
36 5 0.168675
36 67 0.121951
36 68 0.117021
36 99 0.0224719
37 5 0.195652
37 6 0.192661
37 68 0.194175
37 70 0.0852713
38 6 0.135135
38 7 0.22619
38 8 0.175676
38 39 0.015625
38 40 0.016
38 69 0.09375
39 8 0.22619
39 38 0.015625
39 40 0.0206897
39 70 0.0794702
39 71 0.0927152
39 101 0.228426
40 8 0.193939
40 9 0.0310559
40 38 0.016
40 39 0.0206897
40 41 0.307692
40 71 0.195946
40 72 0.191617
40 102 0.0195122
41 8 0.03125
41 9 0.281915
41 10 0.0222222
41 40 0.307692
41 42 0.0859729
41 71 0.00571429
41 72 0.262887
41 73 0.00448431
41 102 0.00862069
42 9 0.0234742
42 10 0.229268
42 11 0.275862
42 12 0.0277778
42 41 0.0859729
42 43 0.0304569
42 72 0.105023
42 73 0.133065
42 105 0.15847
43 11 0.0909091
43 12 0.203593
43 13 0.0588235
43 14 0.00966184
43 42 0.0304569
43 44 0.00925926
43 74 0.153846
43 75 0.0173913
43 105 0.208955
43 106 0.26776
44 12 0.0314961
44 13 0.0153846
44 14 0.323353
44 15 0.0458015
44 43 0.00925926
44 45 0.0416667
44 46 0.0246914
44 75 0.106667
45 13 0.00746269
45 44 0.0416667
45 46 0.0180723
45 74 0.075188
45 75 0.278481
45 76 0.39823
45 77 0.103448
45 106 0.00680272
46 14 0.187739
46 15 0.293333
46 16 0.0694444
46 17 0.017341
46 44 0.0246914
46 45 0.0180723
46 47 0.12963
46 48 0.00740741
46 75 0.0532544
46 76 0.00492611
46 77 0.00675676
46 78 0.093633
46 108 0.243363
47 15 0.0810811
47 16 0.181818
47 17 0.112782
47 18 0.0607735
47 46 0.12963
47 48 0.265217
47 78 0.0969163
47 108 0.0752688
47 111 0.0153846
48 15 0.0083682
48 16 0.143478
48 17 0.0320856
48 18 0.323404
48 46 0.00740741
48 47 0.265217
48 49 0.0685484
48 50 0.00796813
48 78 0.13879
48 79 0.00416667
48 80 0.0833333
48 108 0.00833333
48 111 0.0200803
49 18 0.150754
49 19 0.208556
49 48 0.0685484
49 50 0.386046
49 79 0.0245098
49 80 0.266667
49 111 0.0140845
49 112 0.0052356
50 18 0.00495049
50 19 0.136842
50 20 0.00543478
50 48 0.00796813
50 49 0.386046
50 51 0.0591398
50 52 0.00881057
50 79 0.0483092
50 80 0.142077
50 81 0.0454545
50 111 0.00462963
50 112 0.0670103
50 113 0.00492611
50 114 0.0144231
51 19 0.0316456
51 20 0.0789474
51 21 0.0359281
51 22 0.021164
51 50 0.0591398
51 52 0.261538
51 80 0.0662252
51 81 0.409722
51 82 0.00653595
51 83 0.0838323
51 84 0.0338983
51 113 0.0116959
51 114 0.0795455
52 19 0.0100503
52 20 0.129534
52 21 0.278846
52 22 0.221739
52 23 0.00995025
52 50 0.00881057
52 51 0.261538
52 53 0.0189873
52 81 0.0432432
52 83 0.120192
52 84 0.0642202
52 85 0.0132743
53 21 0.00769231
53 23 0.0813008
53 52 0.0189873
53 54 0.0650406
53 55 0.0124224
53 83 0.0153846
53 84 0.0714286
53 85 0.0810811
53 116 0.131579
53 117 0.020979
54 22 0.0102564
54 23 0.126506
54 24 0.0561798
54 25 0.00584795
54 53 0.0650406
54 55 0.0490196
54 56 0.21547
54 84 0.0163934
54 85 0.172775
54 86 0.286517
54 116 0.0410256
54 117 0.0752688
55 22 0.201717
55 23 0.289216
55 24 0.222222
55 25 0.00956938
55 53 0.0124224
55 54 0.0490196
55 56 0.00913242
55 85 0.135371
55 86 0.0972222
56 23 0.0110497
56 24 0.11399
56 25 0.0752688
56 26 0.0208333
56 54 0.21547
56 55 0.00913242
56 57 0.0101523
56 85 0.0145631
56 86 0.238342
56 87 0.16
56 117 0.0447761
56 118 0.0216216
57 25 0.0106952
57 26 0.0344828
57 56 0.0101523
57 58 0.365714
57 59 0.00917431
57 87 0.144279
57 88 0.026738
57 90 0.0240385
57 121 0.0150754
58 25 0.0426829
58 26 0.0491803
58 27 0.215278
58 57 0.365714
58 59 0.0102564
58 90 0.0108108
59 27 0.208556
59 28 0.349693
59 29 0.239316
59 57 0.00917431
59 58 0.0102564
59 60 0.125683
59 61 0.0138249
59 88 0.00966184
59 89 0.0112994
59 90 0.263158
59 91 0.213542
59 92 0.0251046
59 121 0.00913242
60 28 0.0462963
60 29 0.340782
60 30 0.142857
60 59 0.125683
60 61 0.0308642
60 91 0.10219
60 92 0.0217391
61 29 0.00469484
61 30 0.0479452
61 59 0.0138249
61 60 0.0308642
61 90 0.0193237
61 91 0.152047
61 92 0.472477
61 122 0.0201005
61 123 0.12963
62 31 0.157895
62 63 0.198529
62 93 0.0775194
62 94 0.0642857
63 31 0.196203
63 62 0.198529
63 94 0.282609
63 95 0.183673
63 125 0.021978
64 0 0.0172414
64 31 0.0243902
64 32 0.0420168
64 33 0.214815
64 65 0.146341
64 95 0.151786
65 33 0.0582011
65 34 0.0828025
65 64 0.146341
65 66 0.0744681
65 95 0.0843373
65 96 0.0645161
65 97 0.0540541
65 127 0.181818
65 128 0.00537634
66 3 0.00719424
66 34 0.0472441
66 35 0.210526
66 65 0.0744681
66 67 0.0188679
66 97 0.141935
66 98 0.125
66 129 0.145695
67 4 0.268657
67 35 0.228758
67 36 0.121951
67 66 0.0188679
67 98 0.158621
67 99 0.00793651
68 5 0.032967
68 36 0.117021
68 37 0.194175
68 70 0.125
68 99 0.123711
68 101 0.00574713
68 132 0.015748
69 6 0.030303
69 7 0.222222
69 8 0.0882353
69 38 0.09375
69 70 0.134454
69 100 0.101266
70 6 0.0746269
70 8 0.0292398
70 37 0.0852713
70 39 0.0794702
70 68 0.125
70 69 0.134454
70 100 0.122807
70 101 0.19
71 39 0.0927152
71 40 0.195946
71 41 0.00571429
71 72 0.0462428
71 101 0.115
71 102 0.236967
71 133 0.0473684
72 9 0.0107527
72 40 0.191617
72 41 0.262887
72 42 0.105023
72 71 0.0462428
72 73 0.199095
72 102 0.182609
73 41 0.00448431
73 42 0.133065
73 72 0.199095
73 102 0.108108
73 103 0.174603
73 104 0.0571429
73 105 0.0972973
73 106 0.0042735
73 135 0.0392157
73 136 0.00925926
74 12 0.0425532
74 13 0.0157068
74 14 0.00877193
74 43 0.153846
74 45 0.075188
74 75 0.0735294
74 76 0.0117647
74 77 0.0173913
74 105 0.0129032
74 106 0.504902
74 107 0.0247934
74 136 0.0376344
74 137 0.0324074
74 138 0.0564972
75 13 0.0291971
75 14 0.0977011
75 43 0.0173913
75 44 0.106667
75 45 0.278481
75 46 0.0532544
75 74 0.0735294
75 76 0.172414
75 77 0.0655738
75 106 0.0266667
75 108 0.0215827
76 14 0.00480769
76 45 0.39823
76 46 0.00492611
76 74 0.0117647
76 75 0.172414
76 77 0.2
76 107 0.00990099
76 108 0.0289017
76 138 0.0191083
76 139 0.0145631
77 45 0.103448
77 46 0.00675676
77 74 0.0173913
77 75 0.0655738
77 76 0.2
77 107 0.108696
77 108 0.0508475
77 137 0.0070922
77 139 0.0198676
77 140 0.00515464
78 16 0.0572687
78 46 0.093633
78 47 0.0969163
78 48 0.13879
78 79 0.0379747
78 108 0.156118
78 109 0.0172414
78 110 0.00414938
78 111 0.178862
78 139 0.192593
79 48 0.00416667
79 49 0.0245098
79 50 0.0483092
79 78 0.0379747
79 80 0.104651
79 109 0.0052356
79 110 0.46
79 111 0.404878
79 112 0.147541
79 142 0.142202
80 18 0.00598802
80 19 0.00645161
80 48 0.0833333
80 49 0.266667
80 50 0.142077
80 51 0.0662252
80 79 0.104651
80 81 0.0921986
80 82 0.00666667
80 110 0.0284091
80 111 0.0773481
80 112 0.132075
80 113 0.0119048
80 114 0.0578035
80 144 0.00657895
81 20 0.0422535
81 21 0.0573248
81 50 0.0454545
81 51 0.409722
81 52 0.0432432
81 80 0.0921986
81 82 0.00699301
81 83 0.0254777
81 112 0.0460526
81 113 0.0372671
81 114 0.0963855
81 144 0.00689655
82 51 0.00653595
82 80 0.00666667
82 81 0.00699301
82 83 0.228916
82 84 0.0795455
82 112 0.0434783
82 113 0.3
82 114 0.222857
82 115 0.139394
82 116 0.00531915
82 144 0.0649351
82 145 0.0179641
83 51 0.0838323
83 52 0.120192
83 53 0.0153846
83 81 0.0254777
83 82 0.228916
83 84 0.378947
83 113 0.141304
83 114 0.0529101
83 115 0.0446927
83 116 0.049505
83 144 0.00595238
83 145 0.0110497
84 51 0.0338983
84 52 0.0642202
84 53 0.0714286
84 54 0.0163934
84 82 0.0795455
84 83 0.378947
84 85 0.0865385
84 113 0.0463918
84 114 0.100503
84 115 0.111111
84 116 0.207547
84 117 0.044335
84 144 0.011236
84 148 0.0201005
85 21 0.020202
85 22 0.109091
85 23 0.204188
85 24 0.0197044
85 52 0.0132743
85 53 0.0810811
85 54 0.172775
85 55 0.135371
85 56 0.0145631
85 84 0.0865385
85 86 0.162562
85 116 0.0409091
85 117 0.104265
86 24 0.178947
86 25 0.0928962
86 26 0.0070922
86 54 0.286517
86 55 0.0972222
86 56 0.238342
86 85 0.162562
86 87 0.0152284
86 117 0.0959596
86 148 0.00515464
87 56 0.16
87 57 0.144279
87 86 0.0152284
87 88 0.0263158
87 117 0.0097561
87 118 0.121693
87 119 0.0736842
87 120 0.00515464
87 121 0.108911
87 149 0.026087
88 28 0.0151515
88 57 0.026738
88 59 0.00966184
88 87 0.0263158
88 89 0.321918
88 90 0.0609137
88 118 0.0228571
88 119 0.193182
88 120 0.0333333
88 121 0.510638
88 122 0.021164
89 28 0.00980392
89 59 0.0112994
89 88 0.321918
89 90 0.0299401
89 118 0.0137931
89 119 0.253425
89 120 0.0133333
89 121 0.113924
89 122 0.0125786
89 152 0.00680272
90 27 0.0169492
90 28 0.0196078
90 29 0.0669643
90 57 0.0240385
90 58 0.0108108
90 59 0.263158
90 61 0.0193237
90 88 0.0609137
90 89 0.0299401
90 91 0.230769
90 92 0.0262009
90 121 0.0430622
90 122 0.0809524
90 123 0.00881057
91 28 0.025641
91 29 0.0265957
91 59 0.213542
91 60 0.10219
91 61 0.152047
91 90 0.230769
91 92 0.0310881
91 122 0.0114943
91 123 0.0052356
92 29 0.012766
92 30 0.10119
92 59 0.0251046
92 60 0.0217391
92 61 0.472477
92 90 0.0262009
92 91 0.0310881
92 122 0.00452489
92 123 0.10084
93 62 0.0775194
93 94 0.124294
93 124 0.253968
93 125 0.114286
93 156 0.0740741
94 62 0.0642857
94 63 0.282609
94 93 0.124294
94 95 0.0463576
94 125 0.145161
94 126 0.06875
95 31 0.072
95 63 0.183673
95 64 0.151786
95 65 0.0843373
95 94 0.0463576
95 96 0.00746269
95 126 0.0162602
95 127 0.0273973
96 65 0.0645161
96 95 0.00746269
96 126 0.048951
96 127 0.379518
96 158 0.254777
97 65 0.0540541
97 66 0.141935
97 127 0.0181818
97 128 0.24183
97 129 0.27027
98 35 0.181159
98 66 0.125
98 67 0.158621
98 99 0.0900901
98 129 0.160584
98 130 0.025641
99 36 0.0224719
99 67 0.00793651
99 68 0.123711
99 98 0.0900901
99 130 0.163265
99 132 0.114754
100 69 0.101266
100 70 0.122807
100 101 0.075
100 131 0.157143
100 162 0.057554
101 39 0.228426
101 68 0.00574713
101 70 0.19
101 71 0.115
101 100 0.075
101 131 0.00641026
101 132 0.135678
101 133 0.00423729
101 162 0.124444
102 40 0.0195122
102 41 0.00862069
102 71 0.236967
102 72 0.182609
102 73 0.108108
102 103 0.1341
102 104 0.019685
102 133 0.287449
102 162 0.00423729
103 73 0.174603
103 102 0.1341
103 104 0.522267
103 105 0.00534759
103 133 0.0291667
103 134 0.0507614
103 135 0.199029
103 136 0.00917431
103 166 0.117117
104 73 0.0571429
104 102 0.019685
104 103 0.522267
104 133 0.0815451
104 134 0.205263
104 164 0.0174672
104 165 0.00363636
104 166 0.0883721
105 42 0.15847
105 43 0.208955
105 73 0.0972973
105 74 0.0129032
105 103 0.00534759
105 106 0.159763
105 136 0.13245
106 43 0.26776
106 45 0.00680272
106 73 0.0042735
106 74 0.504902
106 75 0.0266667
106 105 0.159763
106 136 0.13
106 137 0.0869565
106 138 0.0418848
106 169 0.00431034
107 74 0.0247934
107 76 0.00990099
107 77 0.108696
107 108 0.016129
107 137 0.047619
107 138 0.00925926
107 139 0.0382166
107 140 0.025
107 169 0.167785
108 46 0.243363
108 47 0.0752688
108 48 0.00833333
108 75 0.0215827
108 76 0.0289017
108 77 0.0508475
108 78 0.156118
108 107 0.016129
108 139 0.292576
108 140 0.0147059
108 169 0.0226244
109 78 0.0172414
109 79 0.0052356
109 110 0.0512821
109 111 0.115
109 139 0.151786
109 140 0.243446
109 141 0.0233918
109 142 0.028169
109 170 0.0166667
109 171 0.0730337
109 172 0.0171429
110 78 0.00414938
110 79 0.46
110 80 0.0284091
110 109 0.0512821
110 111 0.143541
110 112 0.171123
110 141 0.0944444
110 142 0.198198
110 173 0.00529101
111 47 0.0153846
111 48 0.0200803
111 49 0.0140845
111 50 0.00462963
111 78 0.178862
111 79 0.404878
111 80 0.0773481
111 109 0.115
111 110 0.143541
111 112 0.03125
111 139 0.0294118
111 140 0.00355872
111 142 0.061674
112 49 0.0052356
112 50 0.0670103
112 79 0.147541
112 80 0.132075
112 81 0.0460526
112 82 0.0434783
112 110 0.171123
112 111 0.03125
112 113 0.0782123
112 114 0.108696
112 142 0.0780488
112 143 0.00671141
112 144 0.0552147
112 173 0.00581395
112 175 0.0129032
113 50 0.00492611
113 51 0.0116959
113 80 0.0119048
113 81 0.0372671
113 82 0.3
113 83 0.141304
113 84 0.0463918
113 112 0.0782123
113 114 0.331606
113 115 0.0765027
113 143 0.0316456
113 144 0.133721
113 145 0.0594595
113 146 0.00609756
113 175 0.0609756
113 176 0.0598802
113 177 0.00574713
114 50 0.0144231
114 51 0.0795455
114 80 0.0578035
114 81 0.0963855
114 82 0.222857
114 83 0.0529101
114 84 0.100503
114 112 0.108696
114 113 0.331606
114 115 0.0265957
114 143 0.0797546
114 144 0.231638
114 145 0.0631579
114 146 0.0118343
114 175 0.0532544
115 82 0.139394
115 83 0.0446927
115 84 0.111111
115 113 0.0765027
115 114 0.0265957
115 116 0.154229
115 117 0.0208333
115 144 0.011976
115 145 0.283333
115 146 0.0943396
115 147 0.0662651
115 148 0.0744681
115 175 0.00628931
115 176 0.0679012
115 177 0.189349
115 178 0.0145985
116 53 0.131579
116 54 0.0410256
116 82 0.00531915
116 83 0.049505
116 84 0.207547
116 85 0.0409091
116 115 0.154229
116 117 0.274419
116 145 0.0640394
116 146 0.0164835
116 147 0.0952381
116 148 0.232227
117 53 0.020979
117 54 0.0752688
117 56 0.0447761
117 84 0.044335
117 85 0.104265
117 86 0.0959596
117 87 0.0097561
117 115 0.0208333
117 116 0.274419
117 118 0.0736842
117 147 0.0277778
117 148 0.356436
118 56 0.0216216
118 87 0.121693
118 88 0.0228571
118 89 0.0137931
118 117 0.0736842
118 119 0.342857
118 120 0.0223464
118 121 0.0427807
118 147 0.0121951
118 148 0.016129
118 149 0.204651
118 150 0.0127389
118 151 0.0316456
118 180 0.00591716
119 87 0.0736842
119 88 0.193182
119 89 0.253425
119 118 0.342857
119 120 0.0833333
119 121 0.138298
119 149 0.0231481
119 150 0.0443038
119 151 0.0377358
119 152 0.00564972
119 183 0.013245
120 87 0.00515464
120 88 0.0333333
120 89 0.0133333
120 118 0.0223464
120 119 0.0833333
120 121 0.09375
120 122 0.119171
120 150 0.0246914
120 151 0.0429448
120 152 0.298343
120 153 0.021978
120 181 0.0508475
120 182 0.0315789
120 183 0.0258065
121 57 0.0150754
121 59 0.00913242
121 87 0.108911
121 88 0.510638
121 89 0.113924
121 90 0.0430622
121 118 0.0427807
121 119 0.138298
121 120 0.09375
121 122 0.0497512
121 152 0.021164
122 61 0.0201005
122 88 0.021164
122 89 0.0125786
122 90 0.0809524
122 91 0.0114943
122 92 0.00452489
122 120 0.119171
122 121 0.0497512
122 123 0.0821918
122 152 0.0578947
122 153 0.167539
123 61 0.12963
123 90 0.00881057
123 91 0.0052356
123 92 0.10084
123 122 0.0821918
123 153 0.259615
123 154 0.311475
123 184 0.0118577
123 185 0.00507614
124 93 0.253968
124 155 0.244444
124 156 0.0163934
124 187 0.0166667
125 63 0.021978
125 93 0.114286
125 94 0.145161
125 126 0.259494
125 156 0.157895
125 157 0.0070922
125 158 0.00581395
125 189 0.0223464
126 94 0.06875
126 95 0.0162602
126 96 0.048951
126 125 0.259494
126 156 0.0137931
126 158 0.0821918
126 189 0.0784314
127 65 0.181818
127 95 0.0273973
127 96 0.379518
127 97 0.0181818
127 128 0.0903614
127 158 0.0887574
127 159 0.025641
128 65 0.00537634
128 97 0.24183
128 127 0.0903614
128 129 0.00671141
128 159 0.263889
128 160 0.0991736
128 190 0.0289855
129 66 0.145695
129 97 0.27027
129 98 0.160584
129 128 0.00671141
129 130 0.0806452
129 160 0.0258621
130 98 0.025641
130 99 0.163265
130 129 0.0806452
130 132 0.046875
130 160 0.0208333
130 161 0.135135
130 194 0.0391061
131 100 0.157143
131 101 0.00641026
131 162 0.259259
131 193 0.0422535
132 68 0.015748
132 99 0.114754
132 101 0.135678
132 130 0.046875
132 162 0.219101
132 163 0.0673575
132 194 0.0394089
133 71 0.0473684
133 101 0.00423729
133 102 0.287449
133 103 0.0291667
133 104 0.0815451
133 134 0.0218579
133 162 0.0976744
133 164 0.243243
133 165 0.011194
134 103 0.0507614
134 104 0.205263
134 133 0.0218579
134 164 0.0949721
134 165 0.217778
134 166 0.121212
134 196 0.0642857
134 197 0.00657895
135 73 0.0392157
135 103 0.199029
135 136 0.182353
135 137 0.02
135 166 0.132184
135 168 0.0148515
135 197 0.0993789
135 199 0.00540541
136 73 0.00925926
136 74 0.0376344
136 103 0.00917431
136 105 0.13245
136 106 0.13
136 135 0.182353
136 137 0.183962
136 138 0.127168
136 169 0.214953
137 74 0.0324074
137 77 0.0070922
137 106 0.0869565
137 107 0.047619
137 135 0.02
137 136 0.183962
137 138 0.482759
137 168 0.045082
137 169 0.336066
137 199 0.105727
137 201 0.00387597
138 74 0.0564972
138 76 0.0191083
138 106 0.0418848
138 107 0.00925926
138 136 0.127168
138 137 0.482759
138 169 0.141463
138 199 0.0212766
138 201 0.0410959
139 76 0.0145631
139 77 0.0198676
139 78 0.192593
139 107 0.0382166
139 108 0.292576
139 109 0.151786
139 111 0.0294118
139 140 0.288525
139 169 0.019685
139 170 0.0137615
140 77 0.00515464
140 107 0.025
140 108 0.0147059
140 109 0.243446
140 111 0.00355872
140 139 0.288525
140 169 0.0875421
140 170 0.241379
140 171 0.023166
140 200 0.0279503
140 201 0.241158
141 109 0.0233918
141 110 0.0944444
141 142 0.10101
141 171 0.0368098
141 172 0.35625
141 173 0.0121212
141 202 0.00561798
141 203 0.443609
141 204 0.00632911
141 205 0.00598802
142 79 0.142202
142 109 0.028169
142 110 0.198198
142 111 0.061674
142 112 0.0780488
142 141 0.10101
142 143 0.103261
142 144 0.0252525
142 172 0.148515
142 173 0.149758
142 174 0.0898876
142 175 0.00526316
142 203 0.04
142 205 0.00956938
142 206 0.0247525
143 112 0.00671141
143 113 0.0316456
143 114 0.0797546
143 142 0.103261
143 144 0.330986
143 145 0.00645161
143 172 0.00684932
143 173 0.344371
143 174 0.0245902
143 175 0.171642
143 176 0.0218978
143 206 0.0205479
143 207 0.0238095
143 208 0.00641026
144 80 0.00657895
144 81 0.00689655
144 82 0.0649351
144 83 0.00595238
144 84 0.011236
144 112 0.0552147
144 113 0.133721
144 114 0.231638
144 115 0.011976
144 142 0.0252525
144 143 0.330986
144 145 0.12426
144 173 0.127273
144 174 0.0147059
144 175 0.182432
144 176 0.0596026
144 206 0.00625
144 207 0.010989
145 82 0.0179641
145 83 0.0110497
145 113 0.0594595
145 114 0.0631579
145 115 0.283333
145 116 0.0640394
145 143 0.00645161
145 144 0.12426
145 146 0.36646
145 147 0.00595238
145 175 0.118012
145 176 0.0914634
145 177 0.0760234
145 207 0.0564103
145 208 0.0273224
146 113 0.00609756
146 114 0.0118343
146 115 0.0943396
146 116 0.0164835
146 145 0.36646
146 147 0.122449
146 148 0.0532544
146 176 0.020979
146 177 0.106667
146 178 0.0508475
146 207 0.0172414
146 208 0.0493827
146 209 0.0344828
146 210 0.0306748
147 115 0.0662651
147 116 0.0952381
147 117 0.0277778
147 118 0.0121951
147 145 0.00595238
147 146 0.122449
147 148 0.318182
147 149 0.0829268
147 177 0.133758
147 178 0.136
147 179 0.0337838
147 210 0.111765
147 211 0.0492958
148 84 0.0201005
148 86 0.00515464
148 115 0.0744681
148 116 0.232227
148 117 0.356436
148 118 0.016129
148 146 0.0532544
148 147 0.318182
148 149 0.0572687
148 177 0.027933
148 178 0.0204082
148 210 0.00520833
149 87 0.026087
149 118 0.204651
149 119 0.0231481
149 147 0.0829268
149 148 0.0572687
149 178 0.0568182
149 179 0.0100503
149 180 0.0047619
149 181 0.028169
149 210 0.0950226
149 211 0.341969
150 118 0.0127389
150 119 0.0443038
150 120 0.0246914
150 151 0.489362
150 152 0.0188679
150 180 0.131579
150 181 0.0516129
150 182 0.0416667
150 183 0.0902256
150 214 0.00719424
151 118 0.0316456
151 119 0.0377358
151 120 0.0429448
151 150 0.489362
151 152 0.05625
151 180 0.104575
151 181 0.185897
151 182 0.189349
151 183 0.0820896
151 211 0.0147059
151 212 0.0125
151 213 0.0625
151 214 0.0142857
152 89 0.00680272
152 119 0.00564972
152 120 0.298343
152 121 0.021164
152 122 0.0578947
152 150 0.0188679
152 151 0.05625
152 153 0.150838
152 182 0.026738
152 183 0.171053
152 184 0.0848214
152 213 0.0168539
152 214 0.132911
153 120 0.021978
153 122 0.167539
153 123 0.259615
153 152 0.150838
153 154 0.0258065
153 183 0.0130719
153 184 0.146667
153 185 0.0887574
153 214 0.0125786
154 123 0.311475
154 153 0.0258065
154 184 0.09
154 185 0.180556
155 124 0.244444
155 186 0.231707
155 187 0.0887097
155 218 0.0108696
156 93 0.0740741
156 124 0.0163934
156 125 0.157895
156 126 0.0137931
156 157 0.0390625
156 187 0.217949
156 188 0.104712
157 125 0.0070922
157 156 0.0390625
157 188 0.248447
157 189 0.0661765
157 219 0.1
158 96 0.254777
158 125 0.00581395
158 126 0.0821918
158 127 0.0887574
158 159 0.00680272
158 189 0.179641
158 190 0.0780142
159 127 0.025641
159 128 0.263889
159 158 0.00680272
159 160 0.00900901
159 190 0.273438
159 221 0.0330578
159 222 0.105263
160 128 0.0991736
160 129 0.0258621
160 130 0.0208333
160 159 0.00900901
160 161 0.165049
160 191 0.0571429
160 222 0.0989011
161 130 0.135135
161 160 0.165049
161 191 0.075
161 192 0.225564
162 100 0.057554
162 101 0.124444
162 102 0.00423729
162 131 0.259259
162 132 0.219101
162 133 0.0976744
162 163 0.146119
162 164 0.0758294
162 194 0.0393013
163 132 0.0673575
163 162 0.146119
163 164 0.141593
163 193 0.109677
163 194 0.377049
163 195 0.0357143
163 196 0.00534759
164 104 0.0174672
164 133 0.243243
164 134 0.0949721
164 162 0.0758294
164 163 0.141593
164 165 0.143939
164 196 0.0111732
165 104 0.00363636
165 133 0.011194
165 134 0.217778
165 164 0.143939
165 166 0.22
165 195 0.00561798
165 196 0.422222
165 197 0.101266
165 198 0.00465116
165 228 0.0121457
165 229 0.00689655
166 103 0.117117
166 104 0.0883721
166 134 0.121212
166 135 0.132184
166 165 0.22
166 196 0.0242424
166 197 0.19774
167 168 0.163043
167 197 0.013986
167 198 0.0826446
167 199 0.251497
167 200 0.062201
167 228 0.00653595
167 229 0.00510204
167 230 0.145299
167 231 0.0285714
167 232 0.0545455
168 135 0.0148515
168 137 0.045082
168 167 0.163043
168 169 0.0691057
168 170 0.0333333
168 197 0.0341463
168 198 0.114754
168 199 0.524017
168 200 0.114391
168 201 0.0961538
168 232 0.0132159
169 106 0.00431034
169 107 0.167785
169 108 0.0226244
169 136 0.214953
169 137 0.336066
169 138 0.141463
169 139 0.019685
169 140 0.0875421
169 168 0.0691057
169 170 0.0047619
169 199 0.0655022
169 200 0.0110701
169 201 0.130769
170 109 0.0166667
170 139 0.0137615
170 140 0.241379
170 168 0.0333333
170 169 0.0047619
170 171 0.0406977
170 199 0.00518135
170 200 0.182979
170 201 0.321429
170 232 0.0628272
171 109 0.0730337
171 140 0.023166
171 141 0.0368098
171 170 0.0406977
171 172 0.161677
171 200 0.0171674
171 201 0.036036
171 202 0.27027
171 203 0.0142857
171 231 0.0100503
171 232 0.037037
171 233 0.0508475
171 234 0.0769231
171 235 0.0430108
172 109 0.0171429
172 141 0.35625
172 142 0.148515
172 143 0.00684932
172 171 0.161677
172 173 0.0650888
172 202 0.0989011
172 203 0.175182
172 204 0.0123457
172 205 0.0584795
172 233 0.0344828
172 234 0.00558659
172 235 0.120219
173 110 0.00529101
173 112 0.00581395
173 141 0.0121212
173 142 0.149758
173 143 0.344371
173 144 0.127273
173 172 0.0650888
173 174 0.0413793
173 175 0.0700637
173 203 0.00704225
173 204 0.0778443
173 205 0.0284091
173 206 0.112426
173 235 0.0265957
173 237 0.0211268
174 142 0.0898876
174 143 0.0245902
174 144 0.0147059
174 173 0.0413793
174 175 0.125
174 176 0.0687023
174 204 0.0434783
174 205 0.244898
174 206 0.164286
174 207 0.0123457
174 235 0.0503145
175 112 0.0129032
175 113 0.0609756
175 114 0.0532544
175 115 0.00628931
175 142 0.00526316
175 143 0.171642
175 144 0.182432
175 145 0.118012
175 173 0.0700637
175 174 0.125
175 176 0.181818
175 205 0.0440252
175 206 0.230263
175 207 0.109195
175 208 0.037037
175 237 0.016
175 239 0.0114286
176 113 0.0598802
176 115 0.0679012
176 143 0.0218978
176 144 0.0596026
176 145 0.0914634
176 146 0.020979
176 174 0.0687023
176 175 0.181818
176 177 0.130719
176 206 0.0193548
176 207 0.225989
176 208 0.0666667
176 239 0.0955056
177 113 0.00574713
177 115 0.189349
177 145 0.0760234
177 146 0.106667
177 147 0.133758
177 148 0.027933
177 176 0.130719
177 178 0.0390625
177 179 0.0331126
177 207 0.130435
177 208 0.0465116
177 209 0.206522
177 210 0.017341
177 239 0.0378378
178 115 0.0145985
178 146 0.0508475
178 147 0.136
178 148 0.0204082
178 149 0.0568182
178 177 0.0390625
178 179 0.134454
178 209 0.0789474
178 210 0.446809
178 211 0.0530973
178 241 0.0206897
179 147 0.0337838
179 149 0.0100503
179 177 0.0331126
179 178 0.134454
179 180 0.196078
179 181 0.0128205
179 209 0.0971429
179 210 0.0731707
179 211 0.117647
179 212 0.01875
179 240 0.0246914
179 241 0.202381
179 242 0.215909
179 243 0.0216216
180 118 0.00591716
180 149 0.0047619
180 150 0.131579
180 151 0.104575
180 179 0.196078
180 181 0.149701
180 209 0.00537634
180 211 0.0748299
180 212 0.0292398
180 241 0.0111732
180 242 0.160428
181 120 0.0508475
181 149 0.028169
181 150 0.0516129
181 151 0.185897
181 179 0.0128205
181 180 0.149701
181 182 0.196721
181 211 0.106667
181 212 0.373563
181 213 0.0344828
181 242 0.110526
181 243 0.0100503
181 244 0.10625
182 120 0.0315789
182 150 0.0416667
182 151 0.189349
182 152 0.026738
182 181 0.196721
182 183 0.0621118
182 212 0.0320856
182 213 0.395722
182 214 0.131737
182 243 0.00943396
182 244 0.0924855
182 246 0.00492611
183 119 0.013245
183 120 0.0258065
183 150 0.0902256
183 151 0.0820896
183 152 0.171053
183 153 0.0130719
183 182 0.0621118
183 184 0.0151515
183 214 0.30303
183 215 0.00729927
183 246 0.00595238
184 123 0.0118577
184 152 0.0848214
184 153 0.146667
184 154 0.09
184 183 0.0151515
184 185 0.261682
184 214 0.0637255
184 215 0.186603
184 216 0.172414
184 246 0.0375
184 247 0.0188679
185 123 0.00507614
185 153 0.0887574
185 154 0.180556
185 184 0.261682
185 214 0.00675676
185 215 0.0784314
185 216 0.164773
185 246 0.0217391
186 155 0.231707
186 217 0.157143
186 218 0.1125
187 124 0.0166667
187 155 0.0887097
187 156 0.217949
187 188 0.10582
187 218 0.0983607
187 249 0.0914286
188 156 0.104712
188 157 0.248447
188 187 0.10582
188 189 0.0653266
188 219 0.0797546
188 220 0.0348259
188 249 0.147619
188 250 0.015
189 125 0.0223464
189 126 0.0784314
189 157 0.0661765
189 158 0.179641
189 188 0.0653266
189 190 0.128378
189 220 0.119318
190 128 0.0289855
190 158 0.0780142
190 159 0.273438
190 189 0.128378
190 220 0.12
190 221 0.0869565
191 160 0.0571429
191 161 0.075
191 192 0.22963
191 193 0.010101
191 222 0.00925926
191 223 0.0361446
191 224 0.0227273
191 253 0.2
192 161 0.225564
192 191 0.22963
192 193 0.0803571
192 194 0.179104
192 223 0.0208333
192 224 0.0137931
192 255 0.0144928
193 131 0.0422535
193 163 0.109677
193 191 0.010101
193 192 0.0803571
193 194 0.145455
193 223 0.0666667
193 224 0.0458716
193 226 0.00813008
193 255 0.0392157
194 130 0.0391061
194 132 0.0394089
194 162 0.0393013
194 163 0.377049
194 192 0.179104
194 193 0.145455
194 195 0.0133333
194 223 0.0134228
194 224 0.010101
194 226 0.00471698
195 163 0.0357143
195 165 0.00561798
195 194 0.0133333
195 196 0.107527
195 224 0.0106383
195 225 0.0185185
195 226 0.12037
195 227 0.135593
195 255 0.0114943
195 258 0.0348837
196 134 0.0642857
196 163 0.00534759
196 164 0.0111732
196 165 0.422222
196 166 0.0242424
196 195 0.107527
196 197 0.0592105
196 228 0.0123457
196 229 0.00487805
197 134 0.00657895
197 135 0.0993789
197 165 0.101266
197 166 0.19774
197 167 0.013986
197 168 0.0341463
197 196 0.0592105
197 198 0.161972
197 199 0.0106383
197 228 0.0517241
197 229 0.00921659
197 230 0.0144928
198 165 0.00465116
198 167 0.0826446
198 168 0.114754
198 197 0.161972
198 199 0.0481928
198 228 0.223684
198 229 0.112821
198 230 0.137931
198 260 0.00840336
199 135 0.00540541
199 137 0.105727
199 138 0.0212766
199 167 0.251497
199 168 0.524017
199 169 0.0655022
199 170 0.00518135
199 197 0.0106383
199 198 0.0481928
199 200 0.0393701
199 201 0.00411523
200 140 0.0279503
200 167 0.062201
200 168 0.114391
200 169 0.0110701
200 170 0.182979
200 171 0.0171674
200 199 0.0393701
200 201 0.252632
200 202 0.00403226
200 230 0.00490196
200 231 0.0610687
200 232 0.369048
200 260 0.00483092
201 137 0.00387597
201 138 0.0410959
201 140 0.241158
201 168 0.0961538
201 169 0.130769
201 170 0.321429
201 171 0.036036
201 199 0.00411523
201 200 0.252632
201 202 0.0126582
201 232 0.0539419
202 141 0.00561798
202 171 0.27027
202 172 0.0989011
202 200 0.00403226
202 201 0.0126582
202 203 0.0645161
202 231 0.0140187
202 232 0.0147059
202 233 0.552083
202 234 0.203046
202 235 0.039801
202 264 0.0185185
203 141 0.443609
203 142 0.04
203 171 0.0142857
203 172 0.175182
203 173 0.00704225
203 202 0.0645161
203 204 0.00740741
203 205 0.0138889
203 233 0.047619
203 234 0.0131579
203 235 0.0384615
204 141 0.00632911
204 172 0.0123457
204 173 0.0778443
204 174 0.0434783
204 203 0.00740741
204 205 0.118343
204 206 0.123457
204 234 0.0564972
204 235 0.39779
204 236 0.0348837
204 237 0.0814815
204 265 0.210526
204 266 0.0164835
204 268 0.00657895
205 141 0.00598802
205 142 0.00956938
205 172 0.0584795
205 173 0.0284091
205 174 0.244898
205 175 0.0440252
205 203 0.0138889
205 204 0.118343
205 206 0.309942
205 234 0.0430108
205 235 0.257895
205 236 0.0165746
205 237 0.0625
205 265 0.0162602
205 268 0.0186335
205 269 0.00520833
206 142 0.0247525
206 143 0.0205479
206 144 0.00625
206 173 0.112426
206 174 0.164286
206 175 0.230263
206 176 0.0193548
206 204 0.123457
206 205 0.309942
206 207 0.0376344
206 208 0.0229885
206 235 0.0163934
206 237 0.284672
206 239 0.00534759
206 265 0.00862069
206 268 0.0194805
207 143 0.0238095
207 144 0.010989
207 145 0.0564103
207 146 0.0172414
207 174 0.0123457
207 175 0.109195
207 176 0.225989
207 177 0.130435
207 206 0.0376344
207 208 0.438776
207 209 0.0432692
207 237 0.081761
207 238 0.0318471
207 239 0.363636
207 268 0.0170455
207 270 0.0240385
208 143 0.00641026
208 145 0.0273224
208 146 0.0493827
208 175 0.037037
208 176 0.0666667
208 177 0.0465116
208 206 0.0229885
208 207 0.438776
208 209 0.0765306
208 237 0.0612245
208 238 0.0827586
208 239 0.279188
208 240 0.0163934
208 268 0.00609756
208 270 0.0561224
209 146 0.0344828
209 177 0.206522
209 178 0.0789474
209 179 0.0971429
209 180 0.00537634
209 207 0.0432692
209 208 0.0765306
209 210 0.0456853
209 211 0.00591716
209 238 0.0636943
209 239 0.0717703
209 240 0.153846
209 241 0.079602
209 242 0.0239234
209 270 0.100962
209 271 0.0687831
210 146 0.0306748
210 147 0.111765
210 148 0.00520833
210 149 0.0950226
210 177 0.017341
210 178 0.446809
210 179 0.0731707
210 209 0.0456853
210 211 0.056962
210 241 0.0421053
210 242 0.010101
211 147 0.0492958
211 149 0.341969
211 151 0.0147059
211 178 0.0530973
211 179 0.117647
211 180 0.0748299
211 181 0.106667
211 209 0.00591716
211 210 0.056962
211 212 0.0649351
211 241 0.0185185
211 242 0.0176471
211 244 0.0142857
212 151 0.0125
212 179 0.01875
212 180 0.0292398
212 181 0.373563
212 182 0.0320856
212 211 0.0649351
212 213 0.011236
212 241 0.016129
212 242 0.113402
212 243 0.187192
212 244 0.292683
212 273 0.08
212 274 0.0120482
212 275 0.00537634
212 276 0.0117647
213 151 0.0625
213 152 0.0168539
213 181 0.0344828
213 182 0.395722
213 212 0.011236
213 214 0.0886076
213 215 0.00613497
213 243 0.00492611
213 244 0.25
213 245 0.104396
213 246 0.0154639
213 273 0.00571429
213 275 0.0215054
213 276 0.129412
214 150 0.00719424
214 151 0.0142857
214 152 0.132911
214 153 0.0125786
214 182 0.131737
214 183 0.30303
214 184 0.0637255
214 185 0.00675676
214 213 0.0886076
214 215 0.118881
214 245 0.0308642
214 246 0.143678
215 183 0.00729927
215 184 0.186603
215 185 0.0784314
215 213 0.00613497
215 214 0.118881
215 216 0.105263
215 245 0.0538922
215 246 0.351955
215 247 0.0596026
215 275 0.00584795
215 278 0.0365854
216 184 0.172414
216 185 0.164773
216 215 0.105263
216 246 0.049505
216 247 0.212644
217 186 0.157143
217 218 0.1125
217 248 0.127907
217 279 0.138462
218 155 0.0108696
218 186 0.1125
218 187 0.0983607
218 217 0.1125
218 248 0.0833333
218 249 0.104895
219 157 0.1
219 188 0.0797546
219 249 0.0201342
219 250 0.100719
219 251 0.0763359
219 281 0.0225989
219 282 0.0695652
219 283 0.0757576
220 188 0.0348259
220 189 0.119318
220 190 0.12
220 221 0.0559441
220 252 0.0514706
220 283 0.352941
221 159 0.0330578
221 190 0.0869565
221 220 0.0559441
221 222 0.227723
221 252 0.108911
221 253 0.0816327
222 159 0.105263
222 160 0.0989011
222 191 0.00925926
222 221 0.227723
222 253 0.208791
223 191 0.0361446
223 192 0.0208333
223 193 0.0666667
223 194 0.0134228
223 224 0.311828
223 225 0.0280374
223 254 0.0454545
223 255 0.197674
223 256 0.0121951
223 285 0.0117647
223 286 0.06
224 191 0.0227273
224 192 0.0137931
224 193 0.0458716
224 194 0.010101
224 195 0.0106383
224 223 0.311828
224 225 0.192308
224 226 0.0769231
224 254 0.0145985
224 255 0.325926
224 256 0.262911
224 285 0.00746269
224 286 0.040404
224 288 0.0201342
225 195 0.0185185
225 223 0.0280374
225 224 0.192308
225 226 0.211765
225 227 0.0555556
225 255 0.0805369
225 256 0.348018
225 257 0.00625
225 258 0.00675676
225 286 0.00884956
225 288 0.0122699
225 289 0.00540541
226 193 0.00813008
226 194 0.00471698
226 195 0.12037
226 224 0.0769231
226 225 0.211765
226 227 0.45
226 255 0.0738255
226 256 0.0748899
226 257 0.01875
226 258 0.0608108
226 288 0.0552147
226 289 0.0864865
227 195 0.135593
227 225 0.0555556
227 226 0.45
227 228 0.0534759
227 229 0.0913043
227 255 0.0125786
227 256 0.00843882
227 257 0.0529412
227 258 0.177215
227 259 0.0505618
227 288 0.0346821
227 289 0.189744
228 165 0.0121457
228 167 0.00653595
228 196 0.0123457
228 197 0.0517241
228 198 0.223684
228 227 0.0534759
228 229 0.581498
228 230 0.0135135
228 258 0.0258065
228 259 0.0628571
228 289 0.046875
229 165 0.00689655
229 167 0.00510204
229 196 0.00487805
229 197 0.00921659
229 198 0.112821
229 227 0.0913043
229 228 0.581498
229 230 0.0575916
229 258 0.020202
229 259 0.307339
229 260 0.0103093
229 289 0.144681
229 290 0.0121951
230 167 0.145299
230 197 0.0144928
230 198 0.137931
230 200 0.00490196
230 228 0.0135135
230 229 0.0575916
230 231 0.0294118
230 259 0.0647482
230 260 0.434783
230 261 0.0833333
230 262 0.00497512
230 291 0.00609756
230 293 0.00442478
231 167 0.0285714
231 171 0.0100503
231 200 0.0610687
231 202 0.0140187
231 230 0.0294118
231 232 0.353211
231 260 0.00578035
231 262 0.355212
231 263 0.056338
231 293 0.00704225
232 167 0.0545455
232 168 0.0132159
232 170 0.0628272
232 171 0.037037
232 200 0.369048
232 201 0.0539419
232 202 0.0147059
232 231 0.353211
232 233 0.0204082
232 262 0.0321285
232 263 0.0151515
233 171 0.0508475
233 172 0.0344828
233 202 0.552083
233 203 0.047619
233 232 0.0204082
233 234 0.169312
233 235 0.015544
233 264 0.155844
233 295 0.0326797
234 171 0.0769231
234 172 0.00558659
234 202 0.203046
234 203 0.0131579
234 204 0.0564972
234 205 0.0430108
234 233 0.169312
234 235 0.181818
234 263 0.016
234 264 0.157233
234 265 0.10687
234 295 0.297468
234 296 0.0120482
234 298 0.00526316
235 171 0.0430108
235 172 0.120219
235 173 0.0265957
235 174 0.0503145
235 202 0.039801
235 203 0.0384615
235 204 0.39779
235 205 0.257895
235 206 0.0163934
235 233 0.015544
235 234 0.181818
235 236 0.00518135
235 237 0.00641026
235 265 0.0592593
235 266 0.0147783
235 295 0.0493827
236 204 0.0348837
236 205 0.0165746
236 235 0.00518135
236 237 0.0544218
236 238 0.0275862
236 265 0.00793651
236 266 0.175258
236 267 0.203593
236 268 0.25
236 269 0.164103
236 298 0.151351
236 299 0.19898
237 173 0.0211268
237 175 0.016
237 204 0.0814815
237 205 0.0625
237 206 0.284672
237 207 0.081761
237 208 0.0612245
237 235 0.00641026
237 236 0.0544218
237 238 0.0185185
237 239 0.00625
237 265 0.0224719
237 268 0.181102
237 269 0.0253165
238 207 0.0318471
238 208 0.0827586
238 209 0.0636943
238 236 0.0275862
238 237 0.0185185
238 239 0.0632911
238 240 0.111111
238 268 0.064
238 269 0.134615
238 270 0.203822
238 271 0.0144928
239 175 0.0114286
239 176 0.0955056
239 177 0.0378378
239 206 0.00534759
239 207 0.363636
239 208 0.279188
239 209 0.0717703
239 237 0.00625
239 238 0.0632911
239 240 0.0153061
239 268 0.0112994
239 269 0.00961538
239 270 0.148325
240 179 0.0246914
240 208 0.0163934
240 209 0.153846
240 238 0.111111
240 239 0.0153061
240 241 0.138298
240 242 0.0153061
240 270 0.287179
240 271 0.289773
240 272 0.00440529
240 300 0.0367647
240 301 0.0233918
240 302 0.0187793
240 303 0.260204
241 178 0.0206897
241 179 0.202381
241 180 0.0111732
241 209 0.079602
241 210 0.0421053
241 211 0.0185185
241 212 0.016129
241 240 0.138298
241 242 0.0891089
241 243 0.014218
241 270 0.0149254
241 271 0.258242
241 273 0.0437158
241 303 0.0742574
242 179 0.215909
242 180 0.160428
242 181 0.110526
242 209 0.0239234
242 210 0.010101
242 211 0.0176471
242 212 0.113402
242 240 0.0153061
242 241 0.0891089
242 243 0.0502283
242 271 0.0526316
242 272 0.0580913
242 273 0.162304
242 274 0.0604396
242 303 0.109524
243 179 0.0216216
243 181 0.0100503
243 182 0.00943396
243 212 0.187192
243 213 0.00492611
243 241 0.014218
243 242 0.0502283
243 244 0.0634921
243 272 0.036
243 273 0.56
243 274 0.162304
243 275 0.0900474
243 276 0.025641
243 305 0.039604
243 307 0.0311111
244 181 0.10625
244 182 0.0924855
244 211 0.0142857
244 212 0.292683
244 213 0.25
244 243 0.0634921
244 273 0.0372671
244 275 0.0348837
244 276 0.237179
245 213 0.104396
245 214 0.0308642
245 215 0.0538922
245 246 0.217172
245 275 0.268421
245 276 0.0402299
245 277 0.117318
245 305 0.0165746
245 307 0.215686
245 308 0.0397727
245 309 0.026738
246 182 0.00492611
246 183 0.00595238
246 184 0.0375
246 185 0.0217391
246 213 0.0154639
246 214 0.143678
246 215 0.351955
246 216 0.049505
246 245 0.217172
246 247 0.0659341
246 275 0.0148515
246 276 0.0107527
246 277 0.026178
246 278 0.153846
246 307 0.0740741
246 309 0.080402
247 184 0.0188679
247 215 0.0596026
247 216 0.212644
247 246 0.0659341
247 278 0.257485
247 308 0.00625
247 309 0.0233918
248 217 0.127907
248 218 0.0833333
248 249 0.033557
248 279 0.148148
248 280 0.183673
248 310 0.152381
249 187 0.0914286
249 188 0.147619
249 218 0.104895
249 219 0.0201342
249 248 0.033557
249 250 0.209677
249 280 0.0551724
249 281 0.0133929
