0 1 0.232955
0 31 0.315508
0 32 0.105691
0 33 0.0222222
0 63 0.114583
1 0 0.232955
1 2 0.10241
1 31 0.00546448
1 32 0.117647
1 33 0.0397727
1 63 0.12766
2 1 0.10241
2 3 0.338384
2 4 0.0239234
2 32 0.0265487
2 33 0.0882353
2 34 0.0121212
2 35 0.100503
3 2 0.338384
3 4 0.0242915
3 33 0.0673077
3 34 0.00985222
3 35 0.316456
3 36 0.0339806
4 2 0.0239234
4 3 0.0242915
4 5 0.286458
4 6 0.0177778
4 34 0.11215
4 35 0.112903
4 36 0.304147
4 67 0.0305677
5 4 0.286458
5 6 0.232704
5 36 0.0264901
5 37 0.0227273
5 68 0.0316456
6 4 0.0177778
6 5 0.232704
6 7 0.0121951
6 37 0.418182
6 39 0.0598802
6 67 0.00510204
6 68 0.13089
7 6 0.0121951
7 9 0.0075188
7 37 0.109489
7 38 0.333333
7 39 0.438849
7 40 0.00505051
8 9 0.0190476
8 10 0.0223881
8 40 0.335294
8 70 0.015873
8 72 0.0396825
9 7 0.0075188
9 8 0.0190476
9 10 0.283019
9 11 0.00645161
9 39 0.169118
9 40 0.0358974
9 41 0.0920245
9 73 0.0116279
10 8 0.0223881
10 9 0.283019
10 11 0.11413
10 40 0.165179
10 41 0.109375
10 42 0.0625
10 71 0.00518135
10 73 0.00497512
11 9 0.00645161
11 10 0.11413
11 41 0.0691489
11 42 0.457447
11 43 0.00581395
11 71 0.00529101
12 13 0.0657895
12 42 0.0789474
12 43 0.389706
12 45 0.00769231
13 12 0.0657895
13 14 0.166667
13 43 0.0111111
13 44 0.488095
13 45 0.0977011
13 75 0.08
14 13 0.166667
14 15 0.322222
14 16 0.116751
14 44 0.00531915
14 45 0.216495
14 47 0.0207254
14 75 0.00454545
14 76 0.0493274
15 14 0.322222
15 16 0.106383
15 45 0.057971
15 47 0.0656934
15 76 0.00598802
16 14 0.116751
16 15 0.106383
16 17 0.0555556
16 47 0.038961
16 48 0.285714
16 80 0.00564972
17 16 0.0555556
17 18 0.195313
17 19 0.00684932
17 47 0.240506
17 48 0.348837
17 49 0.0571429
17 80 0.00552486
17 81 0.0384615
17 82 0.00689655
18 17 0.195313
18 19 0.416667
18 20 0.0148148
18 49 0.0746269
18 50 0.0367647
18 51 0.0118343
18 80 0.00699301
18 81 0.0169492
18 82 0.0280374
19 17 0.00684932
19 18 0.416667
19 20 0.0392157
19 49 0.0352941
19 50 0.422078
19 51 0.0213904
19 82 0.088
20 18 0.0148148
20 19 0.0392157
20 21 0.217687
20 22 0.00526316
20 50 0.132597
20 51 0.504673
20 52 0.0914634
20 82 0.0197368
20 83 0.00591716
21 20 0.217687
21 22 0.273885
21 51 0.0276243
21 52 0.129771
21 53 0.0828025
21 84 0.0123457
22 20 0.00526316
22 21 0.273885
22 23 0.037037
22 24 0.0148515
22 53 0.48
22 84 0.00487805
23 22 0.037037
23 24 0.21466
23 25 0.00617284
23 53 0.15873
23 54 0.146667
23 55 0.0075188
23 56 0.00480769
23 84 0.118557
23 86 0.0857143
24 22 0.0148515
24 23 0.21466
24 25 0.262857
24 53 0.0990099
24 55 0.143836
24 56 0.0904977
24 86 0.0531915
25 23 0.00617284
25 24 0.262857
25 26 0.10241
25 27 0.0816327
25 55 0.0683761
25 56 0.0885417
25 86 0.00628931
26 25 0.10241
26 27 0.305389
26 56 0.15566
26 57 0.226415
26 58 0.0141844
26 89 0.0496894
26 90 0.0346535
27 25 0.0816327
27 26 0.305389
27 28 0.0168539
27 56 0.0207254
27 57 0.0214286
27 58 0.0901639
27 59 0.135922
28 27 0.0168539
28 29 0.0116959
28 59 0.436441
28 60 0.235955
28 91 0.0318471
29 28 0.0116959
29 30 0.147059
29 59 0.0100503
29 60 0.312057
29 61 0.0748299
29 92 0.0333333
30 29 0.147059
30 61 0.00869565
30 92 0.211864
31 0 0.315508
31 1 0.00546448
31 32 0.123077
31 33 0.0160428
31 62 0.0507614
31 63 0.246231
32 0 0.105691
32 1 0.117647
32 2 0.0265487
32 31 0.123077
32 33 0.0162602
32 63 0.0444444
33 0 0.0222222
33 1 0.0397727
33 2 0.0882353
33 3 0.0673077
33 31 0.0160428
33 32 0.0162602
33 34 0.0857143
33 35 0.00478469
33 62 0.0263158
33 63 0.229167
33 64 0.113475
33 94 0.112903
34 2 0.0121212
34 3 0.00985222
34 4 0.11215
34 33 0.0857143
34 35 0.205882
34 36 0.0635838
34 64 0.0882353
34 67 0.0486486
34 95 0.01875
34 97 0.121795
35 2 0.100503
35 3 0.316456
35 4 0.112903
35 33 0.00478469
35 34 0.205882
35 36 0.188406
36 3 0.0339806
36 4 0.304147
36 5 0.0264901
36 34 0.0635838
36 35 0.188406
36 67 0.0904255
37 5 0.0227273
37 6 0.418182
37 7 0.109489
37 38 0.00689655
37 39 0.0642857
37 68 0.128049
38 7 0.333333
38 37 0.00689655
38 39 0.0680272
38 40 0.00485437
38 68 0.0292398
38 69 0.155738
38 70 0.0493827
39 6 0.0598802
39 7 0.438849
39 9 0.169118
39 37 0.0642857
39 38 0.0680272
40 7 0.00505051
40 8 0.335294
40 9 0.0358974
40 10 0.165179
40 38 0.00485437
40 70 0.087963
40 71 0.196507
40 72 0.175926
41 9 0.0920245
41 10 0.109375
41 11 0.0691489
41 42 0.0306122
41 71 0.182741
41 72 0.0108696
41 73 0.292683
42 10 0.0625
42 11 0.457447
42 12 0.0789474
42 41 0.0306122
42 43 0.0944444
42 73 0.0195122
43 11 0.00581395
43 12 0.389706
43 13 0.0111111
43 42 0.0944444
43 45 0.0379747
43 73 0.137566
43 75 0.0597826
43 103 0.056962
44 13 0.488095
44 14 0.00531915
44 45 0.0410959
44 75 0.226744
45 12 0.00769231
45 13 0.0977011
45 14 0.216495
45 15 0.057971
45 43 0.0379747
45 44 0.0410959
45 74 0.0165289
45 75 0.264045
45 76 0.132597
45 77 0.0060241
45 108 0.020979
46 47 0.106145
46 76 0.0287081
46 77 0.21134
46 78 0.424242
46 109 0.0743243
47 14 0.0207254
47 15 0.0656934
47 16 0.038961
47 17 0.240506
47 46 0.106145
47 48 0.0365854
47 76 0.0222222
47 77 0.115152
47 80 0.0289017
47 109 0.0252101
48 16 0.285714
48 17 0.348837
48 47 0.0365854
48 49 0.0630631
48 79 0.03125
48 80 0.203209
48 81 0.00617284
49 17 0.0571429
49 18 0.0746269
49 19 0.0352941
49 48 0.0630631
49 79 0.0430108
49 80 0.075
49 81 0.273684
49 82 0.0595238
50 18 0.0367647
50 19 0.422078
50 20 0.132597
50 51 0.0790698
50 52 0.0484848
50 81 0.0121951
50 82 0.202614
51 18 0.0118343
51 19 0.0213904
51 20 0.504673
51 21 0.0276243
51 50 0.0790698
51 52 0.0151515
51 82 0.016129
51 83 0.123153
52 20 0.0914634
52 21 0.129771
52 50 0.0484848
52 51 0.0151515
52 53 0.045977
52 81 0.047619
52 82 0.227941
52 83 0.320261
52 114 0.0704225
52 115 0.0135135
53 21 0.0828025
53 22 0.48
53 23 0.15873
53 24 0.0990099
53 52 0.045977
53 54 0.0124224
53 84 0.0682927
53 85 0.00526316
53 115 0.0344828
54 23 0.146667
54 53 0.0124224
54 84 0.391566
54 85 0.00662252
54 86 0.0408163
54 115 0.0296296
55 23 0.0075188
55 24 0.143836
55 25 0.0683761
55 56 0.0429448
55 85 0.0522388
55 86 0.138462
55 87 0.0721649
55 88 0.0430108
56 23 0.00480769
56 24 0.0904977
56 25 0.0885417
56 26 0.15566
56 27 0.0207254
56 55 0.0429448
56 57 0.183784
56 58 0.0299401
56 86 0.0926829
56 87 0.00581395
56 88 0.0416667
56 89 0.026738
56 119 0.0459184
57 26 0.226415
57 27 0.0214286
57 56 0.183784
57 58 0.0175439
57 89 0.104478
57 90 0.0342857
58 26 0.0141844
58 27 0.0901639
58 56 0.0299401
58 57 0.0175439
58 59 0.155556
58 88 0.164948
58 89 0.0862069
58 90 0.210191
58 119 0.064
58 120 0.0212766
59 27 0.135922
59 28 0.436441
59 29 0.0100503
59 58 0.155556
59 60 0.00970874
59 90 0.0995851
59 91 0.0216216
60 28 0.235955
60 29 0.312057
60 59 0.00970874
60 61 0.0909091
60 91 0.00787402
61 29 0.0748299
61 30 0.00869565
61 60 0.0909091
61 91 0.135338
61 92 0.300613
61 122 0.0153846
61 123 0.128788
62 31 0.0507614
62 33 0.0263158
62 63 0.0940594
62 93 0.313433
62 94 0.132653
62 124 0.00460829
63 0 0.114583
63 1 0.12766
63 31 0.246231
63 32 0.0444444
63 33 0.229167
63 62 0.0940594
63 64 0.0392157
63 94 0.040404
64 33 0.113475
64 34 0.0882353
64 63 0.0392157
64 66 0.00900901
64 94 0.238095
64 95 0.34127
65 66 0.0636364
65 96 0.288
65 97 0.00826446
65 128 0.144
66 64 0.00900901
66 65 0.0636364
66 67 0.00625
66 95 0.0592593
66 96 0.318519
66 97 0.305344
66 99 0.00617284
66 128 0.037037
66 129 0.0420168
67 4 0.0305677
67 6 0.00510204
67 34 0.0486486
67 36 0.0904255
67 66 0.00625
67 68 0.215385
67 97 0.25731
67 99 0.133663
67 100 0.0786517
68 5 0.0316456
68 6 0.13089
68 37 0.128049
68 38 0.0292398
68 67 0.215385
68 69 0.0141844
68 97 0.0060241
68 100 0.0578035
69 38 0.155738
69 68 0.0141844
69 70 0.0530303
69 100 0.016129
69 101 0.0949367
69 102 0.0175439
70 8 0.015873
70 38 0.0493827
70 40 0.087963
70 69 0.0530303
70 71 0.189189
70 72 0.296512
70 102 0.0714286
70 134 0.0959596
71 10 0.00518135
71 11 0.00529101
71 40 0.196507
71 41 0.182741
71 70 0.189189
71 72 0.254054
71 73 0.0339806
71 103 0.0114286
71 134 0.028436
72 8 0.0396825
72 40 0.175926
72 41 0.0108696
72 70 0.296512
72 71 0.254054
72 102 0.012987
72 103 0.0185185
72 133 0.00746269
72 134 0.0757576
73 9 0.0116279
73 10 0.00497512
73 41 0.292683
73 42 0.0195122
73 43 0.137566
73 71 0.0339806
73 75 0.0382775
73 103 0.131148
73 104 0.0422535
73 134 0.00913242
74 45 0.0165289
74 75 0.14966
74 104 0.258278
74 105 0.00729927
74 108 0.0178571
74 135 0.010929
74 137 0.00675676
74 138 0.13
75 13 0.08
75 14 0.00454545
75 43 0.0597826
75 44 0.226744
75 45 0.264045
75 73 0.0382775
75 74 0.14966
75 104 0.100962
75 106 0.0102564
75 107 0.0152284
75 108 0.0591716
76 14 0.0493274
76 15 0.00598802
76 45 0.132597
76 46 0.0287081
76 47 0.0222222
76 77 0.369231
76 108 0.151163
76 139 0.025
76 140 0.0229885
77 45 0.0060241
77 46 0.21134
77 47 0.115152
77 76 0.369231
77 78 0.00662252
77 109 0.0373134
77 110 0.00917431
77 140 0.0628931
78 46 0.424242
78 77 0.00662252
78 109 0.047619
78 140 0.138462
79 48 0.03125
79 49 0.0430108
79 80 0.331361
79 81 0.0277778
79 82 0.0150376
79 109 0.0173913
79 110 0.0222222
79 111 0.194175
79 112 0.00578035
79 143 0.184049
80 16 0.00564972
80 17 0.00552486
80 18 0.00699301
80 47 0.0289017
80 48 0.203209
80 49 0.075
80 79 0.331361
80 81 0.0116959
80 82 0.00625
80 109 0.0492958
80 110 0.017094
80 111 0.0307692
80 112 0.055
80 140 0.00598802
80 143 0.147368
81 17 0.0384615
81 18 0.0169492
81 48 0.00617284
81 49 0.273684
81 50 0.0121951
81 52 0.047619
81 79 0.0277778
81 80 0.0116959
81 82 0.222222
81 112 0.137143
81 113 0.0833333
81 114 0.0070922
82 17 0.00689655
82 18 0.0280374
82 19 0.088
82 20 0.0197368
82 49 0.0595238
82 50 0.202614
82 51 0.016129
82 52 0.227941
82 79 0.0150376
82 80 0.00625
82 81 0.222222
82 83 0.0567376
82 113 0.0495868
82 114 0.0230769
83 20 0.00591716
83 51 0.123153
83 52 0.320261
83 82 0.0567376
83 114 0.156463
84 21 0.0123457
84 22 0.00487805
84 23 0.118557
84 53 0.0682927
84 54 0.391566
84 86 0.0052356
84 115 0.273743
85 53 0.00526316
85 54 0.00662252
85 55 0.0522388
85 86 0.198864
85 115 0.0914634
85 116 0.273292
85 117 0.0457516
85 146 0.026178
85 147 0.013986
86 23 0.0857143
86 24 0.0531915
86 25 0.00628931
86 54 0.0408163
86 55 0.138462
86 56 0.0926829
86 84 0.0052356
86 85 0.198864
86 87 0.0359712
86 88 0.00740741
86 115 0.075
86 116 0.0318471
86 117 0.00671141
86 118 0.1
87 55 0.0721649
87 56 0.00581395
87 86 0.0359712
87 88 0.0588235
87 117 0.0517241
87 118 0.229885
87 119 0.0307692
87 149 0.145631
88 55 0.0430108
88 56 0.0416667
88 58 0.164948
88 86 0.00740741
88 87 0.0588235
88 89 0.025641
88 90 0.0253165
88 119 0.34127
88 120 0.00704225
88 149 0.111111
89 26 0.0496894
89 56 0.026738
89 57 0.104478
89 58 0.0862069
89 88 0.025641
89 90 0.384181
90 26 0.0346535
90 57 0.0342857
90 58 0.210191
90 59 0.0995851
90 88 0.0253165
90 89 0.384181
90 91 0.0246914
90 119 0.00537634
90 120 0.133663
90 121 0.0368098
90 151 0.00625
91 28 0.0318471
91 59 0.0216216
91 60 0.00787402
91 61 0.135338
91 90 0.0246914
91 121 0.168224
91 122 0.0679612
92 29 0.0333333
92 30 0.211864
92 61 0.300613
92 123 0.0518519
92 154 0.0357143
93 62 0.313433
93 94 0.0152284
93 124 0.325688
93 125 0.036036
94 33 0.112903
94 62 0.132653
94 63 0.040404
94 64 0.238095
94 93 0.0152284
94 95 0.0233918
94 124 0.0140845
94 125 0.142857
94 126 0.148936
95 34 0.01875
95 64 0.34127
95 66 0.0592593
95 94 0.0233918
95 96 0.233333
95 97 0.00684932
95 126 0.167665
95 127 0.0138889
95 128 0.00666667
95 156 0.011236
96 65 0.288
96 66 0.318519
96 95 0.233333
96 97 0.0342466
96 126 0.00598802
96 127 0.0138889
96 128 0.18
97 34 0.121795
97 65 0.00826446
97 66 0.305344
97 67 0.25731
97 68 0.0060241
97 95 0.00684932
97 96 0.0342466
97 99 0.0924855
97 129 0.0538462
98 99 0.378571
98 100 0.00862069
98 129 0.0206186
99 66 0.00617284
99 67 0.133663
99 97 0.0924855
99 98 0.378571
99 100 0.0777778
99 129 0.15528
99 130 0.00641026
100 67 0.0786517
100 68 0.0578035
100 69 0.016129
100 98 0.00862069
100 99 0.0777778
100 101 0.284211
100 102 0.0136986
100 129 0.0875912
100 130 0.0454545
101 69 0.0949367
101 100 0.284211
101 102 0.283333
101 130 0.0481928
101 131 0.0819672
101 132 0.05
101 134 0.00446429
101 164 0.0625
102 69 0.0175439
102 70 0.0714286
102 72 0.012987
102 100 0.0136986
102 101 0.283333
102 132 0.0220588
102 133 0.0344828
102 134 0.127778
102 164 0.0227273
102 165 0.033557
103 43 0.056962
103 71 0.0114286
103 72 0.0185185
103 73 0.131148
103 104 0.0274725
103 133 0.00806452
103 134 0.175532
103 135 0.0373832
103 165 0.0191083
104 73 0.0422535
104 74 0.258278
104 75 0.100962
104 103 0.0274725
104 105 0.0252525
104 106 0.276382
104 108 0.00578035
104 135 0.209016
104 136 0.00671141
104 137 0.00956938
104 138 0.0124224
105 74 0.00729927
105 104 0.0252525
105 106 0.00540541
105 133 0.0142857
105 135 0.517391
105 136 0.00740741
105 166 0.039823
106 75 0.0102564
106 104 0.276382
106 105 0.00540541
106 107 0.106383
106 135 0.047619
106 136 0.0735294
106 137 0.265306
106 138 0.0878378
106 168 0.0229885
107 75 0.0152284
107 106 0.106383
107 108 0.265432
107 136 0.00724638
107 137 0.277778
107 138 0.166667
107 139 0.0315789
107 169 0.215054
107 170 0.0212766
107 171 0.00531915
108 45 0.020979
108 74 0.0178571
108 75 0.0591716
108 76 0.151163
108 104 0.00578035
108 107 0.265432
108 137 0.0117647
108 138 0.0245902
108 139 0.0246914
108 169 0.0126582
109 46 0.0743243
109 47 0.0252101
109 77 0.0373134
109 78 0.047619
109 79 0.0173913
109 80 0.0492958
109 110 0.301587
109 139 0.0647482
109 140 0.389381
109 141 0.0595238
109 142 0.00757576
110 77 0.00917431
110 79 0.0222222
110 80 0.017094
110 109 0.301587
110 111 0.215686
110 139 0.0263158
110 140 0.0681818
110 141 0.020979
110 142 0.0186916
110 143 0.00900901
111 79 0.194175
111 80 0.0307692
111 110 0.215686
111 142 0.00833333
111 143 0.0645161
112 79 0.00578035
112 80 0.055
112 81 0.137143
112 113 0.180124
112 114 0.00588235
112 142 0.0263158
112 143 0.170103
112 144 0.119469
112 145 0.00995025
112 172 0.020202
113 81 0.0833333
113 82 0.0495868
113 112 0.180124
113 114 0.15748
113 145 0.0696203
114 52 0.0704225
114 81 0.0070922
114 82 0.0230769
114 83 0.156463
114 112 0.00588235
114 113 0.15748
114 115 0.0985916
114 116 0.0863309
114 145 0.011976
114 146 0.0295858
115 52 0.0135135
115 53 0.0344828
115 54 0.0296296
115 84 0.273743
115 85 0.0914634
115 86 0.075
115 114 0.0985916
115 116 0.0275862
115 145 0.00578035
115 146 0.0342857
116 85 0.273292
116 86 0.0318471
116 114 0.0863309
116 115 0.0275862
116 117 0.0149254
116 146 0.244186
116 177 0.0254237
116 179 0.0125786
117 85 0.0457516
117 86 0.00671141
117 87 0.0517241
117 116 0.0149254
117 118 0.0206186
117 146 0.00609756
117 147 0.327586
117 148 0.0202703
117 149 0.00884956
117 179 0.417219
118 86 0.1
118 87 0.229885
118 117 0.0206186
118 147 0.126437
119 56 0.0459184
119 58 0.064
119 87 0.0307692
119 88 0.34127
119 90 0.00537634
119 120 0.117647
119 149 0.0551181
119 150 0.115646
119 151 0.0859375
120 58 0.0212766
120 88 0.00704225
120 90 0.133663
120 119 0.117647
120 121 0.183673
120 150 0.171779
120 151 0.263889
120 152 0.0136054
121 90 0.0368098
121 91 0.168224
121 120 0.183673
121 122 0.0576923
121 150 0.00806452
121 152 0.0555556
122 61 0.0153846
122 91 0.0679612
122 121 0.0576923
122 152 0.163462
122 153 0.268817
122 154 0.0666667
123 61 0.128788
123 92 0.0518519
123 154 0.313869
123 185 0.0165289
124 62 0.00460829
124 93 0.325688
124 94 0.0140845
124 125 0.369748
124 155 0.0928962
124 156 0.00454545
124 187 0.0102564
125 93 0.036036
125 94 0.142857
125 124 0.369748
125 126 0.0610329
125 155 0.0962567
125 156 0.0625
125 187 0.0251256
126 94 0.148936
126 95 0.167665
126 96 0.00598802
126 125 0.0610329
126 127 0.068323
126 156 0.328205
127 95 0.0138889
127 96 0.0138889
127 126 0.068323
127 128 0.118056
127 156 0.226744
127 157 0.196581
127 158 0.00813008
127 188 0.0902256
128 65 0.144
128 66 0.037037
128 95 0.00666667
128 96 0.18
128 127 0.118056
128 129 0.0895522
128 157 0.0569106
128 158 0.0155039
128 159 0.353846
128 161 0.0134228
129 66 0.0420168
129 97 0.0538462
129 98 0.0206186
129 99 0.15528
129 100 0.0875912
129 128 0.0895522
129 130 0.292035
129 161 0.0150376
130 99 0.00641026
130 100 0.0454545
130 101 0.0481928
130 129 0.292035
130 131 0.072
130 160 0.00746269
130 161 0.234375
130 162 0.0297619
130 191 0.0309278
130 192 0.0143885
131 101 0.0819672
131 130 0.072
131 132 0.316547
131 162 0.172973
131 163 0.0655738
131 164 0.0296296
131 194 0.0143885
132 101 0.05
132 102 0.0220588
132 131 0.316547
132 133 0.00862069
132 162 0.0549451
132 163 0.260504
132 164 0.227273
132 165 0.0402685
132 192 0.0130719
132 194 0.0808824
132 195 0.00775194
133 72 0.00746269
133 102 0.0344828
133 103 0.00806452
133 105 0.0142857
133 132 0.00862069
133 134 0.29375
133 164 0.0357143
133 165 0.186047
133 166 0.032967
133 196 0.191176
134 70 0.0959596
134 71 0.028436
134 72 0.0757576
134 73 0.00913242
134 101 0.00446429
134 102 0.127778
134 103 0.175532
134 133 0.29375
134 135 0.008
134 164 0.0568182
134 165 0.124352
134 166 0.0203252
134 196 0.00757576
135 74 0.010929
135 103 0.0373832
135 104 0.209016
135 105 0.517391
135 106 0.047619
135 134 0.008
135 136 0.0441989
135 165 0.00913242
135 166 0.0772059
135 198 0.0324324
136 104 0.00671141
136 105 0.00740741
136 106 0.0735294
136 107 0.00724638
136 135 0.0441989
136 137 0.0273973
136 138 0.132653
136 166 0.0282486
136 167 0.0185185
136 168 0.129032
136 198 0.311111
136 199 0.233871
137 74 0.00675676
137 104 0.00956938
137 106 0.265306
137 107 0.277778
137 108 0.0117647
137 136 0.0273973
137 138 0.297468
137 168 0.152174
137 169 0.0463918
137 170 0.0357143
137 198 0.0133333
137 199 0.048913
137 200 0.044898
138 74 0.13
138 104 0.0124224
138 106 0.0878378
138 107 0.166667
138 108 0.0245902
138 136 0.132653
138 137 0.297468
138 168 0.132353
138 169 0.0136986
138 170 0.0135135
138 198 0.0490196
138 199 0.00735294
138 200 0.0101523
139 76 0.025
139 107 0.0315789
139 108 0.0246914
139 109 0.0647482
139 110 0.0263158
139 140 0.0121951
139 141 0.269406
139 142 0.0218579
139 169 0.145161
139 170 0.0319149
139 171 0.228723
139 172 0.0052356
140 76 0.0229885
140 77 0.0628931
140 78 0.138462
140 80 0.00598802
140 109 0.389381
140 110 0.0681818
140 139 0.0121951
140 141 0.0725389
140 142 0.0382166
141 109 0.0595238
141 110 0.020979
141 139 0.269406
141 140 0.0725389
141 142 0.311321
141 171 0.0921659
141 172 0.231818
141 203 0.0143541
142 109 0.00757576
142 110 0.0186916
142 111 0.00833333
142 112 0.0263158
142 139 0.0218579
142 140 0.0382166
142 141 0.311321
142 143 0.0611111
142 171 0.0994475
142 172 0.179348
143 79 0.184049
143 80 0.147368
143 110 0.00900901
143 111 0.0645161
143 112 0.170103
143 142 0.0611111
143 144 0.101852
143 172 0.00531915
144 112 0.119469
144 143 0.101852
144 145 0.125561
144 172 0.0136364
144 173 0.00649351
144 174 0.122807
144 175 0.178404
144 176 0.0610329
144 207 0.0585366
145 112 0.00995025
145 113 0.0696203
145 114 0.011976
145 115 0.00578035
145 144 0.125561
145 146 0.23
145 175 0.00531915
145 176 0.212766
145 177 0.0273973
145 207 0.216667
146 85 0.026178
146 114 0.0295858
146 115 0.0342857
146 116 0.244186
146 117 0.00609756
146 145 0.23
146 147 0.0584416
146 176 0.00526316
146 177 0.168919
146 178 0.0292398
146 179 0.015873
146 207 0.0274725
146 208 0.00699301
147 85 0.013986
147 117 0.327586
147 118 0.126437
147 146 0.0584416
147 178 0.0162602
147 179 0.0780142
148 117 0.0202703
148 149 0.0518519
148 178 0.167742
148 179 0.271676
148 180 0.0230769
148 209 0.138554
148 210 0.0596026
149 87 0.145631
149 88 0.111111
149 117 0.00884956
149 119 0.0551181
149 148 0.0518519
149 150 0.0166667
149 180 0.147368
149 181 0.0392157
149 182 0.00990099
149 211 0.0165289
150 119 0.115646
150 120 0.171779
150 121 0.00806452
150 149 0.0166667
150 151 0.123967
150 152 0.0645161
150 181 0.122951
150 211 0.205674
151 90 0.00625
151 119 0.0859375
151 120 0.263889
151 150 0.123967
152 120 0.0136054
152 121 0.0555556
152 122 0.163462
152 150 0.0645161
152 153 0.164948
152 181 0.00943396
152 182 0.0285714
153 122 0.268817
153 152 0.164948
153 154 0.0859375
153 183 0.130952
153 184 0.0594059
154 92 0.0357143
154 122 0.0666667
154 123 0.313869
154 153 0.0859375
154 184 0.0559441
154 185 0.188312
155 124 0.0928962
155 125 0.0962567
155 187 0.201389
155 217 0.0819672
156 95 0.011236
156 124 0.00454545
156 125 0.0625
156 126 0.328205
156 127 0.226744
156 157 0.0331126
156 187 0.0497238
156 188 0.137725
156 218 0.00526316
157 127 0.196581
157 128 0.0569106
157 156 0.0331126
157 158 0.156863
157 159 0.0194175
157 188 0.107143
157 189 0.0229008
157 190 0.00724638
157 220 0.0659341
158 127 0.00813008
158 128 0.0155039
158 157 0.156863
158 159 0.284404
158 160 0.0746269
158 189 0.335766
158 190 0.0486111
159 128 0.353846
159 157 0.0194175
159 158 0.284404
159 160 0.0592593
159 161 0.00775194
159 189 0.00724638
160 130 0.00746269
160 158 0.0746269
160 159 0.0592593
160 161 0.188312
160 162 0.0103093
160 189 0.110429
160 190 0.0882353
160 191 0.0406504
160 192 0.230303
160 222 0.0967742
160 223 0.0532544
161 128 0.0134228
161 129 0.0150376
161 130 0.234375
161 159 0.00775194
161 160 0.188312
161 162 0.223404
161 190 0.0243902
161 191 0.162393
161 192 0.18239
161 222 0.0201342
161 223 0.0490798
162 130 0.0297619
162 131 0.172973
162 132 0.0549451
162 160 0.0103093
162 161 0.223404
162 163 0.157576
162 191 0.00636943
162 192 0.361809
162 194 0.021978
162 222 0.021164
162 223 0.0541872
162 225 0.0452489
163 131 0.0655738
163 132 0.260504
163 162 0.157576
163 164 0.00869565
163 192 0.0661765
163 194 0.10084
163 225 0.0632911
163 227 0.028169
164 101 0.0625
164 102 0.0227273
164 131 0.0296296
164 132 0.227273
164 133 0.0357143
164 134 0.0568182
164 163 0.00869565
164 165 0.386207
164 166 0.00505051
164 195 0.008
164 196 0.0714286
164 197 0.0108108
164 227 0.0322581
165 102 0.033557
165 103 0.0191083
165 132 0.0402685
165 133 0.186047
165 134 0.124352
165 135 0.00913242
165 164 0.386207
165 166 0.0465116
165 196 0.227723
165 197 0.0346535
165 227 0.00581395
166 105 0.039823
166 133 0.032967
166 134 0.0203252
166 135 0.0772059
166 136 0.0282486
166 164 0.00505051
166 165 0.0465116
166 196 0.038961
166 197 0.333333
166 198 0.0552486
166 229 0.0304183
167 136 0.0185185
167 168 0.141304
167 230 0.0165289
168 106 0.0229885
168 136 0.129032
168 137 0.152174
168 138 0.132353
168 167 0.141304
168 169 0.0697674
168 198 0.046875
168 199 0.228395
168 200 0.0538117
168 229 0.00952381
168 230 0.109948
169 107 0.215054
169 108 0.0126582
169 137 0.0463918
169 138 0.0136986
169 139 0.145161
169 168 0.0697674
169 170 0.130435
169 171 0.0380435
169 200 0.253219
170 107 0.0212766
170 137 0.0357143
170 138 0.0135135
170 139 0.0319149
170 169 0.130435
170 171 0.258065
170 200 0.242553
170 201 0.01
171 107 0.00531915
171 139 0.228723
171 141 0.0921659
171 142 0.0994475
171 169 0.0380435
171 170 0.258065
171 172 0.026455
171 200 0.012766
171 201 0.015
171 202 0.152941
171 232 0.00490196
171 233 0.0208333
172 112 0.020202
172 139 0.0052356
172 141 0.231818
172 142 0.179348
172 143 0.00531915
172 144 0.0136364
172 171 0.026455
172 173 0.047619
172 175 0.0162162
172 202 0.0693642
172 203 0.209945
172 204 0.0197368
173 144 0.00649351
173 172 0.047619
173 175 0.134454
173 203 0.026087
173 204 0.197674
174 144 0.122807
174 175 0.286765
174 205 0.0208333
174 206 0.025
174 207 0.0078125
174 236 0.124088
174 237 0.0153846
175 144 0.178404
175 145 0.00531915
175 172 0.0162162
175 173 0.134454
175 174 0.286765
175 176 0.0730337
175 203 0.00574713
175 204 0.0137931
175 205 0.0322581
175 206 0.0245902
175 207 0.194118
175 236 0.0502793
175 237 0.0465116
176 144 0.0610329
176 145 0.212766
176 146 0.00526316
176 175 0.0730337
176 177 0.154412
176 206 0.0245902
176 207 0.170588
176 208 0.0534351
176 237 0.0290698
176 239 0.00549451
177 116 0.0254237
177 145 0.0273973
177 146 0.168919
177 176 0.154412
177 178 0.017094
177 207 0.09375
177 208 0.0561798
177 239 0.00714286
178 146 0.0292398
178 147 0.0162602
178 148 0.167742
178 177 0.017094
178 179 0.158228
178 208 0.116071
178 209 0.225166
178 210 0.0294118
178 239 0.0306748
178 240 0.0252101
179 116 0.0125786
179 117 0.417219
179 146 0.015873
179 147 0.0780142
179 148 0.271676
179 178 0.158228
180 148 0.0230769
180 149 0.147368
180 181 0.0412371
180 182 0.114583
180 210 0.117117
180 212 0.0430108
180 241 0.0449438
180 242 0.00980392
180 243 0.0235294
181 149 0.0392157
181 150 0.122951
181 152 0.00943396
181 180 0.0412371
181 182 0.262136
181 211 0.487805
181 212 0.02
181 242 0.00917431
181 243 0.0217391
182 149 0.00990099
182 152 0.0285714
182 180 0.114583
182 181 0.262136
182 211 0.0983607
182 212 0.232323
182 242 0.0185185
182 243 0.0879121
183 153 0.130952
183 184 0.010101
183 213 0.16
183 214 0.230769
183 243 0.123457
184 153 0.0594059
184 154 0.0559441
184 183 0.010101
184 185 0.149606
184 214 0.157025
184 215 0.147368
184 245 0.0046729
185 123 0.0165289
185 154 0.188312
185 184 0.149606
185 215 0.189055
185 216 0.0118343
186 187 0.0550459
186 217 0.149425
186 248 0.109756
186 249 0.043956
187 124 0.0102564
187 125 0.0251256
187 155 0.201389
187 156 0.0497238
187 186 0.0550459
187 217 0.0820896
187 218 0.139394
187 219 0.134615
188 127 0.0902256
188 156 0.137725
188 157 0.107143
188 189 0.00680272
188 218 0.125828
188 220 0.158879
188 250 0.0422535
189 157 0.0229008
189 158 0.335766
189 159 0.00724638
189 160 0.110429
189 188 0.00680272
189 190 0.421965
189 220 0.0396825
189 221 0.00628931
190 157 0.00724638
190 158 0.0486111
190 160 0.0882353
190 161 0.0243902
190 189 0.421965
190 220 0.0225564
190 221 0.114458
190 222 0.030303
190 223 0.0167598
190 252 0.0733333
191 130 0.0309278
191 160 0.0406504
191 161 0.162393
191 162 0.00636943
191 192 0.03125
191 222 0.0423729
191 223 0.416667
191 254 0.00934579
192 130 0.0143885
192 132 0.0130719
192 160 0.230303
192 161 0.18239
192 162 0.361809
192 163 0.0661765
192 191 0.03125
192 222 0.01875
192 223 0.0229885
192 225 0.015625
193 194 0.049505
193 223 0.0163934
193 224 0.0652174
193 225 0.0785714
193 226 0.00970874
193 253 0.00961538
193 254 0.474227
194 131 0.0143885
194 132 0.0808824
194 162 0.021978
194 163 0.10084
194 193 0.049505
194 195 0.100775
194 224 0.00578035
194 225 0.382857
194 226 0.0289855
194 227 0.0377358
194 254 0.136364
194 256 0.0566038
194 257 0.0133333
194 258 0.0613497
195 132 0.00775194
195 164 0.008
195 194 0.100775
195 197 0.010989
195 225 0.0297619
195 227 0.131579
195 256 0.00657895
195 257 0.027972
195 258 0.564103
196 133 0.191176
196 134 0.00757576
196 164 0.0714286
196 165 0.227723
196 166 0.038961
197 164 0.0108108
197 165 0.0346535
197 166 0.333333
197 195 0.010989
197 227 0.0849057
197 228 0.0773196
197 229 0.16
197 258 0.00462963
198 135 0.0324324
198 136 0.311111
198 137 0.0133333
198 138 0.0490196
198 166 0.0552486
198 168 0.046875
198 199 0.0859375
198 229 0.153409
198 230 0.0191083
199 136 0.233871
199 137 0.048913
199 138 0.00735294
199 168 0.228395
199 198 0.0859375
199 200 0.0627803
199 229 0.104762
199 230 0.225131
200 137 0.044898
200 138 0.0101523
200 168 0.0538117
200 169 0.253219
200 170 0.242553
200 171 0.012766
200 199 0.0627803
200 201 0.2249
200 230 0.154762
200 231 0.0133929
200 232 0.0118577
201 170 0.01
201 171 0.015
201 200 0.2249
201 202 0.00543478
201 230 0.0230415
201 231 0.391534
201 232 0.165138
201 233 0.0443038
201 262 0.048913
202 171 0.152941
202 172 0.0693642
202 201 0.00543478
202 203 0.0617284
202 232 0.260638
202 233 0.046875
202 234 0.0857143
202 235 0.00649351
202 263 0.102362
203 141 0.0143541
203 172 0.209945
203 173 0.026087
203 175 0.00574713
203 202 0.0617284
203 204 0.368794
203 205 0.0164835
203 232 0.00510204
203 233 0.0147059
203 234 0.209459
203 235 0.0864198
204 172 0.0197368
204 173 0.197674
204 175 0.0137931
204 203 0.368794
204 234 0.0420168
204 235 0.0601504
205 174 0.0208333
205 175 0.0322581
205 203 0.0164835
205 234 0.0875
205 235 0.0632184
205 236 0.406417
205 237 0.0611111
205 267 0.00543478
206 174 0.025
206 175 0.0245902
206 176 0.0245902
206 207 0.00877193
206 237 0.301724
206 269 0.0113636
207 144 0.0585366
207 145 0.216667
207 146 0.0274725
207 174 0.0078125
207 175 0.194118
207 176 0.170588
207 177 0.09375
207 206 0.00877193
207 237 0.0609756
208 146 0.00699301
208 176 0.0534351
208 177 0.0561798
208 178 0.116071
208 209 0.0406504
208 239 0.0148148
208 240 0.10989
208 269 0.103093
209 148 0.138554
209 178 0.225166
209 208 0.0406504
209 210 0.163265
209 239 0.045977
209 240 0.00769231
210 148 0.0596026
210 178 0.0294118
210 180 0.117117
210 209 0.163265
210 240 0.00869565
210 241 0.0636364
211 149 0.0165289
211 150 0.205674
211 181 0.487805
211 182 0.0983607
211 212 0.0420168
212 180 0.0430108
212 181 0.02
212 182 0.232323
212 211 0.0420168
212 213 0.0280374
212 241 0.0108696
212 242 0.333333
212 243 0.193182
212 274 0.0225564
213 183 0.16
213 212 0.0280374
213 214 0.155738
213 242 0.155172
213 243 0.0808081
213 244 0.201149
213 274 0.0347222
214 183 0.230769
214 184 0.157025
214 213 0.155738
214 244 0.151685
214 245 0.100457
215 184 0.147368
215 185 0.189055
215 216 0.383621
215 245 0.0520833
215 246 0.0645161
216 185 0.0118343
216 215 0.383621
216 246 0.0648649
216 278 0.202186
217 155 0.0819672
217 186 0.149425
217 187 0.0820896
217 218 0.0979021
217 248 0.0280374
217 249 0.172414
217 281 0.026087
218 156 0.00526316
218 187 0.139394
218 188 0.125828
218 217 0.0979021
218 219 0.284848
218 249 0.0340136
218 250 0.0181818
219 187 0.134615
219 218 0.284848
219 249 0.0144928
219 250 0.25
220 157 0.0659341
220 188 0.158879
220 189 0.0396825
220 190 0.0225564
220 221 0.00840336
220 250 0.0991736
220 251 0.113208
220 252 0.126214
221 189 0.00628931
221 190 0.114458
221 220 0.00840336
221 222 0.198675
221 223 0.0242424
221 252 0.132353
221 253 0.0544218
222 160 0.0967742
222 161 0.0201342
222 162 0.021164
222 190 0.030303
222 191 0.0423729
222 192 0.01875
222 221 0.198675
222 223 0.286585
222 224 0.0111111
222 225 0.0164835
222 253 0.226027
222 254 0.0215827
223 160 0.0532544
223 161 0.0490798
223 162 0.0541872
223 190 0.0167598
223 191 0.416667
223 192 0.0229885
223 193 0.0163934
223 221 0.0242424
223 222 0.286585
223 224 0.056701
223 225 0.0204082
223 226 0.0125786
223 253 0.2375
223 254 0.124183
224 193 0.0652174
224 194 0.00578035
224 222 0.0111111
224 223 0.056701
224 225 0.264151
224 226 0.354286
224 253 0.210227
224 254 0.230769
224 255 0.0676692
224 256 0.0459184
224 285 0.0639535
224 287 0.00574713
225 162 0.0452489
225 163 0.0632911
225 192 0.015625
225 193 0.0785714
225 194 0.382857
225 195 0.0297619
225 222 0.0164835
225 223 0.0204082
225 224 0.264151
225 226 0.124294
225 227 0.020202
225 253 0.011236
225 254 0.152047
225 255 0.0222222
225 256 0.166667
225 257 0.0582011
225 258 0.0247525
225 288 0.0555556
226 193 0.00970874
226 194 0.0289855
226 223 0.0125786
226 224 0.354286
226 225 0.124294
226 227 0.0310559
226 253 0.0070922
226 254 0.0447761
226 255 0.27551
226 256 0.0807453
226 257 0.144737
226 258 0.00606061
226 287 0.0503597
226 288 0.00934579
227 163 0.028169
227 164 0.0322581
227 165 0.00581395
227 194 0.0377358
227 195 0.131579
227 197 0.0849057
227 225 0.020202
227 226 0.0310559
227 228 0.00609756
227 256 0.0384615
227 257 0.306358
227 258 0.284946
227 259 0.00961538
227 288 0.0234375
227 289 0.0479042
228 197 0.0773196
228 227 0.00609756
228 229 0.282178
228 259 0.0263158
228 260 0.0981595
228 289 0.0536913
228 290 0.0125786
229 166 0.0304183
229 168 0.00952381
229 197 0.16
229 198 0.153409
229 199 0.104762
229 228 0.282178
229 230 0.192469
229 259 0.00406504
229 260 0.0639269
229 262 0.00970874
229 289 0.0146341
230 167 0.0165289
230 168 0.109948
230 198 0.0191083
230 199 0.225131
230 200 0.154762
230 201 0.0230415
230 229 0.192469
230 231 0.00520833
230 260 0.025
230 262 0.0748663
231 200 0.0133929
231 201 0.391534
231 230 0.00520833
231 232 0.0518135
231 262 0.113208
231 263 0.00757576
231 293 0.118056
232 171 0.00490196
232 200 0.0118577
232 201 0.165138
232 202 0.260638
232 203 0.00510204
232 231 0.0518135
232 233 0.327161
232 234 0.0229885
232 263 0.173913
232 293 0.0809249
233 171 0.0208333
233 201 0.0443038
233 202 0.046875
233 203 0.0147059
233 232 0.327161
233 234 0.140351
233 235 0.0078125
233 263 0.00990099
233 293 0.00884956
234 202 0.0857143
234 203 0.209459
234 204 0.0420168
234 205 0.0875
234 232 0.0229885
234 233 0.140351
234 235 0.228571
234 295 0.104938
234 297 0.0103093
235 202 0.00649351
235 203 0.0864198
235 204 0.0601504
235 205 0.0632184
235 233 0.0078125
235 234 0.228571
235 265 0.179641
235 295 0.0738636
235 296 0.047619
235 297 0.117117
235 298 0.0426829
236 174 0.124088
236 175 0.0502793
236 205 0.406417
236 237 0.0289017
236 298 0.0734463
237 174 0.0153846
237 175 0.0465116
237 176 0.0290698
237 205 0.0611111
237 206 0.301724
237 207 0.0609756
237 236 0.0289017
237 238 0.00900901
237 269 0.123188
237 298 0.352941
237 300 0.016129
238 237 0.00900901
238 268 0.147541
238 269 0.240964
238 301 0.015873
239 176 0.00549451
239 177 0.00714286
239 178 0.0306748
239 208 0.0148148
239 209 0.045977
239 240 0.176056
239 269 0.155405
239 270 0.291429
239 299 0.00483092
240 178 0.0252101
240 208 0.10989
240 209 0.00769231
240 210 0.00869565
240 239 0.176056
240 241 0.0322581
240 269 0.00961538
240 271 0.0808081
241 180 0.0449438
241 210 0.0636364
241 212 0.0108696
241 240 0.0322581
241 242 0.0990099
241 271 0.106383
241 272 0.0421053
241 274 0.0620155
241 302 0.0126582
242 180 0.00980392
242 181 0.00917431
242 182 0.0185185
242 212 0.333333
242 213 0.155172
242 241 0.0990099
242 243 0.0618557
242 244 0.0116279
242 274 0.183099
242 275 0.00473934
243 180 0.0235294
243 181 0.0217391
243 182 0.0879121
243 183 0.123457
243 212 0.193182
243 213 0.0808081
243 242 0.0618557
244 213 0.201149
244 214 0.151685
244 242 0.0116279
244 245 0.151292
244 274 0.085
244 275 0.193309
244 276 0.0654206
244 306 0.0221239
245 184 0.0046729
245 214 0.100457
245 215 0.0520833
245 244 0.151292
245 246 0.439834
245 275 0.00645161
245 276 0.211765
245 308 0.0110294
246 215 0.0645161
246 216 0.0648649
246 245 0.439834
246 276 0.0652174
246 278 0.00595238
246 308 0.0447761
247 278 0.0340909
248 186 0.109756
248 217 0.0280374
248 249 0.162162
248 280 0.0833333
248 310 0.028169
248 311 0.171053
249 186 0.043956
249 217 0.172414
249 218 0.0340136
249 219 0.0144928
249 248 0.162162
249 250 0.0507246
249 280 0.0761905
249 281 0.252101
250 188 0.0422535
250 218 0.0181818
250 219 0.25
250 220 0.0991736
250 249 0.0507246
250 251 0.0425532
250 281 0.0364963
250 282 0.00591716
250 313 0.123288
250 314 0.04
251 220 0.113208
251 250 0.0425532
251 252 0.268293
251 281 0.0819672
251 283 0.0350877
251 312 0.010101
251 313 0.267176
251 314 0.00909091
252 190 0.0733333
252 220 0.126214
252 221 0.132353
252 251 0.268293
252 283 0.027027
252 313 0.0078125
253 193 0.00961538
253 221 0.0544218
253 222 0.226027
253 223 0.2375
253 224 0.210227
253 225 0.011236
253 226 0.0070922
253 254 0.0592593
253 255 0.010101
253 283 0.0819672
253 285 0.0434783
254 191 0.00934579
254 193 0.474227
254 194 0.136364
254 222 0.0215827
254 223 0.124183
254 224 0.230769
254 225 0.152047
254 226 0.0447761
254 253 0.0592593
254 255 0.0108696
254 256 0.0258065
254 316 0.0292398
255 224 0.0676692
255 225 0.0222222
255 226 0.27551
255 253 0.010101
255 254 0.0108696
255 256 0.0252101
255 287 0.103093
255 318 0.0438596
256 194 0.0566038
256 195 0.00657895
256 224 0.0459184
256 225 0.166667
256 226 0.0807453
256 227 0.0384615
256 254 0.0258065
256 255 0.0252101
256 257 0.231214
256 258 0.00537634
256 287 0.0875
256 288 0.429688
256 318 0.118644
256 319 0.00621118
257 194 0.0133333
257 195 0.027972
257 225 0.0582011
257 226 0.144737
257 227 0.306358
257 256 0.231214
257 258 0.112994
257 259 0.0150754
257 287 0.0463576
257 288 0.0588235
257 289 0.0632911
258 194 0.0613497
258 195 0.564103
258 197 0.00462963
258 225 0.0247525
258 226 0.00606061
258 227 0.284946
258 256 0.00537634
258 257 0.112994
258 259 0.00943396
258 288 0.0454545
258 289 0.00584795
259 227 0.00961538
259 228 0.0263158
259 229 0.00406504
259 257 0.0150754
259 258 0.00943396
259 260 0.111111
259 289 0.34715
259 290 0.507389
259 319 0.026738
259 320 0.0769231
260 228 0.0981595
260 229 0.0639269
260 230 0.025
260 259 0.111111
260 261 0.279762
260 262 0.011976
260 289 0.108434
260 290 0.0625
260 320 0.0492958
261 260 0.279762
261 262 0.212903
261 291 0.0738636
261 323 0.0583942
261 324 0.0047619
261 325 0.0229885
262 201 0.048913
262 229 0.00970874
262 230 0.0748663
262 231 0.113208
262 260 0.011976
262 261 0.212903
262 291 0.137143
262 293 0.00719424
262 324 0.100478
263 202 0.102362
263 231 0.00757576
263 232 0.173913
263 233 0.00990099
263 293 0.205357
263 295 0.147651
263 296 0.0070922
264 293 0.00925926
264 294 0.362319
264 295 0.186207
264 296 0.189781
265 235 0.179641
265 266 0.413043
265 296 0.171271
265 297 0.16129
265 298 0.00564972
266 265 0.413043
266 296 0.0143885
267 205 0.00543478
267 268 0.0166667
267 297 0.0909091
267 298 0.0804598
267 327 0.0363636
267 328 0.62963
267 329 0.0143885
268 238 0.147541
268 267 0.0166667
268 269 0.0113636
268 298 0.025
268 300 0.337838
268 301 0.0441176
268 328 0.0277778
268 329 0.247059
269 206 0.0113636
269 208 0.103093
269 237 0.123188
269 238 0.240964
269 239 0.155405
269 240 0.00961538
269 268 0.0113636
269 298 0.0422535
269 299 0.0118343
269 300 0.03125
269 301 0.0222222
270 239 0.291429
270 271 0.143939
270 299 0.0204082
270 330 0.026455
270 332 0.113636
271 240 0.0808081
271 241 0.106383
271 270 0.143939
271 302 0.164706
271 332 0.01
272 241 0.0421053
272 274 0.183824
272 302 0.0813954
272 303 0.102564
272 304 0.00961538
272 336 0.105769
273 304 0.0178571
273 336 0.160714
274 212 0.0225564
274 213 0.0347222
274 241 0.0620155
274 242 0.183099
274 244 0.085
274 272 0.183824
274 275 0.041841
274 304 0.00724638
274 305 0.0434783
274 336 0.195652
275 242 0.00473934
275 244 0.193309
275 245 0.00645161
275 274 0.041841
275 276 0.114625
275 304 0.00483092
275 305 0.300395
275 306 0.275472
275 336 0.0434783
276 244 0.0654206
276 245 0.211765
276 246 0.0652174
276 275 0.114625
276 306 0.00952381
276 308 0.260465
277 278 0.0596026
277 307 0.0686275
277 308 0.217391
277 309 0.125
277 337 0.0666667
277 340 0.239316
278 216 0.202186
278 246 0.00595238
278 247 0.0340909
278 277 0.0596026
278 308 0.0904523
278 340 0.0530303
279 280 0.285714
279 310 0.0769231
279 341 0.0854701
280 248 0.0833333
280 249 0.0761905
280 279 0.285714
280 310 0.0955882
280 311 0.0958904
280 312 0.0123457
281 217 0.026087
281 249 0.252101
281 250 0.0364963
281 251 0.0819672
281 311 0.025
281 312 0.126316
281 313 0.023622
281 344 0.00833333
282 250 0.00591716
282 283 0.15493
282 285 0.0443038
282 313 0.176101
282 314 0.326087
282 315 0.0448718
282 345 0.0472973
283 251 0.0350877
283 252 0.027027
283 253 0.0819672
283 282 0.15493
283 285 0.118644
283 313 0.0252101
283 316 0.00632911
284 286 0.0164835
284 315 0.25641
284 316 0.0606061
284 346 0.302703
284 347 0.266667
285 224 0.0639535
285 253 0.0434783
285 282 0.0443038
285 283 0.118644
285 315 0.0378788
285 316 0.304598
286 284 0.0164835
286 287 0.00625
286 316 0.328283
286 317 0.116279
286 318 0.0112994
286 319 0.0248447
286 347 0.0466667
286 348 0.136095
286 349 0.0809249
287 224 0.00574713
287 226 0.0503597
287 255 0.103093
287 256 0.0875
287 257 0.0463576
287 286 0.00625
287 288 0.0283019
287 289 0.0275862
287 318 0.36129
287 319 0.0935252
287 349 0.00662252
287 351 0.0948905
288 225 0.0555556
288 226 0.00934579
288 227 0.0234375
288 256 0.429688
288 257 0.0588235
288 258 0.0454545
288 287 0.0283019
288 289 0.00884956
288 318 0.0487805
288 319 0.00934579
289 227 0.0479042
289 228 0.0536913
289 229 0.0146341
289 257 0.0632911
289 258 0.00584795
289 259 0.34715
289 260 0.108434
289 287 0.0275862
289 288 0.00884956
289 290 0.0308642
289 319 0.0753425
289 320 0.0234375
290 228 0.0125786
290 259 0.507389
290 260 0.0625
290 289 0.0308642
290 320 0.0652174
290 353 0.00694444
291 261 0.0738636
291 262 0.137143
291 292 0.237179
291 321 0.0060241
291 322 0.151351
291 323 0.0382166
291 324 0.0608696
291 325 0.0670103
291 353 0.442308
292 291 0.237179
292 293 0.166667
292 322 0.0137931
292 323 0.00854701
292 324 0.221053
292 325 0.0649351
292 353 0.0344828
293 231 0.118056
293 232 0.0809249
293 233 0.00884956
293 262 0.00719424
293 263 0.205357
293 264 0.00925926
293 292 0.166667
293 294 0.0117647
293 295 0.0559006
293 324 0.175258
293 326 0.0377358
