0 1 0.173913
0 31 0.225806
0 32 0.0280374
1 0 0.173913
1 2 0.0583942
1 32 0.0990099
1 64 0.0631068
2 1 0.0583942
2 3 0.21608
2 34 0.00454545
2 64 0.361868
3 2 0.21608
3 4 0.470588
3 33 0.00657895
3 34 0.0735931
3 35 0.0728155
3 36 0.0111732
3 64 0.123134
4 3 0.470588
4 5 0.135922
4 6 0.0052356
4 33 0.00684932
4 35 0.07
4 36 0.00578035
5 4 0.135922
5 6 0.341709
5 7 0.206731
5 35 0.0961538
5 36 0.00552486
5 37 0.044843
5 38 0.11215
6 4 0.0052356
6 5 0.341709
6 7 0.0310881
6 35 0.284974
6 36 0.0843373
6 37 0.163462
6 38 0.140704
6 67 0.0141844
6 68 0.0406977
6 69 0.00502513
7 5 0.206731
7 6 0.0310881
7 8 0.235294
7 38 0.350962
7 39 0.00531915
8 7 0.235294
8 9 0.25431
8 10 0.0594595
8 38 0.22467
8 39 0.0241546
8 40 0.0805085
8 41 0.0124481
8 70 0.0939227
9 8 0.25431
9 10 0.265537
9 11 0.167421
9 39 0.0100503
9 40 0.0394737
9 41 0.206009
9 42 0.0160428
9 70 0.0346821
9 72 0.0214592
10 8 0.0594595
10 9 0.265537
10 11 0.316092
10 12 0.0257732
10 40 0.00552486
10 41 0.182796
10 42 0.0857143
10 72 0.016129
11 9 0.167421
11 10 0.316092
11 12 0.243697
11 41 0.0913043
11 42 0.38587
11 43 0.097561
11 72 0.0173913
11 73 0.0177778
12 10 0.0257732
12 11 0.243697
12 13 0.107623
12 14 0.00392157
12 41 0.012
12 42 0.264706
12 43 0.44
12 44 0.0240385
12 72 0.004
12 73 0.0163265
12 74 0.00877193
12 75 0.00480769
13 12 0.107623
13 14 0.481818
13 42 0.00591716
13 43 0.0631579
13 44 0.104046
13 45 0.0987654
14 12 0.00392157
14 13 0.481818
14 15 0.0697674
14 16 0.0125523
14 43 0.0045045
14 44 0.146341
14 45 0.156364
14 46 0.0840708
14 75 0.00487805
15 14 0.0697674
15 16 0.5
15 17 0.0418848
15 45 0.012605
15 46 0.121693
15 47 0.0338164
15 48 0.12
16 14 0.0125523
16 15 0.5
16 17 0.246512
16 46 0.0892019
16 47 0.0995671
16 48 0.155172
16 49 0.0241935
17 15 0.0418848
17 16 0.246512
17 18 0.219653
17 19 0.0169492
17 46 0.0148515
17 47 0.0409091
17 48 0.0674847
17 49 0.455696
17 78 0.0194175
18 17 0.219653
18 19 0.273171
18 20 0.0728155
18 49 0.349515
18 50 0.00581395
18 79 0.0456621
18 80 0.0116959
18 81 0.00414938
19 17 0.0169492
19 18 0.273171
19 20 0.442379
19 49 0.275093
19 50 0.0680851
19 51 0.180769
19 79 0.0070922
19 80 0.0042735
19 81 0.0197368
20 18 0.0728155
20 19 0.442379
20 21 0.0278884
20 49 0.0296296
20 50 0.0889831
20 51 0.455939
20 52 0.0282686
20 80 0.00851064
20 81 0.0459016
21 20 0.0278884
21 22 0.285714
21 50 0.0184332
21 51 0.235537
21 52 0.0606061
21 84 0.0945946
22 21 0.285714
22 23 0.00847458
22 52 0.00452489
22 53 0.293233
22 84 0.0670391
23 22 0.00847458
23 24 0.0434783
23 25 0.0194175
23 53 0.171429
23 54 0.310345
23 55 0.0102041
23 85 0.0612245
23 86 0.030303
24 23 0.0434783
24 25 0.161905
24 54 0.166667
24 55 0.13
24 86 0.029703
25 23 0.0194175
25 24 0.161905
25 26 0.116505
25 54 0.028169
25 55 0.108108
25 86 0.0535714
26 25 0.116505
26 27 0.122222
26 56 0.045977
26 86 0.020202
27 26 0.122222
27 28 0.0606061
27 56 0.0574713
27 57 0.0574713
27 59 0.00826446
28 27 0.0606061
28 29 0.0823529
28 30 0.16129
28 59 0.0692308
28 60 0.0728477
29 28 0.0823529
29 30 0.271429
30 28 0.16129
30 29 0.271429
30 61 0.0841122
31 0 0.225806
31 32 0.107843
31 62 0.119266
32 0 0.0280374
32 1 0.0990099
32 31 0.107843
32 34 0.048913
32 62 0.154472
32 63 0.0326797
32 64 0.176471
33 3 0.00657895
33 4 0.00684932
33 34 0.283237
33 35 0.0405405
33 36 0.140496
33 63 0.00704225
33 64 0.0047619
33 65 0.023622
33 95 0.025974
34 2 0.00454545
34 3 0.0735931
34 32 0.048913
34 33 0.283237
34 35 0.0264317
34 36 0.06
34 63 0.0316742
34 64 0.266436
34 65 0.0970874
34 66 0.00537634
34 95 0.0729614
34 96 0.00552486
35 3 0.0728155
35 4 0.07
35 5 0.0961538
35 6 0.284974
35 33 0.0405405
35 34 0.0264317
35 36 0.394286
35 37 0.0829493
35 65 0.0220994
35 66 0.111801
35 67 0.0266667
35 97 0.00490196
35 99 0.00913242
36 3 0.0111732
36 4 0.00578035
36 5 0.00552486
36 6 0.0843373
36 33 0.140496
36 34 0.06
36 35 0.394286
36 37 0.0789474
36 65 0.012987
36 66 0.0895522
36 67 0.0813008
36 68 0.0324675
36 99 0.03125
37 5 0.044843
37 6 0.163462
37 35 0.0829493
37 36 0.0789474
37 38 0.0627803
37 39 0.0147783
37 67 0.0424242
37 68 0.255102
37 69 0.224215
37 99 0.0769231
37 100 0.109375
38 5 0.11215
38 6 0.140704
38 7 0.350962
38 8 0.22467
38 37 0.0627803
38 39 0.0927835
38 40 0.0269058
38 69 0.0420561
38 70 0.077381
39 7 0.00531915
39 8 0.0241546
39 9 0.0100503
39 37 0.0147783
39 38 0.0927835
39 40 0.374384
39 68 0.0479042
39 69 0.268041
39 70 0.141892
39 71 0.038835
39 100 0.122699
39 101 0.0112994
40 8 0.0805085
40 9 0.0394737
40 10 0.00552486
40 38 0.0269058
40 39 0.374384
40 41 0.0759494
40 69 0.0717489
40 70 0.429379
40 71 0.0425532
40 72 0.0421941
40 102 0.0218341
41 8 0.0124481
41 9 0.206009
41 10 0.182796
41 11 0.0913043
41 12 0.012
41 40 0.0759494
41 42 0.0765306
41 43 0.0138249
41 70 0.0714286
41 72 0.409091
41 73 0.109705
41 102 0.0384615
42 9 0.0160428
42 10 0.0857143
42 11 0.38587
42 12 0.264706
42 13 0.00591716
42 41 0.0765306
42 43 0.152047
42 72 0.0510204
42 73 0.0890052
42 74 0.0229885
42 75 0.012987
43 11 0.097561
43 12 0.44
43 13 0.0631579
43 14 0.0045045
43 41 0.0138249
43 42 0.152047
43 44 0.0171429
43 72 0.00460829
43 73 0.0566038
43 74 0.235897
43 75 0.0685714
43 106 0.010929
44 12 0.0240385
44 13 0.104046
44 14 0.146341
44 43 0.0171429
44 45 0.355263
44 46 0.00558659
44 75 0.28481
44 76 0.0347826
44 77 0.0347222
44 106 0.060241
45 13 0.0987654
45 14 0.156364
45 15 0.012605
45 44 0.355263
45 46 0.204819
45 47 0.0636704
45 75 0.162281
45 76 0.0633333
45 77 0.126168
45 106 0.0127119
45 108 0.00421941
45 109 0.0105634
46 14 0.0840708
46 15 0.121693
46 16 0.0892019
46 17 0.0148515
46 44 0.00558659
46 45 0.204819
46 47 0.490826
46 48 0.130435
46 76 0.0119522
46 77 0.0424242
46 78 0.0637255
46 109 0.0297872
47 15 0.0338164
47 16 0.0995671
47 17 0.0409091
47 45 0.0636704
47 46 0.490826
47 48 0.21229
47 76 0.00371747
47 77 0.0928962
47 78 0.198198
47 79 0.0112782
47 108 0.0145631
47 109 0.055336
47 110 0.00540541
48 15 0.12
48 16 0.155172
48 17 0.0674847
48 46 0.130435
48 47 0.21229
48 49 0.0153061
48 78 0.0848485
48 79 0.0909091
48 109 0.0153061
48 110 0.0078125
49 16 0.0241935
49 17 0.455696
49 18 0.349515
49 19 0.275093
49 20 0.0296296
49 48 0.0153061
49 78 0.0041841
49 79 0.0777385
49 80 0.0255319
49 81 0.00327869
50 18 0.00581395
50 19 0.0680851
50 20 0.0889831
50 21 0.0184332
50 51 0.105727
50 52 0.236948
50 80 0.00995025
50 81 0.317343
50 82 0.195266
50 83 0.077821
50 84 0.00483092
50 114 0.0171674
51 19 0.180769
51 20 0.455939
51 21 0.235537
51 50 0.105727
51 52 0.0218978
51 81 0.00337838
51 84 0.00431034
52 20 0.0282686
52 21 0.0606061
52 22 0.00452489
52 50 0.236948
52 51 0.0218978
52 81 0.0220126
52 82 0.208333
52 83 0.391447
52 84 0.26378
52 114 0.0392857
53 22 0.293233
53 23 0.171429
53 84 0.0542169
53 85 0.0973451
54 23 0.310345
54 24 0.166667
54 25 0.028169
54 55 0.030303
54 85 0.0151515
54 86 0.0298507
55 23 0.0102041
55 24 0.13
55 25 0.108108
55 54 0.030303
55 85 0.00943396
55 86 0.214953
56 26 0.045977
56 27 0.0574713
56 57 0.0238095
56 86 0.145833
56 87 0.252747
57 27 0.0574713
57 56 0.0238095
57 58 0.0188679
57 59 0.0254237
57 87 0.043956
57 88 0.0865385
57 89 0.0333333
57 118 0.038835
58 57 0.0188679
58 59 0.171429
58 60 0.0310559
58 88 0.253968
59 27 0.00826446
59 28 0.0692308
59 57 0.0254237
59 58 0.171429
59 60 0.277457
60 28 0.0728477
60 58 0.0310559
60 59 0.277457
60 61 0.030303
60 90 0.0225564
60 91 0.153465
60 92 0.0288462
61 30 0.0841122
61 60 0.030303
61 92 0.363128
62 31 0.119266
62 32 0.154472
62 63 0.05625
62 64 0.00438596
62 93 0.00833333
62 94 0.164384
62 125 0.136364
63 32 0.0326797
63 33 0.00704225
63 34 0.0316742
63 62 0.05625
63 64 0.0348837
63 65 0.0228571
63 94 0.107955
63 95 0.306931
63 96 0.5
64 1 0.0631068
64 2 0.361868
64 3 0.123134
64 32 0.176471
64 33 0.0047619
64 34 0.266436
64 62 0.00438596
64 63 0.0348837
64 65 0.0164609
64 96 0.0229358
65 33 0.023622
65 34 0.0970874
65 35 0.0220994
65 36 0.012987
65 63 0.0228571
65 64 0.0164609
65 66 0.221429
65 94 0.00621118
65 95 0.229947
65 96 0.00740741
65 97 0.278689
65 127 0.0175439
65 128 0.236686
66 34 0.00537634
66 35 0.111801
66 36 0.0895522
66 65 0.221429
66 67 0.00917431
66 97 0.177914
66 98 0.0802139
66 128 0.033557
66 129 0.0188679
67 6 0.0141844
67 35 0.0266667
67 36 0.0813008
67 37 0.0424242
67 66 0.00917431
67 68 0.224806
67 98 0.0170455
67 99 0.335329
68 6 0.0406977
68 36 0.0324675
68 37 0.255102
68 39 0.0479042
68 67 0.224806
68 69 0.0213904
68 98 0.0483092
68 99 0.237374
68 100 0.141026
68 101 0.0117647
68 131 0.00591716
69 6 0.00502513
69 37 0.224215
69 38 0.0420561
69 39 0.268041
69 40 0.0717489
69 68 0.0213904
69 70 0.0357143
69 71 0.0309735
69 98 0.0128205
69 99 0.0177778
69 100 0.256831
69 101 0.101523
69 131 0.0153061
70 8 0.0939227
70 9 0.0346821
70 38 0.077381
70 39 0.141892
70 40 0.429379
70 41 0.0714286
70 69 0.0357143
70 71 0.05
70 72 0.0384615
70 102 0.0172414
71 39 0.038835
71 40 0.0425532
71 69 0.0309735
71 70 0.05
71 72 0.0958333
71 101 0.23445
71 102 0.392241
71 103 0.0375587
71 131 0.00480769
71 132 0.0469484
71 133 0.015
72 9 0.0214592
72 10 0.016129
72 11 0.0173913
72 12 0.004
72 40 0.0421941
72 41 0.409091
72 42 0.0510204
72 43 0.00460829
72 70 0.0384615
72 71 0.0958333
72 73 0.194093
72 74 0.0136364
72 102 0.222222
72 103 0.00465116
72 104 0.0669643
72 105 0.0611354
73 11 0.0177778
73 12 0.0163265
73 41 0.109705
73 42 0.0890052
73 43 0.0566038
73 72 0.194093
73 74 0.362791
73 75 0.0307692
73 102 0.0262009
73 104 0.0228311
73 105 0.147321
73 106 0.0886699
74 12 0.00877193
74 42 0.0229885
74 43 0.235897
74 72 0.0136364
74 73 0.362791
74 75 0.0168539
74 104 0.0792079
74 105 0.0724638
74 106 0.198925
74 137 0.0194175
75 12 0.00480769
75 14 0.00487805
75 42 0.012987
75 43 0.0685714
75 44 0.28481
75 45 0.162281
75 73 0.0307692
75 74 0.0168539
75 76 0.16087
75 77 0.0694444
75 106 0.108434
75 108 0.00598802
76 44 0.0347826
76 45 0.0633333
76 46 0.0119522
76 47 0.00371747
76 75 0.16087
76 77 0.226852
76 106 0.197479
76 107 0.227468
76 108 0.171548
76 109 0.0104895
76 137 0.127907
76 138 0.0392157
76 139 0.00983607
77 44 0.0347222
77 45 0.126168
77 46 0.0424242
77 47 0.0928962
77 75 0.0694444
77 76 0.226852
77 78 0.0236686
77 106 0.0657895
77 107 0.0884354
77 108 0.156863
77 109 0.065
78 17 0.0194175
78 46 0.0637255
78 47 0.198198
78 48 0.0848485
78 49 0.0041841
78 77 0.0236686
78 79 0.174603
78 108 0.0104167
78 109 0.138075
78 110 0.0994152
78 111 0.0221239
78 140 0.0232558
78 141 0.00793651
79 18 0.0456621
79 19 0.0070922
79 47 0.0112782
79 48 0.0909091
79 49 0.0777385
79 78 0.174603
79 80 0.0806452
79 81 0.0125786
79 109 0.0212014
79 110 0.297674
79 111 0.107407
79 140 0.00993378
79 141 0.0135135
80 18 0.0116959
80 19 0.0042735
80 20 0.00851064
80 49 0.0255319
80 50 0.00995025
80 79 0.0806452
80 81 0.433333
80 82 0.0178571
80 110 0.0299401
80 111 0.0405405
80 112 0.0125
80 141 0.00806452
81 18 0.00414938
81 19 0.0197368
81 20 0.0459016
81 49 0.00327869
81 50 0.317343
81 51 0.00337838
81 52 0.0220126
81 79 0.0125786
81 80 0.433333
81 82 0.235294
81 110 0.00421941
81 111 0.0958904
81 112 0.1
81 113 0.00813008
81 114 0.0298013
81 143 0.0119522
82 50 0.195266
82 52 0.208333
82 80 0.0178571
82 81 0.235294
82 83 0.0625
82 111 0.00526316
82 112 0.0817308
82 113 0.00694444
82 114 0.095
82 143 0.00671141
83 50 0.077821
83 52 0.391447
83 82 0.0625
83 84 0.248092
83 113 0.012931
83 114 0.291667
83 115 0.0826087
84 21 0.0945946
84 22 0.0670391
84 50 0.00483092
84 51 0.00431034
84 52 0.26378
84 53 0.0542169
84 83 0.248092
84 85 0.0440252
84 114 0.0168067
84 115 0.1
84 116 0.00578035
85 23 0.0612245
85 53 0.0973451
85 54 0.0151515
85 55 0.00943396
85 84 0.0440252
85 86 0.140187
85 87 0.00980392
85 115 0.015748
85 116 0.116667
85 117 0.0984849
86 23 0.030303
86 24 0.029703
86 25 0.0535714
86 26 0.020202
86 54 0.0298507
86 55 0.214953
86 56 0.145833
86 85 0.140187
86 87 0.0194175
86 117 0.0225564
87 56 0.252747
87 57 0.043956
87 85 0.00980392
87 86 0.0194175
87 89 0.329897
87 117 0.046875
87 118 0.00909091
88 57 0.0865385
88 58 0.253968
88 90 0.0204082
88 118 0.276423
88 148 0.0176471
89 57 0.0333333
89 87 0.329897
89 117 0.00787402
89 118 0.284404
89 119 0.0631579
89 120 0.0178571
89 148 0.0448718
90 60 0.0225564
90 88 0.0204082
90 91 0.0283688
90 118 0.0103093
90 119 0.0120482
90 121 0.12381
90 122 0.11236
90 154 0.0957447
91 60 0.153465
91 90 0.0283688
91 92 0.226852
91 123 0.312849
91 154 0.153374
92 60 0.0288462
92 61 0.363128
92 91 0.226852
92 123 0.205405
93 62 0.00833333
93 94 0.00735294
93 124 0.0581395
93 125 0.434426
93 156 0.0533333
94 62 0.164384
94 63 0.107955
94 65 0.00621118
94 93 0.00735294
94 95 0.12234
94 125 0.135135
94 126 0.0331126
94 127 0.0523256
94 156 0.142045
94 157 0.0972222
95 33 0.025974
95 34 0.0729614
95 63 0.306931
95 65 0.229947
95 94 0.12234
95 96 0.179012
95 97 0.0238095
95 126 0.0225989
95 127 0.050505
95 128 0.158163
95 158 0.012605
95 159 0.010582
96 34 0.00552486
96 63 0.5
96 64 0.0229358
96 65 0.00740741
96 95 0.179012
97 35 0.00490196
97 65 0.278689
97 66 0.177914
97 95 0.0238095
97 98 0.00434783
97 128 0.421875
97 129 0.00990099
97 158 0.0042735
97 159 0.0594595
98 66 0.0802139
98 67 0.0170455
98 68 0.0483092
98 69 0.0128205
98 97 0.00434783
98 99 0.322449
98 100 0.0246305
98 129 0.300885
98 130 0.112821
98 131 0.115741
98 159 0.0382775
98 160 0.0143541
99 35 0.00913242
99 36 0.03125
99 37 0.0769231
99 67 0.335329
99 68 0.237374
99 69 0.0177778
99 98 0.322449
99 100 0.0206186
99 129 0.00460829
99 130 0.0483871
99 131 0.0241546
100 37 0.109375
100 39 0.122699
100 68 0.141026
100 69 0.256831
100 98 0.0246305
100 99 0.0206186
100 101 0.114458
100 131 0.181818
101 39 0.0112994
101 68 0.0117647
101 69 0.101523
101 71 0.23445
101 100 0.114458
101 102 0.0147783
101 103 0.0434783
101 131 0.184358
101 132 0.108696
101 133 0.0175439
101 164 0.140845
102 40 0.0218341
102 41 0.0384615
102 70 0.0172414
102 71 0.392241
102 72 0.222222
102 73 0.0262009
102 101 0.0147783
102 103 0.202899
102 104 0.0231481
102 105 0.0452489
102 132 0.0193237
102 133 0.0515464
103 71 0.0375587
103 72 0.00465116
103 101 0.0434783
103 102 0.202899
103 104 0.0862944
103 105 0.0742574
103 132 0.324468
103 133 0.291429
103 134 0.0378788
103 164 0.078341
104 72 0.0669643
104 73 0.0228311
104 74 0.0792079
104 102 0.0231481
104 103 0.0862944
104 105 0.530806
104 106 0.0105263
104 133 0.00543478
104 134 0.0141844
104 135 0.302326
104 136 0.059633
104 137 0.0047619
105 72 0.0611354
105 73 0.147321
105 74 0.0724638
105 102 0.0452489
105 103 0.0742574
105 104 0.530806
105 106 0.025641
105 135 0.107345
105 136 0.0538117
105 137 0.0418605
106 43 0.010929
106 44 0.060241
106 45 0.0127119
106 73 0.0886699
106 74 0.198925
106 75 0.108434
106 76 0.197479
106 77 0.0657895
106 104 0.0105263
106 105 0.025641
106 107 0.00591716
106 135 0.0192308
106 137 0.128866
106 138 0.0214286
107 76 0.227468
107 77 0.0884354
107 106 0.00591716
107 108 0.217647
107 109 0.142857
107 137 0.0687831
107 138 0.00740741
107 139 0.131356
107 169 0.0229885
108 45 0.00421941
108 47 0.0145631
108 75 0.00598802
108 76 0.171548
108 77 0.156863
108 78 0.0104167
108 107 0.217647
108 109 0.295964
108 137 0.00512821
108 138 0.0070922
108 139 0.14876
108 140 0.0413223
108 141 0.00423729
108 169 0.0111111
108 171 0.0218579
109 45 0.0105634
109 46 0.0297872
109 47 0.055336
109 48 0.0153061
109 76 0.0104895
109 77 0.065
109 78 0.138075
109 79 0.0212014
109 107 0.142857
109 108 0.295964
109 110 0.00495049
109 139 0.0242215
109 140 0.280277
109 141 0.0954064
110 47 0.00540541
110 48 0.0078125
110 78 0.0994152
110 79 0.297674
110 80 0.0299401
110 81 0.00421941
110 109 0.00495049
110 111 0.216931
110 112 0.00966184
110 140 0.0769231
110 141 0.134884
111 78 0.0221239
111 79 0.107407
111 80 0.0405405
111 81 0.0958904
111 82 0.00526316
111 110 0.216931
111 112 0.221374
111 140 0.0217391
111 141 0.274074
111 142 0.00568182
111 143 0.157635
112 80 0.0125
112 81 0.1
112 82 0.0817308
112 110 0.00966184
112 111 0.221374
112 113 0.134259
112 114 0.143382
112 142 0.00515464
112 143 0.420814
112 144 0.0157068
113 81 0.00813008
113 82 0.00694444
113 83 0.012931
113 112 0.134259
113 114 0.346154
113 115 0.0266667
113 143 0.089172
113 144 0.212598
113 145 0.0701754
114 50 0.0171674
114 52 0.0392857
114 81 0.0298013
114 82 0.095
114 83 0.291667
114 84 0.0168067
114 112 0.143382
114 113 0.346154
114 115 0.0436893
114 143 0.00469484
114 144 0.00546448
115 83 0.0826087
115 84 0.1
115 85 0.015748
115 113 0.0266667
115 114 0.0436893
115 116 0.340426
115 145 0.00892857
116 84 0.00578035
116 85 0.116667
116 115 0.340426
116 117 0.0890411
116 145 0.00952381
116 147 0.0344828
116 148 0.125714
117 85 0.0984849
117 86 0.0225564
117 87 0.046875
117 89 0.00787402
117 116 0.0890411
117 147 0.178344
117 148 0.31016
117 178 0.0170455
117 179 0.0223881
118 57 0.038835
118 87 0.00909091
118 88 0.276423
118 89 0.284404
118 90 0.0103093
118 120 0.016
118 148 0.0177515
118 150 0.0190476
118 180 0.0833333
119 89 0.0631579
119 90 0.0120482
119 120 0.216216
119 121 0.0258621
119 151 0.0103093
119 152 0.118812
120 89 0.0178571
120 118 0.016
120 119 0.216216
120 121 0.105263
120 150 0.0277778
120 151 0.245614
120 152 0.152542
120 182 0.0377358
120 183 0.00877193
121 90 0.12381
121 119 0.0258621
121 120 0.105263
121 122 0.0737705
121 151 0.10084
121 152 0.186992
121 153 0.112
121 183 0.0756303
121 184 0.032
122 90 0.11236
122 121 0.0737705
122 153 0.247706
122 154 0.243243
122 185 0.00980392
123 91 0.312849
123 92 0.205405
123 154 0.00757576
123 185 0.170732
124 93 0.0581395
124 156 0.238095
124 186 0.015625
125 62 0.136364
125 93 0.434426
125 94 0.135135
125 156 0.135802
126 94 0.0331126
126 95 0.0225989
126 127 0.10559
126 128 0.0377358
126 157 0.395122
126 158 0.114428
126 159 0.151316
126 188 0.0214286
126 189 0.0392157
127 65 0.0175439
127 94 0.0523256
127 95 0.050505
127 126 0.10559
127 128 0.0611111
127 129 0.0315789
127 130 0.00628931
127 157 0.123894
127 158 0.427928
127 159 0.156069
127 188 0.0434783
127 190 0.0337838
128 65 0.236686
128 66 0.033557
128 95 0.158163
128 97 0.421875
128 126 0.0377358
128 127 0.0611111
128 158 0.145455
128 159 0.0409357
129 66 0.0188679
129 97 0.00990099
129 98 0.300885
129 99 0.00460829
129 127 0.0315789
129 130 0.245509
129 131 0.0319149
129 158 0.0434783
129 159 0.138122
129 190 0.0320513
129 191 0.0060241
130 98 0.112821
130 99 0.0483871
130 127 0.00628931
130 129 0.245509
130 131 0.0191083
130 158 0.00502513
130 159 0.00666667
130 160 0.0666667
130 190 0.024
130 191 0.140741
131 68 0.00591716
131 69 0.0153061
131 71 0.00480769
131 98 0.115741
131 99 0.0241546
131 100 0.181818
131 101 0.184358
131 129 0.0319149
131 130 0.0191083
131 132 0.0218579
131 133 0.00588235
131 160 0.0292398
131 163 0.0993789
131 164 0.127358
132 71 0.0469484
132 101 0.108696
132 102 0.0193237
132 103 0.324468
132 131 0.0218579
132 133 0.474286
132 164 0.331797
132 195 0.00471698
133 71 0.015
133 101 0.0175439
133 102 0.0515464
133 103 0.291429
133 104 0.00543478
133 131 0.00588235
133 132 0.474286
133 163 0.00653595
133 164 0.254902
133 195 0.0452261
134 103 0.0378788
134 104 0.0141844
134 135 0.130841
134 164 0.00621118
134 166 0.287037
134 195 0.173077
134 196 0.027027
135 104 0.302326
135 105 0.107345
135 106 0.0192308
135 134 0.130841
135 136 0.141304
135 137 0.00568182
135 166 0.115108
135 167 0.0431655
136 104 0.059633
136 105 0.0538117
136 135 0.141304
136 137 0.265766
136 138 0.172619
136 167 0.189189
136 168 0.093617
136 198 0.0442478
136 199 0.0339806
137 74 0.0194175
137 76 0.127907
137 104 0.0047619
137 105 0.0418605
137 106 0.128866
137 107 0.0687831
137 108 0.00512821
137 135 0.00568182
137 136 0.265766
137 138 0.275
137 139 0.00383142
137 167 0.0112994
137 168 0.180617
137 169 0.0603015
137 199 0.00505051
138 76 0.0392157
138 106 0.0214286
138 107 0.00740741
138 108 0.0070922
138 136 0.172619
138 137 0.275
138 139 0.0289855
138 167 0.00813008
138 168 0.248555
138 169 0.103448
138 199 0.0277778
139 76 0.00983607
139 107 0.131356
139 108 0.14876
139 109 0.0242215
139 137 0.00383142
139 138 0.0289855
139 140 0.0811688
139 141 0.00662252
139 168 0.0547445
139 169 0.304878
139 170 0.118943
139 171 0.148594
139 201 0.253968
139 202 0.00320513
140 78 0.0232558
140 79 0.00993378
140 108 0.0413223
140 109 0.280277
140 110 0.0769231
140 111 0.0217391
140 139 0.0811688
140 141 0.476821
140 142 0.0192308
140 171 0.140562
140 201 0.00396825
141 78 0.00793651
141 79 0.0135135
141 80 0.00806452
141 108 0.00423729
141 109 0.0954064
141 110 0.134884
141 111 0.274074
141 139 0.00662252
141 140 0.476821
141 142 0.0643564
141 143 0.0524017
141 171 0.0658436
141 201 0.00406504
142 111 0.00568182
142 112 0.00515464
142 140 0.0192308
142 141 0.0643564
142 143 0.111111
142 144 0.0571429
142 171 0.174497
142 172 0.304348
142 174 0.0113636
142 203 0.0188679
143 81 0.0119522
143 82 0.00671141
143 111 0.157635
143 112 0.420814
143 113 0.089172
143 114 0.00469484
143 141 0.0524017
143 142 0.111111
143 144 0.0833333
144 112 0.0157068
144 113 0.212598
144 114 0.00546448
144 142 0.0571429
144 143 0.0833333
144 172 0.0337079
144 174 0.0941176
145 113 0.0701754
145 115 0.00892857
145 116 0.00952381
145 146 0.129412
145 147 0.0344828
145 174 0.0277778
145 175 0.0375
145 176 0.0243902
145 177 0.00952381
145 207 0.06
146 145 0.129412
146 147 0.16
146 176 0.00757576
146 177 0.0526316
146 207 0.284404
146 208 0.00990099
147 116 0.0344828
147 117 0.178344
147 145 0.0344828
147 146 0.16
147 148 0.0107527
147 177 0.0758621
147 178 0.205714
147 209 0.0124224
148 88 0.0176471
148 89 0.0448718
148 116 0.125714
148 117 0.31016
148 118 0.0177515
148 147 0.0107527
148 149 0.011976
148 178 0.00487805
148 179 0.0858896
148 180 0.2
149 148 0.011976
149 150 0.135922
149 179 0.131579
149 180 0.331325
150 118 0.0190476
150 120 0.0277778
150 149 0.135922
150 151 0.0212766
150 180 0.112583
150 181 0.212598
150 182 0.0813954
150 209 0.00787402
150 210 0.0462963
150 211 0.0131579
150 212 0.0145985
150 213 0.0377358
151 119 0.0103093
151 120 0.245614
151 121 0.10084
151 150 0.0212766
151 152 0.0673077
151 182 0.304348
151 183 0.05
151 211 0.0365854
152 119 0.118812
152 120 0.152542
152 121 0.186992
152 151 0.0673077
152 183 0.115385
153 121 0.112
153 122 0.247706
153 184 0.25
153 185 0.00952381
153 215 0.0686275
154 90 0.0957447
154 91 0.153374
154 122 0.243243
154 123 0.00757576
154 185 0.11215
155 156 0.0340909
155 186 0.466292
155 187 0.00487805
155 217 0.0420168
155 218 0.0680628
156 93 0.0533333
156 94 0.142045
156 124 0.238095
156 125 0.135802
156 155 0.0340909
156 157 0.0652174
156 186 0.213542
156 188 0.00606061
156 218 0.0097561
157 94 0.0972222
157 126 0.395122
157 127 0.123894
157 156 0.0652174
157 158 0.0902256
157 159 0.00460829
157 187 0.0733591
157 188 0.209756
157 189 0.0550459
157 218 0.0204082
157 219 0.123894
157 220 0.00398406
158 95 0.012605
158 97 0.0042735
158 126 0.114428
158 127 0.427928
158 128 0.145455
158 129 0.0434783
158 130 0.00502513
158 157 0.0902256
158 159 0.413146
158 189 0.135514
158 190 0.0319149
158 222 0.0502283
159 95 0.010582
159 97 0.0594595
159 98 0.0382775
159 126 0.151316
159 127 0.156069
159 128 0.0409357
159 129 0.138122
159 130 0.00666667
159 157 0.00460829
159 158 0.413146
159 189 0.030303
159 190 0.0215827
159 222 0.0235294
160 98 0.0143541
160 130 0.0666667
160 131 0.0292398
160 161 0.101266
160 162 0.348485
160 163 0.038961
160 191 0.288591
160 192 0.00657895
160 193 0.0555556
161 160 0.101266
161 162 0.520833
161 163 0.00675676
162 160 0.348485
162 161 0.520833
162 163 0.0319149
162 191 0.0437158
162 193 0.0747664
163 131 0.0993789
163 133 0.00653595
163 160 0.038961
163 161 0.00675676
163 162 0.0319149
163 164 0.0666667
163 193 0.194118
163 195 0.247368
163 196 0.0274725
164 101 0.140845
164 103 0.078341
164 131 0.127358
164 132 0.331797
164 133 0.254902
164 134 0.00621118
164 163 0.0666667
164 195 0.170124
165 166 0.161017
165 197 0.45283
166 134 0.287037
166 135 0.115108
166 165 0.161017
166 167 0.114286
166 195 0.0106383
166 196 0.0333333
166 197 0.109375
167 135 0.0431655
167 136 0.189189
167 137 0.0112994
167 138 0.00813008
167 166 0.114286
167 168 0.00526316
167 197 0.0390625
167 198 0.370166
167 199 0.111801
167 228 0.0138249
167 229 0.00724638
168 136 0.093617
168 137 0.180617
168 138 0.248555
168 139 0.0547445
168 167 0.00526316
168 169 0.259434
168 198 0.021645
168 199 0.260664
168 200 0.075
168 201 0.0183486
168 231 0.0592334
169 107 0.0229885
169 108 0.0111111
169 137 0.0603015
169 138 0.103448
169 139 0.304878
169 168 0.259434
169 170 0.0666667
169 171 0.00534759
169 199 0.010929
169 200 0.0639535
169 201 0.0947368
169 202 0.016
169 231 0.0772201
170 139 0.118943
170 169 0.0666667
170 171 0.0416667
170 200 0.00653595
170 201 0.345029
170 202 0.246753
170 231 0.0166667
171 108 0.0218579
171 139 0.148594
171 140 0.140562
171 141 0.0658436
171 142 0.174497
171 169 0.00534759
171 170 0.0416667
171 172 0.0300752
171 201 0.0725389
171 202 0.0632411
171 233 0.0119048
172 142 0.304348
172 144 0.0337079
172 171 0.0300752
172 174 0.138889
172 203 0.133333
172 204 0.0967742
173 174 0.05
173 175 0.0909091
173 203 0.0102041
173 204 0.227723
173 234 0.0326087
174 142 0.0113636
174 144 0.0941176
174 145 0.0277778
174 172 0.138889
174 173 0.05
174 175 0.0131579
174 204 0.101124
175 145 0.0375
175 173 0.0909091
175 174 0.0131579
175 176 0.015748
175 205 0.154762
175 234 0.0568182
176 145 0.0243902
176 146 0.00757576
176 175 0.015748
176 177 0.00657895
176 205 0.023622
176 206 0.242857
176 207 0.29932
176 208 0.158273
177 145 0.00952381
177 146 0.0526316
177 147 0.0758621
177 176 0.00657895
177 178 0.164634
177 207 0.0775194
177 208 0.272727
177 209 0.126667
177 210 0.00763359
177 239 0.0416667
178 117 0.0170455
178 147 0.205714
178 148 0.00487805
178 177 0.164634
178 179 0.203947
178 209 0.255556
178 210 0.0310559
178 239 0.0133333
178 241 0.0763889
179 117 0.0223881
179 148 0.0858896
179 149 0.131579
179 178 0.203947
179 180 0.037037
179 209 0.152174
179 210 0.00840336
180 118 0.0833333
180 148 0.2
180 149 0.331325
180 150 0.112583
180 179 0.037037
180 182 0.00671141
180 211 0.00719424
181 150 0.212598
181 182 0.056
181 210 0.129252
181 211 0.304348
181 212 0.142045
181 213 0.0827586
182 120 0.0377358
182 150 0.0813954
182 151 0.304348
182 180 0.00671141
182 181 0.056
182 183 0.0434783
182 211 0.216216
182 213 0.0961538
182 214 0.0326087
182 244 0.00884956
183 120 0.00877193
183 121 0.0756303
183 151 0.05
183 152 0.115385
183 182 0.0434783
183 184 0.0566038
183 214 0.14
184 121 0.032
184 153 0.25
184 183 0.0566038
184 214 0.103774
184 215 0.0392157
184 244 0.0393701
184 245 0.023622
185 122 0.00980392
185 123 0.170732
185 153 0.00952381
185 154 0.11215
185 215 0.0631579
185 216 0.0434783
185 247 0.149123
186 124 0.015625
186 155 0.466292
186 156 0.213542
186 187 0.0180995
186 217 0.0814815
186 218 0.144928
187 155 0.00487805
187 157 0.0733591
187 186 0.0180995
187 188 0.0927835
187 217 0.0740741
187 218 0.423077
187 219 0.0790698
187 248 0.117925
187 250 0.0445344
188 126 0.0214286
188 127 0.0434783
188 156 0.00606061
188 157 0.209756
188 187 0.0927835
188 218 0.0888889
188 219 0.273292
188 220 0.0322581
189 126 0.0392157
189 157 0.0550459
189 158 0.135514
189 159 0.030303
189 190 0.00714286
189 219 0.12069
189 220 0.301508
189 221 0.107345
189 222 0.0292398
189 250 0.00485437
190 127 0.0337838
190 129 0.0320513
190 130 0.024
190 158 0.0319149
190 159 0.0215827
190 189 0.00714286
190 191 0.177419
190 192 0.00787402
190 220 0.017341
190 221 0.0397351
190 222 0.365517
190 223 0.0492958
191 129 0.0060241
191 130 0.140741
191 160 0.288591
191 162 0.0437158
191 190 0.177419
191 192 0.109489
191 222 0.0322581
191 223 0.0394737
192 160 0.00657895
192 190 0.00787402
192 191 0.109489
192 193 0.178571
192 223 0.36129
192 224 0.0409357
192 225 0.020979
192 254 0.0106383
192 257 0.00641026
193 160 0.0555556
193 162 0.0747664
193 163 0.194118
193 192 0.178571
193 194 0.0298507
193 195 0.00462963
193 196 0.0144231
193 225 0.0526316
193 257 0.326087
194 193 0.0298507
194 196 0.0136986
194 226 0.0434783
194 257 0.377049
195 132 0.00471698
195 133 0.0452261
195 134 0.173077
195 163 0.247368
195 164 0.170124
195 166 0.0106383
195 193 0.00462963
195 196 0.328947
195 228 0.0264151
195 257 0.00490196
196 134 0.027027
196 163 0.0274725
196 166 0.0333333
196 193 0.0144231
196 194 0.0136986
196 195 0.328947
196 197 0.0595238
196 226 0.148148
196 228 0.256809
196 229 0.011236
196 257 0.0867347
197 165 0.45283
197 166 0.109375
197 167 0.0390625
197 196 0.0595238
197 198 0.00591716
197 227 0.00581395
197 228 0.0243902
197 229 0.222222
198 136 0.0442478
198 167 0.370166
198 168 0.021645
198 197 0.00591716
198 199 0.30198
198 227 0.0266667
198 228 0.00775194
198 229 0.0949721
198 230 0.133663
198 231 0.00359712
198 262 0.0448718
199 136 0.0339806
199 137 0.00505051
199 138 0.0277778
199 167 0.111801
199 168 0.260664
199 169 0.010929
199 198 0.30198
199 200 0.0701754
199 230 0.137363
199 231 0.0620155
200 168 0.075
200 169 0.0639535
200 170 0.00653595
200 199 0.0701754
200 201 0.0505618
200 230 0.0584795
200 231 0.522267
200 232 0.0632911
201 139 0.253968
201 140 0.00396825
201 141 0.00406504
201 168 0.0183486
201 169 0.0947368
201 170 0.345029
201 171 0.0725389
201 200 0.0505618
201 202 0.1875
201 231 0.132075
201 232 0.00568182
202 139 0.00320513
202 169 0.016
202 170 0.246753
202 171 0.0632411
202 201 0.1875
202 231 0.0184615
202 232 0.262712
202 233 0.225108
203 142 0.0188679
203 172 0.133333
203 173 0.0102041
203 204 0.214953
203 233 0.256
203 234 0.153061
203 235 0.0106383
203 266 0.00925926
204 172 0.0967742
204 173 0.227723
204 174 0.101124
204 203 0.214953
205 175 0.154762
205 176 0.023622
205 206 0.0515464
205 234 0.0454545
205 235 0.0595238
205 236 0.0792079
205 266 0.0204082
206 176 0.242857
206 205 0.0515464
206 208 0.0275229
206 236 0.131579
207 145 0.06
207 146 0.284404
207 176 0.29932
207 177 0.0775194
207 208 0.0603448
208 146 0.00990099
208 176 0.158273
208 177 0.272727
208 206 0.0275229
208 207 0.0603448
208 236 0.0619469
208 238 0.158537
208 239 0.00934579
209 147 0.0124224
209 150 0.00787402
209 177 0.126667
209 178 0.255556
209 179 0.152174
209 210 0.29932
209 212 0.0170455
209 241 0.146154
209 242 0.015748
210 150 0.0462963
210 177 0.00763359
210 178 0.0310559
210 179 0.00840336
210 181 0.129252
210 209 0.29932
210 211 0.03125
210 212 0.184713
210 240 0.00473934
210 241 0.045045
210 242 0.101852
210 273 0.00699301
211 150 0.0131579
211 151 0.0365854
211 180 0.00719424
211 181 0.304348
211 182 0.216216
211 210 0.03125
211 212 0.008
212 150 0.0145985
212 181 0.142045
212 209 0.0170455
212 210 0.184713
212 211 0.008
212 213 0.0903226
212 241 0.0214286
212 242 0.10219
212 243 0.27619
212 273 0.0988372
212 274 0.0384615
213 150 0.0377358
213 181 0.0827586
213 182 0.0961538
213 212 0.0903226
213 243 0.256983
213 244 0.0526316
213 274 0.0909091
213 276 0.0238095
214 182 0.0326087
214 183 0.14
214 184 0.103774
214 244 0.0330578
214 245 0.157025
215 153 0.0686275
215 184 0.0392157
215 185 0.0631579
215 216 0.202247
215 244 0.0598291
215 246 0.0686275
215 276 0.0545455
216 185 0.0434783
216 215 0.202247
216 246 0.131313
216 247 0.0740741
216 277 0.0574713
216 278 0.0662651
217 155 0.0420168
217 186 0.0814815
217 187 0.0740741
217 218 0.135135
217 248 0.0793651
218 155 0.0680628
218 156 0.0097561
218 157 0.0204082
218 186 0.144928
218 187 0.423077
218 188 0.0888889
218 217 0.135135
218 248 0.010101
219 157 0.123894
219 187 0.0790698
219 188 0.273292
219 189 0.12069
219 220 0.309179
219 221 0.00540541
219 250 0.149533
219 251 0.0405405
220 157 0.00398406
220 188 0.0322581
220 189 0.301508
220 190 0.017341
220 219 0.309179
220 221 0.195238
220 222 0.0245098
220 250 0.0920502
220 251 0.121457
220 252 0.0167364
220 283 0.0912548
221 189 0.107345
221 190 0.0397351
221 219 0.00540541
221 220 0.195238
221 222 0.269231
221 250 0.00460829
221 252 0.0967742
221 254 0.0849057
221 283 0.00829876
222 158 0.0502283
222 159 0.0235294
222 189 0.0292398
222 190 0.365517
222 191 0.0322581
222 220 0.0245098
222 221 0.269231
222 223 0.0982659
222 254 0.0631068
223 190 0.0492958
223 191 0.0394737
223 192 0.36129
223 222 0.0982659
223 224 0.349462
223 225 0.0253165
223 254 0.0935961
223 286 0.00438596
224 192 0.0409357
224 223 0.349462
224 225 0.0344828
224 253 0.113861
224 254 0.392694
224 255 0.122222
224 286 0.0245902
225 192 0.020979
225 193 0.0526316
225 223 0.0253165
225 224 0.0344828
225 226 0.151316
225 255 0.0131579
225 256 0.349112
225 257 0.0188679
225 258 0.0242424
225 286 0.00925926
226 194 0.0434783
226 196 0.148148
226 225 0.151316
226 227 0.00518135
226 228 0.0840708
226 257 0.212121
226 258 0.146199
227 197 0.00581395
227 198 0.0266667
227 226 0.00518135
227 228 0.356322
227 229 0.104396
227 258 0.291262
227 259 0.0769231
228 167 0.0138249
228 195 0.0264151
228 196 0.256809
228 197 0.0243902
228 198 0.00775194
228 226 0.0840708
228 227 0.356322
228 229 0.195349
228 257 0.00429185
228 258 0.196653
229 167 0.00724638
229 196 0.011236
229 197 0.222222
229 198 0.0949721
229 227 0.104396
229 228 0.195349
229 230 0.00628931
229 258 0.03125
229 259 0.121951
229 262 0.0176991
230 198 0.133663
230 199 0.137363
230 200 0.0584795
230 229 0.00628931
230 231 0.143411
230 232 0.0887574
230 262 0.205882
231 168 0.0592334
231 169 0.0772201
231 170 0.0166667
231 198 0.00359712
231 199 0.0620155
231 200 0.522267
231 201 0.132075
231 202 0.0184615
231 230 0.143411
231 232 0.15102
232 200 0.0632911
232 201 0.00568182
232 202 0.262712
232 230 0.0887574
232 231 0.15102
232 233 0.0331126
232 262 0.00813008
232 263 0.0973451
233 171 0.0119048
233 202 0.225108
233 203 0.256
233 232 0.0331126
233 234 0.092437
234 173 0.0326087
234 175 0.0568182
234 203 0.153061
234 205 0.0454545
234 233 0.092437
234 235 0.261364
234 264 0.027027
234 265 0.00787402
234 266 0.0490196
235 203 0.0106383
235 205 0.0595238
235 234 0.261364
235 265 0.00813008
235 266 0.295918
236 205 0.0792079
236 206 0.131579
236 208 0.0619469
236 237 0.201754
236 266 0.0782609
236 300 0.0196078
237 236 0.201754
237 238 0.0481928
237 266 0.0540541
237 267 0.277778
237 268 0.00833333
237 298 0.0535714
237 300 0.0816327
238 208 0.158537
238 237 0.0481928
238 239 0.209877
238 269 0.1
238 300 0.112676
238 301 0.0108696
239 177 0.0416667
239 178 0.0133333
239 208 0.00934579
239 238 0.209877
239 240 0.015
239 269 0.0210526
239 270 0.120773
239 271 0.0448718
239 301 0.017094
240 210 0.00473934
240 239 0.015
240 241 0.164948
240 270 0.518272
240 271 0.116
240 272 0.0769231
240 302 0.00888889
241 178 0.0763889
241 209 0.146154
241 210 0.045045
241 212 0.0214286
241 240 0.164948
241 270 0.0298507
241 272 0.0495868
241 273 0.0396825
242 209 0.015748
242 210 0.101852
242 212 0.10219
242 272 0.0338983
242 273 0.113821
242 302 0.00819672
242 303 0.102564
242 304 0.324675
243 212 0.27619
243 213 0.256983
243 244 0.00531915
243 272 0.0209424
243 273 0.0765306
243 274 0.11039
243 276 0.0110497
244 182 0.00884956
244 184 0.0393701
244 213 0.0526316
244 214 0.0330578
244 215 0.0598291
244 243 0.00531915
244 245 0.34507
244 274 0.0277778
244 275 0.00793651
244 276 0.222222
244 306 0.0169492
245 184 0.023622
245 214 0.157025
245 244 0.34507
245 274 0.00925926
245 275 0.15873
245 276 0.0592593
245 305 0.00704225
245 306 0.0423729
246 215 0.0686275
246 216 0.131313
246 276 0.0916667
246 277 0.15
246 307 0.0608696
247 185 0.149123
247 216 0.0740741
247 278 0.303191
248 187 0.117925
248 217 0.0793651
248 218 0.010101
248 249 0.39759
248 250 0.0379147
248 251 0.0182648
248 279 0.110429
249 248 0.39759
249 250 0.056338
249 251 0.130137
249 279 0.436441
249 280 0.0561224
249 281 0.0217391
250 187 0.0445344
250 189 0.00485437
250 219 0.149533
250 220 0.0920502
250 221 0.00460829
250 248 0.0379147
250 249 0.056338
250 251 0.397638
250 281 0.0547945
250 282 0.0238095
250 283 0.0740741
251 219 0.0405405
251 220 0.121457
251 248 0.0182648
251 249 0.130137
251 250 0.397638
251 252 0.00393701
251 281 0.00649351
251 282 0.00568182
251 283 0.057554
251 313 0.00578035
252 220 0.0167364
252 221 0.0967742
252 251 0.00393701
252 253 0.00892857
252 254 0.0497925
252 283 0.648148
253 224 0.113861
253 252 0.00892857
253 254 0.205479
253 255 0.0388889
253 282 0.0136986
253 283 0.0443548
253 285 0.307143
253 286 0.0614754
253 287 0.00787402
254 192 0.0106383
254 221 0.0849057
254 222 0.0631068
254 223 0.0935961
254 224 0.392694
254 252 0.0497925
254 253 0.205479
254 255 0.0406091
254 283 0.0113208
254 286 0.00766284
255 224 0.122222
255 225 0.0131579
255 253 0.0388889
255 254 0.0406091
255 256 0.0114286
255 286 0.635135
256 225 0.349112
256 255 0.0114286
256 258 0.0744681
256 286 0.225941
256 287 0.0819672
256 288 0.0396825
257 192 0.00641026
257 193 0.326087
257 194 0.377049
257 195 0.00490196
257 196 0.0867347
257 225 0.0188679
257 226 0.212121
257 228 0.00429185
258 225 0.0242424
258 226 0.146199
258 227 0.291262
258 228 0.196653
258 229 0.03125
258 256 0.0744681
258 259 0.0680272
258 289 0.0333333
258 290 0.0285714
259 227 0.0769231
259 229 0.121951
259 258 0.0680272
259 261 0.105263
259 262 0.07
259 290 0.252427
260 290 0.184466
260 291 0.0420168
260 292 0.219048
260 322 0.075188
260 323 0.111111
261 259 0.105263
261 262 0.282353
261 263 0.133333
261 290 0.0795455
261 292 0.177778
262 198 0.0448718
262 229 0.0176991
262 230 0.205882
262 232 0.00813008
262 259 0.07
262 261 0.282353
262 263 0.0125
263 232 0.0973451
263 261 0.133333
263 262 0.0125
263 292 0.0941176
263 295 0.163636
263 324 0.0204082
264 234 0.027027
264 265 0.178082
264 294 0.115385
264 324 0.09375
264 327 0.192308
265 234 0.00787402
265 235 0.00813008
265 264 0.178082
265 266 0.0729927
265 296 0.274074
265 327 0.0416667
265 328 0.00584795
266 203 0.00925926
266 205 0.0204082
266 234 0.0490196
266 235 0.295918
266 236 0.0782609
266 237 0.0540541
266 265 0.0729927
266 267 0.0413793
266 296 0.0272727
267 237 0.277778
267 266 0.0413793
267 268 0.227273
267 296 0.020979
267 297 0.147239
267 298 0.0273973
267 299 0.0952381
267 329 0.0842105
268 237 0.00833333
268 267 0.227273
268 297 0.172662
268 298 0.0901639
268 299 0.215278
268 329 0.0301205
268 331 0.030303
269 238 0.1
269 239 0.0210526
269 298 0.010101
269 300 0.223529
269 301 0.245283
269 332 0.0810811
270 239 0.120773
270 240 0.518272
270 241 0.0298507
270 271 0.338521
270 301 0.00917431
270 302 0.012931
271 239 0.0448718
271 240 0.116
271 270 0.338521
271 301 0.0179641
271 302 0.325967
272 240 0.0769231
272 241 0.0495868
272 242 0.0338983
272 243 0.0209424
272 273 0.313726
272 302 0.0526316
272 303 0.170068
272 304 0.00934579
272 333 0.0340136
273 210 0.00699301
273 212 0.0988372
273 241 0.0396825
273 242 0.113821
273 243 0.0765306
273 272 0.313726
273 274 0.206897
273 303 0.125
273 304 0.0535714
273 305 0.00666667
273 306 0.015873
274 212 0.0384615
274 213 0.0909091
274 243 0.11039
274 244 0.0277778
274 245 0.00925926
274 273 0.206897
274 275 0.0869565
274 276 0.049505
274 305 0.00925926
274 306 0.0714286
274 337 0.0291262
275 244 0.00793651
275 245 0.15873
275 274 0.0869565
275 305 0.222222
275 306 0.176471
275 336 0.00813008
276 213 0.0238095
276 215 0.0545455
276 243 0.0110497
276 244 0.222222
276 245 0.0592593
276 246 0.0916667
276 274 0.049505
276 306 0.0990991
276 337 0.230769
277 216 0.0574713
277 246 0.15
277 278 0.0898204
277 307 0.203883
277 308 0.111888
277 337 0.00909091
277 338 0.00699301
277 340 0.0307692
278 216 0.0662651
278 247 0.303191
278 277 0.0898204
278 308 0.0315315
278 309 0.291667
278 340 0.0510949
279 248 0.110429
279 249 0.436441
279 280 0.00909091
280 249 0.0561224
280 279 0.00909091
280 281 0.0862069
280 310 0.202247
281 249 0.0217391
281 250 0.0547945
281 251 0.00649351
281 280 0.0862069
281 310 0.038961
281 313 0.0153846
281 341 0.0704225
281 343 0.0853659
282 250 0.0238095
282 251 0.00568182
282 253 0.0136986
282 283 0.09375
282 284 0.0140845
282 313 0.390805
282 314 0.0166667
282 344 0.00877193
283 220 0.0912548
283 221 0.00829876
283 250 0.0740741
283 251 0.057554
283 252 0.648148
283 253 0.0443548
283 254 0.0113208
283 282 0.09375
284 282 0.0140845
284 285 0.0615385
284 313 0.0882353
284 314 0.039604
284 316 0.0967742
284 317 0.019802
284 345 0.121951
285 253 0.307143
285 284 0.0615385
285 286 0.0659341
285 287 0.138462
285 288 0.0144928
285 317 0.0175439
286 223 0.00438596
286 224 0.0245902
