0 1 0.115789
0 31 0.190476
0 32 0.0103093
0 62 0.00909091
1 0 0.115789
1 2 0.121495
1 32 0.0918367
1 33 0.0535714
2 1 0.121495
2 3 0.168317
2 33 0.235772
2 64 0.0353982
3 2 0.168317
3 4 0.0641026
3 34 0.192771
3 64 0.03125
4 3 0.0641026
4 5 0.0930233
4 34 0.0649351
4 35 0.1125
4 36 0.0957447
4 65 0.012987
5 4 0.0930233
5 6 0.168539
5 36 0.148148
5 68 0.0363636
6 5 0.168539
6 8 0.0744681
6 37 0.104651
6 38 0.0377358
6 68 0.020202
7 8 0.105263
7 38 0.214953
7 39 0.012987
8 6 0.0744681
8 7 0.105263
8 9 0.0638298
8 38 0.0737705
8 39 0.108696
9 8 0.0638298
9 10 0.0243902
9 39 0.144737
9 40 0.0930233
10 9 0.0243902
10 11 0.16129
10 40 0.166667
10 41 0.0430108
10 71 0.0434783
11 10 0.16129
11 12 0.179245
11 41 0.02
12 11 0.179245
12 13 0.0652174
12 14 0.0471698
12 41 0.0283019
12 42 0.150943
12 72 0.045045
13 12 0.0652174
13 14 0.174419
14 12 0.0471698
14 13 0.174419
14 15 0.0824742
14 16 0.0315789
14 42 0.08
14 44 0.0178571
15 14 0.0824742
15 16 0.163043
15 44 0.0458716
15 45 0.125
15 46 0.0373832
15 47 0.0454545
16 14 0.0315789
16 15 0.163043
16 17 0.166667
16 47 0.0769231
17 16 0.166667
17 18 0.144231
17 47 0.0588235
17 48 0.0777778
18 17 0.144231
18 19 0.0275229
18 21 0.0722892
18 48 0.0543478
18 49 0.118812
19 18 0.0275229
19 20 0.168067
19 21 0.0116279
19 49 0.0673077
19 50 0.0294118
19 51 0.226562
19 52 0.032
20 19 0.168067
20 21 0.0537634
20 22 0.0291262
20 52 0.106061
20 53 0.227273
21 18 0.0722892
21 19 0.0116279
21 20 0.0537634
21 53 0.050505
22 20 0.0291262
22 23 0.0588235
22 24 0.0674157
22 52 0.119266
22 53 0.0275229
23 22 0.0588235
23 24 0.180851
23 25 0.0217391
23 52 0.0175439
23 53 0.0175439
23 55 0.05
23 56 0.0108696
23 57 0.0309278
23 85 0.133333
24 22 0.0674157
24 23 0.180851
24 26 0.0909091
24 57 0.0792079
25 23 0.0217391
25 56 0.12766
25 57 0.212121
25 88 0.11236
25 89 0.00917431
26 24 0.0909091
26 57 0.00884956
26 58 0.210938
26 59 0.137097
26 89 0.130081
27 28 0.108911
27 59 0.25
27 60 0.114035
28 27 0.108911
28 29 0.201923
28 30 0.0425532
28 60 0.210526
29 28 0.201923
29 30 0.115385
30 28 0.0425532
30 29 0.115385
30 60 0.046729
30 61 0.091954
30 92 0.137931
31 0 0.190476
31 32 0.121212
31 62 0.164557
32 0 0.0103093
32 1 0.0918367
32 31 0.121212
32 33 0.0964912
32 62 0.19469
32 63 0.0285714
33 1 0.0535714
33 2 0.235772
33 32 0.0964912
33 63 0.0672269
33 64 0.135593
34 3 0.192771
34 4 0.0649351
34 64 0.0842105
34 65 0.268293
34 95 0.0113636
35 4 0.1125
35 36 0.0686275
35 65 0.176471
35 66 0.0810811
35 96 0.0666667
36 4 0.0957447
36 5 0.148148
36 35 0.0686275
36 66 0.144
36 67 0.0645161
36 68 0.0169492
36 99 0.0392157
37 6 0.104651
37 38 0.149123
37 39 0.047619
37 68 0.168224
37 70 0.0183486
38 6 0.0377358
38 7 0.214953
38 8 0.0737705
38 37 0.149123
38 39 0.0769231
39 7 0.012987
39 8 0.108696
39 9 0.144737
39 37 0.047619
39 38 0.0769231
39 40 0.0357143
40 9 0.0930233
40 10 0.166667
40 39 0.0357143
40 70 0.0642202
40 71 0.0833333
41 10 0.0430108
41 11 0.02
41 12 0.0283019
41 71 0.191919
41 72 0.247619
41 73 0.00943396
42 12 0.150943
42 14 0.08
42 43 0.172043
42 44 0.00892857
42 72 0.047619
42 73 0.0188679
43 42 0.172043
43 44 0.0190476
43 73 0.0808081
43 74 0.111111
44 14 0.0178571
44 15 0.0458716
44 42 0.00892857
44 43 0.0190476
44 45 0.110236
44 46 0.057377
44 74 0.194915
44 76 0.127119
45 15 0.125
45 44 0.110236
45 46 0.032
45 47 0.24
46 15 0.0373832
46 44 0.057377
46 45 0.032
46 47 0.17931
46 76 0.181034
46 78 0.0119048
46 108 0.0223881
46 109 0.0789474
47 15 0.0454545
47 16 0.0769231
47 17 0.0588235
47 45 0.24
47 46 0.17931
47 48 0.0241935
47 78 0.00917431
47 109 0.00719424
48 17 0.0777778
48 18 0.0543478
48 47 0.0241935
48 49 0.0689655
48 78 0.111111
48 80 0.0288462
49 18 0.118812
49 19 0.0673077
49 48 0.0689655
49 50 0.0319149
49 80 0.00884956
49 81 0.0264901
50 19 0.0294118
50 49 0.0319149
50 51 0.237288
50 81 0.154362
50 114 0.0234375
51 19 0.226562
51 50 0.237288
51 52 0.0496454
51 114 0.214286
52 19 0.032
52 20 0.106061
52 22 0.119266
52 23 0.0175439
52 51 0.0496454
52 53 0.173913
52 84 0.0291971
52 114 0.0463576
52 115 0.0254237
53 20 0.227273
53 21 0.050505
53 22 0.0275229
53 23 0.0175439
53 52 0.173913
53 85 0.122807
53 115 0.00847458
54 55 0.254386
54 56 0.0283019
54 86 0.258333
54 87 0.00862069
54 116 0.00869565
54 117 0.0619469
55 23 0.05
55 54 0.254386
55 56 0.0196078
55 85 0.32
55 115 0.0288462
55 117 0.0550459
56 23 0.0108696
56 25 0.12766
56 54 0.0283019
56 55 0.0196078
56 87 0.173077
56 88 0.134831
57 23 0.0309278
57 24 0.0792079
57 25 0.212121
57 26 0.00884956
57 59 0.00869565
57 89 0.201754
58 26 0.210938
58 59 0.0538462
58 89 0.124031
58 90 0.183007
58 121 0.0606061
59 26 0.137097
59 27 0.25
59 57 0.00869565
59 58 0.0538462
59 60 0.00735294
59 89 0.12
59 90 0.0469799
59 91 0.0223881
60 27 0.114035
60 28 0.210526
60 30 0.046729
60 59 0.00735294
60 61 0.047619
60 91 0.1875
61 30 0.091954
61 60 0.047619
61 91 0.129032
61 92 0.142857
61 122 0.0707965
61 123 0.0493827
62 0 0.00909091
62 31 0.164557
62 32 0.19469
62 63 0.0847458
62 93 0.12381
63 32 0.0285714
63 33 0.0672269
63 62 0.0847458
63 64 0.0917431
63 93 0.103093
63 94 0.123894
63 95 0.00980392
64 2 0.0353982
64 3 0.03125
64 33 0.135593
64 34 0.0842105
64 63 0.0917431
64 94 0.00892857
64 95 0.0594059
65 4 0.012987
65 34 0.268293
65 35 0.176471
65 95 0.0795455
65 96 0.0588235
66 35 0.0810811
66 36 0.144
66 96 0.210938
66 98 0.049505
66 99 0.171171
67 36 0.0645161
67 68 0.198413
67 69 0.0615385
67 99 0.172727
67 100 0.00869565
68 5 0.0363636
68 6 0.020202
68 36 0.0169492
68 37 0.168224
68 67 0.198413
68 69 0.16129
68 70 0.0245902
69 67 0.0615385
69 68 0.16129
69 70 0.0793651
69 100 0.132743
69 101 0.140625
69 132 0.046729
70 37 0.0183486
70 40 0.0642202
70 68 0.0245902
70 69 0.0793651
70 71 0.0990991
70 101 0.198413
71 10 0.0434783
71 40 0.0833333
71 41 0.191919
71 70 0.0990991
71 72 0.00961538
71 101 0.0707965
71 102 0.0487805
71 104 0.0111111
72 12 0.045045
72 41 0.247619
72 42 0.047619
72 71 0.00961538
72 73 0.171171
72 104 0.0729167
73 41 0.00943396
73 42 0.0188679
73 43 0.0808081
73 72 0.171171
73 74 0.0982143
73 75 0.0430108
73 104 0.185567
74 43 0.111111
74 44 0.194915
74 73 0.0982143
74 75 0.0215054
74 76 0.0178571
74 107 0.0181818
75 73 0.0430108
75 74 0.0215054
75 105 0.0675676
75 106 0.075
75 107 0.043956
75 135 0.116279
75 136 0.0545455
76 44 0.127119
76 46 0.181034
76 74 0.0178571
76 107 0.4
76 108 0.00769231
76 138 0.049505
77 78 0.015625
77 105 0.0909091
77 107 0.0531915
77 109 0.0425532
77 137 0.0224719
77 138 0.482353
78 46 0.0119048
78 47 0.00917431
78 48 0.111111
78 77 0.015625
78 80 0.0224719
78 109 0.24359
78 110 0.130435
79 80 0.133929
79 81 0.166667
79 82 0.09375
80 48 0.0288462
80 49 0.00884956
80 78 0.0224719
80 79 0.133929
80 81 0.0416667
80 110 0.327273
80 111 0.0235294
81 49 0.0264901
81 50 0.154362
81 79 0.166667
81 80 0.0416667
81 82 0.226852
81 111 0.0162602
81 112 0.0178571
81 113 0.0612245
81 114 0.027027
82 79 0.09375
82 81 0.226852
82 83 0.165179
82 112 0.342697
82 113 0.0254777
82 114 0.0615385
82 143 0.0119048
83 82 0.165179
83 84 0.273743
83 112 0.0113636
83 113 0.00645161
83 114 0.170984
83 143 0.0180723
83 145 0.0738916
84 52 0.0291971
84 83 0.273743
84 114 0.08
84 115 0.119658
84 145 0.05625
84 146 0.0438596
85 23 0.133333
85 53 0.122807
85 55 0.32
85 115 0.117021
86 54 0.258333
86 87 0.144068
86 116 0.128205
87 54 0.00862069
87 56 0.173077
87 86 0.144068
87 88 0.050505
87 116 0.0176991
87 117 0.018018
87 118 0.0172414
88 25 0.11236
88 56 0.134831
88 87 0.050505
88 118 0.049505
88 119 0.141304
89 25 0.00917431
89 26 0.130081
89 57 0.201754
89 58 0.124031
89 59 0.12
89 90 0.0878378
89 119 0.0446429
89 120 0.0338983
90 58 0.183007
90 59 0.0469799
90 89 0.0878378
90 91 0.121019
90 120 0.0774648
90 121 0.231788
90 152 0.0273973
91 59 0.0223881
91 60 0.1875
91 61 0.129032
91 90 0.121019
91 121 0.0441176
91 122 0.0229008
91 152 0.0152672
92 30 0.137931
92 61 0.142857
92 123 0.0769231
93 62 0.12381
93 63 0.103093
93 94 0.1
93 124 0.0136986
94 63 0.123894
94 64 0.00892857
94 93 0.1
94 95 0.142857
94 124 0.134831
94 125 0.0515464
95 34 0.0113636
95 63 0.00980392
95 64 0.0594059
95 65 0.0795455
95 94 0.142857
95 96 0.00925926
95 97 0.0909091
95 125 0.0348837
95 127 0.0689655
96 35 0.0666667
96 65 0.0588235
96 66 0.210938
96 95 0.00925926
96 97 0.221239
96 98 0.0526316
97 95 0.0909091
97 96 0.221239
97 126 0.0956522
97 127 0.0330578
97 128 0.0113636
97 156 0.0306122
98 66 0.049505
98 96 0.0526316
98 99 0.0641026
98 100 0.0361446
98 128 0.114286
98 130 0.025974
98 131 0.0365854
99 36 0.0392157
99 66 0.171171
99 67 0.172727
99 98 0.0641026
99 100 0.0215054
100 67 0.00869565
100 69 0.132743
100 98 0.0361446
100 99 0.0215054
100 131 0.185567
100 132 0.141304
101 69 0.140625
101 70 0.198413
101 71 0.0707965
101 102 0.206186
101 132 0.17757
101 133 0.0153846
101 163 0.0978261
102 71 0.0487805
102 101 0.206186
102 104 0.0540541
102 133 0.242424
102 134 0.0520833
102 135 0.0731707
102 136 0.00943396
102 163 0.0327869
103 133 0.00943396
103 134 0.23301
103 166 0.171642
104 71 0.0111111
104 72 0.0729167
104 73 0.185567
104 102 0.0540541
104 135 0.388889
105 75 0.0675676
105 77 0.0909091
105 106 0.225
105 107 0.010989
105 135 0.0232558
105 136 0.00909091
105 137 0.325581
105 138 0.109756
105 166 0.0152672
105 168 0.00746269
106 75 0.075
106 105 0.225
106 107 0.0218978
106 135 0.0151515
106 136 0.0320513
106 137 0.30303
106 166 0.00564972
106 168 0.344444
107 74 0.0181818
107 75 0.043956
107 76 0.4
107 77 0.0531915
107 105 0.010989
107 106 0.0218978
107 137 0.00970874
107 138 0.232323
107 169 0.029703
108 46 0.0223881
108 76 0.00769231
108 109 0.117188
108 138 0.0336134
108 139 0.246914
108 169 0.00826446
108 170 0.135
109 46 0.0789474
109 47 0.00719424
109 77 0.0425532
109 78 0.24359
109 108 0.117188
109 110 0.050505
109 138 0.10101
109 139 0.21831
109 140 0.015625
109 169 0.00990099
109 171 0.0434783
110 78 0.130435
110 80 0.327273
110 109 0.050505
110 111 0.323077
110 140 0.2
111 80 0.0235294
111 81 0.0162602
111 110 0.323077
111 113 0.03125
111 140 0.0666667
111 141 0.530612
111 143 0.0133333
111 173 0.010101
112 81 0.0178571
112 82 0.342697
112 83 0.0113636
112 113 0.00917431
112 143 0.116667
113 81 0.0612245
113 82 0.0254777
113 83 0.00645161
113 111 0.03125
113 112 0.00917431
113 141 0.0547945
113 142 0.189873
113 143 0.343434
113 144 0.0243902
113 145 0.0882353
113 174 0.0493827
113 175 0.0128205
114 50 0.0234375
114 51 0.214286
114 52 0.0463576
114 81 0.027027
114 82 0.0615385
114 83 0.170984
114 84 0.08
115 52 0.0254237
115 53 0.00847458
115 55 0.0288462
115 84 0.119658
115 85 0.117021
115 117 0.194175
115 146 0.0947368
115 147 0.00862069
116 54 0.00869565
116 86 0.128205
116 87 0.0176991
116 117 0.0636364
116 147 0.0813008
116 179 0.234375
117 54 0.0619469
117 55 0.0550459
117 87 0.018018
117 115 0.194175
117 116 0.0636364
117 118 0.0353982
117 146 0.02
117 147 0.280992
117 148 0.07
118 87 0.0172414
118 88 0.049505
118 117 0.0353982
118 119 0.0642202
118 148 0.247619
118 150 0.216
118 180 0.0166667
119 88 0.141304
119 89 0.0446429
119 118 0.0642202
119 120 0.254717
120 89 0.0338983
120 90 0.0774648
120 119 0.254717
120 150 0.057377
120 151 0.151079
120 152 0.0172414
121 58 0.0606061
121 90 0.231788
121 91 0.0441176
121 122 0.08
121 152 0.12
122 61 0.0707965
122 91 0.0229008
122 121 0.08
122 123 0.136364
122 152 0.0666667
122 153 0.0983607
123 61 0.0493827
123 92 0.0769231
123 122 0.136364
123 153 0.0666667
123 154 0.0961538
124 93 0.0136986
124 94 0.134831
124 125 0.157143
124 155 0.016129
125 94 0.0515464
125 95 0.0348837
125 124 0.157143
125 126 0.0490196
125 127 0.157407
125 155 0.0714286
125 156 0.0235294
126 97 0.0956522
126 125 0.0490196
126 127 0.333333
126 156 0.486239
126 188 0.00719424
126 189 0.00869565
127 95 0.0689655
127 97 0.0330578
127 125 0.157407
127 126 0.333333
127 128 0.0190476
127 158 0.09375
127 159 0.0310078
127 189 0.0247934
128 97 0.0113636
128 98 0.114286
128 127 0.0190476
128 129 0.0421053
128 130 0.0379747
128 158 0.126316
129 128 0.0421053
129 130 0.147059
129 158 0.152542
129 159 0.0252101
129 160 0.27381
129 162 0.019802
129 190 0.0215054
130 98 0.025974
130 128 0.0379747
130 129 0.147059
130 131 0.252747
130 132 0.0116279
130 160 0.0735294
130 162 0.0588235
131 98 0.0365854
131 100 0.185567
131 130 0.252747
131 132 0.0549451
131 162 0.0111111
132 69 0.046729
132 100 0.141304
132 101 0.17757
132 130 0.0116279
132 131 0.0549451
132 162 0.0235294
132 163 0.183099
132 192 0.040404
133 101 0.0153846
133 102 0.242424
133 103 0.00943396
133 134 0.209302
133 136 0.0215827
133 163 0.159574
133 164 0.0860215
133 165 0.394737
133 166 0.00625
133 194 0.0294118
134 102 0.0520833
134 103 0.23301
134 133 0.209302
134 136 0.0955882
134 164 0.0819672
134 165 0.214765
134 166 0.11465
134 197 0.00645161
135 75 0.116279
135 102 0.0731707
135 104 0.388889
135 105 0.0232558
135 106 0.0151515
135 136 0.262295
135 166 0.00699301
136 75 0.0545455
136 102 0.00943396
136 105 0.00909091
136 106 0.0320513
136 133 0.0215827
136 134 0.0955882
136 135 0.262295
136 164 0.0984456
136 166 0.233533
136 167 0.0162602
136 197 0.0181818
137 77 0.0224719
137 105 0.325581
137 106 0.30303
137 107 0.00970874
137 138 0.0425532
137 168 0.0136986
137 169 0.03125
138 76 0.049505
138 77 0.482353
138 105 0.109756
138 107 0.232323
138 108 0.0336134
138 109 0.10101
138 137 0.0425532
138 169 0.119565
139 108 0.246914
139 109 0.21831
139 140 0.0408163
139 169 0.0444444
139 170 0.116822
139 171 0.214286
139 201 0.0661765
140 109 0.015625
140 110 0.2
140 111 0.0666667
140 139 0.0408163
140 141 0.025641
140 171 0.104167
140 203 0.0178571
141 111 0.530612
141 113 0.0547945
141 140 0.025641
141 142 0.015625
141 143 0.0238095
141 173 0.194444
142 113 0.189873
142 141 0.015625
142 143 0.0333333
142 172 0.210843
142 173 0.0263158
142 174 0.0277778
142 175 0.0434783
142 205 0.0185185
143 82 0.0119048
143 83 0.0180723
143 111 0.0133333
143 112 0.116667
143 113 0.343434
143 141 0.0238095
143 142 0.0333333
143 144 0.0860215
143 145 0.0136054
143 174 0.228261
144 113 0.0243902
144 143 0.0860215
144 145 0.261538
144 174 0.0266667
144 175 0.0138889
144 176 0.123596
145 83 0.0738916
145 84 0.05625
145 113 0.0882353
145 143 0.0136054
145 144 0.261538
145 146 0.15942
145 177 0.056338
145 206 0.00793651
146 84 0.0438596
146 115 0.0947368
146 117 0.02
146 145 0.15942
146 147 0.0442478
146 177 0.125
147 115 0.00862069
147 116 0.0813008
147 117 0.280992
147 146 0.0442478
147 148 0.0707965
147 177 0.0769231
147 179 0.194245
147 208 0.0363636
147 211 0.0588235
148 117 0.07
148 118 0.247619
148 147 0.0707965
148 180 0.0841122
148 182 0.0238095
148 211 0.173469
149 150 0.227723
149 151 0.110169
150 118 0.216
150 120 0.057377
150 149 0.227723
150 151 0.0872483
150 180 0.015748
150 181 0.0535714
151 120 0.151079
151 149 0.110169
151 150 0.0872483
151 152 0.146853
151 181 0.116279
151 184 0.0895522
152 90 0.0273973
152 91 0.0152672
152 120 0.0172414
152 121 0.12
152 122 0.0666667
152 151 0.146853
152 153 0.0819672
152 184 0.117117
153 122 0.0983607
153 123 0.0666667
153 152 0.0819672
153 154 0.0581395
153 184 0.0707965
153 185 0.133858
154 123 0.0961538
154 153 0.0581395
154 185 0.134831
154 216 0.0461538
155 124 0.016129
155 125 0.0714286
155 156 0.025974
155 186 0.171429
155 188 0.0934579
156 97 0.0306122
156 125 0.0235294
156 126 0.486239
156 155 0.025974
156 157 0.026087
156 188 0.172131
156 220 0.126437
157 156 0.026087
157 186 0.0833333
157 187 0.294118
157 188 0.234483
158 127 0.09375
158 128 0.126316
158 129 0.152542
158 159 0.10084
159 127 0.0310078
159 129 0.0252101
159 158 0.10084
159 189 0.330357
159 190 0.0957447
159 219 0.104
160 129 0.27381
160 130 0.0735294
160 161 0.037037
160 162 0.164179
160 190 0.0508475
160 192 0.0617284
160 193 0.103093
160 223 0.0384615
161 160 0.037037
161 192 0.0235294
161 193 0.0693069
161 221 0.0441176
161 222 0.0724638
161 223 0.353659
162 129 0.019802
162 130 0.0588235
162 131 0.0111111
162 132 0.0235294
162 160 0.164179
162 192 0.459184
162 194 0.0128205
162 223 0.0947368
162 226 0.0205479
163 101 0.0978261
163 102 0.0327869
163 132 0.183099
163 133 0.159574
163 165 0.0263158
163 192 0.0833333
163 194 0.15625
164 133 0.0860215
164 134 0.0819672
164 136 0.0984456
164 165 0.242718
164 166 0.0560748
164 195 0.0330189
164 196 0.262931
164 197 0.00943396
164 225 0.00896861
164 226 0.03125
165 133 0.394737
165 134 0.214765
165 163 0.0263158
165 164 0.242718
165 194 0.0491803
165 225 0.026455
166 103 0.171642
166 105 0.0152672
166 106 0.00564972
166 133 0.00625
166 134 0.11465
166 135 0.00699301
166 136 0.233533
166 164 0.0560748
166 167 0.0486111
166 195 0.0107527
166 196 0.00485437
166 197 0.274194
167 136 0.0162602
167 166 0.0486111
167 197 0.225352
167 198 0.0495868
167 229 0.0689655
167 230 0.030303
168 105 0.00746269
168 106 0.344444
168 137 0.0136986
168 169 0.0555556
168 170 0.00448431
168 197 0.047619
168 199 0.0994475
168 230 0.0616438
169 107 0.029703
169 108 0.00826446
169 109 0.00990099
169 137 0.03125
169 138 0.119565
169 139 0.0444444
169 168 0.0555556
169 170 0.127168
170 108 0.135
170 139 0.116822
170 168 0.00448431
170 169 0.127168
170 199 0.00952381
170 200 0.308824
170 201 0.0632184
170 230 0.0228571
170 231 0.0240385
171 109 0.0434783
171 139 0.214286
171 140 0.104167
171 201 0.232558
171 203 0.0642857
172 142 0.210843
172 173 0.466667
172 203 0.124464
172 205 0.00666667
172 234 0.0686695
172 235 0.0474138
172 237 0.00492611
173 111 0.010101
173 141 0.194444
173 142 0.0263158
173 172 0.466667
173 203 0.0220994
173 234 0.0110497
174 113 0.0493827
174 142 0.0277778
174 143 0.228261
174 144 0.0266667
174 175 0.028169
174 204 0.0588235
174 205 0.0892857
174 235 0.0144928
175 113 0.0128205
175 142 0.0434783
175 144 0.0138889
175 174 0.028169
175 176 0.176471
175 204 0.169231
176 144 0.123596
176 175 0.176471
176 177 0.039604
176 205 0.0428571
176 206 0.0705882
176 207 0.316327
176 238 0.0588235
176 239 0.0679612
177 145 0.056338
177 146 0.125
177 147 0.0769231
177 176 0.039604
177 206 0.0714286
177 208 0.150538
177 238 0.047619
178 179 0.105263
178 208 0.0192308
178 209 0.127273
178 210 0.191304
178 211 0.0353982
179 116 0.234375
179 147 0.194245
179 178 0.105263
179 208 0.0521739
179 211 0.112903
180 118 0.0166667
180 148 0.0841122
180 150 0.015748
180 181 0.186916
180 182 0.234043
180 183 0.03125
180 212 0.145833
180 243 0.0676692
180 244 0.0325203
181 150 0.0535714
181 151 0.116279
181 180 0.186916
181 183 0.0740741
181 184 0.175258
182 148 0.0238095
182 180 0.234043
182 183 0.026087
182 211 0.0833333
182 212 0.0173913
182 213 0.186747
182 242 0.100775
182 243 0.0197368
182 244 0.084507
183 180 0.03125
183 181 0.0740741
183 182 0.026087
183 184 0.162791
183 213 0.0330578
183 215 0.0761905
183 246 0.00961538
184 151 0.0895522
184 152 0.117117
184 153 0.0707965
184 181 0.175258
184 183 0.162791
184 185 0.0172414
184 246 0.00833333
185 153 0.133858
185 154 0.134831
185 184 0.0172414
185 216 0.113208
185 246 0.186567
186 155 0.171429
186 157 0.0833333
186 187 0.0972222
186 188 0.0434783
186 217 0.016129
186 218 0.0972222
187 157 0.294118
187 186 0.0972222
188 126 0.00719424
188 155 0.0934579
188 156 0.172131
188 157 0.234483
188 186 0.0434783
188 218 0.0733945
188 220 0.111111
189 126 0.00869565
189 127 0.0247934
189 159 0.330357
189 190 0.0232558
189 218 0.0235294
189 219 0.034188
189 220 0.193548
189 249 0.0857143
189 251 0.03125
190 129 0.0215054
190 159 0.0957447
190 160 0.0508475
190 189 0.0232558
190 191 0.0135135
190 193 0.00943396
190 220 0.0133333
190 251 0.0641026
191 190 0.0135135
191 193 0.00892857
191 221 0.0379747
191 223 0.0215054
191 251 0.0833333
191 252 0.0136986
192 132 0.040404
192 160 0.0617284
192 161 0.0235294
192 162 0.459184
192 163 0.0833333
192 193 0.0390625
192 194 0.0869565
192 223 0.174312
192 225 0.0314465
192 226 0.06875
192 255 0.0125786
193 160 0.103093
193 161 0.0693069
193 190 0.00943396
193 191 0.00892857
193 192 0.0390625
193 194 0.0185185
193 223 0.248
193 225 0.0114286
193 253 0.040404
193 254 0.0121212
193 255 0.268571
194 133 0.0294118
194 162 0.0128205
194 163 0.15625
194 165 0.0491803
194 192 0.0869565
194 193 0.0185185
194 223 0.011236
194 225 0.266187
194 226 0.0357143
194 255 0.0143885
195 164 0.0330189
195 166 0.0107527
195 196 0.411765
195 197 0.0217391
195 226 0.00510204
195 227 0.0804598
195 228 0.0261438
195 257 0.0301508
195 259 0.00595238
196 164 0.262931
196 166 0.00485437
196 195 0.411765
196 197 0.0245098
196 226 0.111111
196 227 0.0103093
196 228 0.0809249
196 257 0.0136986
196 258 0.0136986
197 134 0.00645161
197 136 0.0181818
197 164 0.00943396
197 166 0.274194
197 167 0.225352
197 168 0.047619
197 195 0.0217391
197 196 0.0245098
197 198 0.110429
197 199 0.0397727
197 228 0.0196078
197 229 0.00632911
197 230 0.0141844
198 167 0.0495868
198 197 0.110429
198 199 0.0516129
198 227 0.0326797
198 228 0.0681818
198 229 0.364964
198 230 0.0166667
198 259 0.0340136
198 261 0.0805369
199 168 0.0994475
199 170 0.00952381
199 197 0.0397727
199 198 0.0516129
199 229 0.00666667
199 230 0.330827
199 231 0.0481928
199 261 0.179012
200 170 0.308824
200 231 0.1875
201 139 0.0661765
201 170 0.0632184
201 171 0.232558
201 202 0.0970874
201 203 0.0133333
201 231 0.0615385
201 232 0.0333333
202 201 0.0970874
202 203 0.11465
202 232 0.0721649
202 235 0.00641026
202 263 0.108911
202 264 0.162791
202 265 0.0258621
203 140 0.0178571
203 171 0.0642857
203 172 0.124464
203 173 0.0220994
203 201 0.0133333
203 202 0.11465
203 234 0.161765
203 235 0.206897
203 264 0.0182648
204 174 0.0588235
204 175 0.169231
204 205 0.08
204 235 0.121212
204 236 0.0387097
204 237 0.0582524
205 142 0.0185185
205 172 0.00666667
205 174 0.0892857
205 176 0.0428571
205 204 0.08
205 206 0.0188679
205 235 0.0583333
205 236 0.027972
205 237 0.175824
206 145 0.00793651
206 176 0.0705882
206 177 0.0714286
206 205 0.0188679
206 207 0.37037
206 236 0.0443038
206 237 0.0377358
206 239 0.0232558
206 269 0.047619
207 176 0.316327
207 206 0.37037
207 236 0.0467836
207 269 0.0169492
208 147 0.0363636
208 177 0.150538
208 178 0.0192308
208 179 0.0521739
208 209 0.0326087
208 238 0.12987
208 239 0.0210526
208 240 0.151163
209 178 0.127273
209 208 0.0326087
209 210 0.0194175
209 239 0.029703
209 240 0.304348
210 178 0.191304
210 209 0.0194175
210 211 0.160377
210 241 0.0117647
210 242 0.116505
211 147 0.0588235
211 148 0.173469
211 178 0.0353982
211 179 0.112903
211 182 0.0833333
211 210 0.160377
211 242 0.049505
212 180 0.145833
212 182 0.0173913
212 243 0.186916
212 244 0.0103093
212 274 0.207317
213 182 0.186747
213 183 0.0330578
213 214 0.446043
213 215 0.0576923
213 244 0.101351
214 213 0.446043
214 215 0.097561
215 183 0.0761905
215 213 0.0576923
215 214 0.097561
215 216 0.045045
215 245 0.0185185
215 246 0.273381
215 278 0.00819672
216 154 0.0461538
216 185 0.113208
216 215 0.045045
216 246 0.00909091
216 247 0.246575
216 278 0.0430108
217 186 0.016129
217 218 0.232143
217 248 0.0540541
217 249 0.0526316
218 186 0.0972222
218 188 0.0733945
218 189 0.0235294
218 217 0.232143
218 220 0.0810811
218 249 0.0930233
219 159 0.104
219 189 0.034188
219 248 0.112069
219 249 0.118644
219 250 0.0782609
219 251 0.0550459
220 156 0.126437
220 188 0.111111
220 189 0.193548
220 190 0.0133333
220 218 0.0810811
220 251 0.0352941
221 161 0.0441176
221 191 0.0379747
221 222 0.189873
221 223 0.0108696
221 252 0.125
221 253 0.0757576
221 286 0.00970874
222 161 0.0724638
222 221 0.189873
222 252 0.0136986
222 253 0.164179
222 286 0.201923
223 160 0.0384615
223 161 0.353659
223 162 0.0947368
223 191 0.0215054
223 192 0.174312
223 193 0.248
223 194 0.011236
223 221 0.0108696
224 225 0.00529101
224 226 0.0736842
224 254 0.027933
224 255 0.328042
224 256 0.135802
224 257 0.0103627
224 258 0.015544
224 287 0.141304
225 164 0.00896861
225 165 0.026455
225 192 0.0314465
225 193 0.0114286
225 194 0.266187
225 224 0.00529101
225 226 0.256039
225 255 0.0533981
225 258 0.185714
226 162 0.0205479
226 164 0.03125
226 192 0.06875
226 194 0.0357143
226 195 0.00510204
226 196 0.111111
226 224 0.0736842
226 225 0.256039
226 255 0.0386473
226 257 0.0995261
226 258 0.374408
227 195 0.0804598
227 196 0.0103093
227 198 0.0326797
227 228 0.0559441
227 257 0.121693
227 259 0.196203
227 288 0.0519481
227 290 0.175824
228 195 0.0261438
228 196 0.0809249
228 197 0.0196078
228 198 0.0681818
228 227 0.0559441
228 257 0.0952381
228 259 0.189781
229 167 0.0689655
229 197 0.00632911
229 198 0.364964
229 199 0.00666667
229 230 0.026087
229 259 0.028169
229 260 0.241935
229 292 0.0232558
230 167 0.030303
230 168 0.0616438
230 170 0.0228571
230 197 0.0141844
230 198 0.0166667
230 199 0.330827
230 229 0.026087
230 261 0.141732
231 170 0.0240385
231 199 0.0481928
231 200 0.1875
231 201 0.0615385
231 232 0.185484
231 261 0.0625
231 262 0.0909091
232 201 0.0333333
232 202 0.0721649
232 231 0.185484
232 233 0.0217391
232 261 0.075
232 262 0.119565
232 263 0.227273
232 292 0.0190476
232 293 0.076087
232 294 0.0348837
232 295 0.0178571
233 232 0.0217391
233 263 0.02
233 264 0.0247934
233 265 0.0461538
234 172 0.0686695
234 173 0.0110497
234 203 0.161765
234 235 0.167488
234 264 0.155251
234 266 0.0638298
235 172 0.0474138
235 174 0.0144928
235 202 0.00641026
235 203 0.206897
235 204 0.121212
235 205 0.0583333
235 234 0.167488
235 236 0.0177778
235 237 0.0809249
235 264 0.0688073
235 266 0.0641026
235 267 0.00952381
236 204 0.0387097
236 205 0.027972
236 206 0.0443038
236 207 0.0467836
236 235 0.0177778
236 237 0.321429
236 266 0.0194553
236 267 0.261803
236 269 0.0358974
236 299 0.0473684
237 172 0.00492611
237 204 0.0582524
237 205 0.175824
237 206 0.0377358
237 235 0.0809249
237 236 0.321429
237 266 0.0097561
237 267 0.0828729
238 176 0.0588235
238 177 0.047619
238 208 0.12987
238 239 0.22093
238 240 0.0779221
238 269 0.00952381
239 176 0.0679612
239 206 0.0232558
239 208 0.0210526
239 209 0.029703
239 238 0.22093
239 240 0.0631579
239 241 0.060241
239 269 0.138211
239 271 0.010989
239 301 0.118182
240 208 0.151163
240 209 0.304348
240 238 0.0779221
240 239 0.0631579
240 241 0.027027
241 210 0.0117647
241 239 0.060241
241 240 0.027027
241 242 0.075
241 271 0.157143
241 273 0.04
241 274 0.0128205
241 301 0.011236
242 182 0.100775
242 210 0.116505
242 211 0.049505
242 241 0.075
242 243 0.132231
242 274 0.0104167
243 180 0.0676692
243 182 0.0197368
243 212 0.186916
243 242 0.132231
243 244 0.231343
243 274 0.134454
243 275 0.0225564
244 180 0.0325203
244 182 0.084507
244 212 0.0103093
244 213 0.101351
244 243 0.231343
244 245 0.05
244 275 0.0731707
245 215 0.0185185
245 244 0.05
245 246 0.0654206
245 275 0.010101
245 277 0.104
245 306 0.0125
245 307 0.105882
246 183 0.00961538
246 184 0.00833333
246 185 0.186567
246 215 0.273381
246 216 0.00909091
246 245 0.0654206
246 277 0.0705128
246 278 0.0330578
247 216 0.246575
247 278 0.166667
248 217 0.0540541
248 219 0.112069
248 249 0.115385
248 279 0.141414
249 189 0.0857143
249 217 0.0526316
249 218 0.0930233
249 219 0.118644
249 248 0.115385
249 250 0.00970874
249 279 0.00990099
250 219 0.0782609
250 249 0.00970874
250 251 0.0319149
250 279 0.112245
250 280 0.184783
250 310 0.03125
250 311 0.0294118
251 189 0.03125
251 190 0.0641026
251 191 0.0833333
251 219 0.0550459
251 220 0.0352941
251 250 0.0319149
251 252 0.012987
251 280 0.0465116
251 281 0.0434783
251 283 0.0422535
251 312 0.0337079
252 191 0.0136986
252 221 0.125
252 222 0.0136986
252 251 0.012987
252 253 0.0666667
252 283 0.198473
252 312 0.0512821
252 314 0.132075
253 193 0.040404
253 221 0.0757576
253 222 0.164179
253 252 0.0666667
253 283 0.08
253 286 0.0769231
254 193 0.0121212
254 224 0.027933
254 255 0.112245
254 256 0.00591716
254 283 0.0104712
254 284 0.0271739
254 285 0.189189
254 286 0.203822
254 287 0.230366
255 192 0.0125786
255 193 0.268571
255 194 0.0143885
255 224 0.328042
255 225 0.0533981
255 226 0.0386473
255 254 0.112245
255 258 0.0333333
255 286 0.011976
255 287 0.00497512
256 224 0.135802
256 254 0.00591716
256 257 0.120219
256 285 0.0714286
256 287 0.155172
256 288 0.283784
256 316 0.020979
256 317 0.0388889
256 318 0.0914634
257 195 0.0301508
257 196 0.0136986
257 224 0.0103627
257 226 0.0995261
257 227 0.121693
257 228 0.0952381
257 256 0.120219
257 258 0.158879
257 287 0.0195122
257 288 0.139665
257 290 0.00483092
257 318 0.0153846
257 319 0.0117647
258 196 0.0136986
258 224 0.015544
258 225 0.185714
258 226 0.374408
258 255 0.0333333
258 257 0.158879
258 287 0.0341463
259 195 0.00595238
259 198 0.0340136
259 227 0.196203
259 228 0.189781
259 229 0.028169
259 260 0.0373134
259 291 0.0625
259 321 0.0350877
260 229 0.241935
260 259 0.0373134
260 291 0.222222
260 292 0.0165289
261 198 0.0805369
261 199 0.179012
261 230 0.141732
261 231 0.0625
261 232 0.075
261 292 0.184397
262 231 0.0909091
262 232 0.119565
262 292 0.00884956
262 293 0.31
262 294 0.0425532
263 202 0.108911
263 232 0.227273
263 233 0.02
263 264 0.0674847
263 265 0.0186916
263 293 0.03125
263 294 0.0777778
263 295 0.258621
264 202 0.162791
264 203 0.0182648
264 233 0.0247934
264 234 0.155251
264 235 0.0688073
264 263 0.0674847
264 265 0.0786517
264 266 0.12
264 295 0.0427807
264 296 0.118367
265 202 0.0258621
265 233 0.0461538
265 263 0.0186916
265 264 0.0786517
265 266 0.190722
265 295 0.0152672
265 296 0.164021
265 297 0.0142857
265 327 0.11236
266 234 0.0638298
266 235 0.0641026
266 236 0.0194553
266 237 0.0097561
266 264 0.12
266 265 0.190722
266 267 0.231405
266 296 0.10728
266 297 0.00943396
267 235 0.00952381
267 236 0.261803
267 237 0.0828729
267 266 0.231405
267 268 0.0258065
267 297 0.037234
267 299 0.0342857
267 330 0.0429448
268 267 0.0258065
268 297 0.056
268 298 0.08
268 299 0.160714
268 300 0.0333333
268 330 0.52
269 206 0.047619
269 207 0.0169492
269 236 0.0358974
269 238 0.00952381
269 239 0.138211
269 299 0.29927
269 301 0.147287
270 271 0.0322581
270 300 0.265306
270 301 0.339286
270 332 0.0131579
270 333 0.0285714
271 239 0.010989
271 241 0.157143
271 270 0.0322581
271 273 0.0481928
271 301 0.0206186
271 303 0.0377358
271 304 0.157025
271 333 0.0555556
272 304 0.313043
273 241 0.04
273 271 0.0481928
273 274 0.186813
273 275 0.0190476
273 304 0.103175
273 305 0.0373832
273 306 0.0930233
273 335 0.0491803
273 336 0.0265957
274 212 0.207317
274 241 0.0128205
274 242 0.0104167
274 243 0.134454
274 273 0.186813
274 275 0.0555556
275 243 0.0225564
275 244 0.0731707
275 245 0.010101
275 273 0.0190476
275 274 0.0555556
275 306 0.184466
275 307 0.212963
275 308 0.068323
275 337 0.0327869
275 338 0.0204082
276 277 0.235294
277 245 0.104
277 246 0.0705128
277 276 0.235294
277 278 0.028777
277 306 0.0465116
277 307 0.0671642
277 308 0.0160428
277 309 0.0364963
278 215 0.00819672
278 216 0.0430108
278 246 0.0330578
278 247 0.166667
278 277 0.028777
278 309 0.215686
278 340 0.105263
279 248 0.141414
279 249 0.00990099
279 250 0.112245
279 310 0.106383
280 250 0.184783
280 251 0.0465116
280 281 0.144444
280 311 0.0957447
280 342 0.0392157
281 251 0.0434783
281 280 0.144444
281 312 0.215054
281 342 0.101852
281 343 0.0526316
282 312 0.121951
282 314 0.0526316
282 343 0.119048
282 344 0.238095
283 251 0.0422535
283 252 0.198473
283 253 0.08
283 254 0.0104712
283 284 0.306878
283 286 0.0493827
283 312 0.013986
283 314 0.0847458
283 316 0.00606061
283 346 0.0638298
284 254 0.0271739
284 283 0.306878
284 285 0.0273224
284 314 0.045045
284 315 0.0897436
284 316 0.0759494
284 346 0.201493
285 254 0.189189
285 256 0.0714286
285 284 0.0273224
285 286 0.0320513
285 287 0.0789474
285 316 0.251572
285 317 0.204082
285 318 0.0444444
286 221 0.00970874
286 222 0.201923
286 253 0.0769231
286 254 0.203822
286 255 0.011976
286 283 0.0493827
286 285 0.0320513
287 224 0.141304
287 254 0.230366
287 255 0.00497512
287 256 0.155172
287 257 0.0195122
287 258 0.0341463
287 285 0.0789474
287 288 0.00588235
287 317 0.0445545
287 318 0.145161
288 227 0.0519481
288 256 0.283784
288 257 0.139665
288 287 0.00588235
288 317 0.0681818
288 318 0.0875
288 319 0.311111
288 349 0.0309278
289 290 0.0643275
289 320 0.382166
289 351 0.00769231
290 227 0.175824
290 257 0.00483092
290 289 0.0643275
290 319 0.0613497
290 320 0.231183
290 321 0.00724638
290 351 0.289308
291 259 0.0625
291 260 0.222222
291 292 0.244275
291 321 0.0566038
291 322 0.119266
291 323 0.0148148
291 324 0.00671141
291 351 0.0551181
291 354 0.00675676
291 356 0.0184049
292 229 0.0232558
292 232 0.0190476
292 260 0.0165289
292 261 0.184397
292 262 0.00884956
292 291 0.244275
292 293 0.0973451
292 322 0.0192308
292 356 0.0253165
293 232 0.076087
293 262 0.31
293 263 0.03125
293 292 0.0973451
293 294 0.361702
293 295 0.0333333
293 324 0.0152672
293 325 0.0515464
293 326 0.026087
293 356 0.0758621
294 232 0.0348837
294 262 0.0425532
294 263 0.0777778
294 293 0.361702
294 295 0.201754
294 324 0.064
294 325 0.021978
294 326 0.0917431
294 356 0.0863309
294 357 0.00862069
294 359 0.0970874
295 232 0.0178571
295 263 0.258621
295 264 0.0427807
295 265 0.0152672
295 293 0.0333333
295 294 0.201754
295 296 0.186869
295 324 0.013245
295 327 0.0306122
295 328 0.00884956
295 359 0.124031
296 264 0.118367
296 265 0.164021
296 266 0.10728
296 295 0.186869
296 297 0.130435
296 327 0.0641026
296 328 0.0175439
296 359 0.0802139
297 265 0.0142857
297 266 0.00943396
297 267 0.037234
297 268 0.056
297 296 0.130435
297 298 0.0277778
297 327 0.0934579
297 328 0.0491803
297 329 0.00892857
297 330 0.18797
297 358 0.0238095
297 359 0.0942029
297 360 0.010101
298 268 0.08
298 297 0.0277778
298 300 0.0410959
298 329 0.241935
298 330 0.192771
298 332 0.0588235
298 361 0.0516129
298 362 0.00689655
299 236 0.0473684
299 267 0.0342857
299 268 0.160714
299 269 0.29927
299 300 0.0272727
299 301 0.016129
299 330 0.0666667
299 361 0.00520833
300 268 0.0333333
300 270 0.265306
300 298 0.0410959
300 299 0.0272727
300 301 0.0294118
300 302 0.0588235
300 331 0.0875
300 332 0.0909091
300 333 0.0105263
300 361 0.0235294
300 362 0.025
301 239 0.118182
301 241 0.011236
301 269 0.147287
301 270 0.339286
301 271 0.0206186
301 299 0.016129
301 300 0.0294118
301 302 0.0487805
301 333 0.00917431
301 362 0.0229885
302 300 0.0588235
302 301 0.0487805
302 333 0.186667
303 271 0.0377358
303 304 0.0201342
303 333 0.186441
303 334 0.028169
303 335 0.206897
303 364 0.0241935
303 366 0.0789474
304 271 0.157025
304 272 0.313043
304 273 0.103175
304 303 0.0201342
304 305 0.0551724
304 335 0.075
304 336 0.0132743
305 273 0.0373832
305 304 0.0551724
305 306 0.047619
305 336 0.371981
306 245 0.0125
306 273 0.0930233
306 275 0.184466
306 277 0.0465116
306 305 0.047619
306 307 0.134831
306 335 0.00833333
306 336 0.139785
306 337 0.0194175
307 245 0.105882
307 275 0.212963
307 277 0.0671642
307 306 0.134831
307 308 0.0408163
308 275 0.068323
308 277 0.0160428
308 307 0.0408163
308 309 0.00666667
308 338 0.27957
308 339 0.145695
308 369 0.0693642
309 277 0.0364963
309 278 0.215686
309 308 0.00666667
309 339 0.207921
309 340 0.0645161
310 250 0.03125
310 279 0.106383
310 311 0.193878
310 341 0.0625
311 250 0.0294118
311 280 0.0957447
311 310 0.193878
311 341 0.0232558
311 342 0.321429
312 251 0.0337079
312 252 0.0512821
312 281 0.215054
312 282 0.121951
312 283 0.013986
312 314 0.0461538
312 343 0.0652174
313 314 0.166667
313 344 0.268817
313 345 0.351648
313 346 0.0337079
314 252 0.132075
314 282 0.0526316
314 283 0.0847458
314 284 0.045045
314 312 0.0461538
314 313 0.166667
314 344 0.0298507
314 345 0.0769231
314 346 0.0634921
315 284 0.0897436
315 316 0.121212
315 346 0.0833333
315 347 0.00729927
315 348 0.204678
315 377 0.0753425
315 378 0.0352113
315 379 0.028169
316 256 0.020979
316 283 0.00606061
316 284 0.0759494
316 285 0.251572
316 315 0.121212
316 317 0.163743
316 347 0.0503597
316 348 0.017341
317 256 0.0388889
317 285 0.204082
317 287 0.0445545
317 288 0.0681818
317 316 0.163743
317 318 0.244792
317 319 0.011976
317 347 0.0738636
317 349 0.185841
317 350 0.00529101
318 256 0.0914634
318 257 0.0153846
318 285 0.0444444
318 287 0.145161
318 288 0.0875
318 317 0.244792
318 319 0.00662252
318 349 0.152381
318 350 0.219653
319 257 0.0117647
319 288 0.311111
319 290 0.0613497
319 317 0.011976
319 318 0.00662252
319 320 0.147651
319 349 0.102703
319 350 0.0337838
320 289 0.382166
320 290 0.231183
320 319 0.147651
320 321 0.00806452
320 349 0.0721154
320 351 0.0482759
320 381 0.0131579
320 382 0.00884956
321 259 0.0350877
321 290 0.00724638
321 291 0.0566038
321 320 0.00806452
321 322 0.164557
321 323 0.0285714
321 351 0.360825
321 353 0.0983607
321 354 0.0338983
321 381 0.0192308
321 382 0.230769
322 291 0.119266
322 292 0.0192308
322 321 0.164557
322 323 0.148148
322 324 0.106557
322 351 0.05
322 353 0.128
322 354 0.22314
322 383 0.00900901
323 291 0.0148148
323 321 0.0285714
323 322 0.148148
323 324 0.0945946
323 352 0.0290698
323 353 0.0860927
323 354 0.442177
323 355 0.032
323 356 0.0185185
323 383 0.145985
323 384 0.00555556
323 385 0.0542636
323 386 0.0111111
324 291 0.00671141
324 293 0.0152672
324 294 0.064
324 295 0.013245
324 322 0.106557
324 323 0.0945946
324 354 0.149068
324 355 0.23741
324 356 0.482955
324 357 0.00653595
324 386 0.108247
324 387 0.0271739
324 388 0.0108696
325 293 0.0515464
325 294 0.021978
325 326 0.410714
325 327 0.0133333
325 356 0.0140845
325 357 0.10084
325 387 0.00666667
326 293 0.026087
326 294 0.0917431
326 325 0.410714
326 327 0.0537634
326 328 0.037037
326 356 0.0125
326 357 0.19708
326 359 0.153226
326 387 0.0297619
326 390 0.00598802
327 265 0.11236
327 295 0.0306122
327 296 0.0641026
327 297 0.0934579
327 325 0.0133333
327 326 0.0537634
327 328 0.183099
327 357 0.04
327 358 0.0533333
327 359 0.16092
327 387 0.0381679
327 390 0.00769231
328 295 0.00884956
328 296 0.0175439
328 297 0.0491803
328 326 0.037037
328 327 0.183099
328 329 0.0394737
328 330 0.0206186
328 357 0.0608696
328 358 0.288889
328 359 0.0588235
328 360 0.0555556
328 390 0.131034
329 297 0.00892857
329 298 0.241935
329 328 0.0394737
329 330 0.0114943
329 358 0.225
329 360 0.0197368
330 267 0.0429448
330 268 0.52
330 297 0.18797
330 298 0.192771
330 299 0.0666667
330 328 0.0206186
330 329 0.0114943
330 358 0.019802
330 360 0.0635838
330 361 0.0444444
331 300 0.0875
331 332 0.275862
331 333 0.0344828
331 361 0.037037
331 362 0.223684
331 363 0.0238095
331 364 0.0430108
331 392 0.169492
332 270 0.0131579
332 298 0.0588235
332 300 0.0909091
332 331 0.275862
332 333 0.0273973
332 361 0.027027
332 362 0.0652174
332 364 0.0126582
332 392 0.0666667
333 270 0.0285714
333 271 0.0555556
333 300 0.0105263
333 301 0.00917431
333 302 0.186667
333 303 0.186441
333 331 0.0344828
333 332 0.0273973
333 364 0.0277778
333 392 0.0135135
334 303 0.028169
334 335 0.0784314
334 336 0.0639269
334 365 0.08
334 366 0.45082
334 367 0.111111
334 396 0.00729927
334 397 0.0693069
335 273 0.0491803
335 303 0.206897
335 304 0.075
335 306 0.00833333
335 334 0.0784314
335 336 0.234234
335 367 0.0204082
336 273 0.0265957
336 304 0.0132743
336 305 0.371981
336 306 0.139785
336 334 0.0639269
336 335 0.234234
336 337 0.00487805
336 367 0.13615
337 275 0.0327869
337 306 0.0194175
337 336 0.00487805
337 338 0.115646
337 367 0.215385
337 368 0.113402
338 275 0.0204082
338 308 0.27957
338 337 0.115646
338 368 0.0655738
338 369 0.144654
339 308 0.145695
339 309 0.207921
339 340 0.0531915
339 369 0.0967742
340 278 0.105263
340 309 0.0645161
340 339 0.0531915
340 369 0.00862069
340 371 0.0933333
341 310 0.0625
341 311 0.0232558
341 342 0.0425532
341 372 0.0555556
342 280 0.0392157
342 281 0.101852
342 311 0.321429
342 341 0.0425532
342 343 0.233645
342 372 0.0102041
342 374 0.0168067
342 375 0.0119048
342 405 0.0480769
343 281 0.0526316
343 282 0.119048
343 312 0.0652174
343 342 0.233645
343 344 0.0425532
343 372 0.0705882
343 373 0.0555556
343 405 0.0769231
344 282 0.238095
344 313 0.268817
344 314 0.0298507
344 343 0.0425532
344 345 0.0434783
344 346 0.0333333
344 375 0.00645161
344 405 0.043956
344 408 0.00793651
345 313 0.351648
345 314 0.0769231
345 344 0.0434783
345 346 0.181818
345 377 0.00793651
345 408 0.00806452
346 283 0.0638298
346 284 0.201493
346 313 0.0337079
346 314 0.0634921
346 315 0.0833333
346 344 0.0333333
346 345 0.181818
346 375 0.0198676
346 377 0.0887097
346 378 0.025
346 408 0.00819672
347 315 0.00729927
347 316 0.0503597
347 317 0.0738636
347 348 0.466292
347 349 0.0154639
347 378 0.033557
347 379 0.0268456
