0 1 0.19797
0 2 0.0507246
0 32 0.243902
1 0 0.19797
1 2 0.346939
1 3 0.0675105
1 31 0.00452489
1 32 0.273913
1 35 0.0191388
1 62 0.00436681
1 63 0.0358306
1 64 0.0108696
1 65 0.0215054
2 0 0.0507246
2 1 0.346939
2 3 0.342697
2 31 0.0308642
2 32 0.0409357
2 33 0.0769231
2 34 0.0328638
2 35 0.0266667
2 63 0.0443548
2 64 0.0276498
2 65 0.0545455
3 1 0.0675105
3 2 0.342697
3 4 0.0378378
3 5 0.0970874
3 33 0.0491803
3 34 0.185366
3 35 0.211268
3 36 0.043956
3 65 0.0330189
4 3 0.0378378
4 5 0.524887
4 6 0.110465
4 7 0.0330578
4 34 0.0681818
4 35 0.044586
4 36 0.162437
4 37 0.0207254
4 68 0.0045045
5 3 0.0970874
5 4 0.524887
5 6 0.0725389
5 7 0.00760456
5 33 0.00632911
5 34 0.120332
5 35 0.0224719
5 36 0.490826
5 37 0.0046729
6 4 0.110465
6 5 0.0725389
6 7 0.443925
6 36 0.0887574
6 37 0.0666667
6 68 0.00515464
7 4 0.0330578
7 5 0.00760456
7 6 0.443925
7 8 0.0874525
7 36 0.0125523
7 37 0.412766
7 38 0.0788382
7 39 0.00434783
7 67 0.0394265
7 68 0.0909091
7 70 0.00378788
8 7 0.0874525
8 9 0.435484
8 10 0.0213675
8 37 0.0280374
8 38 0.468182
8 39 0.105263
8 41 0.0283401
8 69 0.0130719
8 70 0.0658436
9 8 0.435484
9 10 0.202247
9 38 0.097561
9 39 0.0326797
9 40 0.0264901
9 41 0.0314136
10 8 0.0213675
10 9 0.202247
10 11 0.179775
10 39 0.0149254
10 40 0.371859
10 41 0.209205
10 42 0.0454545
10 43 0.00497512
10 72 0.0512821
11 10 0.179775
11 12 0.156863
11 13 0.0204778
11 40 0.0916667
11 41 0.0642857
11 42 0.0974359
11 43 0.392562
11 44 0.0106762
11 72 0.0635593
11 73 0.0383142
11 74 0.121771
12 11 0.156863
12 13 0.45
12 14 0.0220264
12 42 0.0140845
12 43 0.15873
12 44 0.0263158
12 74 0.0917431
12 75 0.0111732
13 11 0.0204778
13 12 0.45
13 14 0.290566
13 43 0.14978
13 44 0.157895
13 46 0.052
13 73 0.00406504
13 74 0.0273438
13 75 0.046083
13 76 0.0171429
14 12 0.0220264
14 13 0.290566
14 15 0.201878
14 16 0.00480769
14 44 0.027668
14 46 0.274262
14 47 0.0398551
14 76 0.148148
14 77 0.0201613
15 14 0.201878
15 16 0.230769
15 17 0.0883978
15 46 0.0959596
15 47 0.227848
15 76 0.121951
15 77 0.0574163
16 14 0.00480769
16 15 0.230769
16 17 0.1875
16 18 0.0639535
16 46 0.0310881
16 47 0.297414
16 48 0.116022
16 76 0.0423729
16 77 0.0735294
17 15 0.0883978
17 16 0.1875
17 18 0.38587
17 19 0.228155
17 47 0.0737705
17 48 0.0569948
17 49 0.00653595
17 50 0.0503145
18 16 0.0639535
18 17 0.38587
18 19 0.247525
18 47 0.0958333
18 48 0.0952381
18 49 0.114094
18 50 0.0516129
18 81 0.0157895
19 17 0.228155
19 18 0.247525
19 20 0.199219
19 48 0.0236967
19 49 0.181287
19 50 0.344633
19 81 0.00943396
20 19 0.199219
20 21 0.0776256
20 49 0.0738916
20 50 0.263158
20 51 0.0962567
20 52 0.330579
20 53 0.0474453
20 80 0.0220588
20 81 0.0286885
20 82 0.117886
20 83 0.0220264
21 20 0.0776256
21 22 0.482412
21 23 0.0469799
21 51 0.0169492
21 52 0.0751445
21 53 0.195122
21 54 0.0494506
21 82 0.039548
21 83 0.00632911
21 84 0.0873016
22 21 0.482412
22 23 0.19697
22 24 0.0259067
22 52 0.243243
22 53 0.192913
22 54 0.0909091
22 55 0.0108303
22 82 0.00442478
22 84 0.0685714
23 21 0.0469799
23 22 0.19697
23 24 0.20979
23 25 0.0473684
23 53 0.00490196
23 54 0.154696
23 55 0.132159
23 56 0.016
23 84 0.016
24 22 0.0259067
24 23 0.20979
24 25 0.27027
24 26 0.00588235
24 54 0.0340909
24 55 0.162162
24 56 0.108333
24 87 0.00757576
24 88 0.0117647
25 23 0.0473684
25 24 0.27027
25 26 0.110599
25 54 0.00896861
25 55 0.156134
25 56 0.0658683
25 57 0.0984849
25 87 0.0446927
25 88 0.133641
26 24 0.00588235
26 25 0.110599
26 27 0.280193
26 56 0.00657895
26 57 0.24498
26 58 0.0103093
26 87 0.0182927
26 88 0.039604
26 90 0.00896861
27 26 0.280193
27 28 0.17561
27 29 0.311558
27 57 0.0748032
27 58 0.0301508
27 59 0.0135135
27 90 0.0350877
28 27 0.17561
28 29 0.416667
28 57 0.0161943
28 58 0.0677083
28 59 0.209302
28 60 0.131429
28 61 0.0418251
28 90 0.0769231
29 27 0.311558
29 28 0.416667
29 58 0.0107527
29 59 0.0478469
29 60 0.0473373
29 61 0.0544747
30 59 0.00862069
30 60 0.09375
30 61 0.539286
30 92 0.0837004
31 1 0.00452489
31 2 0.0308642
31 32 0.0408163
31 33 0.00943396
31 62 0.0616438
31 63 0.53125
31 64 0.108808
31 65 0.0204082
31 93 0.0264901
31 94 0.0133333
32 0 0.243902
32 1 0.273913
32 2 0.0409357
32 31 0.0408163
32 62 0.083871
32 63 0.0472103
33 2 0.0769231
33 3 0.0491803
33 5 0.00632911
33 31 0.00943396
33 34 0.044586
33 35 0.0425532
33 63 0.0104167
33 64 0.0310559
33 65 0.390244
33 94 0.0169492
34 2 0.0328638
34 3 0.185366
34 4 0.0681818
34 5 0.120332
34 33 0.044586
34 35 0.333333
34 36 0.142857
34 64 0.0163934
34 65 0.283401
34 66 0.031746
34 96 0.0451977
34 97 0.0460251
35 1 0.0191388
35 2 0.0266667
35 3 0.211268
35 4 0.044586
35 5 0.0224719
35 33 0.0425532
35 34 0.333333
35 36 0.0454545
35 65 0.0869565
35 66 0.00529101
35 97 0.0113636
36 3 0.043956
36 4 0.162437
36 5 0.490826
36 6 0.0887574
36 7 0.0125523
36 34 0.142857
36 35 0.0454545
36 65 0.0401786
36 66 0.0829694
36 67 0.017094
36 68 0.0182648
36 97 0.0787037
37 4 0.0207254
37 5 0.0046729
37 6 0.0666667
37 7 0.412766
37 8 0.0280374
37 38 0.015625
37 66 0.0133333
37 67 0.2
37 68 0.172093
37 69 0.024
37 70 0.0372093
37 97 0.00943396
38 7 0.0788382
38 8 0.468182
38 9 0.097561
38 37 0.015625
38 39 0.0748663
38 41 0.0311111
38 68 0.0180995
38 70 0.158371
39 7 0.00434783
39 8 0.105263
39 9 0.0326797
39 10 0.0149254
39 38 0.0748663
39 40 0.0287356
39 41 0.088785
39 69 0.0916667
39 70 0.4
39 71 0.00591716
39 72 0.0352941
39 99 0.015873
39 101 0.124498
40 9 0.0264901
40 10 0.371859
40 11 0.0916667
40 39 0.0287356
40 41 0.316038
40 42 0.00787402
40 43 0.0344828
40 71 0.0179641
40 72 0.0714286
41 8 0.0283401
41 9 0.0314136
41 10 0.209205
41 11 0.0642857
41 38 0.0311111
41 39 0.088785
41 40 0.316038
41 42 0.011976
41 70 0.00806452
41 71 0.178744
41 72 0.211538
41 73 0.0386266
41 101 0.0383275
41 103 0.133858
41 104 0.0136364
42 10 0.0454545
42 11 0.0974359
42 12 0.0140845
42 40 0.00787402
42 41 0.011976
42 43 0.00775194
42 44 0.0119048
42 72 0.178862
42 73 0.0608108
42 74 0.21519
42 103 0.12426
42 104 0.00740741
42 105 0.0282486
43 10 0.00497512
43 11 0.392562
43 12 0.15873
43 13 0.14978
43 40 0.0344828
43 42 0.00775194
43 44 0.0372093
43 72 0.0176471
43 73 0.0102564
43 74 0.0682927
44 11 0.0106762
44 12 0.0263158
44 13 0.157895
44 14 0.027668
44 42 0.0119048
44 43 0.0372093
44 45 0.279476
44 46 0.0210084
44 73 0.017094
44 74 0.110656
44 75 0.302439
44 105 0.0684411
44 108 0.0731707
45 44 0.279476
45 46 0.0610329
45 74 0.0593607
45 75 0.122222
45 76 0.0217391
45 77 0.0267857
45 105 0.0840336
45 106 0.156463
45 107 0.147321
45 108 0.149321
45 109 0.0161943
46 13 0.052
46 14 0.274262
46 15 0.0959596
46 16 0.0310881
46 44 0.0210084
46 45 0.0610329
46 47 0.168582
46 75 0.0846561
46 76 0.108844
46 77 0.261803
46 108 0.0565217
46 109 0.0351562
46 110 0.00416667
47 14 0.0398551
47 15 0.227848
47 16 0.297414
47 17 0.0737705
47 18 0.0958333
47 46 0.168582
47 48 0.168675
47 76 0.0268817
47 77 0.183824
47 78 0.027451
47 79 0.00448431
47 108 0.00371747
47 109 0.0169492
48 16 0.116022
48 17 0.0569948
48 18 0.0952381
48 19 0.0236967
48 47 0.168675
48 49 0.120253
48 77 0.0226244
48 78 0.215686
48 79 0.174419
48 80 0.0528634
48 81 0.150754
48 109 0.0163934
48 110 0.0482456
48 111 0.027027
49 17 0.00653595
49 18 0.114094
49 19 0.181287
49 20 0.0738916
49 48 0.120253
49 50 0.112903
49 51 0.0392157
49 78 0.0182927
49 79 0.0151515
49 80 0.0748663
49 81 0.144654
49 82 0.0186335
50 17 0.0503145
50 18 0.0516129
50 19 0.344633
50 20 0.263158
50 49 0.112903
50 51 0.037037
50 52 0.0368098
50 80 0.0103627
50 81 0.0181818
50 82 0.0299401
51 20 0.0962567
51 21 0.0169492
51 49 0.0392157
51 50 0.037037
51 52 0.0212766
51 53 0.0520231
51 80 0.0526316
51 81 0.041958
51 82 0.317241
51 83 0.00793651
51 84 0.0106383
51 111 0.0326087
51 113 0.0508475
51 114 0.0247934
52 20 0.330579
52 21 0.0751445
52 22 0.243243
52 50 0.0368098
52 51 0.0212766
52 53 0.188596
52 82 0.055
52 83 0.00552486
53 20 0.0474453
53 21 0.195122
53 22 0.192913
53 23 0.00490196
53 51 0.0520231
53 52 0.188596
53 54 0.118143
53 82 0.112069
53 83 0.150235
53 84 0.270718
53 113 0.0265152
53 115 0.132479
54 21 0.0494506
54 22 0.0909091
54 23 0.154696
54 24 0.0340909
54 25 0.00896861
54 53 0.118143
54 55 0.403846
54 56 0.0696203
54 83 0.0105263
54 84 0.056962
54 85 0.0208333
54 115 0.0379147
54 116 0.0372093
55 22 0.0108303
55 23 0.132159
55 24 0.162162
55 25 0.156134
55 54 0.403846
55 56 0.333333
55 85 0.00840336
55 86 0.037594
55 87 0.101852
55 115 0.0116732
55 116 0.0153257
55 117 0.0140845
55 118 0.00787402
56 23 0.016
56 24 0.108333
56 25 0.0658683
56 26 0.00657895
56 54 0.0696203
56 55 0.333333
56 85 0.00735294
56 86 0.0365854
56 87 0.0263158
56 88 0.0657895
56 115 0.0129032
56 116 0.0691824
56 118 0.0131579
57 25 0.0984849
57 26 0.24498
57 27 0.0748032
57 28 0.0161943
57 58 0.157676
57 86 0.00383142
57 87 0.0995261
57 88 0.349398
57 89 0.038961
57 90 0.062963
57 117 0.00961538
57 118 0.0843373
58 26 0.0103093
58 27 0.0301508
58 28 0.0677083
58 29 0.0107527
58 57 0.157676
58 59 0.129187
58 60 0.0118343
58 88 0.0618557
58 89 0.107955
58 90 0.4
58 91 0.0199005
58 118 0.00515464
58 120 0.00595238
58 121 0.0128205
59 27 0.0135135
59 28 0.209302
59 29 0.0478469
59 30 0.00862069
59 58 0.129187
59 60 0.364583
59 61 0.0892857
59 89 0.0100503
59 90 0.142857
59 91 0.151786
59 92 0.0264317
59 121 0.0272374
60 28 0.131429
60 29 0.0473373
60 30 0.09375
60 58 0.0118343
60 59 0.364583
60 61 0.1
60 90 0.030303
60 91 0.0271739
60 92 0.139037
61 28 0.0418251
61 29 0.0544747
61 30 0.539286
61 59 0.0892857
61 60 0.1
61 92 0.105455
62 1 0.00436681
62 31 0.0616438
62 32 0.083871
62 63 0.232759
62 64 0.039801
62 93 0.194969
63 1 0.0358306
63 2 0.0443548
63 31 0.53125
63 32 0.0472103
63 33 0.0104167
63 62 0.232759
63 64 0.304659
63 65 0.0106383
63 93 0.0886076
63 94 0.059322
63 95 0.00323625
63 125 0.0141844
64 1 0.0108696
64 2 0.0276498
64 31 0.108808
64 33 0.0310559
64 34 0.0163934
64 62 0.039801
64 63 0.304659
64 65 0.175299
64 93 0.0194175
64 94 0.204878
64 95 0.0683453
64 125 0.0119522
65 1 0.0215054
65 2 0.0545455
65 3 0.0330189
65 31 0.0204082
65 33 0.390244
65 34 0.283401
65 35 0.0869565
65 36 0.0401786
65 63 0.0106383
65 64 0.175299
65 66 0.03861
65 94 0.0240385
65 95 0.0391459
65 96 0.0434783
65 97 0.0162602
66 34 0.031746
66 35 0.00529101
66 36 0.0829694
66 37 0.0133333
66 65 0.03861
66 67 0.0520446
66 68 0.0433071
66 95 0.0244755
66 96 0.195767
66 97 0.633466
66 98 0.00581395
66 127 0.016
66 129 0.0658436
66 130 0.00442478
67 7 0.0394265
67 36 0.017094
67 37 0.2
67 66 0.0520446
67 68 0.505791
67 69 0.0710059
67 70 0.011583
67 97 0.0429688
67 98 0.0508475
67 99 0.0798319
67 100 0.0140187
67 129 0.0685484
67 130 0.116883
68 4 0.0045045
68 6 0.00515464
68 7 0.0909091
68 36 0.0182648
68 37 0.172093
68 38 0.0180995
68 66 0.0433071
68 67 0.505791
68 69 0.0324675
68 70 0.045082
68 97 0.0788382
68 99 0.0313901
68 130 0.0277778
69 8 0.0130719
69 37 0.024
69 39 0.0916667
69 67 0.0710059
69 68 0.0324675
69 70 0.123377
69 99 0.165414
69 101 0.0310881
69 129 0.00699301
69 130 0.0238095
70 7 0.00378788
70 8 0.0658436
70 37 0.0372093
70 38 0.158371
70 39 0.4
70 41 0.00806452
70 67 0.011583
70 68 0.045082
70 69 0.123377
70 71 0.0246305
70 99 0.170404
70 100 0.00502513
70 101 0.187279
70 102 0.0461538
71 39 0.00591716
71 40 0.0179641
71 41 0.178744
71 70 0.0246305
71 72 0.0797546
71 100 0.00632911
71 101 0.132231
71 102 0.0519481
71 103 0.291866
71 104 0.0457143
71 135 0.0187793
72 10 0.0512821
72 11 0.0635593
72 39 0.0352941
72 40 0.0714286
72 41 0.211538
72 42 0.178862
72 43 0.0176471
72 71 0.0797546
72 73 0.037037
72 74 0.0351759
72 101 0.00411523
72 102 0.0129032
72 103 0.266667
72 104 0.142045
72 105 0.0229358
73 11 0.0383142
73 13 0.00406504
73 41 0.0386266
73 42 0.0608108
73 43 0.0102564
73 44 0.017094
73 72 0.037037
73 74 0.267857
73 103 0.225532
73 104 0.0497512
73 105 0.366255
73 135 0.0167364
73 136 0.012931
74 11 0.121771
74 12 0.0917431
74 13 0.0273438
74 42 0.21519
74 43 0.0682927
74 44 0.110656
74 45 0.0593607
74 72 0.0351759
74 73 0.267857
74 75 0.0358974
74 103 0.0326531
74 104 0.014218
74 105 0.264822
75 12 0.0111732
75 13 0.046083
75 44 0.302439
75 45 0.122222
75 46 0.0846561
75 74 0.0358974
75 77 0.005
75 105 0.0934579
75 106 0.0243902
75 107 0.07
75 108 0.15736
76 13 0.0171429
76 14 0.148148
76 15 0.121951
76 16 0.0423729
76 45 0.0217391
76 46 0.108844
76 47 0.0268817
76 77 0.240506
76 109 0.00552486
77 14 0.0201613
77 15 0.0574163
77 16 0.0735294
77 45 0.0267857
77 46 0.261803
77 47 0.183824
77 48 0.0226244
77 75 0.005
77 76 0.240506
77 78 0.00881057
77 108 0.0622407
77 109 0.258427
77 110 0.0318725
78 47 0.027451
78 48 0.215686
78 49 0.0182927
78 77 0.00881057
78 79 0.421348
78 80 0.0214592
78 81 0.0097561
78 109 0.068
78 110 0.333333
78 111 0.012987
78 140 0.195946
78 141 0.0338983
78 142 0.00495049
79 47 0.00448431
79 48 0.174419
79 49 0.0151515
79 78 0.421348
79 80 0.0845771
79 81 0.144509
79 109 0.0183486
79 110 0.133663
79 111 0.0245902
79 140 0.275862
79 141 0.0275862
79 142 0.00588235
80 20 0.0220588
80 48 0.0528634
80 49 0.0748663
80 50 0.0103627
80 51 0.0526316
80 78 0.0214592
80 79 0.0845771
80 81 0.442982
80 82 0.104348
80 110 0.00389105
80 111 0.344633
80 112 0.0659898
80 113 0.0114504
80 114 0.0194175
80 140 0.0701754
80 141 0.005
80 142 0.0533333
80 143 0.00480769
80 144 0.00921659
81 18 0.0157895
81 19 0.00943396
81 20 0.0286885
81 48 0.150754
81 49 0.144654
81 50 0.0181818
81 51 0.041958
81 78 0.0097561
81 79 0.144509
81 80 0.442982
81 82 0.0594059
81 111 0.187919
81 112 0.0473373
81 113 0.017094
81 140 0.048951
81 144 0.00529101
82 20 0.117886
82 21 0.039548
82 22 0.00442478
82 49 0.0186335
82 50 0.0299401
82 51 0.317241
82 52 0.055
82 53 0.112069
82 80 0.104348
82 81 0.0594059
82 83 0.151351
82 84 0.0457516
82 111 0.0264901
82 113 0.139831
82 114 0.0555556
82 115 0.00970874
82 144 0.0366492
83 20 0.0220264
83 21 0.00632911
83 51 0.00793651
83 52 0.00552486
83 53 0.150235
83 54 0.0105263
83 82 0.151351
83 84 0.0223881
83 113 0.285714
83 114 0.0186335
83 115 0.165775
83 116 0.0418848
83 144 0.133721
83 147 0.00970874
84 21 0.0873016
84 22 0.0685714
84 23 0.016
84 51 0.0106383
84 53 0.270718
84 54 0.056962
84 82 0.0457516
84 83 0.0223881
84 85 0.00735294
84 113 0.0378378
84 115 0.2
84 116 0.0125786
85 54 0.0208333
85 55 0.00840336
85 56 0.00735294
85 84 0.00735294
85 86 0.272727
85 87 0.0135135
85 115 0.042328
85 116 0.264249
85 117 0.0482759
85 145 0.005
85 146 0.00689655
85 147 0.129808
85 148 0.0545455
85 149 0.0131004
86 55 0.037594
86 56 0.0365854
86 57 0.00383142
86 85 0.272727
86 87 0.0795455
86 88 0.0280374
86 116 0.262443
86 117 0.109827
86 118 0.228972
86 119 0.0361446
86 147 0.00423729
86 148 0.19171
86 149 0.0350195
87 24 0.00757576
87 25 0.0446927
87 26 0.0182927
87 55 0.101852
87 56 0.0263158
87 57 0.0995261
87 85 0.0135135
87 86 0.0795455
87 88 0.146341
87 117 0.162602
87 118 0.231707
87 119 0.0172414
87 148 0.00699301
87 150 0.0187793
88 24 0.0117647
88 25 0.133641
88 26 0.039604
88 56 0.0657895
88 57 0.349398
88 58 0.0618557
88 86 0.0280374
88 87 0.146341
88 89 0.0326087
88 90 0.00896861
88 117 0.0124224
88 118 0.123762
88 119 0.00649351
88 150 0.0916335
89 57 0.038961
89 58 0.107955
89 59 0.0100503
89 88 0.0326087
89 90 0.395122
89 118 0.0434783
89 119 0.0147059
89 120 0.0253165
89 121 0.0491071
89 150 0.158798
89 151 0.0344828
90 26 0.00896861
90 27 0.0350877
90 28 0.0769231
90 57 0.062963
90 58 0.4
90 59 0.142857
90 60 0.030303
90 88 0.00896861
90 89 0.395122
90 91 0.0434783
90 120 0.0253807
90 121 0.0608365
90 150 0.0808824
91 58 0.0199005
91 59 0.151786
91 60 0.0271739
91 90 0.0434783
91 92 0.0730594
91 120 0.0273224
91 121 0.317269
91 122 0.23125
91 123 0.142857
91 152 0.0165975
91 154 0.132159
92 30 0.0837004
92 59 0.0264317
92 60 0.139037
92 61 0.105455
92 91 0.0730594
92 121 0.00396825
92 123 0.387665
93 31 0.0264901
93 62 0.194969
93 63 0.0886076
93 64 0.0194175
93 94 0.0306748
93 124 0.0242424
93 125 0.382775
93 155 0.00806452
93 156 0.0239234
94 31 0.0133333
94 33 0.0169492
94 63 0.059322
94 64 0.204878
94 65 0.0240385
94 93 0.0306748
94 95 0.191489
94 125 0.144231
94 126 0.0642857
94 127 0.0452261
94 128 0.00621118
94 156 0.0480769
94 157 0.00625
95 63 0.00323625
95 64 0.0683453
95 65 0.0391459
95 66 0.0244755
95 94 0.191489
95 96 0.056872
95 97 0.018315
95 124 0.00421941
95 125 0.0142349
95 126 0.197183
95 127 0.268382
95 128 0.235043
95 156 0.124555
95 157 0.0472103
95 158 0.0037037
95 160 0.00364964
96 34 0.0451977
96 65 0.0434783
96 66 0.195767
96 95 0.056872
96 97 0.0397727
96 98 0.0206186
96 127 0.308571
96 128 0.00729927
96 129 0.0119048
96 159 0.0297619
96 160 0.0282486
97 34 0.0460251
97 35 0.0113636
97 36 0.0787037
97 37 0.00943396
97 65 0.0162602
97 66 0.633466
97 67 0.0429688
97 68 0.0788382
97 95 0.018315
97 96 0.0397727
97 98 0.00628931
97 127 0.0759494
97 128 0.00502513
97 129 0.026087
97 130 0.00938967
98 66 0.00581395
98 67 0.0508475
98 96 0.0206186
98 97 0.00628931
98 99 0.0780142
98 127 0.0126582
98 129 0.384106
98 130 0.126866
98 159 0.0794702
98 160 0.01875
98 161 0.0047619
98 162 0.01
99 39 0.015873
99 67 0.0798319
99 68 0.0313901
99 69 0.165414
99 70 0.170404
99 98 0.0780142
99 100 0.0786517
99 101 0.232824
99 129 0.0943396
99 130 0.251282
99 132 0.00490196
99 161 0.0184502
99 162 0.0186335
100 67 0.0140187
100 70 0.00502513
100 71 0.00632911
100 99 0.0786517
100 101 0.214286
100 102 0.0133333
100 129 0.0212766
100 130 0.0818713
100 131 0.170732
100 132 0.183333
100 133 0.151316
100 161 0.149798
100 162 0.0218978
100 163 0.0104167
100 164 0.0136986
101 39 0.124498
101 41 0.0383275
101 69 0.0310881
101 70 0.187279
101 71 0.132231
101 72 0.00411523
101 99 0.232824
101 100 0.214286
101 102 0.25641
101 130 0.00784314
101 131 0.00483092
101 132 0.0378788
101 133 0.0211864
101 164 0.0462046
102 70 0.0461538
102 71 0.0519481
102 72 0.0129032
102 100 0.0133333
102 101 0.25641
102 103 0.0348259
102 104 0.155689
102 132 0.0625
102 134 0.0047619
102 163 0.0217391
102 164 0.283721
103 41 0.133858
103 42 0.12426
103 71 0.291866
103 72 0.266667
103 73 0.225532
103 74 0.0326531
103 102 0.0348259
103 104 0.297297
103 105 0.0378788
103 134 0.0113208
103 135 0.0730769
103 136 0.00395257
103 164 0.00740741
104 41 0.0136364
104 42 0.00740741
104 71 0.0457143
104 72 0.142045
104 73 0.0497512
104 74 0.014218
104 102 0.155689
104 103 0.297297
104 105 0.0130435
104 132 0.0203046
104 134 0.0735931
104 135 0.216814
104 136 0.0228311
104 164 0.0974576
105 42 0.0282486
105 44 0.0684411
105 45 0.0840336
105 72 0.0229358
105 73 0.366255
105 74 0.264822
105 75 0.0934579
105 103 0.0378788
105 104 0.0130435
105 106 0.0165746
105 107 0.0465116
105 134 0.010989
105 135 0.145522
105 136 0.191571
105 137 0.0433071
106 45 0.156463
106 75 0.0243902
106 105 0.0165746
106 107 0.197605
106 108 0.054878
106 136 0.0176471
106 137 0.165644
106 138 0.154472
106 169 0.00649351
106 170 0.0497238
107 45 0.147321
107 75 0.07
107 105 0.0465116
107 106 0.197605
107 108 0.20332
107 109 0.0337079
107 136 0.0404858
107 137 0.283333
107 138 0.23
107 139 0.00917431
107 167 0.00595238
107 169 0.0735931
107 170 0.0813954
108 44 0.0731707
108 45 0.149321
108 46 0.0565217
108 47 0.00371747
108 75 0.15736
108 77 0.0622407
108 106 0.054878
108 107 0.20332
108 109 0.238636
108 137 0.0295359
108 138 0.0761421
108 139 0.0511628
108 170 0.0313726
109 45 0.0161943
109 46 0.0351562
109 47 0.0169492
109 48 0.0163934
109 76 0.00552486
109 77 0.258427
109 78 0.068
109 79 0.0183486
109 107 0.0337079
109 108 0.238636
109 110 0.291971
109 138 0.044843
109 139 0.0746888
109 141 0.00460829
109 170 0.0284698
109 171 0.00378788
110 46 0.00416667
110 48 0.0482456
110 77 0.0318725
110 78 0.333333
110 79 0.133663
110 80 0.00389105
110 109 0.291971
110 139 0.115556
110 140 0.0930233
110 141 0.199005
110 142 0.0221239
110 170 0.0377358
110 171 0.0806452
110 173 0.00813008
111 48 0.027027
111 51 0.0326087
111 78 0.012987
111 79 0.0245902
111 80 0.344633
111 81 0.187919
111 82 0.0264901
111 112 0.0169492
111 140 0.0108696
111 141 0.00826446
111 142 0.0753425
112 80 0.0659898
112 81 0.0473373
112 111 0.0169492
112 113 0.00985222
112 114 0.0204082
112 142 0.0662651
112 143 0.369128
112 144 0.14557
112 173 0.150538
112 175 0.0420168
113 51 0.0508475
113 53 0.0265152
113 80 0.0114504
113 81 0.017094
113 82 0.139831
113 83 0.285714
113 84 0.0378378
113 112 0.00985222
113 114 0.283019
113 115 0.243697
113 143 0.0046729
113 144 0.286996
113 145 0.0281125
113 146 0.0154639
113 147 0.00389105
113 175 0.0108696
114 51 0.0247934
114 80 0.0194175
114 82 0.0555556
114 83 0.0186335
114 112 0.0204082
114 113 0.283019
114 115 0.0494506
114 143 0.0126582
114 144 0.197605
114 145 0.259067
114 146 0.108696
114 147 0.00995025
114 175 0.046875
115 53 0.132479
115 54 0.0379147
115 55 0.0116732
115 56 0.0129032
115 82 0.00970874
115 83 0.165775
115 84 0.2
115 85 0.042328
115 113 0.243697
115 114 0.0494506
115 116 0.193396
115 144 0.0466321
115 145 0.00913242
115 146 0.0304878
115 147 0.0572687
115 178 0.0131004
116 54 0.0372093
116 55 0.0153257
116 56 0.0691824
116 83 0.0418848
116 84 0.0125786
116 85 0.264249
116 86 0.262443
116 115 0.193396
116 145 0.00448431
116 146 0.047619
116 147 0.047619
116 148 0.00531915
116 149 0.00793651
116 178 0.0386266
117 55 0.0140845
117 57 0.00961538
117 85 0.0482759
117 86 0.109827
117 87 0.162602
117 88 0.0124224
117 118 0.285714
117 119 0.0442478
117 148 0.185714
117 149 0.00490196
117 150 0.0190476
117 180 0.0116279
118 55 0.00787402
118 56 0.0131579
118 57 0.0843373
118 58 0.00515464
118 86 0.228972
118 87 0.231707
118 88 0.123762
118 89 0.0434783
118 117 0.285714
118 119 0.0779221
118 148 0.138122
118 149 0.0897959
118 150 0.195219
118 151 0.0452489
118 180 0.0328638
119 86 0.0361446
119 87 0.0172414
119 88 0.00649351
119 89 0.0147059
119 117 0.0442478
119 118 0.0779221
119 148 0.0300752
119 149 0.0862944
119 150 0.231527
119 151 0.0404624
119 179 0.00892857
119 180 0.206061
119 181 0.103093
120 58 0.00595238
120 89 0.0253165
120 90 0.0253807
120 91 0.0273224
120 121 0.351852
120 150 0.0977778
120 151 0.102564
120 152 0.153846
120 182 0.0315315
120 183 0.0390625
120 184 0.00617284
121 58 0.0128205
121 59 0.0272374
121 89 0.0491071
121 90 0.0608365
121 91 0.317269
121 92 0.00396825
121 120 0.351852
121 122 0.00518135
121 150 0.00687285
121 151 0.0153257
121 152 0.193431
121 153 0.00790514
121 154 0.0423077
121 184 0.0482456
122 91 0.23125
122 121 0.00518135
122 123 0.0952381
122 152 0.0216216
122 153 0.0304878
122 154 0.309942
122 184 0.0863309
122 185 0.00980392
123 91 0.142857
123 92 0.387665
123 122 0.0952381
123 153 0.0307018
123 154 0.26383
123 185 0.0120482
124 93 0.0242424
124 95 0.00421941
124 125 0.171429
124 126 0.084507
124 155 0.032
124 156 0.047619
124 157 0.00617284
124 186 0.352632
124 187 0.0818182
125 63 0.0141844
125 64 0.0119522
125 93 0.382775
125 94 0.144231
125 95 0.0142349
125 124 0.171429
125 126 0.166667
125 155 0.0118343
125 156 0.145669
125 157 0.0194175
125 186 0.017094
126 94 0.0642857
126 95 0.197183
126 124 0.084507
126 125 0.166667
126 127 0.00564972
126 128 0.0791367
126 156 0.107527
126 157 0.0652174
126 158 0.0285714
126 186 0.0060241
127 66 0.016
127 94 0.0452261
127 95 0.268382
127 96 0.308571
127 97 0.0759494
127 98 0.0126582
127 126 0.00564972
127 128 0.186869
127 129 0.0131004
127 156 0.0122449
127 157 0.0659898
127 158 0.0641026
127 159 0.0829694
127 160 0.163866
128 94 0.00621118
128 95 0.235043
128 96 0.00729927
128 97 0.00502513
128 126 0.0791367
128 127 0.186869
128 156 0.0338164
128 157 0.0440252
128 158 0.163265
128 159 0.0366492
128 160 0.215
128 188 0.0078125
128 189 0.0777778
129 66 0.0658436
129 67 0.0685484
129 69 0.00699301
129 96 0.0119048
129 97 0.026087
129 98 0.384106
129 99 0.0943396
129 100 0.0212766
129 127 0.0131004
129 130 0.346341
129 159 0.121622
129 160 0.0952381
129 161 0.0925267
129 162 0.0760234
130 66 0.00442478
130 67 0.116883
130 68 0.0277778
130 69 0.0238095
130 97 0.00938967
130 98 0.126866
130 99 0.251282
130 100 0.0818713
130 101 0.00784314
130 129 0.346341
130 131 0.00714286
130 159 0.0390244
130 160 0.0327103
130 161 0.162879
130 162 0.0194805
131 100 0.170732
131 101 0.00483092
131 130 0.00714286
131 132 0.100671
131 133 0.363636
131 161 0.0277778
131 162 0.00943396
131 193 0.0942029
131 194 0.00847458
131 195 0.0205479
131 196 0.00609756
132 99 0.00490196
132 100 0.183333
132 101 0.0378788
132 102 0.0625
132 104 0.0203046
132 131 0.100671
132 133 0.38764
132 134 0.0333333
132 161 0.018315
132 163 0.106557
132 164 0.322449
132 193 0.0666667
132 195 0.0147783
132 196 0.0135747
133 100 0.151316
133 101 0.0211864
133 131 0.363636
133 132 0.38764
133 134 0.0188679
133 163 0.0212766
133 164 0.105991
133 165 0.025974
133 193 0.0419162
133 194 0.0204082
133 195 0.0571429
134 102 0.0047619
134 103 0.0113208
134 104 0.0735931
134 105 0.010989
134 132 0.0333333
134 133 0.0188679
134 135 0.327138
134 136 0.0496183
134 164 0.34767
134 165 0.101852
134 166 0.012987
134 195 0.0126582
134 196 0.0666667
134 197 0.0239044
135 71 0.0187793
135 73 0.0167364
135 103 0.0730769
135 104 0.216814
135 105 0.145522
135 134 0.327138
135 136 0.272374
135 164 0.0693431
135 165 0.00947867
135 166 0.0265487
135 167 0.0224719
135 168 0.00456621
135 197 0.0121951
136 73 0.012931
136 103 0.00395257
136 104 0.0228311
136 105 0.191571
136 106 0.0176471
136 107 0.0404858
136 134 0.0496183
136 135 0.272374
136 137 0.201646
136 165 0.00980392
136 166 0.0958904
136 167 0.157895
136 168 0.0235849
136 169 0.00854701
136 197 0.0125523
136 198 0.00510204
137 105 0.0433071
137 106 0.165644
137 107 0.283333
137 108 0.0295359
137 136 0.201646
137 138 0.168367
137 167 0.054878
137 168 0.102439
137 169 0.211454
137 198 0.0952381
137 199 0.00442478
137 200 0.00606061
137 201 0.0164835
138 106 0.154472
138 107 0.23
138 108 0.0761421
138 109 0.044843
138 137 0.168367
138 139 0.0517241
138 168 0.0121212
138 169 0.117647
138 170 0.247664
138 171 0.0101523
138 198 0.0201342
138 200 0.04
138 201 0.0211268
139 107 0.00917431
139 108 0.0511628
139 109 0.0746888
139 110 0.115556
139 138 0.0517241
139 141 0.119048
139 169 0.0292683
139 170 0.336207
139 171 0.181395
139 172 0.0943396
139 201 0.025
139 203 0.00534759
140 78 0.195946
140 79 0.275862
140 80 0.0701754
140 81 0.048951
140 110 0.0930233
140 111 0.0108696
140 141 0.0956522
140 142 0.0357143
141 78 0.0338983
141 79 0.0275862
141 80 0.005
141 109 0.00460829
141 110 0.199005
141 111 0.00826446
141 139 0.119048
141 140 0.0956522
141 142 0.0591716
141 170 0.00961538
141 171 0.146597
141 172 0.175532
141 173 0.15873
141 203 0.0184049
141 204 0.0220588
142 78 0.00495049
142 79 0.00588235
142 80 0.0533333
142 110 0.0221239
142 111 0.0753425
142 112 0.0662651
142 140 0.0357143
142 141 0.0591716
142 143 0.0225989
142 171 0.00462963
142 172 0.0234742
142 173 0.546729
142 204 0.0621118
143 80 0.00480769
143 112 0.369128
143 113 0.0046729
143 114 0.0126582
143 142 0.0225989
143 144 0.0887574
143 145 0.00512821
143 173 0.035533
143 174 0.0214286
143 175 0.1
143 205 0.25641
144 80 0.00921659
144 81 0.00529101
144 82 0.0366492
144 83 0.133721
144 112 0.14557
144 113 0.286996
144 114 0.197605
144 115 0.0466321
144 143 0.0887574
144 145 0.240196
144 146 0.0134228
144 175 0.223022
144 176 0.00966184
144 205 0.00606061
145 85 0.005
145 113 0.0281125
145 114 0.259067
145 115 0.00913242
145 116 0.00448431
145 143 0.00512821
145 144 0.240196
145 146 0.188571
145 147 0.0966387
145 174 0.0342857
145 175 0.181818
145 176 0.227468
145 177 0.0747126
145 206 0.0454545
145 207 0.146739
145 208 0.00990099
146 85 0.00689655
146 113 0.0154639
146 114 0.108696
146 115 0.0304878
146 116 0.047619
146 144 0.0134228
146 145 0.188571
146 147 0.278689
146 176 0.0505618
146 177 0.0252101
146 178 0.227027
147 83 0.00970874
147 85 0.129808
147 86 0.00423729
147 113 0.00389105
147 114 0.00995025
147 115 0.0572687
147 116 0.047619
147 145 0.0966387
147 146 0.278689
147 148 0.0394089
147 176 0.0207469
147 177 0.120879
147 178 0.435484
147 179 0.010989
147 209 0.0462185
147 210 0.00843882
148 85 0.0545455
148 86 0.19171
148 87 0.00699301
148 116 0.00531915
148 117 0.185714
148 118 0.138122
148 119 0.0300752
148 147 0.0394089
148 149 0.272321
148 150 0.00869565
148 178 0.0682927
148 179 0.0863309
148 180 0.0260417
148 181 0.00806452
149 85 0.0131004
149 86 0.0350195
149 116 0.00793651
149 117 0.00490196
149 118 0.0897959
149 119 0.0862944
149 148 0.272321
149 150 0.0442177
149 151 0.0492424
149 178 0.0966543
149 179 0.118227
149 180 0.347656
149 181 0.0478723
149 209 0.015444
149 210 0.0620155
149 211 0.0108696
149 212 0.0041841
149 213 0.00934579
150 87 0.0187793
150 88 0.0916335
150 89 0.158798
150 90 0.0808824
150 117 0.0190476
150 118 0.195219
150 119 0.231527
150 120 0.0977778
150 121 0.00687285
150 148 0.00869565
150 149 0.0442177
150 151 0.255556
150 180 0.110687
151 89 0.0344828
151 118 0.0452489
151 119 0.0404624
151 120 0.102564
151 121 0.0153257
151 149 0.0492424
151 150 0.255556
151 152 0.0513834
151 180 0.168103
151 181 0.0243902
151 182 0.131086
151 183 0.00578035
151 212 0.00930233
151 213 0.00526316
152 91 0.0165975
152 120 0.153846
152 121 0.193431
152 122 0.0216216
152 151 0.0513834
152 153 0.155102
152 154 0.0436508
152 182 0.182143
152 183 0.0806452
152 184 0.340909
152 215 0.0326531
153 121 0.00790514
153 122 0.0304878
153 123 0.0307018
153 152 0.155102
153 154 0.268398
153 183 0.00606061
153 184 0.160804
153 185 0.216049
153 214 0.005
153 215 0.0446429
153 216 0.0420168
154 91 0.132159
154 121 0.0423077
154 122 0.309942
154 123 0.26383
154 152 0.0436508
154 153 0.268398
154 184 0.213592
154 185 0.0828402
155 93 0.00806452
155 124 0.032
155 125 0.0118343
155 186 0.295302
156 93 0.0239234
156 94 0.0480769
156 95 0.124555
156 124 0.047619
156 125 0.145669
156 126 0.107527
156 127 0.0122449
156 128 0.0338164
156 157 0.529126
156 158 0.0493827
156 187 0.132576
156 188 0.0114286
156 220 0.00440529
157 94 0.00625
157 95 0.0472103
157 124 0.00617284
157 125 0.0194175
157 126 0.0652174
157 127 0.0659898
157 128 0.0440252
157 156 0.529126
157 158 0.0923077
157 187 0.0509259
157 188 0.00787402
157 189 0.0167598
157 220 0.0391061
158 95 0.0037037
158 126 0.0285714
158 127 0.0641026
158 128 0.163265
158 156 0.0493827
158 157 0.0923077
158 159 0.0528634
158 160 0.0635593
158 187 0.0632411
158 188 0.0914634
158 189 0.439815
158 190 0.0185185
158 220 0.226852
158 221 0.0617284
159 96 0.0297619
159 98 0.0794702
159 127 0.0829694
159 128 0.0366492
159 129 0.121622
159 130 0.0390244
159 158 0.0528634
159 160 0.428571
159 161 0.103203
159 162 0.0818713
159 189 0.042654
159 190 0.191083
159 220 0.00473934
159 221 0.012605
159 223 0.015748
160 95 0.00364964
160 96 0.0282486
160 98 0.01875
160 127 0.163866
160 128 0.215
160 129 0.0952381
160 130 0.0327103
160 158 0.0635593
160 159 0.428571
160 161 0.0827586
160 162 0.0166667
160 189 0.0227273
160 190 0.0240964
160 221 0.00404858
160 223 0.00380228
161 98 0.0047619
161 99 0.0184502
161 100 0.149798
161 129 0.0925267
161 130 0.162879
161 131 0.0277778
161 132 0.018315
161 159 0.103203
161 160 0.0827586
161 162 0.391304
161 191 0.00446429
161 193 0.179389
161 221 0.016835
161 223 0.175719
162 98 0.01
162 99 0.0186335
162 100 0.0218978
162 129 0.0760234
162 130 0.0194805
162 131 0.00943396
162 159 0.0818713
162 160 0.0166667
162 161 0.391304
162 193 0.0921053
162 194 0.00757576
162 223 0.0985222
162 225 0.021164
163 100 0.0104167
163 102 0.0217391
163 132 0.106557
163 133 0.0212766
163 164 0.0807453
163 165 0.0102041
163 194 0.10989
163 195 0.0504202
163 196 0.0583942
163 225 0.0540541
164 100 0.0136986
164 101 0.0462046
164 102 0.283721
164 103 0.00740741
164 104 0.0974576
164 132 0.322449
164 133 0.105991
164 134 0.34767
164 135 0.0693431
164 163 0.0807453
164 165 0.0135747
164 195 0.0123967
164 196 0.0192308
164 197 0.00390625
164 225 0.0147601
165 133 0.025974
165 134 0.101852
165 135 0.00947867
165 136 0.00980392
165 163 0.0102041
165 164 0.0135747
165 166 0.144509
165 194 0.00662252
165 195 0.268156
165 196 0.15736
165 197 0.227979
165 225 0.00961538
165 227 0.0104167
165 228 0.0707071
166 134 0.012987
166 135 0.0265487
166 136 0.0958904
166 165 0.144509
166 167 0.285714
166 168 0.0497238
166 196 0.00471698
166 197 0.346154
166 198 0.00606061
166 199 0.0346535
166 227 0.057971
166 228 0.0140845
166 229 0.00568182
166 231 0.00854701
167 107 0.00595238
167 135 0.0224719
167 136 0.157895
167 137 0.054878
167 166 0.285714
167 168 0.135338
167 169 0.00645161
167 197 0.025
167 198 0.025641
167 199 0.0584416
167 227 0.00628931
167 231 0.00537634
168 135 0.00456621
168 136 0.0235849
168 137 0.102439
168 138 0.0121212
168 166 0.0497238
168 167 0.135338
168 169 0.22449
168 197 0.00497512
168 198 0.177215
168 199 0.230769
168 200 0.0298507
168 201 0.0198676
168 227 0.005
168 229 0.0118343
168 231 0.127753
169 106 0.00649351
169 107 0.0735931
169 136 0.00854701
169 137 0.211454
169 138 0.117647
169 139 0.0292683
169 167 0.00645161
169 168 0.22449
169 170 0.0571429
169 198 0.205556
169 199 0.124424
169 200 0.25641
169 201 0.208092
169 231 0.0120482
170 106 0.0497238
170 107 0.0813954
170 108 0.0313726
170 109 0.0284698
170 110 0.0377358
170 138 0.247664
170 139 0.336207
170 141 0.00961538
170 169 0.0571429
170 171 0.239216
170 172 0.00396825
170 198 0.0144928
170 200 0.010929
170 201 0.175
170 202 0.042328
170 233 0.00977199
171 109 0.00378788
171 110 0.0806452
171 138 0.0101523
171 139 0.181395
171 141 0.146597
171 142 0.00462963
171 170 0.239216
171 172 0.229787
171 173 0.0381356
171 201 0.0327869
171 202 0.180233
171 203 0.0142857
171 233 0.0517241
172 139 0.0943396
172 141 0.175532
172 142 0.0234742
172 170 0.00396825
172 171 0.229787
172 173 0.107296
172 202 0.260355
172 203 0.178744
172 204 0.0111111
172 233 0.0662021
172 234 0.0102041
172 235 0.0686275
173 110 0.00813008
173 112 0.150538
173 141 0.15873
173 142 0.546729
173 143 0.035533
173 171 0.0381356
173 172 0.107296
173 174 0.079096
173 204 0.116022
173 205 0.0103627
174 143 0.0214286
174 145 0.0342857
174 173 0.079096
174 175 0.0727273
174 204 0.0241935
174 205 0.242647
174 206 0.0641711
174 207 0.0387597
174 235 0.0810811
174 236 0.198473
174 237 0.0190476
175 112 0.0420168
175 113 0.0108696
175 114 0.046875
175 143 0.1
175 144 0.223022
175 145 0.181818
175 174 0.0727273
175 176 0.113095
175 177 0.00917431
175 205 0.0634921
175 206 0.107345
175 207 0.0672269
176 144 0.00966184
176 145 0.227468
176 146 0.0505618
176 147 0.0207469
176 175 0.113095
176 177 0.259887
176 178 0.0576132
176 206 0.171429
176 207 0.171123
176 208 0.0780488
176 209 0.0171674
176 238 0.205405
176 239 0.0606061
176 241 0.0320513
177 145 0.0747126
177 146 0.0252101
177 147 0.120879
177 175 0.00917431
177 176 0.259887
177 178 0.0380435
177 206 0.0107527
177 207 0.0078125
177 208 0.136986
177 209 0.189655
177 210 0.00578035
177 241 0.0412371
178 115 0.0131004
178 116 0.0386266
178 146 0.227027
178 147 0.435484
178 148 0.0682927
178 149 0.0966543
178 176 0.0576132
178 177 0.0380435
178 179 0.0217391
178 208 0.0141509
178 209 0.0875
178 210 0.0125523
179 119 0.00892857
179 147 0.010989
179 148 0.0863309
179 149 0.118227
179 178 0.0217391
179 180 0.0643275
179 181 0.0291262
179 209 0.0862069
179 210 0.312139
179 211 0.0366492
180 117 0.0116279
180 118 0.0328638
180 119 0.206061
180 148 0.0260417
180 149 0.347656
180 150 0.110687
180 151 0.168103
180 179 0.0643275
180 181 0.211538
180 182 0.003861
180 210 0.00884956
180 211 0.0409836
180 212 0.0531401
180 213 0.0604396
180 244 0.0144231
181 119 0.103093
181 148 0.00806452
181 149 0.0478723
181 151 0.0243902
181 179 0.0291262
181 180 0.211538
181 182 0.0732984
181 183 0.0103093
181 211 0.113636
181 212 0.0719424
181 213 0.114035
181 244 0.0642857
182 120 0.0315315
182 151 0.131086
182 152 0.182143
182 180 0.003861
182 181 0.0732984
182 183 0.395
182 184 0.0213675
182 212 0.194215
182 213 0.078341
182 214 0.0425532
182 215 0.0810811
182 243 0.00909091
182 244 0.238683
182 245 0.0143369
183 120 0.0390625
183 151 0.00578035
183 152 0.0806452
183 153 0.00606061
183 181 0.0103093
183 182 0.395
183 184 0.0142857
183 212 0.0337838
183 213 0.0162602
183 214 0.0141844
183 215 0.0484848
183 244 0.14094
183 245 0.00540541
184 120 0.00617284
184 121 0.0482456
184 122 0.0863309
184 152 0.340909
184 153 0.160804
184 154 0.213592
184 182 0.0213675
184 183 0.0142857
184 185 0.00729927
184 214 0.0114286
184 215 0.0452261
184 216 0.0187793
184 247 0.0264317
185 122 0.00980392
185 123 0.0120482
185 153 0.216049
185 154 0.0828402
185 184 0.00729927
185 216 0.0170455
185 247 0.152632
186 124 0.352632
186 125 0.017094
186 126 0.0060241
186 155 0.295302
186 187 0.0901639
186 217 0.110092
186 218 0.0228571
186 248 0.0780488
187 124 0.0818182
187 156 0.132576
187 157 0.0509259
187 158 0.0632411
187 186 0.0901639
187 188 0.178378
187 189 0.07173
187 217 0.133065
187 218 0.24878
187 219 0.00552486
187 220 0.0337553
187 248 0.012766
187 249 0.0424837
187 250 0.0492958
188 128 0.0078125
188 156 0.0114286
188 157 0.00787402
188 158 0.0914634
188 187 0.178378
188 189 0.22973
188 218 0.0172414
188 219 0.108696
188 220 0.0878378
188 249 0.00921659
188 250 0.0564103
189 128 0.0777778
189 157 0.0167598
189 158 0.439815
189 159 0.042654
189 160 0.0227273
189 187 0.07173
189 188 0.22973
189 190 0.0136986
189 191 0.00649351
189 219 0.0555556
189 220 0.225
189 221 0.0881057
189 222 0.00480769
189 250 0.0121457
189 252 0.0248447
190 158 0.0185185
190 159 0.191083
190 160 0.0240964
190 189 0.0136986
190 191 0.01
190 192 0.00617284
190 220 0.0547945
190 221 0.306358
190 222 0.0454545
191 161 0.00446429
191 189 0.00649351
191 190 0.01
191 192 0.0470588
191 220 0.012987
191 221 0.0994475
191 222 0.358025
191 223 0.126904
191 252 0.121739
191 253 0.0122699
191 255 0.0512821
192 190 0.00617284
192 191 0.0470588
192 193 0.0144231
192 194 0.00531915
192 221 0.0205761
192 222 0.125
192 223 0.42471
192 225 0.00816326
192 226 0.0168539
192 254 0.0872483
192 255 0.229358
192 256 0.00413223
193 131 0.0942029
193 132 0.0666667
193 133 0.0419162
193 161 0.179389
193 162 0.0921053
193 192 0.0144231
193 194 0.054878
193 195 0.00520833
193 223 0.204255
193 224 0.0325203
193 225 0.244344
193 226 0.012987
193 255 0.0206186
194 131 0.00847458
194 133 0.0204082
194 162 0.00757576
194 163 0.10989
194 165 0.00662252
194 192 0.00531915
194 193 0.054878
194 195 0.122093
194 196 0.168421
194 225 0.427861
194 226 0.0671642
194 255 0.0344828
194 256 0.0858586
194 257 0.0100503
195 131 0.0205479
195 132 0.0147783
195 133 0.0571429
195 134 0.0126582
195 163 0.0504202
195 164 0.0123967
195 165 0.268156
195 193 0.00520833
195 194 0.122093
195 196 0.389908
195 197 0.0280374
195 224 0.0229008
195 225 0.174672
195 226 0.0185185
195 228 0.0182648
195 256 0.00442478
195 257 0.0264317
195 258 0.011976
196 131 0.00609756
196 132 0.0135747
196 134 0.0666667
196 163 0.0583942
196 164 0.0192308
196 165 0.15736
196 166 0.00471698
196 194 0.168421
196 195 0.389908
196 197 0.168103
196 225 0.137652
196 226 0.0166667
196 227 0.025974
196 228 0.113924
196 256 0.0368852
196 257 0.0326531
196 258 0.0486486
197 134 0.0239044
197 135 0.0121951
197 136 0.0125523
197 164 0.00390625
197 165 0.227979
197 166 0.346154
197 167 0.025
197 168 0.00497512
197 195 0.0280374
197 196 0.168103
197 199 0.0135135
197 227 0.202643
197 228 0.23176
197 229 0.0612245
197 231 0.00393701
198 136 0.00510204
198 137 0.0952381
198 138 0.0201342
198 166 0.00606061
198 167 0.025641
198 168 0.177215
198 169 0.205556
198 170 0.0144928
198 199 0.307263
198 200 0.152542
198 201 0.0444444
198 231 0.0616114
198 261 0.00892857
198 263 0.0151515
199 137 0.00442478
199 166 0.0346535
199 167 0.0584416
199 168 0.230769
199 169 0.124424
199 197 0.0135135
199 198 0.307263
199 200 0.0516129
199 201 0.0116279
199 227 0.0226244
199 228 0.0132159
199 229 0.0473684
199 230 0.0153061
199 231 0.387097
199 232 0.0201005
199 261 0.0536913
199 262 0.00598802
199 263 0.0170213
200 137 0.00606061
200 138 0.04
200 168 0.0298507
200 169 0.25641
200 170 0.010929
200 198 0.152542
200 199 0.0516129
200 201 0.108108
200 231 0.00534759
200 233 0.0321101
200 262 0.141509
200 263 0.0574713
201 137 0.0164835
201 138 0.0211268
201 139 0.025
201 168 0.0198676
201 169 0.208092
201 170 0.175
201 171 0.0327869
201 198 0.0444444
201 199 0.0116279
201 200 0.108108
201 231 0.0245098
201 232 0.00645161
