0 1 0.1
0 47 0.08
0 48 0.0350877
1 0 0.1
1 47 0.222222
1 48 0.101695
2 3 0.0784314
2 48 0.179245
2 49 0.0392157
2 50 0.05
3 2 0.0784314
3 4 0.0925926
3 50 0.15625
3 51 0.091954
4 3 0.0925926
4 5 0.350427
4 6 0.203883
4 51 0.123711
5 4 0.350427
5 51 0.0104167
5 52 0.205882
6 4 0.203883
6 8 0.12069
7 8 0.201258
7 9 0.0601504
7 53 0.12
7 54 0.261194
7 55 0.0666667
7 56 0.00675676
8 6 0.12069
8 7 0.201258
8 9 0.0254237
8 53 0.244444
9 7 0.0601504
9 8 0.0254237
9 10 0.0387597
9 11 0.0709677
9 55 0.015625
9 56 0.196262
10 9 0.0387597
10 11 0.40625
10 12 0.105769
10 56 0.00694444
10 57 0.125
10 58 0.10101
10 59 0.00684932
11 9 0.0709677
11 10 0.40625
11 12 0.205128
11 56 0.00588235
11 57 0.012987
11 58 0.0758929
11 59 0.0116279
12 10 0.105769
12 11 0.205128
12 13 0.0245399
12 57 0.00588235
12 58 0.566667
12 59 0.111702
13 12 0.0245399
13 14 0.242857
13 58 0.0196078
13 60 0.162791
14 13 0.242857
14 15 0.101351
14 60 0.05
14 61 0.0776699
14 62 0.153226
15 14 0.101351
15 16 0.0874317
15 17 0.0952381
15 61 0.0802139
15 62 0.259615
15 63 0.374468
15 64 0.0133929
16 15 0.0874317
16 17 0.135714
16 61 0.00724638
16 62 0.0377358
16 63 0.204301
16 64 0.0685714
16 65 0.0456853
17 15 0.0952381
17 16 0.135714
17 18 0.0397727
17 61 0.00694444
17 62 0.0424242
17 63 0.317708
17 64 0.0220994
17 65 0.123153
18 17 0.0397727
18 19 0.139394
18 20 0.0648649
18 21 0.0104712
18 64 0.0521327
18 65 0.527897
18 66 0.00502513
19 18 0.139394
19 20 0.0486111
19 21 0.266667
19 22 0.00813008
19 65 0.015625
19 66 0.0443038
20 18 0.0648649
20 19 0.0486111
20 21 0.405882
20 22 0.104895
20 66 0.011236
20 67 0.1
20 68 0.140127
20 70 0.0163043
21 18 0.0104712
21 19 0.266667
21 20 0.405882
21 22 0.147651
21 66 0.00543478
21 67 0.0431034
21 68 0.116564
21 70 0.0157895
22 19 0.00813008
22 20 0.104895
22 21 0.147651
22 23 0.037594
22 68 0.161765
22 69 0.047619
22 70 0.116564
23 22 0.037594
23 24 0.116129
23 68 0.00680272
23 69 0.435754
23 70 0.12069
23 71 0.00724638
24 23 0.116129
24 25 0.312821
24 69 0.0473684
24 71 0.369128
24 72 0.032
24 73 0.00645161
25 24 0.312821
25 26 0.0412844
25 71 0.00561798
25 72 0.0974026
25 73 0.277174
25 74 0.00925926
26 25 0.0412844
26 27 0.179012
26 28 0.0956938
26 72 0.148649
26 74 0.338095
26 75 0.00436681
27 26 0.179012
27 28 0.352201
27 29 0.0558659
27 74 0.0125
27 75 0.139665
27 76 0.0775862
28 26 0.0956938
28 27 0.352201
28 29 0.0752212
28 74 0.0531401
28 75 0.216814
28 76 0.0858896
29 27 0.0558659
29 28 0.0752212
29 31 0.410646
29 32 0.0330578
29 75 0.0528455
29 76 0.169399
30 31 0.165803
30 32 0.273256
30 77 0.0824742
30 78 0.0847458
30 79 0.0505618
30 80 0.0125
31 29 0.410646
31 30 0.165803
31 32 0.204633
31 75 0.0152091
31 76 0.14
31 77 0.048913
31 78 0.0378788
31 79 0.0150943
32 29 0.0330578
32 30 0.273256
32 31 0.204633
32 33 0.117409
32 78 0.263374
32 79 0.0778688
32 80 0.00684932
33 32 0.117409
33 34 0.210256
33 78 0.103175
33 79 0.0988142
33 80 0.16129
33 82 0.0566667
34 33 0.210256
34 35 0.0745342
34 79 0.0104167
34 80 0.0106383
34 81 0.0227273
34 82 0.317992
34 83 0.0357143
35 34 0.0745342
35 36 0.125
35 37 0.219512
35 81 0.00869565
35 82 0.37218
35 83 0.230216
36 35 0.125
36 37 0.0232558
36 81 0.102564
36 82 0.0421053
36 83 0.222222
37 35 0.219512
37 36 0.0232558
37 38 0.152838
37 39 0.0214286
37 82 0.0106007
37 83 0.224359
37 85 0.100629
38 37 0.152838
38 39 0.197279
38 40 0.0552995
38 85 0.0361446
38 86 0.538462
38 87 0.0382979
39 37 0.0214286
39 38 0.197279
39 84 0.0135135
39 85 0.12987
39 86 0.047619
40 38 0.0552995
40 41 0.390351
40 86 0.267857
40 87 0.0462963
41 40 0.390351
41 43 0.0121951
41 44 0.106838
41 86 0.0129032
41 87 0.0243902
41 88 0.010989
41 89 0.111554
42 43 0.189189
42 44 0.0972222
42 88 0.119565
42 89 0.0372671
42 90 0.0114286
43 41 0.0121951
43 42 0.189189
43 44 0.242857
43 89 0.00636943
43 90 0.0877193
43 91 0.0236686
44 41 0.106838
44 42 0.0972222
44 43 0.242857
44 45 0.0144231
44 89 0.154185
44 90 0.20332
44 91 0.0962343
45 44 0.0144231
45 46 0.214286
45 90 0.0543933
45 91 0.274262
45 92 0.0198676
45 93 0.244
46 45 0.214286
46 91 0.0396476
46 92 0.0212766
46 93 0.358333
47 0 0.08
47 1 0.222222
47 94 0.324324
48 0 0.0350877
48 1 0.101695
48 2 0.179245
48 49 0.0392157
48 94 0.115942
48 95 0.0952381
48 96 0.0325203
49 2 0.0392157
49 48 0.0392157
49 50 0.104167
49 96 0.117647
49 97 0.0786517
50 2 0.05
50 3 0.15625
50 49 0.104167
50 51 0.0352941
50 97 0.0804598
50 98 0.0114943
51 3 0.091954
51 4 0.123711
51 5 0.0104167
51 50 0.0352941
51 98 0.179487
51 99 0.112245
52 5 0.205882
52 99 0.259615
52 100 0.0105263
53 7 0.12
53 8 0.244444
53 54 0.1
53 100 0.0526316
53 102 0.146341
54 7 0.261194
54 53 0.1
54 101 0.0537634
54 102 0.0472973
55 7 0.0666667
55 9 0.015625
55 56 0.227848
55 102 0.0588235
55 103 0.0277778
56 7 0.00675676
56 9 0.196262
56 10 0.00694444
56 11 0.00588235
56 55 0.227848
56 103 0.252174
57 10 0.125
57 11 0.012987
57 12 0.00588235
57 103 0.0909091
57 104 0.131429
57 106 0.00510204
58 10 0.10101
58 11 0.0758929
58 12 0.566667
58 13 0.0196078
58 59 0.146067
58 105 0.0097561
58 106 0.0075188
58 107 0.00645161
58 108 0.027027
59 10 0.00684932
59 11 0.0116279
59 12 0.111702
59 58 0.146067
59 104 0.0207254
59 105 0.0261438
59 106 0.359813
59 107 0.0291262
59 108 0.0625
60 13 0.162791
60 14 0.05
60 107 0.170455
60 108 0.0617284
61 14 0.0776699
61 15 0.0802139
61 16 0.00724638
61 17 0.00694444
61 62 0.417178
61 63 0.0578947
61 107 0.00900901
61 108 0.0865385
61 109 0.157635
61 110 0.0841584
62 14 0.153226
62 15 0.259615
62 16 0.0377358
62 17 0.0424242
62 61 0.417178
62 63 0.0995261
62 108 0.016
62 109 0.0625
62 110 0.0986547
63 15 0.374468
63 16 0.204301
63 17 0.317708
63 61 0.0578947
63 62 0.0995261
63 64 0.00881057
63 110 0.088
64 15 0.0133929
64 16 0.0685714
64 17 0.0220994
64 18 0.0521327
64 63 0.00881057
64 65 0.0714286
64 66 0.00490196
64 109 0.00833333
64 110 0.192469
64 111 0.151042
64 112 0.3
65 16 0.0456853
65 17 0.123153
65 18 0.527897
65 19 0.015625
65 64 0.0714286
65 66 0.00442478
65 111 0.0747664
65 112 0.121324
66 18 0.00502513
66 19 0.0443038
66 20 0.011236
66 21 0.00543478
66 64 0.00490196
66 65 0.00442478
66 67 0.0241935
66 111 0.261111
66 112 0.0252101
66 113 0.123188
66 114 0.0393258
67 20 0.1
67 21 0.0431034
67 66 0.0241935
67 68 0.00970874
67 70 0.00769231
67 111 0.00892857
67 114 0.172727
67 115 0.0353982
68 20 0.140127
68 21 0.116564
68 22 0.161765
68 23 0.00680272
68 67 0.00970874
68 69 0.021978
68 70 0.338983
68 114 0.0191083
68 115 0.0125
68 116 0.0144231
69 22 0.047619
69 23 0.435754
69 24 0.0473684
69 68 0.021978
69 70 0.114833
69 71 0.0231214
69 116 0.108333
69 117 0.106838
69 118 0.0124481
70 20 0.0163043
70 21 0.0157895
70 22 0.116564
70 23 0.12069
70 67 0.00769231
70 68 0.338983
70 69 0.114833
70 114 0.0923913
70 115 0.0641711
70 116 0.195745
70 117 0.0393013
71 23 0.00724638
71 24 0.369128
71 25 0.00561798
71 69 0.0231214
71 117 0.0259067
71 118 0.125
72 24 0.032
72 25 0.0974026
72 26 0.148649
72 73 0.0526316
72 74 0.260274
72 120 0.0225564
73 24 0.00645161
73 25 0.277174
73 72 0.0526316
73 74 0.0511364
73 118 0.208738
73 119 0.0564103
73 120 0.0368098
74 25 0.00925926
74 26 0.338095
74 27 0.0125
74 28 0.0531401
74 72 0.260274
74 73 0.0511364
74 75 0.00440529
74 118 0.0168067
74 119 0.325991
74 120 0.0820513
74 121 0.0327869
74 122 0.0117647
75 26 0.00436681
75 27 0.139665
75 28 0.216814
75 29 0.0528455
75 31 0.0152091
75 74 0.00440529
75 76 0.125683
75 77 0.00598802
75 120 0.00934579
75 121 0.224335
75 122 0.269841
75 123 0.0454545
75 124 0.0180723
76 27 0.0775862
76 28 0.0858896
76 29 0.169399
76 31 0.14
76 75 0.125683
76 77 0.0192308
76 121 0.005
76 122 0.0952381
76 124 0.0194175
76 125 0.0361446
77 30 0.0824742
77 31 0.048913
77 75 0.00598802
77 76 0.0192308
77 123 0.0420168
77 124 0.298851
77 125 0.0333333
77 126 0.287234
78 30 0.0847458
78 31 0.0378788
78 32 0.263374
78 33 0.103175
78 79 0.341365
78 80 0.0264901
78 125 0.113043
78 126 0.0804598
78 127 0.0753769
78 128 0.0437956
79 30 0.0505618
79 31 0.0150943
79 32 0.0778688
79 33 0.0988142
79 34 0.0104167
79 78 0.341365
79 80 0.111842
79 125 0.004329
79 126 0.0857143
79 127 0.265
79 128 0.2
80 30 0.0125
80 32 0.00684932
80 33 0.16129
80 34 0.0106383
80 78 0.0264901
80 79 0.111842
80 127 0.0392157
81 34 0.0227273
81 35 0.00869565
81 36 0.102564
81 82 0.015544
81 83 0.212121
81 128 0.0233918
81 129 0.0875
82 33 0.0566667
82 34 0.317992
82 35 0.37218
82 36 0.0421053
82 37 0.0106007
82 81 0.015544
82 83 0.0599078
82 127 0.00809717
82 128 0.124224
82 129 0.106109
83 34 0.0357143
83 35 0.230216
83 36 0.222222
83 37 0.224359
83 81 0.212121
83 82 0.0599078
83 85 0.0537634
83 129 0.13587
83 131 0.010582
84 39 0.0135135
84 85 0.387097
84 129 0.00543478
84 130 0.0526316
84 131 0.0899471
85 37 0.100629
85 38 0.0361446
85 39 0.12987
85 83 0.0537634
85 84 0.387097
85 129 0.0106952
85 131 0.213542
85 132 0.00925926
86 38 0.538462
86 39 0.047619
86 40 0.267857
86 41 0.0129032
86 87 0.14094
86 131 0.0676923
86 132 0.033195
86 133 0.150307
86 135 0.0564516
87 38 0.0382979
87 40 0.0462963
87 41 0.0243902
87 86 0.14094
87 88 0.0235294
87 132 0.101695
87 133 0.473282
87 135 0.179348
88 41 0.010989
88 42 0.119565
88 87 0.0235294
88 89 0.0514286
88 132 0.0176991
88 134 0.768519
88 135 0.183333
89 41 0.111554
89 42 0.0372671
89 43 0.00636943
89 44 0.154185
89 88 0.0514286
89 90 0.00387597
89 134 0.00564972
89 135 0.0740741
89 136 0.134078
89 137 0.241135
90 42 0.0114286
90 43 0.0877193
90 44 0.20332
90 45 0.0543933
90 89 0.00387597
90 91 0.311111
90 92 0.0108696
90 93 0.00706714
90 137 0.246622
90 138 0.162304
90 139 0.0403587
91 43 0.0236686
91 44 0.0962343
91 45 0.274262
91 46 0.0396476
91 90 0.311111
91 92 0.021978
91 93 0.188612
91 137 0.0578231
91 138 0.021164
91 139 0.00904977
92 45 0.0198676
92 46 0.0212766
92 90 0.0108696
92 91 0.021978
92 93 0.138462
92 138 0.242718
92 139 0.162963
92 140 0.123457
93 45 0.244
93 46 0.358333
93 90 0.00706714
93 91 0.188612
93 92 0.138462
93 138 0.0445545
93 139 0.0042735
93 140 0.0555556
94 47 0.324324
94 48 0.115942
94 95 0.147059
94 141 0.102564
95 48 0.0952381
95 94 0.147059
95 96 0.122951
95 141 0.12
95 142 0.0183486
95 143 0.0869565
96 48 0.0325203
96 49 0.117647
96 95 0.122951
96 143 0.195489
96 144 0.111111
97 49 0.0786517
97 50 0.0804598
97 98 0.1375
97 144 0.183908
97 145 0.0125
98 50 0.0114943
98 51 0.179487
98 97 0.1375
98 145 0.0375
98 146 0.097561
99 51 0.112245
99 52 0.259615
99 100 0.0720721
99 146 0.0784314
99 147 0.162791
100 52 0.0105263
100 53 0.0526316
100 99 0.0720721
100 102 0.00657895
100 147 0.208333
101 54 0.0537634
101 102 0.176871
101 147 0.00869565
101 148 0.220183
102 53 0.146341
102 54 0.0472973
102 55 0.0588235
102 100 0.00657895
102 101 0.176871
102 103 0.0193548
102 147 0.0705882
102 148 0.0365854
102 149 0.257143
103 55 0.0277778
103 56 0.252174
103 57 0.0909091
103 102 0.0193548
103 150 0.125
104 57 0.131429
104 59 0.0207254
104 105 0.359091
104 106 0.170819
104 152 0.235507
105 58 0.0097561
105 59 0.0261438
105 104 0.359091
105 106 0.253112
105 152 0.110169
106 57 0.00510204
106 58 0.0075188
106 59 0.359813
106 104 0.170819
106 105 0.253112
106 107 0.0104712
106 108 0.0271739
106 152 0.10101
106 153 0.0290698
107 58 0.00645161
107 59 0.0291262
107 60 0.170455
107 61 0.00900901
107 106 0.0104712
107 108 0.260274
107 154 0.0217391
107 155 0.0853659
108 58 0.027027
108 59 0.0625
108 60 0.0617284
108 61 0.0865385
108 62 0.016
108 106 0.0271739
108 107 0.260274
108 153 0.037037
108 154 0.0588235
108 155 0.2
108 156 0.0326087
109 61 0.157635
109 62 0.0625
109 64 0.00833333
109 110 0.273764
109 155 0.00574713
109 156 0.230366
109 157 0.188
110 61 0.0841584
110 62 0.0986547
110 63 0.088
110 64 0.192469
110 109 0.273764
110 112 0.0586081
110 156 0.00526316
110 157 0.156627
111 64 0.151042
111 65 0.0747664
111 66 0.261111
111 67 0.00892857
111 112 0.185841
111 113 0.0238095
111 157 0.0148515
111 158 0.0571429
111 159 0.0917874
111 162 0.00502513
112 64 0.3
112 65 0.121324
112 66 0.0252101
112 110 0.0586081
112 111 0.185841
112 157 0.0461538
112 158 0.0472103
112 159 0.120755
113 66 0.123188
113 111 0.0238095
113 162 0.00636943
114 66 0.0393258
114 67 0.172727
114 68 0.0191083
114 70 0.0923913
114 115 0.0239521
114 116 0.055814
114 160 0.0252525
114 161 0.0341463
114 162 0.299492
115 67 0.0353982
115 68 0.0125
115 70 0.0641711
115 114 0.0239521
115 116 0.0917431
115 160 0.00497512
115 161 0.0817308
115 162 0.255
116 68 0.0144231
116 69 0.108333
116 70 0.195745
116 114 0.055814
116 115 0.0917431
116 117 0.392308
116 118 0.00374532
116 161 0.0898438
116 163 0.0717489
116 165 0.00429185
117 69 0.106838
117 70 0.0393013
117 71 0.0259067
117 116 0.392308
117 118 0.164751
117 161 0.04
117 163 0.0506912
117 165 0.0264317
118 69 0.0124481
118 71 0.125
118 73 0.208738
118 74 0.0168067
118 116 0.00374532
118 117 0.164751
118 119 0.00389105
118 164 0.0299401
118 165 0.333333
118 166 0.01
118 167 0.0199005
119 73 0.0564103
119 74 0.325991
119 118 0.00389105
119 120 0.252336
119 121 0.0798479
119 122 0.0582011
119 166 0.111111
119 167 0.168421
119 168 0.0446927
120 72 0.0225564
120 73 0.0368098
120 74 0.0820513
120 75 0.00934579
120 119 0.252336
120 121 0.212121
120 122 0.0191083
120 166 0.0636943
120 167 0.158228
120 168 0.0544218
121 74 0.0327869
121 75 0.224335
121 76 0.005
121 119 0.0798479
121 120 0.212121
121 122 0.0873786
121 123 0.0186047
121 167 0.00966184
121 168 0.0357143
121 170 0.17757
122 74 0.0117647
122 75 0.269841
122 76 0.0952381
122 119 0.0582011
122 120 0.0191083
122 121 0.0873786
122 123 0.0212766
122 168 0.0901639
122 169 0.0258621
122 170 0.0714286
123 75 0.0454545
123 77 0.0420168
123 121 0.0186047
123 122 0.0212766
123 124 0.169492
123 125 0.0276243
123 126 0.024
123 169 0.56
123 170 0.127517
123 171 0.106742
123 173 0.0362319
124 75 0.0180723
124 76 0.0194175
124 77 0.298851
124 123 0.169492
124 125 0.0402685
124 126 0.11828
124 169 0.225806
124 170 0.042735
124 171 0.116438
124 172 0.0107527
124 173 0.113208
125 76 0.0361446
125 77 0.0333333
125 78 0.113043
125 79 0.004329
125 123 0.0276243
125 124 0.0402685
125 126 0.0705128
125 169 0.00641026
125 170 0.0777778
125 171 0.38756
125 172 0.060241
125 173 0.0887574
126 77 0.287234
126 78 0.0804598
126 79 0.0857143
126 123 0.024
126 124 0.11828
126 125 0.0705128
126 127 0.032
126 171 0.156863
126 172 0.00518135
126 173 0.150442
127 78 0.0753769
127 79 0.265
127 80 0.0392157
127 82 0.00809717
127 126 0.032
127 128 0.24
127 172 0.0550459
127 173 0.0217391
127 175 0.0153846
127 176 0.0152284
128 78 0.0437956
128 79 0.2
128 81 0.0233918
128 82 0.124224
128 127 0.24
128 129 0.0207612
128 174 0.0402299
128 175 0.0292683
128 176 0.113971
129 81 0.0875
129 82 0.106109
129 83 0.13587
129 84 0.00543478
129 85 0.0106952
129 128 0.0207612
129 131 0.0282686
129 175 0.216495
129 176 0.214559
129 177 0.0909091
129 178 0.0442478
130 84 0.0526316
130 175 0.0116279
130 177 0.1
130 178 0.0254237
131 83 0.010582
131 84 0.0899471
131 85 0.213542
131 86 0.0676923
131 129 0.0282686
131 132 0.0392157
131 133 0.0934256
131 177 0.147783
131 178 0.0995671
131 179 0.0576923
131 180 0.0981818
132 85 0.00925926
132 86 0.033195
132 87 0.101695
132 88 0.0176991
132 131 0.0392157
132 133 0.35122
132 134 0.0173913
132 135 0.00787402
132 180 0.052356
132 181 0.0194175
132 182 0.00469484
133 86 0.150307
133 87 0.473282
133 131 0.0934256
133 132 0.35122
133 135 0.0471698
133 179 0.0143541
133 180 0.123188
133 182 0.0033557
134 88 0.768519
134 89 0.00564972
134 132 0.0173913
134 135 0.0245902
134 181 0.214286
134 182 0.0144231
134 183 0.0160428
135 86 0.0564516
135 87 0.179348
135 88 0.183333
135 89 0.0740741
135 132 0.00787402
135 133 0.0471698
135 134 0.0245902
136 89 0.134078
136 137 0.147465
136 182 0.0285714
136 183 0.21164
136 184 0.146341
137 89 0.241135
137 90 0.246622
137 91 0.0578231
137 136 0.147465
137 138 0.055814
137 139 0.125506
137 183 0.0547945
137 184 0.198052
138 90 0.162304
138 91 0.021164
138 92 0.242718
138 93 0.0445545
138 137 0.055814
138 139 0.126761
138 184 0.00492611
138 185 0.1
138 186 0.0816327
139 90 0.0403587
139 91 0.00904977
139 92 0.162963
139 93 0.0042735
139 137 0.125506
139 138 0.126761
139 184 0.0680851
139 185 0.133621
139 186 0.1
140 92 0.123457
140 93 0.0555556
140 186 0.0394737
140 187 0.072
141 94 0.102564
141 95 0.12
141 188 0.0681818
141 189 0.0689655
142 95 0.0183486
142 143 0.15
142 189 0.115702
142 190 0.147287
143 95 0.0869565
143 96 0.195489
143 142 0.15
143 144 0.0454545
143 190 0.0666667
144 96 0.111111
144 97 0.183908
144 143 0.0454545
144 145 0.0344828
144 190 0.00840336
144 191 0.0795455
145 97 0.0125
145 98 0.0375
145 144 0.0344828
145 146 0.0731707
145 191 0.135802
145 192 0.0384615
145 193 0.0609756
146 98 0.097561
146 99 0.0784314
146 145 0.0731707
146 147 0.189189
146 193 0.0952381
146 194 0.117647
147 99 0.162791
147 100 0.208333
147 101 0.00869565
147 102 0.0705882
147 146 0.189189
147 148 0.0454545
147 194 0.151786
147 195 0.0882353
148 101 0.220183
148 102 0.0365854
148 147 0.0454545
148 195 0.269231
148 196 0.0782609
149 102 0.257143
149 196 0.230159
150 103 0.125
150 151 0.130435
150 197 0.38983
151 150 0.130435
151 152 0.0424242
151 197 0.045977
151 198 0.241935
151 199 0.00657895
152 104 0.235507
152 105 0.110169
152 106 0.10101
152 151 0.0424242
152 153 0.0359281
152 198 0.00529101
152 199 0.322581
152 200 0.0328638
153 106 0.0290698
153 108 0.037037
153 152 0.0359281
153 154 0.0136986
153 155 0.126984
153 199 0.00649351
153 200 0.0909091
153 201 0.0722892
154 107 0.0217391
154 108 0.0588235
154 153 0.0136986
154 155 0.223404
154 156 0.027027
154 201 0.192982
154 202 0.0114943
155 107 0.0853659
155 108 0.2
155 109 0.00574713
155 153 0.126984
155 154 0.223404
155 156 0.148515
155 201 0.0480769
155 202 0.025974
155 203 0.00657895
156 108 0.0326087
156 109 0.230366
156 110 0.00526316
156 154 0.027027
156 155 0.148515
156 157 0.0621469
156 201 0.0330578
156 202 0.106383
156 203 0.118343
156 205 0.025
157 109 0.188
157 110 0.156627
157 111 0.0148515
157 112 0.0461538
157 156 0.0621469
157 158 0.0287081
157 203 0.0570175
157 205 0.320463
158 111 0.0571429
158 112 0.0472103
158 157 0.0287081
158 159 0.32243
158 204 0.0973451
158 205 0.215517
159 111 0.0917874
159 112 0.120755
159 158 0.32243
159 160 0.167364
159 162 0.0336134
159 204 0.062069
159 205 0.0833333
159 206 0.00956938
159 208 0.057377
160 114 0.0252525
160 115 0.00497512
160 159 0.167364
160 161 0.0502092
160 162 0.047619
160 206 0.00495049
160 207 0.00478469
160 208 0.468354
160 209 0.242574
161 114 0.0341463
161 115 0.0817308
161 116 0.0898438
161 117 0.04
161 160 0.0502092
161 162 0.0966387
161 163 0.0187793
161 208 0.168033
161 209 0.162679
161 210 0.238462
162 111 0.00502513
162 113 0.00636943
162 114 0.299492
162 115 0.255
162 159 0.0336134
162 160 0.047619
162 161 0.0966387
162 208 0.0805085
162 209 0.039801
163 116 0.0717489
163 117 0.0506912
163 161 0.0187793
163 165 0.0789474
163 210 0.303965
163 211 0.0530973
163 212 0.0561798
164 118 0.0299401
164 165 0.135338
164 212 0.181818
165 116 0.00429185
165 117 0.0264317
165 118 0.333333
165 163 0.0789474
165 164 0.135338
165 166 0.0481928
165 167 0.0299401
165 212 0.196809
165 213 0.00913242
166 118 0.01
166 119 0.111111
166 120 0.0636943
166 165 0.0481928
166 167 0.195489
166 212 0.00649351
166 213 0.0486486
166 214 0.0134529
167 118 0.0199005
167 119 0.168421
167 120 0.158228
167 121 0.00966184
167 165 0.0299401
167 166 0.195489
167 168 0.219512
167 213 0.0645161
167 214 0.236607
167 215 0.0404624
168 119 0.0446927
168 120 0.0544218
168 121 0.0357143
168 122 0.0901639
168 167 0.219512
168 170 0.130769
168 214 0.0610329
168 215 0.0679012
168 216 0.0522876
169 122 0.0258621
169 123 0.56
169 124 0.225806
169 125 0.00641026
169 170 0.0967742
169 171 0.0457516
169 173 0.0176991
169 216 0.0136054
169 217 0.0297619
169 218 0.0405405
170 121 0.17757
170 122 0.0714286
170 123 0.127517
170 124 0.042735
170 125 0.0777778
170 168 0.130769
170 169 0.0967742
170 171 0.107345
170 215 0.194444
170 216 0.0292398
170 217 0.0625
170 218 0.0639535
171 123 0.106742
171 124 0.116438
171 125 0.38756
171 126 0.156863
171 169 0.0457516
171 170 0.107345
171 172 0.0609756
171 173 0.114458
171 217 0.0995475
171 218 0.0199005
171 220 0.00769231
172 124 0.0107527
172 125 0.060241
172 126 0.00518135
172 127 0.0550459
172 171 0.0609756
172 173 0.237864
172 217 0.091954
172 219 0.038674
172 220 0.38
172 221 0.020202
173 123 0.0362319
173 124 0.113208
173 125 0.0887574
173 126 0.150442
173 127 0.0217391
173 169 0.0176991
173 171 0.114458
173 172 0.237864
173 217 0.0939227
173 218 0.0248447
173 219 0.148515
173 220 0.0636364
174 128 0.0402299
174 175 0.164557
174 176 0.10274
174 220 0.0165746
174 221 0.0379747
174 222 0.0725389
175 127 0.0153846
175 128 0.0292683
175 129 0.216495
175 130 0.0116279
175 174 0.164557
175 176 0.288136
175 177 0.0263158
175 221 0.00909091
175 222 0.111607
175 223 0.0185185
176 127 0.0152284
176 128 0.113971
176 129 0.214559
176 174 0.10274
176 175 0.288136
176 177 0.0331492
176 178 0.0143541
176 221 0.0112994
176 222 0.226804
176 223 0.0114286
176 225 0.0042735
177 129 0.0909091
177 130 0.1
177 131 0.147783
177 175 0.0263158
177 176 0.0331492
177 178 0.191781
177 180 0.00526316
177 223 0.169643
177 225 0.122807
177 226 0.0276243
178 129 0.0442478
178 130 0.0254237
178 131 0.0995671
178 176 0.0143541
178 177 0.191781
178 179 0.0860927
178 180 0.0229358
178 223 0.0785714
178 224 0.142222
178 225 0.422111
178 226 0.0239234
179 131 0.0576923
179 133 0.0143541
179 178 0.0860927
179 180 0.492308
179 225 0.0397727
179 226 0.225806
179 227 0.0223881
180 131 0.0981818
180 132 0.052356
180 133 0.123188
180 177 0.00526316
180 178 0.0229358
180 179 0.492308
180 181 0.0172414
180 224 0.0148699
180 225 0.0452675
180 226 0.43083
180 227 0.00497512
180 228 0.0225564
181 132 0.0194175
181 134 0.214286
181 180 0.0172414
181 182 0.0153061
181 226 0.0363636
181 227 0.0353982
181 228 0.0898876
182 132 0.00469484
182 133 0.0033557
182 134 0.0144231
182 136 0.0285714
182 181 0.0153061
182 183 0.284211
182 184 0.0631229
182 227 0.00448431
182 228 0.302083
182 229 0.124528
182 230 0.12782
183 134 0.0160428
183 136 0.21164
183 137 0.0547945
183 182 0.284211
183 184 0.321429
183 230 0.0408163
184 136 0.146341
184 137 0.198052
184 138 0.00492611
184 139 0.0680851
184 182 0.0631229
184 183 0.321429
184 230 0.168582
184 231 0.00540541
184 232 0.0420712
185 138 0.1
185 139 0.133621
185 186 0.0159574
185 187 0.421941
185 232 0.0816993
185 234 0.295533
186 138 0.0816327
186 139 0.1
186 140 0.0394737
186 185 0.0159574
186 187 0.0222222
186 231 0.2
186 232 0.0392157
187 140 0.072
187 185 0.421941
187 186 0.0222222
187 234 0.10084
188 141 0.0681818
188 189 0.0823529
188 236 0.0833333
189 141 0.0689655
189 142 0.115702
189 188 0.0823529
189 236 0.220859
190 142 0.147287
190 143 0.0666667
190 144 0.00840336
190 191 0.0973451
190 237 0.169811
190 238 0.0833333
190 239 0.0991736
191 144 0.0795455
191 145 0.135802
191 190 0.0973451
191 192 0.113924
191 239 0.177778
192 145 0.0384615
192 191 0.113924
192 193 0.1125
192 239 0.126437
192 240 0.0405405
193 145 0.0609756
193 146 0.0952381
193 192 0.1125
193 194 0.129412
193 240 0.0641026
193 241 0.039604
194 146 0.117647
194 147 0.151786
194 193 0.129412
194 195 0.00909091
194 241 0.00980392
194 242 0.027027
195 147 0.0882353
195 148 0.269231
195 194 0.00909091
195 196 0.10084
195 241 0.00793651
195 242 0.19186
196 148 0.0782609
196 149 0.230159
196 195 0.10084
196 197 0.166667
196 242 0.0509554
197 150 0.38983
197 151 0.045977
197 196 0.166667
197 198 0.045045
197 244 0.165563
198 151 0.241935
198 152 0.00529101
198 197 0.045045
198 199 0.176136
198 245 0.0283688
198 246 0.0486486
199 151 0.00657895
199 152 0.322581
199 153 0.00649351
199 198 0.176136
199 200 0.055
199 245 0.21645
199 246 0.272727
199 247 0.039801
200 152 0.0328638
200 153 0.0909091
200 199 0.055
200 201 0.0232558
200 246 0.406699
200 247 0.0148148
201 153 0.0722892
201 154 0.192982
201 155 0.0480769
201 156 0.0330578
201 200 0.0232558
201 202 0.268041
201 246 0.0294118
201 247 0.0307692
201 248 0.00877193
201 249 0.0129032
202 154 0.0114943
202 155 0.025974
202 156 0.106383
202 201 0.268041
202 203 0.0551724
202 248 0.206897
202 249 0.015625
202 250 0.00543478
203 155 0.00657895
203 156 0.118343
203 157 0.0570175
203 202 0.0551724
203 205 0.0199203
203 248 0.351852
203 249 0.0246305
203 250 0.359073
203 251 0.00520833
203 252 0.01875
204 158 0.0973451
204 159 0.062069
204 205 0.0184049
204 206 0.0648148
204 207 0.0173913
204 252 0.111111
204 253 0.222222
204 254 0.010101
205 156 0.025
205 157 0.320463
205 158 0.215517
205 159 0.0833333
205 203 0.0199203
205 204 0.0184049
205 250 0.037931
205 251 0.0627803
205 252 0.125654
205 253 0.00549451
206 159 0.00956938
206 160 0.00495049
206 204 0.0648148
206 207 0.435754
206 252 0.00735294
206 253 0.283465
206 254 0.0797546
207 160 0.00478469
207 204 0.0173913
207 206 0.435754
207 253 0.0970149
207 254 0.205882
208 159 0.057377
208 160 0.468354
208 161 0.168033
208 162 0.0805085
208 209 0.202899
208 210 0.00387597
208 253 0.00617284
208 254 0.0252525
208 255 0.0181818
208 256 0.029703
209 160 0.242574
209 161 0.162679
209 162 0.039801
209 208 0.202899
209 210 0.044843
209 254 0.0122699
209 255 0.0153846
210 161 0.238462
210 163 0.303965
210 208 0.00387597
210 209 0.044843
210 211 0.03125
210 212 0.0222222
210 256 0.0321101
210 258 0.0154639
211 163 0.0530973
211 210 0.03125
211 212 0.0630631
211 213 0.00704225
211 258 0.075
211 259 0.0430108
212 163 0.0561798
212 164 0.181818
212 165 0.196809
212 166 0.00649351
212 210 0.0222222
212 211 0.0630631
212 213 0.0434783
212 258 0.206897
212 259 0.00632911
212 260 0.0133333
213 165 0.00913242
213 166 0.0486486
213 167 0.0645161
213 211 0.00704225
213 212 0.0434783
213 214 0.0724638
213 258 0.0170455
213 259 0.116402
213 260 0.351562
213 261 0.0738636
214 166 0.0134529
214 167 0.236607
214 168 0.0610329
214 213 0.0724638
214 215 0.254753
214 260 0.22449
214 261 0.046729
214 262 0.0201005
214 263 0.0803213
215 167 0.0404624
215 168 0.0679012
215 170 0.194444
215 214 0.254753
215 216 0.123153
215 218 0.0294118
215 260 0.00411523
215 261 0.00613497
215 262 0.027027
215 263 0.161616
215 264 0.0128205
216 168 0.0522876
216 169 0.0136054
216 170 0.0292398
216 215 0.123153
216 217 0.139535
216 218 0.282051
216 261 0.025974
216 262 0.172662
216 263 0.259259
216 264 0.115646
216 265 0.0742358
217 169 0.0297619
217 170 0.0625
217 171 0.0995475
217 172 0.091954
217 173 0.0939227
217 216 0.139535
217 218 0.282407
217 219 0.025641
217 264 0.0595238
217 265 0.212
217 266 0.061674
218 169 0.0405405
218 170 0.0639535
218 171 0.0199005
218 173 0.0248447
218 215 0.0294118
218 216 0.282051
218 217 0.282407
218 219 0.0294118
218 262 0.0357143
218 263 0.0421053
218 264 0.277027
218 265 0.234783
218 266 0.00966184
219 172 0.038674
219 173 0.148515
219 217 0.025641
219 218 0.0294118
219 265 0.0411765
219 266 0.210884
219 267 0.156627
219 268 0.00485437
220 171 0.00769231
220 172 0.38
220 173 0.0636364
220 174 0.0165746
220 221 0.0377358
220 222 0.180982
220 266 0.0075188
220 267 0.00990099
220 268 0.0276923
221 172 0.020202
221 174 0.0379747
221 175 0.00909091
221 176 0.0112994
221 220 0.0377358
221 222 0.102679
221 267 0.07
221 268 0.349776
221 269 0.032
221 270 0.0512821
221 271 0.00826446
222 174 0.0725389
222 175 0.111607
222 176 0.226804
222 220 0.180982
222 221 0.102679
222 267 0.0280374
222 268 0.103858
222 270 0.226537
222 271 0.0382979
223 175 0.0185185
223 176 0.0114286
223 177 0.169643
223 178 0.0785714
223 224 0.0157068
223 225 0.030303
223 270 0.0414508
223 271 0.159664
224 178 0.142222
224 180 0.0148699
224 223 0.0157068
224 225 0.368
224 226 0.0307692
224 270 0.104317
224 271 0.0539216
224 272 0.275862
225 176 0.0042735
225 177 0.122807
225 178 0.422111
225 179 0.0397727
225 180 0.0452675
225 223 0.030303
225 224 0.368
225 226 0.0641026
225 270 0.00396825
225 271 0.0280899
225 272 0.119149
226 177 0.0276243
226 178 0.0239234
226 179 0.225806
226 180 0.43083
226 181 0.0363636
226 224 0.0307692
226 225 0.0641026
226 227 0.161458
226 228 0.0389105
226 272 0.130612
226 273 0.0925926
226 274 0.0416667
227 179 0.0223881
227 180 0.00497512
227 181 0.0353982
227 182 0.00448431
227 226 0.161458
227 228 0.146341
227 273 0.136364
227 274 0.275862
227 275 0.0178571
227 276 0.0292683
228 180 0.0225564
228 181 0.0898876
228 182 0.302083
228 226 0.0389105
228 227 0.146341
228 229 0.0850202
228 273 0.00571429
228 274 0.198895
228 276 0.162963
229 182 0.124528
229 228 0.0850202
229 230 0.106667
229 275 0.0909091
229 276 0.380567
229 277 0.0148148
230 182 0.12782
230 183 0.0408163
230 184 0.168582
230 229 0.106667
230 276 0.0564516
230 277 0.132353
230 278 0.154867
230 279 0.171053
231 184 0.00540541
231 186 0.2
231 232 0.0707071
231 277 0.283333
231 279 0.276316
232 184 0.0420712
232 185 0.0816993
232 186 0.0392157
232 231 0.0707071
232 233 0.0294118
232 234 0.0586319
232 278 0.233577
232 279 0.02
232 280 0.271242
233 232 0.0294118
233 234 0.00448431
233 278 0.0947368
233 279 0.0258621
233 280 0.27027
234 185 0.295533
234 187 0.10084
234 232 0.0586319
234 233 0.00448431
234 280 0.147766
234 281 0.38914
235 236 0.044586
235 237 0.0275862
235 282 0.2125
235 283 0.155039
236 188 0.0833333
236 189 0.220859
236 235 0.044586
236 282 0.0330578
236 283 0.152941
237 190 0.169811
237 235 0.0275862
237 238 0.0592593
237 283 0.0379747
237 284 0.297872
238 190 0.0833333
238 237 0.0592593
238 239 0.134021
238 285 0.318182
238 286 0.010101
239 190 0.0991736
239 191 0.177778
239 192 0.126437
239 238 0.134021
239 240 0.129412
239 285 0.011236
239 286 0.09
239 287 0.0114943
240 192 0.0405405
240 193 0.0641026
240 239 0.129412
240 241 0.0736842
240 286 0.0114943
240 287 0.0540541
240 288 0.0571429
241 193 0.039604
241 194 0.00980392
241 195 0.00793651
241 240 0.0736842
241 242 0.268293
241 288 0.0322581
241 290 0.00724638
242 194 0.027027
242 195 0.19186
242 196 0.0509554
242 241 0.268293
242 243 0.0775862
242 244 0.0478723
242 288 0.0143885
242 289 0.00735294
242 290 0.206522
243 242 0.0775862
243 244 0.0319149
243 290 0.0555556
243 291 0.028169
244 197 0.165563
244 242 0.0478723
244 243 0.0319149
244 245 0.0497238
244 291 0.251748
245 198 0.0283688
245 199 0.21645
245 244 0.0497238
245 246 0.0291667
245 247 0.0542169
245 292 0.298077
245 293 0.0306122
245 294 0.031746
246 198 0.0486486
246 199 0.272727
246 200 0.406699
246 201 0.0294118
246 245 0.0291667
246 247 0.128571
246 295 0.154167
247 199 0.039801
247 200 0.0148148
247 201 0.0307692
247 245 0.0542169
247 246 0.128571
247 249 0.0496894
247 292 0.011236
247 293 0.0481928
247 294 0.306306
247 295 0.216867
247 296 0.0125
248 201 0.00877193
248 202 0.206897
248 203 0.351852
248 249 0.124138
248 250 0.0995025
248 295 0.04
248 296 0.00694444
248 297 0.0117647
248 298 0.00757576
249 201 0.0129032
249 202 0.015625
249 203 0.0246305
249 247 0.0496894
249 248 0.124138
249 250 0.0619835
249 294 0.0364372
249 295 0.272251
249 296 0.135135
249 297 0.251185
250 202 0.00543478
250 203 0.359073
250 205 0.037931
250 248 0.0995025
250 249 0.0619835
250 251 0.160173
250 252 0.0201005
250 297 0.0486891
250 298 0.213974
250 299 0.0255319
251 203 0.00520833
251 205 0.0627803
251 250 0.160173
251 252 0.0227273
251 298 0.123457
251 299 0.267857
252 203 0.01875
252 204 0.111111
252 205 0.125654
252 206 0.00735294
252 250 0.0201005
252 251 0.0227273
252 253 0.10989
252 298 0.192308
252 299 0.125
252 300 0.00793651
253 204 0.222222
253 205 0.00549451
253 206 0.283465
253 207 0.0970149
253 208 0.00617284
253 252 0.10989
253 254 0.00847458
253 255 0.0235294
253 299 0.023622
253 300 0.247863
253 301 0.00724638
254 204 0.010101
254 206 0.0797546
254 207 0.205882
254 208 0.0252525
254 209 0.0122699
254 253 0.00847458
254 255 0.198347
254 256 0.0316456
254 300 0.0130719
254 301 0.218391
254 303 0.00588235
255 208 0.0181818
255 209 0.0153846
255 253 0.0235294
255 254 0.198347
255 256 0.216
255 257 0.0601504
255 300 0.00833333
255 301 0.0283688
255 302 0.047619
255 303 0.248175
255 304 0.00699301
256 208 0.029703
256 210 0.0321101
256 254 0.0316456
256 255 0.216
256 257 0.0352941
256 302 0.115702
256 303 0.425287
256 304 0.0222222
257 255 0.0601504
257 256 0.0352941
257 258 0.00684932
257 302 0.0155039
257 303 0.302198
257 304 0.398936
258 210 0.0154639
258 211 0.075
258 212 0.206897
258 213 0.0170455
258 257 0.00684932
258 259 0.0314961
258 304 0.0705128
258 305 0.0571429
258 306 0.104348
259 211 0.0430108
259 212 0.00632911
259 213 0.116402
259 258 0.0314961
259 305 0.0169492
259 306 0.125
259 307 0.11
260 212 0.0133333
260 213 0.351562
260 214 0.22449
260 215 0.00411523
260 261 0.0670103
260 263 0.00873362
260 307 0.131086
261 213 0.0738636
261 214 0.046729
261 215 0.00613497
261 216 0.025974
261 260 0.0670103
261 262 0.0909091
261 263 0.228188
261 307 0.0106952
261 308 0.0322581
261 309 0.165217
262 214 0.0201005
262 215 0.027027
262 216 0.172662
262 218 0.0357143
262 261 0.0909091
262 263 0.0895522
262 264 0.336957
262 309 0.09
262 310 0.030303
262 311 0.0384615
263 214 0.0803213
263 215 0.161616
263 216 0.259259
263 218 0.0421053
263 260 0.00873362
263 261 0.228188
263 262 0.0895522
263 264 0.0352113
263 309 0.0133333
263 310 0.0976744
263 311 0.0611111
264 215 0.0128205
264 216 0.115646
264 217 0.0595238
264 218 0.277027
264 262 0.336957
264 263 0.0352113
264 265 0.0989011
264 309 0.00925926
264 311 0.00724638
265 216 0.0742358
265 217 0.212
265 218 0.234783
265 219 0.0411765
265 264 0.0989011
265 266 0.0995851
265 267 0.0112994
265 310 0.0470588
265 311 0.0181818
265 312 0.00888889
265 314 0.015544
266 217 0.061674
266 218 0.00966184
266 219 0.210884
266 220 0.0075188
266 265 0.0995851
266 267 0.168831
266 268 0.115523
266 313 0.00584795
266 314 0.1
267 219 0.156627
267 220 0.00990099
267 221 0.07
267 222 0.0280374
267 265 0.0112994
267 266 0.168831
267 268 0.107981
267 312 0.00724638
267 313 0.0934579
267 314 0.264151
268 219 0.00485437
268 220 0.0276923
268 221 0.349776
268 222 0.103858
268 266 0.115523
268 267 0.107981
268 270 0.0714286
268 314 0.0393013
268 316 0.152091
269 221 0.032
269 270 0.0619048
269 271 0.330882
269 315 0.253846
269 316 0.133333
270 221 0.0512821
270 222 0.226537
270 223 0.0414508
270 224 0.104317
270 225 0.00396825
270 268 0.0714286
270 269 0.0619048
270 271 0.228155
270 316 0.0680851
270 317 0.100334
270 318 0.0139535
271 221 0.00826446
271 222 0.0382979
271 223 0.159664
271 224 0.0539216
271 225 0.0280899
271 269 0.330882
271 270 0.228155
271 316 0.0124224
271 317 0.04
271 318 0.0496454
272 224 0.275862
272 225 0.119149
272 226 0.130612
272 273 0.165644
272 317 0.102837
272 318 0.10101
272 319 0.0124224
272 320 0.0613027
273 226 0.0925926
273 227 0.136364
273 228 0.00571429
273 272 0.165644
273 274 0.0581395
273 319 0.24359
273 320 0.0730337
273 321 0.00574713
274 226 0.0416667
274 227 0.275862
274 228 0.198895
274 273 0.0581395
274 319 0.0357143
274 320 0.0108696
275 227 0.0178571
275 229 0.0909091
275 276 0.0903955
275 321 0.0340909
275 322 0.172414
275 323 0.24359
275 324 0.0322581
276 227 0.0292683
276 228 0.162963
276 229 0.380567
276 230 0.0564516
276 275 0.0903955
276 320 0.003663
276 321 0.211896
276 323 0.0233918
276 324 0.11828
277 229 0.0148148
277 230 0.132353
277 231 0.283333
277 278 0.00735294
277 279 0.0806452
277 323 0.457627
277 324 0.0538922
278 230 0.154867
278 232 0.233577
278 233 0.0947368
278 277 0.00735294
278 279 0.0657895
278 280 0.0193798
278 324 0.0194553
278 325 0.0676328
278 326 0.0680851
279 230 0.171053
279 231 0.276316
279 232 0.02
279 233 0.0258621
279 277 0.0806452
279 278 0.0657895
279 323 0.0666667
279 324 0.0218579
279 325 0.037594
279 326 0.0124224
280 232 0.271242
280 233 0.27027
280 234 0.147766
280 278 0.0193798
280 281 0.0272727
280 325 0.0125523
280 326 0.071161
280 327 0.0746269
280 328 0.220779
281 234 0.38914
281 280 0.0272727
281 327 0.0152672
281 328 0.117647
282 235 0.2125
282 236 0.0330578
283 235 0.155039
283 236 0.152941
283 237 0.0379747
284 237 0.297872
284 330 0.127273
284 331 0.04
285 238 0.318182
285 239 0.011236
285 286 0.142857
286 238 0.010101
286 239 0.09
286 240 0.0114943
286 285 0.142857
286 287 0.011236
286 332 0.152
286 333 0.20438
286 334 0.00909091
287 239 0.0114943
287 240 0.0540541
287 286 0.011236
287 288 0.166667
287 333 0.016129
287 334 0.226804
287 335 0.021978
288 240 0.0571429
288 241 0.0322581
288 242 0.0143885
288 287 0.166667
288 335 0.0229885
288 336 0.126437
289 242 0.00735294
289 290 0.00909091
289 336 0.392857
290 241 0.00724638
290 242 0.206522
290 243 0.0555556
290 289 0.00909091
290 336 0.0757576
290 338 0.0140845
291 243 0.028169
291 244 0.251748
291 338 0.138211
292 245 0.298077
292 247 0.011236
292 293 0.158654
292 294 0.0189394
292 338 0.0115607
292 339 0.379747
292 340 0.0458716
293 245 0.0306122
293 247 0.0481928
293 292 0.158654
293 294 0.365079
293 295 0.0204082
293 339 0.182222
293 340 0.106796
293 341 0.0350877
293 342 0.0507246
293 343 0.0047619
294 245 0.031746
294 247 0.306306
294 249 0.0364372
294 292 0.0189394
294 293 0.365079
294 295 0.154762
294 296 0.0691057
294 339 0.0391459
294 341 0.0705882
294 342 0.0876289
294 343 0.109023
295 246 0.154167
295 247 0.216867
295 248 0.04
295 249 0.272251
295 293 0.0204082
295 294 0.154762
295 296 0.0210526
295 297 0.0740741
295 342 0.0507246
295 343 0.00952381
296 247 0.0125
296 248 0.00694444
296 249 0.135135
296 294 0.0691057
296 295 0.0210526
296 297 0.228571
296 341 0.0277778
296 342 0.0681818
296 343 0.215686
296 344 0.0465116
296 345 0.0138889
297 248 0.0117647
297 249 0.251185
297 250 0.0486891
297 295 0.0740741
297 296 0.228571
297 298 0.020202
297 342 0.0443038
297 343 0.173913
297 344 0.146465
297 345 0.14876
298 248 0.00757576
298 250 0.213974
298 251 0.123457
298 252 0.192308
298 297 0.020202
298 299 0.186747
298 344 0.1625
298 345 0.0637255
299 250 0.0255319
299 251 0.267857
299 252 0.125
299 253 0.023622
299 298 0.186747
299 300 0.0432099
299 344 0.0903614
299 345 0.190476
299 346 0.1
299 347 0.0276498
300 252 0.00793651
300 253 0.247863
300 254 0.0130719
300 255 0.00833333
300 299 0.0432099
300 301 0.323699
300 346 0.0133333
300 347 0.00483092
300 348 0.0127389
301 253 0.00724638
301 254 0.218391
301 255 0.0283688
301 300 0.323699
301 302 0.0145985
301 347 0.00438596
301 348 0.0224719
302 255 0.047619
302 256 0.115702
302 257 0.0155039
302 301 0.0145985
302 303 0.0902256
302 348 0.107438
302 349 0.0384615
302 350 0.0060241
302 351 0.122222
303 254 0.00588235
303 255 0.248175
303 256 0.425287
303 257 0.302198
303 302 0.0902256
303 304 0.0677083
303 351 0.00699301
304 255 0.00699301
304 256 0.0222222
304 257 0.398936
304 258 0.0705128
304 303 0.0677083
304 305 0.0408163
304 306 0.0318471
304 351 0.0402685
305 258 0.0571429
305 259 0.0169492
305 304 0.0408163
305 306 0.169811
305 307 0.00561798
305 352 0.148936
306 258 0.104348
306 259 0.125
306 304 0.0318471
306 305 0.169811
306 351 0.0648148
306 352 0.0769231
306 353 0.0444444
307 259 0.11
307 260 0.131086
307 261 0.0106952
307 305 0.00561798
307 308 0.0101523
307 353 0.130952
307 354 0.209964
307 355 0.152838
308 261 0.0322581
308 307 0.0101523
308 309 0.288
308 311 0.0193548
308 354 0.0550459
308 355 0.150602
308 356 0.225166
309 261 0.165217
309 262 0.09
309 263 0.0133333
309 264 0.00925926
309 308 0.288
309 310 0.00552486
309 311 0.0410959
309 355 0.044586
309 356 0.0633803
310 262 0.030303
310 263 0.0976744
310 265 0.0470588
310 309 0.00552486
310 311 0.398104
310 356 0.222222
310 357 0.0401606
310 358 0.234432
310 360 0.0214592
311 262 0.0384615
311 263 0.0611111
311 264 0.00724638
311 265 0.0181818
311 308 0.0193548
311 309 0.0410959
311 310 0.398104
311 356 0.186047
311 357 0.046729
311 358 0.201681
312 265 0.00888889
312 267 0.00724638
312 313 0.0580645
312 314 0.0454545
312 357 0.118721
312 358 0.0288066
312 359 0.451429
312 360 0.300493
312 361 0.0131579
312 362 0.00507614
313 266 0.00584795
313 267 0.0934579
313 312 0.0580645
313 314 0.317073
313 359 0.0277778
313 360 0.0523256
313 361 0.214876
313 362 0.0240964
314 265 0.015544
314 266 0.1
314 267 0.264151
314 268 0.0393013
314 312 0.0454545
314 313 0.317073
314 360 0.128655
314 361 0.05
314 362 0.175758
315 269 0.253846
315 316 0.0903226
315 361 0.10084
315 362 0.097561
315 363 0.160622
315 364 0.0153846
316 268 0.152091
