0 2 0.25
1 2 0.0629371
1 3 0.00540541
1 4 0.219101
1 47 0.0833333
1 48 0.0106952
1 51 0.0348259
2 0 0.25
2 1 0.0629371
2 47 0.024
2 48 0.0625
3 1 0.00540541
3 4 0.19774
3 5 0.159509
3 49 0.00657895
3 50 0.179775
3 51 0.325
3 52 0.208145
4 1 0.219101
4 3 0.19774
4 5 0.0512821
4 51 0.243523
4 52 0.0046729
5 3 0.159509
5 4 0.0512821
5 6 0.0842697
5 7 0.0106952
5 51 0.0502793
5 52 0.225
5 53 0.00581395
6 5 0.0842697
6 7 0.372197
6 8 0.0192308
6 9 0.0736842
6 52 0.0677966
6 53 0.0625
6 54 0.0167598
7 5 0.0106952
7 6 0.372197
7 8 0.0276498
7 9 0.140704
7 52 0.0163265
7 53 0.262673
7 54 0.0425532
7 56 0.0149254
8 6 0.0192308
8 7 0.0276498
8 9 0.277174
8 10 0.0657277
8 55 0.381443
8 56 0.33871
8 57 0.0148515
9 6 0.0736842
9 7 0.140704
9 8 0.277174
9 10 0.00512821
9 55 0.0170455
9 56 0.208333
10 8 0.0657277
10 9 0.00512821
10 11 0.0628019
10 13 0.00938967
10 55 0.0829268
10 56 0.116751
10 57 0.0938967
10 58 0.334928
11 10 0.0628019
11 12 0.034965
11 13 0.428571
11 58 0.0520833
11 59 0.014218
11 60 0.0974359
12 11 0.034965
12 13 0.208054
12 14 0.041958
12 15 0.132353
12 59 0.0182927
12 60 0.128378
12 61 0.0212766
13 10 0.00938967
13 11 0.428571
13 12 0.208054
13 15 0.0687831
13 58 0.151515
13 59 0.0138249
13 60 0.134328
14 12 0.041958
14 15 0.327869
14 16 0.111702
14 17 0.0276243
14 59 0.028436
14 60 0.102564
14 61 0.244681
14 62 0.0694444
14 63 0.00529101
15 12 0.132353
15 13 0.0687831
15 14 0.327869
15 60 0.191489
15 61 0.038674
15 63 0.010989
16 14 0.111702
16 17 0.268156
16 18 0.180952
16 61 0.00537634
16 62 0.135514
16 63 0.0213904
16 64 0.0941176
17 14 0.0276243
17 16 0.268156
17 18 0.103448
17 61 0.027933
17 62 0.149758
17 63 0.183333
17 64 0.0184049
18 16 0.180952
18 17 0.103448
18 19 0.27897
18 20 0.0138889
18 63 0.0189573
18 64 0.0876289
19 18 0.27897
19 20 0.162791
19 64 0.212435
19 65 0.0277778
19 67 0.175258
20 18 0.0138889
20 19 0.162791
20 21 0.321429
20 67 0.112994
20 68 0.0263158
21 20 0.321429
21 22 0.0989011
21 23 0.00471698
21 67 0.0344828
21 68 0.375
21 69 0.0723404
21 70 0.00390625
22 21 0.0989011
22 23 0.229167
22 69 0.0299401
23 21 0.00471698
23 22 0.229167
23 24 0.145455
23 25 0.0352941
23 69 0.22335
24 23 0.145455
24 25 0.157407
24 69 0.18107
24 70 0.102273
25 23 0.0352941
25 24 0.157407
25 26 0.125
25 27 0.06
25 72 0.008
26 25 0.125
26 27 0.0865385
26 72 0.468354
26 73 0.0283019
26 74 0.0451128
27 25 0.06
27 26 0.0865385
27 28 0.132075
27 72 0.0183486
27 73 0.00735294
27 74 0.159509
28 27 0.132075
28 29 0.184834
28 30 0.0912281
28 74 0.211618
28 75 0.00423729
28 76 0.182186
28 77 0.0234375
29 28 0.184834
29 30 0.257282
29 77 0.0169492
29 78 0.0180723
30 28 0.0912281
30 29 0.257282
30 31 0.00502513
30 32 0.123016
30 76 0.0826446
30 77 0.2749
30 78 0.0916667
31 30 0.00502513
31 32 0.233918
31 33 0.0683761
31 34 0.0982659
31 77 0.0411765
31 78 0.0251572
31 79 0.0213904
32 30 0.123016
32 31 0.233918
32 33 0.264706
32 34 0.00442478
32 77 0.00896861
32 78 0.254717
32 79 0.0333333
32 80 0.00625
33 31 0.0683761
33 32 0.264706
33 34 0.162791
33 35 0.00793651
33 78 0.0316456
33 79 0.0376344
33 80 0.00943396
34 31 0.0982659
34 32 0.00442478
34 33 0.162791
34 35 0.164835
34 36 0.00595238
34 79 0.272727
34 80 0.0432099
34 81 0.0549451
34 82 0.184549
34 83 0.0128205
35 33 0.00793651
35 34 0.164835
35 36 0.0163934
35 79 0.0510204
35 80 0.0172414
35 82 0.208556
35 83 0.0265957
36 34 0.00595238
36 35 0.0163934
36 37 0.12766
36 82 0.0462428
36 83 0.310345
36 84 0.0284091
37 36 0.12766
37 38 0.0559006
37 82 0.135922
37 83 0.183575
37 84 0.148325
37 85 0.0769231
38 37 0.0559006
38 39 0.0326797
38 83 0.00515464
38 84 0.229592
38 85 0.194872
38 86 0.00877193
39 38 0.0326797
39 40 0.10084
39 85 0.175
39 86 0.176471
40 39 0.10084
40 41 0.168831
40 42 0.0408163
40 86 0.1125
40 87 0.242424
40 89 0.0272109
41 40 0.168831
41 42 0.0277778
41 87 0.260417
42 40 0.0408163
42 41 0.0277778
42 43 0.0482759
42 44 0.183246
42 87 0.0180723
42 88 0.0419162
42 89 0.448598
42 91 0.012605
43 42 0.0482759
43 44 0.155738
43 45 0.00649351
43 89 0.0137931
43 91 0.248521
43 92 0.0193548
44 42 0.183246
44 43 0.155738
44 45 0.015
44 89 0.026178
44 91 0.446512
44 92 0.0298507
45 43 0.00649351
45 44 0.015
45 46 0.306977
45 91 0.145749
45 92 0.137339
45 93 0.0817308
46 45 0.306977
46 93 0.146597
47 1 0.0833333
47 2 0.024
47 48 0.0650888
47 94 0.0714286
47 96 0.142857
48 1 0.0106952
48 2 0.0625
48 47 0.0650888
48 50 0.0611111
48 95 0.291667
48 96 0.254808
49 3 0.00657895
49 50 0.246575
49 95 0.149254
49 97 0.244048
49 98 0.0629371
50 3 0.179775
50 48 0.0611111
50 49 0.246575
50 51 0.170103
50 95 0.13125
50 96 0.105
50 97 0.216495
51 1 0.0348259
51 3 0.325
51 4 0.243523
51 5 0.0502793
51 50 0.170103
51 52 0.0506329
51 95 0.00549451
51 96 0.0900901
51 97 0.0601852
51 99 0.00934579
52 3 0.208145
52 4 0.0046729
52 5 0.225
52 6 0.0677966
52 7 0.0163265
52 51 0.0506329
52 53 0.195652
52 97 0.0506329
52 99 0.106383
52 100 0.036036
53 5 0.00581395
53 6 0.0625
53 7 0.262673
53 52 0.195652
53 54 0.0867052
53 98 0.0217391
53 99 0.154589
53 100 0.0360825
53 101 0.00869565
53 102 0.01
54 6 0.0167598
54 7 0.0425532
54 53 0.0867052
54 99 0.0168539
54 100 0.290909
54 101 0.318408
54 102 0.292398
55 8 0.381443
55 9 0.0170455
55 10 0.0829268
55 56 0.134831
55 57 0.103093
55 101 0.171171
55 102 0.0104167
55 103 0.0298507
55 104 0.0517241
56 7 0.0149254
56 8 0.33871
56 9 0.208333
56 10 0.116751
56 55 0.134831
56 57 0.0376344
56 101 0.0607477
56 102 0.00543478
56 103 0.124352
56 104 0.0892857
57 8 0.0148515
57 10 0.0938967
57 55 0.103093
57 56 0.0376344
57 58 0.00505051
57 103 0.0909091
57 104 0.4875
57 105 0.205714
58 10 0.334928
58 11 0.0520833
58 13 0.151515
58 57 0.00505051
58 104 0.0805085
58 105 0.0116959
58 106 0.0133333
59 11 0.014218
59 12 0.0182927
59 13 0.0138249
59 14 0.028436
59 60 0.236111
59 61 0.076555
59 106 0.163934
59 107 0.113772
59 108 0.00952381
60 11 0.0974359
60 12 0.128378
60 13 0.134328
60 14 0.102564
60 15 0.191489
60 59 0.236111
60 61 0.0414508
60 105 0.0114943
60 106 0.140351
61 12 0.0212766
61 14 0.244681
61 15 0.038674
61 16 0.00537634
61 17 0.027933
61 59 0.076555
61 60 0.0414508
61 62 0.214953
61 63 0.0695187
61 107 0.118056
61 108 0.0106952
61 109 0.028777
61 110 0.00495049
62 14 0.0694444
62 16 0.135514
62 17 0.149758
62 61 0.214953
62 63 0.47907
62 107 0.0232558
62 108 0.0697674
62 109 0.101796
62 110 0.0826087
62 111 0.00943396
63 14 0.00529101
63 15 0.010989
63 16 0.0213904
63 17 0.183333
63 18 0.0189573
63 61 0.0695187
63 62 0.47907
63 64 0.0116959
63 108 0.0744681
63 109 0.121429
63 110 0.157635
63 111 0.0378378
64 16 0.0941176
64 17 0.0184049
64 18 0.0876289
64 19 0.212435
64 63 0.0116959
64 65 0.141844
64 67 0.0387097
64 110 0.155914
64 111 0.291667
64 112 0.0326797
65 19 0.0277778
65 64 0.141844
65 66 0.147651
65 67 0.084507
65 111 0.296774
65 113 0.018018
65 114 0.0151515
66 65 0.147651
66 67 0.312883
66 68 0.0170455
66 111 0.00568182
66 112 0.00621118
66 113 0.340909
66 114 0.104575
66 115 0.0971429
67 19 0.175258
67 20 0.112994
67 21 0.0344828
67 64 0.0387097
67 65 0.084507
67 66 0.312883
67 68 0.0887574
67 115 0.0357143
68 20 0.0263158
68 21 0.375
68 66 0.0170455
68 67 0.0887574
68 69 0.0298507
68 114 0.00628931
68 115 0.149171
68 116 0.205405
69 21 0.0723404
69 22 0.0299401
69 23 0.22335
69 24 0.18107
69 68 0.0298507
69 70 0.261411
69 116 0.0294118
69 118 0.0119522
70 21 0.00390625
70 24 0.102273
70 69 0.261411
70 71 0.00561798
70 115 0.00904977
70 116 0.137778
70 117 0.0487805
70 118 0.0441176
71 70 0.00561798
71 73 0.12069
71 118 0.132979
72 25 0.008
72 26 0.468354
72 27 0.0183486
72 73 0.018018
72 74 0.0289855
72 118 0.0218579
73 26 0.0283019
73 27 0.00735294
73 71 0.12069
73 72 0.018018
73 74 0.0484848
73 118 0.052381
73 120 0.388889
73 121 0.186667
74 26 0.0451128
74 27 0.159509
74 28 0.211618
74 72 0.0289855
74 73 0.0484848
74 75 0.0213904
74 76 0.00505051
74 120 0.0392157
74 121 0.0564972
75 28 0.00423729
75 74 0.0213904
75 76 0.0310881
75 120 0.0540541
75 121 0.104651
75 122 0.274286
75 123 0.123188
76 28 0.182186
76 30 0.0826446
76 74 0.00505051
76 75 0.0310881
76 77 0.361502
76 123 0.127517
77 28 0.0234375
77 29 0.0169492
77 30 0.2749
77 31 0.0411765
77 32 0.00896861
77 76 0.361502
77 78 0.146919
77 123 0.0443038
77 124 0.004329
77 125 0.137725
77 127 0.109375
78 29 0.0180723
78 30 0.0916667
78 31 0.0251572
78 32 0.254717
78 33 0.0316456
78 77 0.146919
78 79 0.0175439
78 123 0.0136054
78 125 0.025641
78 126 0.00917431
78 127 0.20442
79 31 0.0213904
79 32 0.0333333
79 33 0.0376344
79 34 0.272727
79 35 0.0510204
79 78 0.0175439
79 80 0.301136
79 81 0.0255102
79 125 0.00543478
79 126 0.186992
79 127 0.0909091
79 128 0.0468085
80 32 0.00625
80 33 0.00943396
80 34 0.0432099
80 35 0.0172414
80 79 0.301136
80 81 0.0344828
80 82 0.0718563
80 126 0.0421687
80 128 0.0451613
81 34 0.0549451
81 79 0.0255102
81 80 0.0344828
81 82 0.026738
81 83 0.0638298
81 128 0.16
81 129 0.102857
81 130 0.0558376
82 34 0.184549
82 35 0.208556
82 36 0.0462428
82 37 0.135922
82 80 0.0718563
82 81 0.026738
82 83 0.263598
82 84 0.00414938
82 128 0.00442478
82 129 0.00442478
82 130 0.193548
83 34 0.0128205
83 35 0.0265957
83 36 0.310345
83 37 0.183575
83 38 0.00515464
83 81 0.0638298
83 82 0.263598
83 84 0.115702
83 129 0.0176211
83 130 0.269076
84 36 0.0284091
84 37 0.148325
84 38 0.229592
84 82 0.00414938
84 83 0.115702
84 85 0.213992
84 129 0.00436681
84 130 0.0119522
84 131 0.111628
84 132 0.0267857
85 37 0.0769231
85 38 0.194872
85 39 0.175
85 84 0.213992
85 132 0.00448431
86 38 0.00877193
86 39 0.176471
86 40 0.1125
86 87 0.040404
86 132 0.246479
86 133 0.0824742
87 40 0.242424
87 41 0.260417
87 42 0.0180723
87 86 0.040404
87 88 0.0168067
87 89 0.0120482
87 133 0.12069
87 134 0.0111111
87 135 0.0263158
88 42 0.0419162
88 87 0.0168067
88 89 0.335329
88 134 0.104972
88 135 0.0392157
88 136 0.0373134
89 40 0.0272109
89 42 0.448598
89 43 0.0137931
89 44 0.026178
89 87 0.0120482
89 88 0.335329
89 134 0.0219298
89 135 0.12
89 136 0.0110497
89 137 0.00438596
90 91 0.0276498
90 135 0.0614525
90 136 0.15
90 137 0.400966
90 138 0.125
90 139 0.0220588
91 42 0.012605
91 43 0.248521
91 44 0.446512
91 45 0.145749
91 90 0.0276498
91 92 0.104839
91 135 0.00446429
91 136 0.146341
91 137 0.00396825
91 138 0.126482
91 139 0.00552486
92 43 0.0193548
92 44 0.0298507
92 45 0.137339
92 91 0.104839
92 93 0.0526316
92 137 0.0252101
92 138 0.309623
92 139 0.245509
92 140 0.0287081
93 45 0.0817308
93 46 0.146597
93 92 0.0526316
93 138 0.0186916
93 140 0.190217
94 47 0.0714286
94 141 0.00714286
94 142 0.0956522
95 48 0.291667
95 49 0.149254
95 50 0.13125
95 51 0.00549451
95 96 0.0106383
95 97 0.021978
95 141 0.0052356
95 142 0.060241
95 143 0.126374
95 144 0.101523
96 47 0.142857
96 48 0.254808
96 50 0.105
96 51 0.0900901
96 95 0.0106383
96 142 0.0436893
96 143 0.0315315
97 49 0.244048
97 50 0.216495
97 51 0.0601852
97 52 0.0506329
97 95 0.021978
97 98 0.0418848
97 99 0.088785
97 143 0.0138889
97 144 0.268398
97 145 0.209184
97 146 0.00653595
98 49 0.0629371
98 53 0.0217391
98 97 0.0418848
98 99 0.417989
98 145 0.146199
98 146 0.304688
99 51 0.00934579
99 52 0.106383
99 53 0.154589
99 54 0.0168539
99 97 0.088785
99 98 0.417989
99 100 0.00502513
99 144 0.00436681
99 145 0.113402
99 146 0.0397351
99 147 0.029703
99 148 0.0632184
100 52 0.036036
100 53 0.0360825
100 54 0.290909
100 99 0.00502513
100 101 0.13964
100 102 0.078125
100 147 0.375661
100 148 0.0434783
101 53 0.00869565
101 54 0.318408
101 55 0.171171
101 56 0.0607477
101 100 0.13964
101 102 0.258772
101 103 0.0675105
101 147 0.0222222
101 148 0.00507614
101 149 0.0157068
102 53 0.01
102 54 0.292398
102 55 0.0104167
102 56 0.00543478
102 100 0.078125
102 101 0.258772
102 103 0.15942
102 147 0.0153846
102 148 0.167665
102 149 0.0931677
102 150 0.00621118
103 55 0.0298507
103 56 0.124352
103 57 0.0909091
103 101 0.0675105
103 102 0.15942
103 104 0.214575
103 149 0.147059
103 150 0.111765
103 151 0.0913979
103 152 0.0138249
104 55 0.0517241
104 56 0.0892857
104 57 0.4875
104 58 0.0805085
104 103 0.214575
104 105 0.117371
104 106 0.0337079
104 149 0.00497512
104 150 0.0199005
104 151 0.0737327
104 152 0.0403226
104 153 0.0245902
105 57 0.205714
105 58 0.0116959
105 60 0.0114943
105 104 0.117371
105 106 0.29703
105 151 0.0855263
105 152 0.0382514
105 153 0.0893855
106 58 0.0133333
106 59 0.163934
106 60 0.140351
106 104 0.0337079
106 105 0.29703
106 151 0.00485437
106 152 0.0886076
106 153 0.0772532
107 59 0.113772
107 61 0.118056
107 62 0.0232558
107 108 0.0275862
107 109 0.0206186
107 154 0.282828
107 155 0.0530303
107 156 0.0559441
108 59 0.00952381
108 61 0.0106952
108 62 0.0697674
108 63 0.0744681
108 107 0.0275862
108 109 0.321429
108 110 0.00985222
108 155 0.04
108 156 0.311828
108 157 0.00617284
109 61 0.028777
109 62 0.101796
109 63 0.121429
109 107 0.0206186
109 108 0.321429
109 110 0.0258065
109 156 0.101449
110 61 0.00495049
110 62 0.0826087
110 63 0.157635
110 64 0.155914
110 108 0.00985222
110 109 0.0258065
110 111 0.255
110 112 0.0324324
110 155 0.00526316
110 156 0.00497512
110 157 0.129944
110 158 0.0410256
111 62 0.00943396
111 63 0.0378378
111 64 0.291667
111 65 0.296774
111 66 0.00568182
111 110 0.255
111 112 0.179641
111 157 0.213836
111 158 0.0338983
112 64 0.0326797
112 66 0.00621118
112 110 0.0324324
112 111 0.179641
112 114 0.0208333
112 157 0.00694444
112 158 0.148148
112 159 0.00662252
112 160 0.239726
113 65 0.018018
113 66 0.340909
113 114 0.0869565
113 115 0.0510949
113 160 0.017094
114 65 0.0151515
114 66 0.104575
114 68 0.00628931
114 112 0.0208333
114 113 0.0869565
114 115 0.0316456
114 116 0.0123457
114 160 0.5
115 66 0.0971429
115 67 0.0357143
115 68 0.149171
115 70 0.00904977
115 113 0.0510949
115 114 0.0316456
115 116 0.331522
115 163 0.0125786
116 68 0.205405
116 69 0.0294118
116 70 0.137778
116 114 0.0123457
116 115 0.331522
116 160 0.0121951
116 161 0.00520833
116 162 0.00591716
116 163 0.0797546
116 164 0.0430622
117 70 0.0487805
117 164 0.0202703
117 165 0.222222
117 166 0.0650406
117 167 0.0149254
118 69 0.0119522
118 70 0.0441176
118 71 0.132979
118 72 0.0218579
118 73 0.052381
118 121 0.0135135
118 164 0.015625
118 167 0.053719
119 166 0.236641
119 167 0.00704225
119 168 0.0148148
120 73 0.388889
120 74 0.0392157
120 75 0.0540541
120 121 0.144928
120 122 0.0070922
120 167 0.00632911
120 169 0.00645161
120 170 0.0070922
121 73 0.186667
121 74 0.0564972
121 75 0.104651
121 118 0.0135135
121 120 0.144928
121 166 0.0116959
121 167 0.0659341
121 168 0.297143
121 169 0.0893855
121 170 0.00606061
122 75 0.274286
122 120 0.0070922
122 123 0.00763359
122 169 0.043956
122 170 0.440476
123 75 0.123188
123 76 0.127517
123 77 0.0443038
123 78 0.0136054
123 122 0.00763359
123 124 0.0718563
123 169 0.0758621
123 170 0.0381679
123 172 0.22293
124 77 0.004329
124 123 0.0718563
124 125 0.00568182
124 127 0.0199005
124 169 0.0137615
124 170 0.00490196
124 171 0.243523
124 172 0.591304
124 173 0.00448431
125 77 0.137725
125 78 0.025641
125 79 0.00543478
125 124 0.00568182
125 126 0.0229885
125 127 0.218978
125 173 0.0251572
126 78 0.00917431
126 79 0.186992
126 80 0.0421687
126 125 0.0229885
126 127 0.0854271
126 128 0.0488889
126 173 0.434389
126 175 0.014218
127 77 0.109375
127 78 0.20442
127 79 0.0909091
127 124 0.0199005
127 125 0.218978
127 126 0.0854271
127 172 0.026178
127 173 0.320652
128 79 0.0468085
128 80 0.0451613
128 81 0.16
128 82 0.00442478
128 126 0.0488889
128 129 0.186916
128 130 0.101695
128 174 0.0174419
128 175 0.215
128 176 0.0315315
129 81 0.102857
129 82 0.00442478
129 83 0.0176211
129 84 0.00436681
129 128 0.186916
129 130 0.313559
129 131 0.055
129 174 0.0232558
129 175 0.05
129 176 0.193694
129 177 0.0625
129 178 0.0307018
130 81 0.0558376
130 82 0.193548
130 83 0.269076
130 84 0.0119522
130 128 0.101695
130 129 0.313559
130 131 0.0225225
130 175 0.00900901
130 177 0.0120482
130 178 0.032
131 84 0.111628
131 129 0.055
131 130 0.0225225
131 132 0.00512821
131 176 0.0336538
131 177 0.392308
131 178 0.336449
131 179 0.0247525
132 84 0.0267857
132 85 0.00448431
132 86 0.246479
132 131 0.00512821
132 133 0.00628931
132 178 0.0358744
132 179 0.488152
133 86 0.0824742
133 87 0.12069
133 132 0.00628931
133 134 0.0393258
133 179 0.0060241
133 180 0.192661
133 182 0.10989
134 87 0.0111111
134 88 0.104972
134 89 0.0219298
134 133 0.0393258
134 135 0.154206
134 136 0.025641
134 181 0.38191
134 182 0.154839
134 183 0.0758294
135 87 0.0263158
135 88 0.0392157
135 89 0.12
135 90 0.0614525
135 91 0.00446429
135 134 0.154206
135 136 0.281437
135 137 0.116822
135 181 0.0409357
135 182 0.0866142
135 183 0.0710383
136 88 0.0373134
136 89 0.0110497
136 90 0.15
136 91 0.146341
136 134 0.025641
136 135 0.281437
136 137 0.338462
136 138 0.107143
136 182 0.037037
137 89 0.00438596
137 90 0.400966
137 91 0.00396825
137 92 0.0252101
137 135 0.116822
137 136 0.338462
137 138 0.164609
137 139 0.0116959
137 183 0.0663507
137 184 0.0446927
137 185 0.0188679
138 90 0.125
138 91 0.126482
138 92 0.309623
138 93 0.0186916
138 136 0.107143
138 137 0.164609
138 139 0.0639535
138 184 0.0166667
138 185 0.105263
139 90 0.0220588
139 91 0.00552486
139 92 0.245509
139 137 0.0116959
139 138 0.0639535
139 140 0.0422535
139 184 0.0277778
139 185 0.0979381
139 186 0.0422535
139 187 0.0176471
140 92 0.0287081
140 93 0.190217
140 139 0.0422535
140 187 0.179245
141 94 0.00714286
141 95 0.0052356
141 142 0.220096
141 143 0.0266667
141 188 0.100478
141 189 0.285047
142 94 0.0956522
142 95 0.060241
142 96 0.0436893
142 141 0.220096
142 143 0.035
142 188 0.119565
142 189 0.0687831
142 190 0.00534759
143 95 0.126374
143 96 0.0315315
143 97 0.0138889
143 141 0.0266667
143 142 0.035
143 144 0.155844
143 188 0.005
143 189 0.107317
143 190 0.137931
144 95 0.101523
144 97 0.268398
144 99 0.00436681
144 143 0.155844
144 145 0.0710901
144 190 0.0550459
144 191 0.181818
145 97 0.209184
145 98 0.146199
145 99 0.113402
145 144 0.0710901
145 146 0.0526316
145 191 0.15942
145 192 0.111732
145 193 0.136646
146 97 0.00653595
146 98 0.304688
146 99 0.0397351
146 145 0.0526316
146 191 0.00609756
146 192 0.183824
146 193 0.0338983
146 194 0.00675676
147 99 0.029703
147 100 0.375661
147 101 0.0222222
147 102 0.0153846
147 148 0.182927
147 193 0.0118343
147 194 0.361809
147 195 0.0535714
147 197 0.00456621
148 99 0.0632184
148 100 0.0434783
148 101 0.00507614
148 102 0.167665
148 147 0.182927
148 193 0.0141844
148 194 0.140351
148 196 0.0555556
148 197 0.0104712
149 101 0.0157068
149 102 0.0931677
149 103 0.147059
149 104 0.00497512
149 150 0.129032
149 196 0.252874
149 197 0.113514
149 198 0.0543478
150 102 0.00621118
150 103 0.111765
150 104 0.0199005
150 149 0.129032
150 151 0.0428571
150 152 0.0292398
150 196 0.0344828
150 197 0.0108108
150 198 0.255435
150 199 0.0458015
151 103 0.0913979
151 104 0.0737327
151 105 0.0855263
151 106 0.00485437
151 150 0.0428571
151 152 0.181818
151 153 0.213115
151 198 0.11
151 199 0.0204082
152 103 0.0138249
152 104 0.0403226
152 105 0.0382514
152 106 0.0886076
152 150 0.0292398
152 151 0.181818
152 153 0.299065
152 198 0.025974
152 199 0.011236
152 200 0.251064
152 201 0.00520833
153 104 0.0245902
153 105 0.0893855
153 106 0.0772532
153 151 0.213115
153 152 0.299065
153 198 0.00440529
153 199 0.0172414
153 200 0.181818
153 201 0.0212766
154 107 0.282828
154 155 0.139535
154 156 0.00714286
154 200 0.0229885
154 201 0.335878
155 107 0.0530303
155 108 0.04
155 110 0.00526316
155 154 0.139535
155 156 0.312139
155 157 0.00671141
155 201 0.115854
155 202 0.0634921
155 203 0.164706
156 107 0.0559441
156 108 0.311828
156 109 0.101449
156 110 0.00497512
156 154 0.00714286
156 155 0.312139
156 201 0.0114286
156 202 0.211679
156 203 0.154696
157 108 0.00617284
157 110 0.129944
157 111 0.213836
157 112 0.00694444
157 155 0.00671141
157 158 0.038961
157 203 0.0509554
157 204 0.00970874
158 110 0.0410256
158 111 0.0338983
158 112 0.148148
158 157 0.038961
158 159 0.0931677
158 203 0.00571429
158 204 0.0165289
158 205 0.259887
158 206 0.266355
158 207 0.00497512
159 112 0.00662252
159 158 0.0931677
159 205 0.228916
159 206 0.512315
159 207 0.0842105
160 112 0.239726
160 113 0.017094
160 114 0.5
160 116 0.0121951
160 161 0.107143
160 162 0.0206897
160 163 0.00719424
160 207 0.0594595
160 208 0.0188679
160 209 0.0130719
161 116 0.00520833
161 160 0.107143
161 162 0.583815
161 163 0.251497
161 207 0.0140845
161 208 0.122995
161 209 0.0883978
162 116 0.00591716
162 160 0.0206897
162 161 0.583815
162 163 0.111111
162 207 0.0315789
162 208 0.097561
163 115 0.0125786
163 116 0.0797546
163 160 0.00719424
163 161 0.251497
163 162 0.111111
163 164 0.119565
163 208 0.0253165
163 209 0.315789
163 210 0.1
164 116 0.0430622
164 117 0.0202703
164 118 0.015625
164 163 0.119565
164 165 0.193548
164 209 0.0151515
164 210 0.243363
165 117 0.222222
165 164 0.193548
165 166 0.203125
165 167 0.211823
165 210 0.084507
165 211 0.010989
165 212 0.0949721
165 213 0.0787879
166 117 0.0650406
166 119 0.236641
166 121 0.0116959
166 165 0.203125
166 167 0.21466
166 168 0.0108696
166 212 0.161677
166 213 0.0915033
166 214 0.0322581
167 117 0.0149254
167 118 0.053719
167 119 0.00704225
167 120 0.00632911
167 121 0.0659341
167 165 0.211823
167 166 0.21466
167 168 0.0410256
167 213 0.0792683
167 214 0.0060241
168 119 0.0148148
168 121 0.297143
168 166 0.0108696
168 167 0.0410256
168 169 0.0729167
168 170 0.011236
168 214 0.433962
168 216 0.048951
168 218 0.0162162
169 120 0.00645161
169 121 0.0893855
169 122 0.043956
169 123 0.0758621
169 124 0.0137615
169 168 0.0729167
169 170 0.335165
169 172 0.00480769
169 216 0.0680272
169 217 0.00483092
169 218 0.222222
170 120 0.0070922
170 121 0.00606061
170 122 0.440476
170 123 0.0381679
170 124 0.00490196
170 168 0.011236
170 169 0.335165
170 171 0.00636943
170 172 0.00515464
170 216 0.0075188
170 218 0.0171429
171 124 0.243523
171 170 0.00636943
171 172 0.0765027
171 217 0.456044
171 221 0.00769231
172 123 0.22293
172 124 0.591304
172 127 0.026178
172 169 0.00480769
172 170 0.00515464
172 171 0.0765027
172 173 0.0187793
172 216 0.0188679
172 217 0.0273973
172 218 0.0597015
172 219 0.015873
172 221 0.0359281
173 124 0.00448431
173 125 0.0251572
173 126 0.434389
173 127 0.320652
173 172 0.0187793
173 174 0.00595238
173 175 0.0153061
173 219 0.109244
173 221 0.10625
173 222 0.00546448
174 128 0.0174419
174 129 0.0232558
174 173 0.00595238
174 175 0.525316
174 176 0.0111111
174 221 0.00819672
174 222 0.0965517
175 126 0.014218
175 128 0.215
175 129 0.05
175 130 0.00900901
175 173 0.0153061
175 174 0.525316
175 176 0.158654
175 221 0.00666667
175 222 0.17341
176 128 0.0315315
176 129 0.193694
176 131 0.0336538
176 174 0.0111111
176 175 0.158654
176 177 0.0131579
176 178 0.00423729
176 222 0.153846
176 223 0.0333333
176 224 0.169421
177 129 0.0625
177 130 0.0120482
177 131 0.392308
177 176 0.0131579
177 178 0.0759494
177 224 0.0182927
178 129 0.0307018
178 130 0.032
178 131 0.336449
178 132 0.0358744
178 176 0.00423729
178 177 0.0759494
178 179 0.156522
178 224 0.0443548
178 225 0.09375
179 131 0.0247525
179 132 0.488152
179 133 0.0060241
179 178 0.156522
179 225 0.0330189
179 226 0.0223464
180 133 0.192661
180 181 0.00769231
180 182 0.0697674
180 226 0.139344
180 228 0.0135135
180 229 0.0316456
181 134 0.38191
181 135 0.0409357
181 180 0.00769231
181 182 0.0714286
181 227 0.419048
181 229 0.152174
182 133 0.10989
182 134 0.154839
182 135 0.0866142
182 136 0.037037
182 180 0.0697674
182 181 0.0714286
182 183 0.0645161
182 227 0.0163934
182 229 0.05
182 231 0.0125
183 134 0.0758294
183 135 0.0710383
183 137 0.0663507
183 182 0.0645161
183 184 0.00675676
183 229 0.153061
183 231 0.402778
183 232 0.0829016
184 137 0.0446927
184 138 0.0166667
184 139 0.0277778
184 183 0.00675676
184 185 0.0742574
184 230 0.0613497
184 231 0.0543478
184 232 0.21118
185 137 0.0188679
185 138 0.105263
185 139 0.0979381
185 184 0.0742574
185 186 0.271186
185 187 0.0757576
185 230 0.00803213
185 232 0.222672
185 233 0.190955
185 234 0.015873
186 139 0.0422535
186 185 0.271186
186 187 0.311321
186 233 0.0816327
186 234 0.165
187 139 0.0176471
187 140 0.179245
187 185 0.0757576
187 186 0.311321
187 233 0.154286
187 234 0.0350877
188 141 0.100478
188 142 0.119565
188 143 0.005
188 189 0.301587
188 190 0.0213904
188 235 0.218085
188 236 0.0310559
189 141 0.285047
189 142 0.0687831
189 143 0.107317
189 188 0.301587
189 190 0.0104167
189 235 0.0466321
189 237 0.0938967
190 142 0.00534759
190 143 0.137931
190 144 0.0550459
190 188 0.0213904
190 189 0.0104167
190 191 0.149533
190 235 0.026178
190 236 0.146341
190 237 0.317536
190 238 0.037037
191 144 0.181818
191 145 0.15942
191 146 0.00609756
191 190 0.149533
191 192 0.047619
191 193 0.00520833
191 237 0.0808511
191 238 0.309859
192 145 0.111732
192 146 0.183824
192 191 0.047619
192 193 0.103659
192 238 0.216216
192 239 0.346821
192 241 0.0434783
193 145 0.136646
193 146 0.0338983
193 147 0.0118343
193 148 0.0141844
193 191 0.00520833
193 192 0.103659
193 194 0.0909091
193 238 0.00598802
193 239 0.0258065
193 241 0.379518
194 146 0.00675676
194 147 0.361809
194 148 0.140351
194 193 0.0909091
194 195 0.0514286
194 197 0.0176991
194 240 0.00540541
194 241 0.367347
194 242 0.115942
194 243 0.00552486
195 147 0.0535714
195 194 0.0514286
195 196 0.0652174
195 197 0.14359
195 240 0.012987
195 241 0.0545455
195 242 0.323864
196 148 0.0555556
196 149 0.252874
196 150 0.0344828
196 195 0.0652174
196 197 0.442553
196 198 0.0811966
196 242 0.00925926
196 243 0.115789
196 244 0.09
197 147 0.00456621
197 148 0.0104712
197 149 0.113514
197 150 0.0108108
197 194 0.0176991
197 195 0.14359
197 196 0.442553
197 198 0.0163265
197 242 0.0176211
197 243 0.0696517
197 244 0.0236967
198 149 0.0543478
198 150 0.255435
198 151 0.11
198 152 0.025974
198 153 0.00440529
198 196 0.0811966
198 197 0.0163265
198 199 0.0837696
198 243 0.03
198 244 0.209524
198 245 0.0271493
198 246 0.232143
199 150 0.0458015
199 151 0.0204082
199 152 0.011236
199 153 0.0172414
199 198 0.0837696
199 200 0.0666667
199 244 0.0127389
199 245 0.00595238
199 246 0.169591
199 247 0.0238095
200 152 0.251064
200 153 0.181818
200 154 0.0229885
200 199 0.0666667
200 201 0.248804
200 247 0.173333
200 248 0.0220994
201 152 0.00520833
201 153 0.0212766
201 154 0.335878
201 155 0.115854
201 156 0.0114286
201 200 0.248804
201 247 0.032967
201 248 0.181159
201 249 0.0163934
201 250 0.0314136
202 155 0.0634921
202 156 0.211679
202 203 0.00746269
203 155 0.164706
203 156 0.154696
203 157 0.0509554
203 158 0.00571429
203 202 0.00746269
203 250 0.0203046
203 251 0.157143
204 157 0.00970874
204 158 0.0165289
204 205 0.031746
204 251 0.333333
205 158 0.259887
205 159 0.228916
205 204 0.031746
205 206 0.16895
205 207 0.00485437
205 251 0.0283019
205 252 0.224599
205 253 0.0956938
206 158 0.266355
206 159 0.512315
206 205 0.16895
206 207 0.197531
206 208 0.00921659
206 252 0.03125
206 253 0.0325203
206 254 0.00952381
207 158 0.00497512
207 159 0.0842105
207 160 0.0594595
207 161 0.0140845
207 162 0.0315789
207 205 0.00485437
207 206 0.197531
207 208 0.279412
207 209 0.0151515
207 252 0.0189573
207 253 0.145923
207 254 0.19797
207 255 0.00925926
208 160 0.0188679
208 161 0.122995
208 162 0.097561
208 163 0.0253165
208 206 0.00921659
208 207 0.279412
208 209 0.261628
208 253 0.0144928
208 254 0.239766
208 255 0.0368421
208 256 0.0205479
208 257 0.0342857
209 160 0.0130719
209 161 0.0883978
209 163 0.315789
209 164 0.0151515
209 207 0.0151515
209 208 0.261628
209 210 0.103093
209 254 0.030303
209 255 0.141304
209 256 0.15
209 257 0.0828402
209 258 0.0160428
210 163 0.1
210 164 0.243363
210 165 0.084507
210 209 0.103093
210 211 0.0994764
210 255 0.00943396
210 256 0.077381
210 258 0.4
210 259 0.0106952
211 165 0.010989
211 210 0.0994764
211 212 0.121019
211 256 0.175182
211 257 0.0060241
211 258 0.298913
211 259 0.166667
212 165 0.0949721
212 166 0.161677
212 211 0.121019
212 213 0.0428571
212 258 0.0994475
212 259 0.27451
212 260 0.0331492
213 165 0.0787879
213 166 0.0915033
213 167 0.0792683
213 212 0.0428571
213 214 0.015625
213 260 0.167665
213 261 0.0410959
213 262 0.0872093
214 166 0.0322581
214 167 0.0060241
214 168 0.433962
214 213 0.015625
214 215 0.0294118
214 216 0.0350877
214 261 0.0135135
214 262 0.0862069
214 263 0.423077
215 214 0.0294118
215 216 0.0116279
215 262 0.0273973
215 263 0.352941
215 264 0.0952381
216 168 0.048951
216 169 0.0680272
216 170 0.0075188
216 172 0.0188679
216 214 0.0350877
216 215 0.0116279
216 217 0.00632911
216 218 0.35
216 263 0.0877193
216 264 0.102564
216 265 0.0206897
217 169 0.00483092
217 171 0.456044
217 172 0.0273973
217 216 0.00632911
217 218 0.005
217 221 0.0120482
217 265 0.317073
217 267 0.0414938
218 168 0.0162162
218 169 0.222222
218 170 0.0171429
218 172 0.0597015
218 216 0.35
218 217 0.005
218 263 0.0192308
218 264 0.220126
218 265 0.128342
218 266 0.00571429
219 172 0.015873
219 173 0.109244
219 221 0.164384
219 267 0.0135135
220 221 0.0609756
220 222 0.0427807
220 267 0.535565
220 268 0.0408163
220 269 0.00452489
221 171 0.00769231
221 172 0.0359281
221 173 0.10625
221 174 0.00819672
221 175 0.00666667
221 217 0.0120482
221 219 0.164384
221 220 0.0609756
221 265 0.0457516
221 266 0.0070922
221 267 0.333333
221 268 0.00684932
222 173 0.00546448
222 174 0.0965517
222 175 0.17341
222 176 0.153846
222 220 0.0427807
222 223 0.00487805
222 267 0.0235849
222 268 0.0236686
222 269 0.201031
223 176 0.0333333
223 222 0.00487805
223 224 0.31746
223 269 0.121339
223 270 0.4
223 272 0.0408163
224 176 0.169421
224 177 0.0182927
224 178 0.0443548
224 223 0.31746
224 225 0.130435
224 270 0.0160428
224 272 0.182186
225 178 0.09375
225 179 0.0330189
225 224 0.130435
225 226 0.219653
225 272 0.206278
225 274 0.0157895
226 179 0.0223464
226 180 0.139344
226 225 0.219653
226 228 0.0120482
226 272 0.0631579
226 273 0.0168067
226 274 0.0191083
227 181 0.419048
227 182 0.0163934
227 229 0.0075188
228 180 0.0135135
228 226 0.0120482
228 229 0.19802
228 231 0.0045045
228 273 0.0137931
228 274 0.251366
228 275 0.395122
228 276 0.0710901
228 277 0.0878049
229 180 0.0316456
229 181 0.152174
229 182 0.05
229 183 0.153061
229 227 0.0075188
229 228 0.19802
229 231 0.00862069
229 274 0.170984
229 275 0.027907
229 277 0.055814
230 184 0.0613497
230 185 0.00803213
230 231 0.0865801
230 232 0.153846
230 277 0.163551
230 278 0.125
230 279 0.029661
230 280 0.0833333
231 182 0.0125
231 183 0.402778
231 184 0.0543478
231 228 0.0045045
231 229 0.00862069
231 230 0.0865801
231 232 0.161572
231 276 0.0539419
231 277 0.208511
232 183 0.0829016
232 184 0.21118
232 185 0.222672
232 230 0.153846
232 231 0.161572
232 233 0.0379747
232 279 0.0512821
232 280 0.0211268
233 185 0.190955
233 186 0.0816327
233 187 0.154286
233 232 0.0379747
233 234 0.122699
233 279 0.0860215
233 280 0.0425532
233 281 0.0189873
234 185 0.015873
234 186 0.165
234 187 0.0350877
234 233 0.122699
234 279 0.0251046
234 281 0.218009
235 188 0.218085
235 189 0.0466321
235 190 0.026178
235 236 0.163636
235 237 0.00471698
235 282 0.277778
235 283 0.185714
236 188 0.0310559
236 190 0.146341
236 235 0.163636
236 237 0.0864865
236 282 0.0814815
236 283 0.0327869
236 284 0.115385
236 285 0.0178571
237 189 0.0938967
237 190 0.317536
237 191 0.0808511
237 235 0.00471698
237 236 0.0864865
237 238 0.00952381
237 283 0.152174
237 284 0.122271
237 285 0.0372093
238 190 0.037037
238 191 0.309859
238 192 0.216216
238 193 0.00598802
238 237 0.00952381
238 239 0.113636
238 284 0.0434783
238 285 0.253886
239 192 0.346821
239 193 0.0258065
239 238 0.113636
239 240 0.0182927
239 241 0.00571429
239 285 0.0276243
239 286 0.0431655
240 194 0.00540541
240 195 0.012987
240 239 0.0182927
240 241 0.0114286
240 242 0.193548
240 286 0.395683
240 287 0.350746
240 288 0.08
240 289 0.144385
241 192 0.0434783
241 193 0.379518
241 194 0.367347
241 195 0.0545455
241 239 0.00571429
241 240 0.0114286
241 242 0.121827
241 243 0.0233918
241 286 0.02
241 287 0.00689655
241 288 0.0698925
242 194 0.115942
242 195 0.323864
242 196 0.00925926
242 197 0.0176211
242 240 0.193548
242 241 0.121827
242 243 0.0384615
242 286 0.068323
242 287 0.0128205
242 288 0.340102
242 289 0.253589
242 291 0.0777202
243 194 0.00552486
243 196 0.115789
243 197 0.0696517
243 198 0.03
243 241 0.0233918
243 242 0.0384615
243 244 0.150602
243 288 0.0175439
243 289 0.0273224
243 290 0.291971
243 291 0.161677
243 292 0.0198676
244 196 0.09
244 197 0.0236967
244 198 0.209524
244 199 0.0127389
244 243 0.150602
244 245 0.128342
244 246 0.142105
244 290 0.176871
244 291 0.079096
244 292 0.0621118
245 198 0.0271493
245 199 0.00595238
245 244 0.128342
245 246 0.154229
245 290 0.0379747
245 291 0.0531915
245 292 0.209302
246 198 0.232143
246 199 0.169591
246 244 0.142105
246 245 0.154229
246 247 0.00497512
246 290 0.0124224
246 293 0.00549451
246 294 0.05
247 199 0.0238095
247 200 0.173333
247 201 0.032967
247 246 0.00497512
247 248 0.0324675
247 249 0.0301508
247 293 0.0335196
247 294 0.324895
247 295 0.00609756
248 200 0.0220994
248 201 0.181159
248 247 0.0324675
248 249 0.109677
248 250 0.0306748
248 293 0.0518519
248 294 0.0414508
248 295 0.0166667
248 296 0.0144928
249 201 0.0163934
249 247 0.0301508
249 248 0.109677
249 250 0.447115
249 251 0.0180995
249 293 0.0277778
249 294 0.130252
249 295 0.10303
249 296 0.0218579
249 297 0.0875576
249 298 0.027027
250 201 0.0314136
250 203 0.0203046
250 248 0.0306748
250 249 0.447115
250 251 0.0742358
250 294 0.0121951
250 295 0.00578035
250 296 0.157068
250 297 0.257778
250 298 0.0310881
251 203 0.157143
251 204 0.333333
251 205 0.0283019
251 249 0.0180995
251 250 0.0742358
251 252 0.00460829
251 296 0.0147059
251 297 0.0840336
251 299 0.0204082
252 205 0.224599
252 206 0.03125
252 207 0.0189573
252 251 0.00460829
252 253 0.471963
252 254 0.00561798
252 300 0.0107527
253 205 0.0956938
253 206 0.0325203
253 207 0.145923
253 208 0.0144928
253 252 0.471963
253 254 0.055
253 300 0.0192308
254 206 0.00952381
254 207 0.19797
254 208 0.239766
254 209 0.030303
254 252 0.00561798
254 253 0.055
254 255 0.234973
254 257 0.00595238
254 301 0.0165746
255 207 0.00925926
255 208 0.0368421
255 209 0.141304
255 210 0.00943396
255 254 0.234973
255 256 0.202532
255 257 0.181818
255 301 0.035
255 302 0.016
255 303 0.00966184
256 208 0.0205479
256 209 0.15
256 210 0.077381
256 211 0.175182
256 255 0.202532
256 257 0.027972
256 258 0.0807453
256 302 0.0864198
256 303 0.00613497
257 208 0.0342857
257 209 0.0828402
257 211 0.0060241
257 254 0.00595238
257 255 0.181818
257 256 0.027972
257 258 0.0105263
257 301 0.00540541
257 303 0.447917
257 304 0.00641026
257 305 0.157303
258 209 0.0160428
258 210 0.4
258 211 0.298913
258 212 0.0994475
258 256 0.0807453
258 257 0.0105263
258 259 0.0333333
258 303 0.0142857
258 305 0.0102041
259 210 0.0106952
259 211 0.166667
259 212 0.27451
259 258 0.0333333
259 260 0.0111111
259 306 0.0172414
259 308 0.0617978
260 212 0.0331492
260 213 0.167665
260 259 0.0111111
260 261 0.0374332
260 262 0.131455
260 306 0.0742574
260 307 0.0391061
260 308 0.339806
260 309 0.02
261 213 0.0410959
261 214 0.0135135
261 260 0.0374332
261 262 0.479167
261 310 0.00454545
261 311 0.00746269
262 213 0.0872093
262 214 0.0862069
262 215 0.0273973
262 260 0.131455
262 261 0.479167
262 263 0.0344828
262 308 0.00473934
262 310 0.0569106
263 214 0.423077
263 215 0.352941
263 216 0.0877193
263 218 0.0192308
263 262 0.0344828
263 264 0.0676692
264 215 0.0952381
264 216 0.102564
264 218 0.220126
264 263 0.0676692
264 265 0.109756
264 266 0.105263
264 310 0.0731707
264 311 0.00840336
264 312 0.0130719
264 313 0.0170455
265 216 0.0206897
265 217 0.317073
265 218 0.128342
265 221 0.0457516
265 264 0.109756
265 266 0.0222222
265 267 0.0131579
265 310 0.0128755
265 311 0.00680272
265 312 0.154696
265 313 0.122549
266 218 0.00571429
266 221 0.0070922
266 264 0.105263
266 265 0.0222222
266 312 0.0295858
266 313 0.411458
267 217 0.0414938
267 219 0.0135135
267 220 0.535565
267 221 0.333333
267 222 0.0235849
267 265 0.0131579
267 268 0.00904977
267 313 0.0333333
267 314 0.171103
267 315 0.00970874
268 220 0.0408163
268 221 0.00684932
268 222 0.0236686
268 267 0.00904977
268 269 0.182266
268 314 0.163636
268 315 0.122699
268 316 0.141176
268 317 0.005
269 220 0.00452489
269 222 0.201031
269 223 0.121339
269 268 0.182266
269 270 0.143678
269 317 0.00444444
270 223 0.4
270 224 0.0160428
270 269 0.143678
271 272 0.304598
271 273 0.174757
271 319 0.0243902
271 320 0.00826446
271 321 0.025
272 223 0.0408163
272 224 0.182186
272 225 0.206278
272 226 0.0631579
272 271 0.304598
272 273 0.00591716
273 226 0.0168067
273 228 0.0137931
273 271 0.174757
273 272 0.00591716
273 274 0.0367647
273 275 0.0506329
273 319 0.00628931
273 320 0.0258621
273 321 0.0933333
273 322 0.0431034
274 225 0.0157895
274 226 0.0191083
274 228 0.251366
274 229 0.170984
274 273 0.0367647
274 275 0.153061
274 276 0.00495049
274 320 0.00649351
274 322 0.012987
275 228 0.395122
275 229 0.027907
275 273 0.0506329
275 274 0.153061
275 276 0.0669643
275 320 0.375
275 321 0.0148148
275 322 0.0568182
276 228 0.0710901
276 231 0.0539419
276 274 0.00495049
276 275 0.0669643
276 277 0.214286
276 320 0.021978
276 322 0.0274725
276 323 0.38914
276 324 0.0703518
276 325 0.0287081
277 228 0.0878049
277 229 0.055814
277 230 0.163551
277 231 0.208511
277 276 0.214286
277 323 0.055814
277 325 0.0788177
278 230 0.125
278 279 0.0185185
278 280 0.0571429
278 325 0.016
278 326 0.0512821
278 327 0.010989
279 230 0.029661
279 232 0.0512821
279 233 0.0860215
279 234 0.0251046
279 278 0.0185185
279 280 0.0764706
279 281 0.25641
279 325 0.00444444
279 326 0.351562
279 328 0.0823045
280 230 0.0833333
280 232 0.0211268
280 233 0.0425532
280 278 0.0571429
280 279 0.0764706
280 281 0.028169
280 326 0.0182927
281 233 0.0189873
281 234 0.218009
281 279 0.25641
281 280 0.028169
281 326 0.0394737
281 327 0.122699
281 328 0.148837
282 235 0.277778
282 236 0.0814815
282 283 0.0222222
282 329 0.167785
282 330 0.223529
282 331 0.0643275
283 235 0.185714
283 236 0.0327869
283 237 0.152174
283 282 0.0222222
283 284 0.0440529
283 329 0.147208
283 330 0.165138
283 331 0.0913242
284 236 0.115385
284 237 0.122271
284 238 0.0434783
284 283 0.0440529
284 285 0.311321
284 330 0.0230415
284 331 0.174312
284 332 0.0103627
285 236 0.0178571
285 237 0.0372093
285 238 0.253886
285 239 0.0276243
285 284 0.311321
285 287 0.00662252
285 332 0.273743
285 333 0.00613497
285 334 0.00515464
286 239 0.0431655
286 240 0.395683
286 241 0.02
286 242 0.068323
286 287 0.155963
286 288 0.213333
286 289 0.0740741
286 332 0.0364963
286 333 0.140496
286 334 0.125
287 240 0.350746
287 241 0.00689655
287 242 0.0128205
287 285 0.00662252
287 286 0.155963
287 288 0.0344828
287 289 0.0636943
287 332 0.0151515
287 333 0.0603448
287 334 0.217687
287 335 0.0991736
288 240 0.08
288 241 0.0698925
288 242 0.340102
288 243 0.0175439
288 286 0.213333
288 287 0.0344828
288 289 0.131313
288 291 0.0164835
288 333 0.044586
288 334 0.0265957
288 335 0.00617284
288 336 0.0431655
288 337 0.0628571
289 240 0.144385
289 242 0.253589
289 243 0.0273224
289 286 0.0740741
289 287 0.0636943
289 288 0.131313
289 291 0.0876289
289 334 0.035
289 335 0.16092
289 336 0.0198676
289 337 0.0641711
290 243 0.291971
290 244 0.176871
290 245 0.0379747
290 246 0.0124224
290 291 0.027027
290 292 0.030303
290 336 0.00952381
290 338 0.0758621
290 340 0.0140845
291 242 0.0777202
291 243 0.161677
291 244 0.079096
291 245 0.0531915
291 288 0.0164835
291 289 0.0876289
291 290 0.027027
291 292 0.228395
291 336 0.0592593
291 337 0.304094
291 338 0.0514286
291 339 0.0343137
292 243 0.0198676
292 244 0.0621118
292 245 0.209302
292 290 0.030303
292 291 0.228395
292 336 0.0420168
292 337 0.0387097
292 338 0.0314465
292 339 0.148936
293 246 0.00549451
293 247 0.0335196
293 248 0.0518519
293 249 0.0277778
293 294 0.284404
293 295 0.331034
293 340 0.0981595
293 341 0.0549451
293 342 0.0797546
293 343 0.0145985
293 344 0.0197368
294 246 0.05
294 247 0.324895
294 248 0.0414508
294 249 0.130252
294 250 0.0121951
294 293 0.284404
294 295 0.0246305
294 340 0.00904977
294 341 0.0541667
295 247 0.00609756
295 248 0.0166667
295 249 0.10303
295 250 0.00578035
295 293 0.331034
295 294 0.0246305
295 340 0.0202703
295 341 0.011976
295 342 0.0810811
295 343 0.0737705
295 344 0.182482
296 248 0.0144928
296 249 0.0218579
