0 1 0.0879121
0 31 0.0992366
0 32 0.0866142
0 63 0.0352113
1 0 0.0879121
1 2 0.155844
1 3 0.0634921
1 31 0.0519481
1 32 0.173333
1 33 0.103261
1 35 0.0213904
1 63 0.0181818
2 1 0.155844
2 3 0.409639
2 32 0.184211
2 33 0.0491071
2 35 0.0132159
3 1 0.0634921
3 2 0.409639
3 4 0.0740741
3 5 0.104839
3 34 0.0448718
3 35 0.0150754
3 37 0.023622
4 3 0.0740741
4 5 0.0638298
4 34 0.0238095
4 35 0.00591716
4 36 0.0409836
4 37 0.175258
4 38 0.0444444
4 67 0.0136986
5 3 0.104839
5 4 0.0638298
5 6 0.049505
5 34 0.00704225
5 36 0.00724638
5 37 0.40708
5 38 0.0198676
5 67 0.0561798
6 5 0.049505
6 7 0.118919
6 8 0.0588235
6 36 0.00775194
6 37 0.115385
6 38 0.161972
6 39 0.0197368
6 67 0.0125
7 6 0.118919
7 8 0.207547
7 9 0.00534759
7 38 0.191489
7 39 0.269388
7 67 0.0867052
7 68 0.021978
7 69 0.00961538
7 70 0.108911
8 6 0.0588235
8 7 0.207547
8 9 0.0495868
8 38 0.00591716
8 39 0.178771
9 7 0.00534759
9 8 0.0495868
9 10 0.188525
9 39 0.0974026
9 40 0.487603
9 70 0.027027
9 71 0.0378788
9 73 0.0182927
10 9 0.188525
10 11 0.0204082
10 12 0.117647
10 40 0.0272109
10 41 0.346457
10 42 0.0378788
10 44 0.0299401
10 73 0.0368421
11 10 0.0204082
11 12 0.42963
11 41 0.0238095
11 42 0.374046
11 43 0.258741
11 44 0.0783133
11 73 0.015873
11 74 0.107383
11 75 0.0306748
12 10 0.117647
12 11 0.42963
12 13 0.00699301
12 41 0.026087
12 42 0.1
12 43 0.0909091
12 44 0.264516
12 73 0.0449438
12 74 0.115942
12 75 0.0131579
13 12 0.00699301
13 14 0.403101
13 15 0.145695
13 16 0.0704225
13 43 0.00662252
13 44 0.155172
13 45 0.0737327
13 74 0.0191083
13 76 0.00595238
14 13 0.403101
14 15 0.0423729
14 16 0.0825688
14 44 0.035461
14 45 0.0434783
14 76 0.0296296
15 13 0.145695
15 14 0.0423729
15 16 0.0839695
15 43 0.0357143
15 44 0.00613497
15 45 0.300971
15 46 0.152174
15 74 0.0616438
15 75 0.025
15 76 0.11465
16 13 0.0704225
16 14 0.0825688
16 15 0.0839695
16 17 0.0430108
16 45 0.0101523
16 46 0.0232558
16 47 0.195652
17 16 0.0430108
17 18 0.122302
17 47 0.155963
17 48 0.0747664
17 78 0.0735294
18 17 0.122302
18 19 0.318182
18 20 0.0257732
18 48 0.10989
18 49 0.110526
18 50 0.165803
18 80 0.0176211
19 18 0.318182
19 20 0.230337
19 48 0.0240964
19 49 0.0172414
19 50 0.0338983
19 51 0.0452261
20 18 0.0257732
20 19 0.230337
20 21 0.0789474
20 22 0.0220994
20 49 0.0352941
20 50 0.138728
20 51 0.235897
21 20 0.0789474
21 22 0.0691824
21 51 0.231214
21 52 0.139344
21 53 0.00961538
22 20 0.0220994
22 21 0.0691824
22 23 0.295455
22 51 0.0148515
22 52 0.00662252
22 54 0.286432
22 55 0.0101523
22 83 0.00595238
23 22 0.295455
23 24 0.0443038
23 52 0.0143885
23 54 0.0213904
23 55 0.232432
23 87 0.00529101
24 23 0.0443038
24 25 0.280576
24 26 0.18
24 55 0.0670391
24 87 0.15847
25 24 0.280576
25 26 0.19708
25 27 0.0212766
25 55 0.0120482
25 56 0.0119048
25 57 0.0423729
25 87 0.0411765
26 24 0.18
26 25 0.19708
26 27 0.217105
26 28 0.0654762
26 56 0.027933
26 57 0.0155039
26 58 0.106952
26 87 0.0497238
27 25 0.0212766
27 26 0.217105
27 28 0.0988372
27 56 0.0327869
27 57 0.150376
27 58 0.151832
28 26 0.0654762
28 27 0.0988372
28 29 0.00581395
28 58 0.0966184
28 59 0.21978
28 60 0.0108108
28 90 0.135294
29 28 0.00581395
29 30 0.162393
29 59 0.114458
29 60 0.248521
29 90 0.00649351
29 91 0.0675676
30 29 0.162393
30 60 0.0923077
31 0 0.0992366
31 1 0.0519481
31 32 0.0684211
31 33 0.0401786
31 62 0.0599078
31 63 0.565854
31 93 0.0100503
32 0 0.0866142
32 1 0.173333
32 2 0.184211
32 31 0.0684211
32 33 0.345455
32 35 0.00448431
32 63 0.109453
32 64 0.0545455
32 95 0.00460829
33 1 0.103261
33 2 0.0491071
33 31 0.0401786
33 32 0.345455
33 34 0.0140187
33 35 0.108949
33 62 0.0323887
33 63 0.140426
33 64 0.23622
33 93 0.0611354
33 94 0.00900901
33 95 0.131474
34 3 0.0448718
34 4 0.0238095
34 5 0.00704225
34 33 0.0140187
34 35 0.525346
34 36 0.0588235
34 37 0.0206897
34 64 0.0560748
34 65 0.125
34 66 0.0430622
34 95 0.014218
35 1 0.0213904
35 2 0.0132159
35 3 0.0150754
35 4 0.00591716
35 32 0.00448431
35 33 0.108949
35 34 0.525346
35 36 0.0140845
35 37 0.0212766
35 64 0.18677
35 65 0.092511
35 66 0.0515873
35 95 0.145669
36 4 0.0409836
36 5 0.00724638
36 6 0.00775194
36 34 0.0588235
36 35 0.0140845
36 37 0.0496454
36 38 0.139665
36 65 0.0388889
36 66 0.131707
36 67 0.0769231
36 68 0.0396825
36 99 0.0965517
37 3 0.023622
37 4 0.175258
37 5 0.40708
37 6 0.115385
37 34 0.0206897
37 35 0.0212766
37 36 0.0496454
37 38 0.0324675
37 67 0.0217391
38 4 0.0444444
38 5 0.0198676
38 6 0.161972
38 7 0.191489
38 8 0.00591716
38 36 0.139665
38 37 0.0324675
38 39 0.019802
38 67 0.0846154
38 68 0.0215827
39 6 0.0197368
39 7 0.269388
39 8 0.178771
39 9 0.0974026
39 38 0.019802
39 40 0.0167598
39 70 0.0591716
39 102 0.00990099
40 9 0.487603
40 10 0.0272109
40 39 0.0167598
40 71 0.369427
40 72 0.023622
40 73 0.010582
40 102 0.0769231
41 10 0.346457
41 11 0.0238095
41 12 0.026087
41 42 0.018018
41 44 0.0342466
41 72 0.00934579
41 73 0.207101
41 105 0.0136986
42 10 0.0378788
42 11 0.374046
42 12 0.1
42 41 0.018018
42 43 0.140625
42 44 0.10596
42 72 0.0178571
42 73 0.172414
42 74 0.119403
42 75 0.0878378
42 105 0.119205
43 11 0.258741
43 12 0.0909091
43 13 0.00662252
43 15 0.0357143
43 42 0.140625
43 44 0.0858896
43 45 0.00485437
43 73 0.0107527
43 74 0.445205
43 75 0.10625
43 105 0.0245399
44 10 0.0299401
44 11 0.0783133
44 12 0.264516
44 13 0.155172
44 14 0.035461
44 15 0.00613497
44 41 0.0342466
44 42 0.10596
44 43 0.0858896
44 45 0.00436681
44 73 0.00478469
44 74 0.224852
44 75 0.0163934
44 76 0.00555556
44 105 0.0752688
45 13 0.0737327
45 14 0.0434783
45 15 0.300971
45 16 0.0101523
45 43 0.00485437
45 44 0.00436681
45 46 0.0392157
45 74 0.0471698
45 75 0.176991
45 76 0.515695
45 77 0.00900901
45 105 0.0218341
45 106 0.00813008
45 108 0.097561
46 15 0.152174
46 16 0.0232558
46 45 0.0392157
46 47 0.255172
46 76 0.00645161
46 77 0.0844156
46 79 0.0610329
46 108 0.0875912
46 109 0.0147783
47 16 0.195652
47 17 0.155963
47 46 0.255172
47 48 0.00657895
47 78 0.150442
47 79 0.027027
47 108 0.00684932
48 17 0.0747664
48 18 0.10989
48 19 0.0240964
48 47 0.00657895
48 49 0.0316456
48 50 0.00621118
48 78 0.189189
48 80 0.261538
48 110 0.0373832
48 111 0.037594
48 112 0.0460526
49 18 0.110526
49 19 0.0172414
49 20 0.0352941
49 48 0.0316456
49 50 0.0887574
49 51 0.0575916
49 80 0.374384
49 81 0.0663265
49 112 0.04375
49 113 0.0274725
50 18 0.165803
50 19 0.0338983
50 20 0.138728
50 48 0.00621118
50 49 0.0887574
50 51 0.134021
50 80 0.11165
50 81 0.080402
50 82 0.00518135
50 83 0.0125
50 113 0.0108108
51 19 0.0452261
51 20 0.235897
51 21 0.231214
51 22 0.0148515
51 49 0.0575916
51 50 0.134021
51 52 0.0242424
51 80 0.00438596
51 81 0.0226244
51 82 0.0651163
51 83 0.0384615
52 21 0.139344
52 22 0.00662252
52 23 0.0143885
52 51 0.0242424
52 53 0.447917
52 54 0.0308642
52 82 0.0365854
52 83 0.21374
52 84 0.015544
53 21 0.00961538
53 52 0.447917
53 54 0.0833333
53 81 0.00657895
53 82 0.00684932
53 83 0.141593
54 22 0.286432
54 23 0.0213904
54 52 0.0308642
54 53 0.0833333
54 55 0.177885
54 83 0.0670391
54 84 0.0871369
54 115 0.140187
55 22 0.0101523
55 23 0.232432
55 24 0.0670391
55 25 0.0120482
55 54 0.177885
55 56 0.0288462
55 84 0.0878661
55 85 0.00657895
55 87 0.195238
55 115 0.0283019
56 25 0.0119048
56 26 0.027933
56 27 0.0327869
56 55 0.0288462
56 57 0.26875
56 58 0.142202
56 86 0.104651
56 87 0.150943
56 88 0.102804
56 89 0.0114943
56 118 0.019802
57 25 0.0423729
57 26 0.0155039
57 27 0.150376
57 56 0.26875
57 58 0.0416667
57 86 0.0245902
57 87 0.037037
57 89 0.0403226
58 26 0.106952
58 27 0.151832
58 28 0.0966184
58 56 0.142202
58 57 0.0416667
58 87 0.0136364
58 88 0.027027
58 89 0.153846
58 90 0.042328
58 119 0.00534759
58 120 0.141975
58 121 0.0152284
59 28 0.21978
59 29 0.114458
59 60 0.201117
59 90 0.140244
59 91 0.0189873
60 28 0.0108108
60 29 0.248521
60 30 0.0923077
60 59 0.201117
60 61 0.072
60 90 0.0479042
60 91 0.0559006
60 92 0.0860927
60 122 0.0188679
61 60 0.072
61 92 0.138298
61 122 0.0294118
61 123 0.0294118
62 31 0.0599078
62 33 0.0323887
62 63 0.214912
62 64 0.0121457
62 93 0.527027
62 94 0.027907
62 124 0.254808
62 125 0.0149813
63 0 0.0352113
63 1 0.0181818
63 31 0.565854
63 32 0.109453
63 33 0.140426
63 62 0.214912
63 64 0.0468085
63 93 0.12381
63 124 0.00510204
64 32 0.0545455
64 33 0.23622
64 34 0.0560748
64 35 0.18677
64 62 0.0121457
64 63 0.0468085
64 65 0.0401786
64 93 0.0131004
64 94 0.0405405
64 95 0.310757
64 96 0.00574713
64 97 0.0285714
64 124 0.00465116
65 34 0.125
65 35 0.092511
65 36 0.0388889
65 64 0.0401786
65 66 0.410959
65 95 0.0769231
65 97 0.0388889
66 34 0.0430622
66 35 0.0515873
66 36 0.131707
66 65 0.410959
66 97 0.0585366
66 98 0.0172414
66 99 0.298913
66 100 0.01
67 4 0.0136986
67 5 0.0561798
67 6 0.0125
67 7 0.0867052
67 36 0.0769231
67 37 0.0217391
67 38 0.0846154
67 68 0.285714
67 69 0.0679612
67 70 0.0103093
67 99 0.0729167
68 7 0.021978
68 36 0.0396825
68 38 0.0215827
68 67 0.285714
68 69 0.357143
68 70 0.00943396
68 99 0.0285714
68 100 0.14876
68 101 0.032
68 132 0.020202
69 7 0.00961538
69 67 0.0679612
69 68 0.357143
69 70 0.151515
69 100 0.122449
69 101 0.0331126
69 132 0.024
70 7 0.108911
70 9 0.027027
70 39 0.0591716
70 67 0.0103093
70 68 0.00943396
70 69 0.151515
70 100 0.0212766
70 102 0.0880503
70 132 0.176471
70 133 0.0211268
71 9 0.0378788
71 40 0.369427
71 72 0.057971
71 73 0.01
71 102 0.377778
72 40 0.023622
72 41 0.00934579
72 42 0.0178571
72 71 0.057971
72 73 0.311765
72 102 0.18
72 103 0.202312
72 134 0.046875
72 135 0.056338
73 9 0.0182927
73 10 0.0368421
73 11 0.015873
73 12 0.0449438
73 40 0.010582
73 41 0.207101
73 42 0.172414
73 43 0.0107527
73 44 0.00478469
73 71 0.01
73 72 0.311765
73 74 0.00520833
73 75 0.00485437
73 102 0.0283019
73 103 0.170213
73 104 0.0305677
73 105 0.0861244
73 135 0.0735294
73 136 0.00515464
74 11 0.107383
74 12 0.115942
74 13 0.0191083
74 15 0.0616438
74 42 0.119403
74 43 0.445205
74 44 0.224852
74 45 0.0471698
74 73 0.00520833
74 75 0.23494
74 105 0.106509
75 11 0.0306748
75 12 0.0131579
75 15 0.025
75 42 0.0878378
75 43 0.10625
75 44 0.0163934
75 45 0.176991
75 73 0.00485437
75 74 0.23494
75 76 0.0903955
75 104 0.0344828
75 105 0.382514
75 106 0.06
75 108 0.00628931
75 135 0.0561798
75 137 0.116883
76 13 0.00595238
76 14 0.0296296
76 15 0.11465
76 44 0.00555556
76 45 0.515695
76 46 0.00645161
76 75 0.0903955
76 106 0.0101523
76 108 0.025641
76 137 0.013245
77 45 0.00900901
77 46 0.0844156
77 79 0.285714
77 107 0.0262009
77 108 0.258065
77 109 0.0588235
77 139 0.0246305
77 140 0.163866
78 17 0.0735294
78 47 0.150442
78 48 0.189189
78 79 0.0276243
78 109 0.105263
78 110 0.0735294
78 111 0.0106383
78 112 0.0353982
79 46 0.0610329
79 47 0.027027
79 77 0.285714
79 78 0.0276243
79 108 0.0140187
79 109 0.553571
79 110 0.0903955
79 111 0.00492611
79 140 0.111111
79 141 0.0209424
80 18 0.0176211
80 48 0.261538
80 49 0.374384
80 50 0.11165
80 51 0.00438596
80 81 0.180258
80 110 0.0197368
80 111 0.0955056
80 112 0.0964467
80 113 0.0182648
81 49 0.0663265
81 50 0.080402
81 51 0.0226244
81 53 0.00657895
81 80 0.180258
81 82 0.05
81 83 0.0106952
81 111 0.111111
81 112 0.157895
81 113 0.325472
81 144 0.0702703
82 50 0.00518135
82 51 0.0651163
82 52 0.0365854
82 53 0.00684932
82 81 0.05
82 83 0.220994
82 112 0.0163043
82 113 0.252427
82 114 0.0272109
82 115 0.106481
82 145 0.0409357
83 22 0.00595238
83 50 0.0125
83 51 0.0384615
83 52 0.21374
83 53 0.141593
83 54 0.0670391
83 81 0.0106952
83 82 0.220994
83 84 0.0285714
83 113 0.00578035
83 114 0.0175439
83 115 0.153005
84 52 0.015544
84 54 0.0871369
84 55 0.0878661
84 83 0.0285714
84 85 0.156757
84 86 0.00985222
84 87 0.0781893
84 115 0.314286
84 116 0.0255102
84 118 0.0171674
84 146 0.00406504
85 55 0.00657895
85 84 0.156757
85 86 0.0172414
85 87 0.0448718
85 115 0.00632911
85 116 0.183486
85 117 0.016129
85 146 0.0188679
85 148 0.0615385
86 56 0.104651
86 57 0.0245902
86 84 0.00985222
86 85 0.0172414
86 87 0.00574713
86 88 0.0227273
86 116 0.125984
86 117 0.0625
86 118 0.329268
86 147 0.0178571
86 149 0.00680272
87 23 0.00529101
87 24 0.15847
87 25 0.0411765
87 26 0.0497238
87 55 0.195238
87 56 0.150943
87 57 0.037037
87 58 0.0136364
87 84 0.0781893
87 85 0.0448718
87 86 0.00574713
87 88 0.00462963
88 56 0.102804
88 58 0.027027
88 86 0.0227273
88 87 0.00462963
88 89 0.0393258
88 118 0.291262
88 119 0.322404
88 120 0.0126582
88 149 0.0529101
88 151 0.00518135
89 56 0.0114943
89 57 0.0403226
89 58 0.153846
89 88 0.0393258
89 90 0.0413793
89 119 0.020979
89 121 0.27451
89 152 0.0359281
90 28 0.135294
90 29 0.00649351
90 58 0.042328
90 59 0.140244
90 60 0.0479042
90 89 0.0413793
90 121 0.125
90 122 0.145833
91 29 0.0675676
91 59 0.0189873
91 60 0.0559006
91 92 0.215385
91 122 0.253623
92 60 0.0860927
92 61 0.138298
92 91 0.215385
92 122 0.03125
92 123 0.0078125
93 31 0.0100503
93 33 0.0611354
93 62 0.527027
93 63 0.12381
93 64 0.0131004
93 94 0.00507614
93 124 0.1
93 125 0.0562249
93 155 0.0660793
94 33 0.00900901
94 62 0.027907
94 64 0.0405405
94 93 0.00507614
94 95 0.136986
94 97 0.101124
94 124 0.234973
94 125 0.177686
94 126 0.00653595
94 127 0.00970874
94 156 0.00598802
94 158 0.0585586
95 32 0.00460829
95 33 0.131474
95 34 0.014218
95 35 0.145669
95 64 0.310757
95 65 0.0769231
95 94 0.136986
95 96 0.0701754
95 97 0.227053
95 125 0.00369004
95 158 0.0398406
96 64 0.00574713
96 95 0.0701754
96 97 0.292308
96 98 0.171717
96 127 0.0126582
96 128 0.0236686
96 158 0.091954
96 159 0.00675676
97 64 0.0285714
97 65 0.0388889
97 66 0.0585366
97 94 0.101124
97 95 0.227053
97 96 0.292308
97 98 0.0444444
97 125 0.00434783
97 126 0.0496454
97 127 0.0515464
97 128 0.0097561
97 158 0.295238
97 159 0.00543478
98 66 0.0172414
98 96 0.171717
98 97 0.0444444
98 99 0.0701754
98 100 0.1
98 101 0.0522388
98 128 0.0402299
98 129 0.0142857
98 130 0.08
98 131 0.00714286
98 160 0.0239521
99 36 0.0965517
99 66 0.298913
99 67 0.0729167
99 68 0.0285714
99 98 0.0701754
99 100 0.121429
99 101 0.00694444
99 131 0.08
100 66 0.01
100 68 0.14876
100 69 0.122449
100 70 0.0212766
100 98 0.1
100 99 0.121429
100 101 0.2375
100 130 0.00793651
100 131 0.253012
100 132 0.0522388
100 133 0.00636943
101 68 0.032
101 69 0.0331126
101 98 0.0522388
101 99 0.00694444
101 100 0.2375
101 129 0.01
101 130 0.0538462
101 131 0.247059
101 132 0.0362319
101 133 0.124224
101 163 0.0714286
102 39 0.00990099
102 40 0.0769231
102 70 0.0880503
102 71 0.377778
102 72 0.18
102 73 0.0283019
102 103 0.00930233
102 132 0.0986842
102 133 0.0742857
102 134 0.0117647
102 164 0.116129
103 72 0.202312
103 73 0.170213
103 102 0.00930233
103 104 0.181034
103 105 0.00471698
103 134 0.0984456
103 135 0.222222
103 136 0.035533
103 165 0.137931
103 166 0.0297872
104 73 0.0305677
104 75 0.0344828
104 103 0.181034
104 105 0.101942
104 106 0.00448431
104 135 0.457711
104 136 0.361257
104 137 0.0282486
104 165 0.0235294
104 166 0.0567686
104 167 0.00854701
105 41 0.0136986
105 42 0.119205
105 43 0.0245399
105 44 0.0752688
105 45 0.0218341
105 73 0.0861244
105 74 0.106509
105 75 0.382514
105 103 0.00471698
105 104 0.101942
105 106 0.00492611
105 135 0.0883978
105 137 0.0636943
106 45 0.00813008
106 75 0.06
106 76 0.0101523
106 104 0.00448431
106 105 0.00492611
106 107 0.434783
106 108 0.0614525
106 135 0.010101
106 137 0.367816
106 139 0.0132159
106 168 0.012605
106 169 0.00440529
107 77 0.0262009
107 106 0.434783
107 108 0.0424528
107 137 0.057971
107 138 0.0769231
107 139 0.2
107 168 0.154982
107 169 0.0923077
108 45 0.097561
108 46 0.0875912
108 47 0.00684932
108 75 0.00628931
108 76 0.025641
108 77 0.258065
108 79 0.0140187
108 106 0.0614525
108 107 0.0424528
108 109 0.00980392
108 139 0.00537634
108 140 0.0769231
109 46 0.0147783
109 77 0.0588235
109 78 0.105263
109 79 0.553571
109 108 0.00980392
109 110 0.0239521
109 140 0.087108
109 141 0.0607735
110 48 0.0373832
110 78 0.0735294
110 79 0.0903955
110 80 0.0197368
110 109 0.0239521
110 111 0.333333
110 112 0.00917431
110 141 0.205128
111 48 0.037594
111 78 0.0106383
111 79 0.00492611
111 80 0.0955056
111 81 0.111111
111 110 0.333333
111 112 0.207407
111 113 0.0127389
111 141 0.00961538
111 142 0.0529412
111 143 0.048951
111 144 0.0307692
111 172 0.018018
112 48 0.0460526
112 49 0.04375
112 78 0.0353982
112 80 0.0964467
112 81 0.157895
112 82 0.0163043
112 110 0.00917431
112 111 0.207407
112 113 0.0568182
112 142 0.0582011
112 143 0.0802469
112 144 0.0134228
112 173 0.025641
112 175 0.0108696
113 49 0.0274725
113 50 0.0108108
113 80 0.0182648
113 81 0.325472
113 82 0.252427
113 83 0.00578035
113 111 0.0127389
113 112 0.0568182
113 144 0.0526316
113 145 0.0245399
113 175 0.0679612
114 82 0.0272109
114 83 0.0175439
114 144 0.0803571
114 145 0.144231
114 146 0.0333333
114 175 0.102041
114 176 0.0314961
115 54 0.140187
115 55 0.0283019
115 82 0.106481
115 83 0.153005
115 84 0.314286
115 85 0.00632911
115 116 0.0118343
115 145 0.0462428
115 146 0.00456621
116 84 0.0255102
116 85 0.183486
116 86 0.125984
116 115 0.0118343
116 117 0.150685
116 118 0.0318471
116 146 0.00588235
116 147 0.0952381
116 148 0.120567
116 149 0.0142857
117 85 0.016129
117 86 0.0625
117 116 0.150685
118 56 0.019802
118 84 0.0171674
118 86 0.329268
118 88 0.291262
118 116 0.0318471
118 147 0.0985916
118 148 0.0337079
118 149 0.107345
118 180 0.00858369
119 58 0.00534759
119 88 0.322404
119 89 0.020979
119 120 0.227642
119 121 0.0632911
119 149 0.0324675
119 150 0.00925926
119 151 0.0886076
119 181 0.0397351
119 182 0.00689655
120 58 0.141975
120 88 0.0126582
120 119 0.227642
120 121 0.105263
121 58 0.0152284
121 89 0.27451
121 90 0.125
121 119 0.0632911
121 120 0.105263
121 122 0.0723684
121 151 0.0119048
121 152 0.186813
121 153 0.0324675
122 60 0.0188679
122 61 0.0294118
122 90 0.145833
122 91 0.253623
122 92 0.03125
122 121 0.0723684
122 123 0.0147059
122 152 0.0542169
123 61 0.0294118
123 92 0.0078125
123 122 0.0147059
123 152 0.0060241
123 153 0.195652
123 154 0.308271
123 183 0.00714286
123 185 0.0447761
124 62 0.254808
124 63 0.00510204
124 64 0.00465116
124 93 0.1
124 94 0.234973
124 125 0.182979
124 155 0.0751174
124 156 0.01875
125 62 0.0149813
125 93 0.0562249
125 94 0.177686
125 95 0.00369004
125 97 0.00434783
125 124 0.182979
125 127 0.24031
125 155 0.330882
125 156 0.146119
125 158 0.0364963
125 186 0.0176211
125 188 0.0449438
125 189 0.0533333
126 94 0.00653595
126 97 0.0496454
126 127 0.118343
126 128 0.0555556
126 157 0.267974
126 158 0.113514
126 159 0.0314465
126 188 0.101124
126 189 0.0882353
126 190 0.0353535
127 94 0.00970874
127 96 0.0126582
127 97 0.0515464
127 125 0.24031
127 126 0.118343
127 157 0.121359
127 158 0.394958
127 188 0.108225
127 189 0.111111
127 190 0.00796813
128 96 0.0236686
128 97 0.0097561
128 98 0.0402299
128 126 0.0555556
128 129 0.0285714
128 130 0.0235294
128 157 0.0322581
128 158 0.104418
128 159 0.484305
128 160 0.278481
128 190 0.0343511
128 192 0.00413223
129 98 0.0142857
129 101 0.01
129 128 0.0285714
129 130 0.242424
129 131 0.0188679
129 160 0.112782
129 161 0.0185185
129 163 0.0625
129 192 0.0434783
130 98 0.08
130 100 0.00793651
130 101 0.0538462
130 128 0.0235294
130 129 0.242424
130 131 0.117647
130 160 0.0981595
130 161 0.0357143
130 162 0.0342466
130 163 0.0897436
130 192 0.113095
131 98 0.00714286
131 99 0.08
131 100 0.253012
131 101 0.247059
131 129 0.0188679
131 130 0.117647
131 132 0.145833
131 133 0.155689
131 160 0.00492611
131 163 0.194915
131 192 0.00961538
131 193 0.01875
132 68 0.020202
132 69 0.024
132 70 0.176471
132 100 0.0522388
132 101 0.0362319
132 102 0.0986842
132 131 0.145833
132 133 0.222222
132 134 0.0384615
133 70 0.0211268
133 100 0.00636943
133 101 0.124224
133 102 0.0742857
133 131 0.155689
133 132 0.222222
133 134 0.137255
133 163 0.0183486
133 164 0.115942
133 165 0.0226244
133 193 0.0794702
133 194 0.0314961
133 195 0.0111732
134 72 0.046875
134 102 0.0117647
134 103 0.0984456
134 132 0.0384615
134 133 0.137255
134 135 0.0123457
134 164 0.263158
134 165 0.217593
134 166 0.0105263
134 193 0.0479452
134 195 0.12069
134 196 0.0177515
135 72 0.056338
135 73 0.0735294
135 75 0.0561798
135 103 0.222222
135 104 0.457711
135 105 0.0883978
135 106 0.010101
135 134 0.0123457
135 136 0.138554
135 137 0.105263
135 165 0.0434783
135 166 0.0539216
136 73 0.00515464
136 103 0.035533
136 104 0.361257
136 135 0.138554
136 137 0.028169
136 165 0.0409091
136 166 0.139175
136 167 0.135678
137 75 0.116883
137 76 0.013245
137 104 0.0282486
137 105 0.0636943
137 106 0.367816
137 107 0.057971
137 135 0.105263
137 136 0.028169
137 166 0.0111111
137 167 0.027027
137 168 0.00520833
138 107 0.0769231
138 139 0.532967
138 140 0.0414747
138 168 0.015544
138 169 0.0879121
138 170 0.0748299
138 200 0.016
139 77 0.0246305
139 106 0.0132159
139 107 0.2
139 108 0.00537634
139 138 0.532967
139 140 0.211896
139 168 0.077551
139 169 0.153846
139 170 0.0703518
140 77 0.163866
140 79 0.111111
140 108 0.0769231
140 109 0.087108
140 138 0.0414747
140 139 0.211896
140 141 0.050505
140 170 0.213675
140 171 0.072
140 172 0.00487805
140 203 0.00961538
141 79 0.0209424
141 109 0.0607735
141 110 0.205128
141 111 0.00961538
141 140 0.050505
141 171 0.111111
141 172 0.191919
141 203 0.0196078
142 111 0.0529412
142 112 0.0582011
142 143 0.35533
142 144 0.0163043
142 172 0.272727
142 173 0.251309
142 174 0.0682927
142 175 0.0547945
142 204 0.0306122
142 205 0.00568182
143 111 0.048951
143 112 0.0802469
143 142 0.35533
143 144 0.00636943
143 172 0.0144928
143 173 0.22561
143 174 0.129213
143 175 0.0208333
143 204 0.00591716
143 206 0.0208333
144 81 0.0702703
144 111 0.0307692
144 112 0.0134228
144 113 0.0526316
144 114 0.0803571
144 142 0.0163043
144 143 0.00636943
144 145 0.00735294
144 173 0.0397351
144 174 0.0424242
144 175 0.357542
144 176 0.0125786
144 207 0.00549451
145 82 0.0409357
145 113 0.0245399
145 114 0.144231
145 115 0.0462428
145 144 0.00735294
145 146 0.201149
145 147 0.0458716
145 148 0.00689655
145 175 0.0292398
145 176 0.119205
145 207 0.0114943
146 84 0.00406504
146 85 0.0188679
146 114 0.0333333
146 115 0.00456621
146 116 0.00588235
146 145 0.201149
146 147 0.109677
146 148 0.251309
146 176 0.162437
146 177 0.0573248
146 207 0.0272727
147 86 0.0178571
147 116 0.0952381
147 118 0.0985916
147 145 0.0458716
147 146 0.109677
147 148 0.18254
147 149 0.016
147 177 0.0108696
147 179 0.0530303
147 180 0.0220994
148 85 0.0615385
148 116 0.120567
148 118 0.0337079
148 145 0.00689655
148 146 0.251309
148 147 0.18254
148 149 0.0621118
148 176 0.00595238
148 177 0.09375
148 178 0.0307692
148 179 0.00595238
148 180 0.0184332
148 210 0.0394737
149 86 0.00680272
149 88 0.0529101
149 116 0.0142857
149 118 0.107345
149 119 0.0324675
149 147 0.016
149 148 0.0621118
149 151 0.0121951
149 179 0.0179641
149 180 0.203704
149 181 0.178344
149 182 0.00662252
150 119 0.00925926
150 151 0.186441
150 152 0.0227273
150 153 0.0769231
150 182 0.0190476
150 183 0.0188679
151 88 0.00518135
151 119 0.0886076
151 121 0.0119048
151 149 0.0121951
151 150 0.186441
151 152 0.032967
151 181 0.111801
151 182 0.148387
151 183 0.0641026
151 214 0.0569106
152 89 0.0359281
152 121 0.186813
152 122 0.0542169
152 123 0.0060241
152 150 0.0227273
152 151 0.032967
152 153 0.291667
152 154 0.00613497
152 182 0.0236686
152 183 0.205882
153 121 0.0324675
153 123 0.195652
153 150 0.0769231
153 152 0.291667
153 154 0.0148148
153 183 0.028169
153 185 0.0441176
154 123 0.308271
154 152 0.00613497
154 153 0.0148148
154 183 0.0291971
154 185 0.152672
154 216 0.139344
155 93 0.0660793
155 124 0.0751174
155 125 0.330882
155 156 0.329949
155 186 0.185366
155 188 0.0163265
155 217 0.0606061
156 94 0.00598802
156 124 0.01875
156 125 0.146119
156 155 0.329949
156 186 0.0986842
156 188 0.0104167
156 217 0.194313
156 219 0.00877193
157 126 0.267974
157 127 0.121359
157 128 0.0322581
157 158 0.0720721
157 159 0.0510204
157 188 0.125581
157 189 0.0867052
157 190 0.276596
157 191 0.0365854
157 218 0.017316
157 219 0.0218978
157 220 0.159204
157 222 0.00512821
158 94 0.0585586
158 95 0.0398406
158 96 0.091954
158 97 0.295238
158 125 0.0364963
158 126 0.113514
158 127 0.394958
158 128 0.104418
158 157 0.0720721
158 159 0.0745614
158 188 0.00809717
158 189 0.0390244
158 190 0.00374532
159 96 0.00675676
159 97 0.00543478
159 126 0.0314465
159 128 0.484305
159 157 0.0510204
159 158 0.0745614
159 160 0.138889
159 190 0.236515
159 192 0.00904977
159 221 0.0097561
159 222 0.0298507
160 98 0.0239521
160 128 0.278481
160 129 0.112782
160 130 0.0981595
160 131 0.00492611
160 159 0.138889
160 161 0.0264901
160 190 0.0156863
160 192 0.374468
160 222 0.0139535
160 224 0.00413223
161 129 0.0185185
161 130 0.0357143
161 160 0.0264901
161 162 0.0447761
161 163 0.0606061
161 192 0.230769
161 193 0.0185185
161 224 0.00613497
162 130 0.0342466
162 161 0.0447761
162 163 0.0859375
162 192 0.197248
162 193 0.317647
162 194 0.00684932
162 224 0.00444444
163 101 0.0714286
163 129 0.0625
163 130 0.0897436
163 131 0.194915
163 133 0.0183486
163 161 0.0606061
163 162 0.0859375
163 192 0.00666667
163 193 0.0686275
164 102 0.116129
164 133 0.115942
164 134 0.263158
164 193 0.0152672
165 103 0.137931
165 104 0.0235294
165 133 0.0226244
165 134 0.217593
165 135 0.0434783
165 136 0.0409091
165 166 0.348837
165 167 0.0456274
165 195 0.173554
165 196 0.0421941
165 197 0.0503876
165 198 0.00392157
165 228 0.00823045
166 103 0.0297872
166 104 0.0567686
166 134 0.0105263
166 135 0.0539216
166 136 0.139175
166 137 0.0111111
166 165 0.348837
166 167 0.333333
166 196 0.014218
166 197 0.0603448
166 198 0.0480349
167 104 0.00854701
167 136 0.135678
167 137 0.027027
167 165 0.0456274
167 166 0.333333
167 168 0.0361446
167 197 0.0759494
167 198 0.307692
167 199 0.0163934
167 228 0.0540541
168 106 0.012605
168 107 0.154982
168 137 0.00520833
168 138 0.015544
168 139 0.077551
168 167 0.0361446
168 169 0.546939
168 170 0.00952381
168 198 0.0580913
168 199 0.0157895
168 200 0.0585106
168 230 0.0170455
168 232 0.00816326
169 106 0.00440529
169 107 0.0923077
169 138 0.0879121
169 139 0.153846
169 168 0.546939
169 170 0.080402
169 198 0.00434783
169 199 0.027933
169 200 0.0112994
169 230 0.0181818
169 231 0.011976
169 232 0.017094
170 138 0.0748299
170 139 0.0703518
170 140 0.213675
170 168 0.00952381
170 169 0.080402
170 171 0.205556
170 200 0.161972
170 201 0.0060241
170 202 0.0740741
170 203 0.0362319
170 232 0.0150754
171 140 0.072
171 141 0.111111
171 170 0.205556
171 172 0.0463576
171 200 0.0126582
171 201 0.021978
171 202 0.117978
171 203 0.298701
172 111 0.018018
172 140 0.00487805
172 141 0.191919
172 142 0.272727
172 143 0.0144928
172 171 0.0463576
172 173 0.0151515
172 203 0.137615
172 204 0.0364963
172 235 0.00628931
173 112 0.025641
173 142 0.251309
173 143 0.22561
173 144 0.0397351
173 172 0.0151515
173 174 0.0639535
173 175 0.0645161
173 204 0.0306748
173 205 0.00699301
173 206 0.0362319
173 235 0.0486486
173 236 0.0401786
174 142 0.0682927
174 143 0.129213
174 144 0.0424242
174 173 0.0639535
174 175 0.16
174 176 0.05
174 204 0.00564972
174 205 0.0573248
174 206 0.0460526
174 207 0.142857
174 235 0.0201005
174 236 0.180672
174 238 0.0160428
174 239 0.0110497
175 112 0.0108696
175 113 0.0679612
175 114 0.102041
175 142 0.0547945
175 143 0.0208333
175 144 0.357542
175 145 0.0292398
175 173 0.0645161
175 174 0.16
175 176 0.0257732
175 206 0.0783133
175 207 0.0322581
175 236 0.00396825
176 114 0.0314961
176 144 0.0125786
176 145 0.119205
176 146 0.162437
176 148 0.00595238
176 174 0.05
176 175 0.0257732
176 206 0.0547945
176 207 0.187817
176 208 0.0254777
176 238 0.0883978
177 146 0.0573248
177 147 0.0108696
177 148 0.09375
177 178 0.15625
177 207 0.0191083
177 208 0.145299
177 209 0.114583
177 210 0.0254237
178 148 0.0307692
178 177 0.15625
178 208 0.0168067
178 209 0.306122
178 210 0.208333
179 147 0.0530303
179 148 0.00595238
179 149 0.0179641
179 180 0.439462
179 210 0.151899
179 241 0.0140845
180 118 0.00858369
180 147 0.0220994
180 148 0.0184332
180 149 0.203704
180 179 0.439462
180 181 0.0422535
180 182 0.0144928
180 209 0.00540541
180 210 0.0724638
180 211 0.0945946
180 243 0.00847458
181 119 0.0397351
181 149 0.178344
181 151 0.111801
181 180 0.0422535
181 182 0.141892
181 211 0.122699
181 213 0.136364
182 119 0.00689655
182 149 0.00662252
182 150 0.0190476
182 151 0.148387
182 152 0.0236686
182 180 0.0144928
182 181 0.141892
182 183 0.020979
182 211 0.0127389
182 213 0.0540541
182 215 0.0993377
182 243 0.0116959
182 245 0.0166667
183 123 0.00714286
183 150 0.0188679
183 151 0.0641026
183 152 0.205882
183 153 0.028169
183 154 0.0291971
183 182 0.020979
183 184 0.0909091
183 185 0.0217391
183 214 0.0900901
183 215 0.0789474
184 183 0.0909091
184 185 0.156522
184 214 0.284091
184 215 0.0387597
184 216 0.0283019
184 245 0.0306122
184 247 0.00699301
185 123 0.0447761
185 153 0.0441176
185 154 0.152672
185 183 0.0217391
185 184 0.156522
185 215 0.0410959
185 216 0.0650406
185 246 0.00793651
185 247 0.1125
186 125 0.0176211
186 155 0.185366
186 156 0.0986842
186 187 0.0597826
186 188 0.055
186 217 0.420091
186 218 0.00925926
186 248 0.0106952
187 186 0.0597826
187 188 0.169643
187 189 0.043956
187 217 0.148148
187 218 0.254167
187 219 0.0205479
187 248 0.232227
187 249 0.0397351
187 250 0.00555556
188 125 0.0449438
188 126 0.101124
188 127 0.108225
188 155 0.0163265
188 156 0.0104167
188 157 0.125581
188 158 0.00809717
188 186 0.055
188 187 0.169643
188 189 0.39899
188 217 0.181467
188 218 0.0546875
188 219 0.154321
188 220 0.0353982
188 248 0.00440529
189 125 0.0533333
189 126 0.0882353
189 127 0.111111
189 157 0.0867052
189 158 0.0390244
189 187 0.043956
189 188 0.39899
189 190 0.059633
189 217 0.00921659
189 218 0.0654206
189 219 0.375
189 220 0.0217391
190 126 0.0353535
190 127 0.00796813
190 128 0.0343511
190 157 0.276596
190 158 0.00374532
190 159 0.236515
190 160 0.0156863
190 189 0.059633
190 191 0.200957
190 218 0.00362319
190 219 0.010989
190 220 0.223577
190 221 0.0778688
190 222 0.133333
190 252 0.00534759
191 157 0.0365854
191 190 0.200957
191 220 0.0114286
191 221 0.190751
191 222 0.319527
191 223 0.0990099
191 224 0.00510204
191 250 0.00689655
191 251 0.0325203
191 252 0.198276
192 128 0.00413223
192 129 0.0434783
192 130 0.113095
192 131 0.00961538
192 159 0.00904977
192 160 0.374468
192 161 0.230769
192 162 0.197248
192 163 0.00666667
192 223 0.00657895
192 224 0.0202429
192 255 0.01
193 131 0.01875
193 133 0.0794702
193 134 0.0479452
193 161 0.0185185
193 162 0.317647
193 163 0.0686275
193 164 0.0152672
193 194 0.15
193 195 0.00581395
194 133 0.0314961
194 162 0.00684932
194 193 0.15
194 195 0.148649
194 225 0.142857
194 255 0.0078125
195 133 0.0111732
195 134 0.12069
195 165 0.173554
195 193 0.00581395
195 194 0.148649
195 196 0.328205
195 197 0.0416667
195 225 0.00636943
195 226 0.108434
195 228 0.0746269
196 134 0.0177515
196 165 0.0421941
196 166 0.014218
196 195 0.328205
196 197 0.0521327
196 198 0.00480769
196 225 0.0263158
196 226 0.304348
196 227 0.0638298
196 228 0.188776
196 256 0.0189873
196 258 0.0397727
197 165 0.0503876
197 166 0.0603448
197 167 0.0759494
197 195 0.0416667
197 196 0.0521327
197 198 0.30131
197 227 0.0287081
197 228 0.382488
197 229 0.111111
197 258 0.0253807
197 259 0.00628931
198 165 0.00392157
198 166 0.0480349
198 167 0.307692
198 168 0.0580913
198 169 0.00434783
198 196 0.00480769
198 197 0.30131
198 199 0.0857143
198 228 0.126168
198 229 0.14554
199 167 0.0163934
199 168 0.0157895
199 169 0.027933
199 198 0.0857143
199 200 0.0819672
199 229 0.0802469
199 230 0.190909
199 231 0.151786
199 232 0.0335196
199 261 0.0204082
199 262 0.297101
200 138 0.016
200 168 0.0585106
200 169 0.0112994
200 170 0.161972
200 171 0.0126582
200 199 0.0819672
200 201 0.104167
200 202 0.1
200 231 0.0818182
200 232 0.254237
200 262 0.00735294
200 263 0.00584795
200 264 0.00549451
201 170 0.0060241
201 171 0.021978
201 200 0.104167
201 202 0.512195
201 203 0.0142857
201 231 0.00746269
201 232 0.0995025
201 233 0.407186
201 234 0.0151515
201 263 0.0358974
201 264 0.00970874
202 170 0.0740741
202 171 0.117978
202 200 0.1
202 201 0.512195
202 203 0.0441176
202 232 0.147208
202 233 0.196319
202 234 0.015625
202 263 0.0366492
202 264 0.019802
202 265 0.0496454
203 140 0.00961538
203 141 0.0196078
203 170 0.0362319
203 171 0.298701
203 172 0.137615
203 201 0.0142857
203 202 0.0441176
203 204 0.0214286
203 232 0.0115607
203 233 0.00719424
203 234 0.115385
203 265 0.017094
204 142 0.0306122
204 143 0.00591716
204 172 0.0364963
204 173 0.0306748
204 174 0.00564972
204 203 0.0214286
204 205 0.0472973
204 234 0.159091
204 235 0.389474
204 236 0.152838
204 266 0.0379147
204 267 0.00531915
205 142 0.00568182
205 173 0.00699301
205 174 0.0573248
205 204 0.0472973
205 206 0.0325203
205 207 0.0287356
205 235 0.0294118
205 236 0.334928
205 237 0.00884956
205 239 0.0526316
205 266 0.0366492
205 267 0.0297619
205 269 0.0235294
206 143 0.0208333
206 173 0.0362319
206 174 0.0460526
206 175 0.0783133
206 176 0.0547945
206 205 0.0325203
206 207 0.260355
206 235 0.030303
206 236 0.0980392
206 237 0.037037
206 238 0.0392157
206 239 0.00680272
207 144 0.00549451
207 145 0.0114943
207 146 0.0272727
207 174 0.142857
207 175 0.0322581
207 176 0.187817
207 177 0.0191083
207 205 0.0287356
207 206 0.260355
207 208 0.127778
207 236 0.00392157
207 237 0.0188679
207 238 0.127451
207 239 0.166667
207 269 0.00925926
208 176 0.0254777
208 177 0.145299
208 178 0.0168067
208 207 0.127778
208 209 0.109244
208 210 0.0567376
208 238 0.109756
208 240 0.0322581
208 270 0.0538922
208 271 0.02
208 272 0.00613497
209 177 0.114583
209 178 0.306122
209 180 0.00540541
209 208 0.109244
209 210 0.141667
209 240 0.00746269
209 271 0.101266
209 272 0.028169
210 148 0.0394737
210 177 0.0254237
210 178 0.208333
210 179 0.151899
210 180 0.0724638
210 208 0.0567376
210 209 0.141667
210 241 0.015873
210 272 0.00609756
211 180 0.0945946
211 181 0.122699
211 182 0.0127389
211 241 0.0070922
211 242 0.333333
211 243 0.016129
211 272 0.21229
211 274 0.0128205
211 275 0.00645161
212 213 0.161616
212 242 0.00934579
212 243 0.0245902
212 245 0.183099
213 181 0.136364
213 182 0.0540541
213 212 0.161616
213 215 0.0509554
213 242 0.0987654
213 243 0.101695
213 244 0.0190476
213 245 0.0634921
214 151 0.0569106
214 183 0.0900901
214 184 0.284091
214 215 0.0588235
214 245 0.0454545
215 182 0.0993377
215 183 0.0789474
215 184 0.0387597
215 185 0.0410959
215 213 0.0509554
215 214 0.0588235
215 243 0.0611111
215 245 0.108527
215 246 0.107143
215 247 0.00574713
215 276 0.0406977
216 154 0.139344
216 184 0.0283019
216 185 0.0650406
216 247 0.264901
217 155 0.0606061
217 156 0.194313
217 186 0.420091
217 187 0.148148
217 188 0.181467
217 189 0.00921659
217 218 0.0109091
217 219 0.0276243
217 248 0.142276
217 249 0.0322581
217 279 0.00537634
218 157 0.017316
218 186 0.00925926
218 187 0.254167
218 188 0.0546875
218 189 0.0654206
218 190 0.00362319
218 217 0.0109091
218 219 0.0561798
218 220 0.173554
218 248 0.037037
218 249 0.256831
218 250 0.268868
218 280 0.0927419
218 281 0.0646388
218 282 0.0327869
219 156 0.00877193
219 157 0.0218978
219 187 0.0205479
219 188 0.154321
219 189 0.375
219 190 0.010989
219 217 0.0276243
219 218 0.0561798
219 220 0.0540541
219 248 0.0134228
219 250 0.059322
220 157 0.159204
220 188 0.0353982
220 189 0.0217391
220 190 0.223577
220 191 0.0114286
220 218 0.173554
220 219 0.0540541
220 221 0.0380952
220 222 0.0339806
220 250 0.203297
221 159 0.0097561
221 190 0.0778688
221 191 0.190751
221 220 0.0380952
221 222 0.563725
221 223 0.0367647
221 224 0.04329
221 251 0.00632911
221 252 0.013245
221 254 0.00515464
222 157 0.00512821
222 159 0.0298507
222 160 0.0139535
222 190 0.133333
222 191 0.319527
222 220 0.0339806
222 221 0.563725
222 223 0.0606061
222 224 0.0572687
222 251 0.0194805
222 252 0.0748299
222 253 0.00641026
222 254 0.0368421
223 191 0.0990099
223 192 0.00657895
223 221 0.0367647
223 222 0.0606061
223 224 0.157233
223 254 0.0245902
224 160 0.00413223
224 161 0.00613497
224 162 0.00444444
224 191 0.00510204
224 192 0.0202429
224 221 0.04329
224 222 0.0572687
224 223 0.157233
224 252 0.0172414
224 253 0.0546448
224 254 0.313364
224 255 0.26087
225 194 0.142857
225 195 0.00636943
225 196 0.0263158
225 255 0.0875912
225 256 0.275
225 257 0.00934579
226 195 0.108434
226 196 0.304348
226 227 0.201258
226 228 0.011976
226 256 0.00775194
226 257 0.0344828
226 258 0.0748299
226 290 0.0126582
227 196 0.0638298
227 197 0.0287081
227 226 0.201258
227 228 0.0670103
227 229 0.00518135
227 256 0.0192308
227 257 0.027972
227 258 0.413793
227 260 0.0220994
227 289 0.13587
227 290 0.151351
228 165 0.00823045
228 167 0.0540541
228 195 0.0746269
228 196 0.188776
228 197 0.382488
228 198 0.126168
228 226 0.011976
228 227 0.0670103
228 229 0.0945274
228 258 0.115385
228 259 0.0277778
229 197 0.111111
229 198 0.14554
229 199 0.0802469
229 227 0.00518135
229 228 0.0945274
229 258 0.0331492
229 259 0.300699
229 260 0.164894
229 261 0.00540541
229 290 0.0364583
229 292 0.00510204
230 168 0.0170455
230 169 0.0181818
230 199 0.190909
230 261 0.0601504
230 262 0.427419
230 292 0.0138889
231 169 0.011976
231 199 0.151786
231 200 0.0818182
231 201 0.00746269
231 232 0.275449
231 261 0.00740741
231 262 0.0396825
231 263 0.0124224
231 264 0.00581395
231 292 0.0410959
231 293 0.00877193
231 294 0.0283019
232 168 0.00816326
232 169 0.017094
232 170 0.0150754
232 199 0.0335196
232 200 0.254237
232 201 0.0995025
232 202 0.147208
232 203 0.0115607
232 231 0.275449
232 233 0.005
232 263 0.157895
232 264 0.0711297
232 292 0.00469484
232 294 0.0346821
233 201 0.407186
233 202 0.196319
233 203 0.00719424
233 232 0.005
233 234 0.00763359
233 263 0.056701
233 264 0.0536585
233 265 0.0277778
234 201 0.0151515
234 202 0.015625
234 203 0.115385
234 204 0.159091
234 233 0.00763359
234 235 0.0324675
234 263 0.0125786
234 264 0.0235294
234 265 0.321101
234 267 0.0263158
234 298 0.0786517
235 172 0.00628931
235 173 0.0486486
235 174 0.0201005
235 204 0.389474
235 205 0.0294118
235 206 0.030303
235 234 0.0324675
235 236 0.322709
235 265 0.00598802
235 266 0.0686695
235 267 0.0333333
235 268 0.0824742
236 173 0.0401786
236 174 0.180672
236 175 0.00396825
236 204 0.152838
236 205 0.334928
236 206 0.0980392
236 207 0.00392157
236 235 0.322709
236 237 0.0154639
236 239 0.0128755
236 266 0.00735294
236 269 0.0278884
237 205 0.00884956
237 206 0.037037
237 207 0.0188679
237 236 0.0154639
237 238 0.013986
237 239 0.0364963
237 268 0.124088
237 269 0.264516
237 270 0.00684932
237 299 0.0263158
238 174 0.0160428
238 176 0.0883978
238 206 0.0392157
238 207 0.127451
238 208 0.109756
238 237 0.013986
238 239 0.252747
238 240 0.0335196
238 269 0.07
238 270 0.0837696
238 301 0.0106952
239 174 0.0110497
239 205 0.0526316
239 206 0.00680272
239 207 0.166667
239 236 0.0128755
239 237 0.0364963
239 238 0.252747
239 240 0.00578035
239 267 0.00520833
239 268 0.0284091
239 269 0.21134
239 270 0.00540541
239 299 0.0130719
239 301 0.0441989
240 208 0.0322581
240 209 0.00746269
240 238 0.0335196
240 239 0.00578035
240 241 0.0785714
240 270 0.203297
240 271 0.147826
240 272 0.0617978
240 300 0.0948905
240 301 0.0393258
240 303 0.0421687
241 179 0.0140845
241 210 0.015873
241 211 0.0070922
241 240 0.0785714
241 242 0.00714286
241 272 0.412162
241 274 0.04
241 303 0.0441176
241 304 0.0588235
242 211 0.333333
242 212 0.00934579
242 213 0.0987654
242 241 0.00714286
242 243 0.0648649
242 272 0.0730337
242 273 0.0634921
242 274 0.0387097
242 303 0.0120482
242 305 0.0233918
243 180 0.00847458
243 182 0.0116959
243 211 0.016129
243 212 0.0245902
243 213 0.101695
243 215 0.0611111
243 242 0.0648649
243 244 0.0546875
243 245 0.0671141
243 274 0.0117647
243 275 0.254438
243 305 0.0913979
243 306 0.0655738
243 308 0.0178571
244 213 0.0190476
244 243 0.0546875
244 245 0.012987
244 276 0.0166667
244 277 0.202703
244 306 0.0900901
245 182 0.0166667
245 184 0.0306122
245 212 0.183099
245 213 0.0634921
245 214 0.0454545
245 215 0.108527
245 243 0.0671141
245 244 0.012987
245 275 0.110169
245 276 0.0283688
245 277 0.105263
246 185 0.00793651
246 215 0.107143
246 247 0.207792
246 276 0.197368
247 184 0.00699301
247 185 0.1125
247 215 0.00574713
247 216 0.264901
247 246 0.207792
247 276 0.0806452
247 277 0.0214286
247 278 0.0451128
248 186 0.0106952
248 187 0.232227
248 188 0.00440529
248 217 0.142276
248 218 0.037037
248 219 0.0134228
248 249 0.0584416
248 279 0.324675
248 280 0.109589
