0 1 0.265306
0 2 0.0206186
0 31 0.352381
0 32 0.0192308
0 33 0.010101
1 0 0.265306
1 2 0.238318
1 31 0.204348
1 32 0.100877
1 33 0.0275229
1 34 0.0362694
1 62 0.0148515
2 0 0.0206186
2 1 0.238318
2 3 0.209302
2 31 0.0219298
2 32 0.137168
2 33 0.152778
2 34 0.0994764
2 66 0.00480769
3 2 0.209302
3 4 0.317708
3 32 0.0218341
3 34 0.118557
3 35 0.127753
3 36 0.00921659
3 66 0.0189573
4 3 0.317708
4 5 0.0520231
4 6 0.0673077
4 34 0.0238095
4 35 0.402985
4 36 0.0575916
4 66 0.0378378
5 4 0.0520231
5 6 0.293023
5 7 0.0439024
5 35 0.149038
5 36 0.212121
5 37 0.047619
5 67 0.025
5 68 0.00520833
6 4 0.0673077
6 5 0.293023
6 7 0.170833
6 35 0.0493827
6 36 0.111588
6 37 0.093985
6 38 0.0258303
6 39 0.00555556
6 67 0.00512821
6 68 0.0176211
7 5 0.0439024
7 6 0.170833
7 8 0.271676
7 37 0.078125
7 38 0.283525
8 7 0.271676
8 9 0.047619
8 38 0.259804
8 41 0.0322581
9 8 0.047619
9 10 0.0641026
9 38 0.0170213
9 40 0.00854701
9 41 0.599078
9 42 0.00689655
9 70 0.0128205
9 72 0.0625
10 9 0.0641026
10 11 0.272727
10 12 0.0252101
10 41 0.00512821
10 42 0.121951
10 43 0.0123457
10 72 0.0909091
11 10 0.272727
11 12 0.162393
11 13 0.0983607
11 42 0.0165289
11 43 0.00625
11 45 0.0375
12 10 0.0252101
12 11 0.162393
12 13 0.0275229
12 43 0.0884354
12 45 0.22449
13 11 0.0983607
13 12 0.0275229
13 14 0.00763359
13 15 0.0471698
13 45 0.243421
13 76 0.00813008
14 13 0.00763359
14 15 0.154472
14 16 0.00826446
14 44 0.0583333
14 45 0.0414201
14 46 0.157233
14 75 0.0872483
14 76 0.0642857
14 77 0.139241
14 78 0.0222222
15 13 0.0471698
15 14 0.154472
15 16 0.197917
15 44 0.0105263
15 45 0.0486111
15 77 0.0451128
16 14 0.00826446
16 15 0.197917
16 17 0.173333
16 46 0.0909091
17 16 0.173333
17 18 0.0361446
17 19 0.12963
17 46 0.0265487
17 48 0.0763359
17 49 0.0306122
18 17 0.0361446
18 46 0.00714286
18 48 0.348101
18 49 0.08
18 50 0.0825688
19 17 0.12963
19 20 0.0909091
19 48 0.0155039
19 49 0.135417
20 19 0.0909091
20 21 0.102804
20 49 0.0743802
20 50 0.0380952
20 51 0.0900901
21 20 0.102804
21 22 0.0917431
21 51 0.12931
22 21 0.0917431
22 23 0.123711
22 51 0.0442478
22 52 0.0588235
23 22 0.123711
23 24 0.0487805
23 52 0.0394737
23 53 0.0265487
23 55 0.0758621
24 23 0.0487805
24 25 0.0852713
24 54 0.233645
24 55 0.0431655
25 24 0.0852713
25 26 0.0451128
25 54 0.0625
25 55 0.177083
25 56 0.196203
26 25 0.0451128
26 27 0.0747664
26 56 0.33945
26 58 0.0183486
27 26 0.0747664
27 28 0.0816327
27 29 0.0982143
27 56 0.0151515
27 58 0.257576
27 59 0.0521739
28 27 0.0816327
28 29 0.0625
28 30 0.0535714
29 27 0.0982143
29 28 0.0625
29 30 0.0857143
29 59 0.0824742
29 89 0.0224719
29 90 0.142857
30 28 0.0535714
30 29 0.0857143
30 61 0.03125
30 90 0.0597015
31 0 0.352381
31 1 0.204348
31 2 0.0219298
31 32 0.0661157
31 33 0.103448
31 62 0.25463
31 63 0.0796813
32 0 0.0192308
32 1 0.100877
32 2 0.137168
32 3 0.0218341
32 31 0.0661157
32 33 0.469565
32 34 0.0487805
32 62 0.0140187
32 63 0.0923695
32 64 0.0581395
32 66 0.0135135
32 96 0.00446429
33 0 0.010101
33 1 0.0275229
33 2 0.152778
33 31 0.103448
33 32 0.469565
33 34 0.0461538
33 62 0.0637255
33 63 0.0669456
33 64 0.0685484
33 66 0.0188679
33 96 0.00934579
34 1 0.0362694
34 2 0.0994764
34 3 0.118557
34 4 0.0238095
34 32 0.0487805
34 33 0.0461538
34 35 0.152709
34 64 0.0538117
34 65 0.00471698
34 66 0.139037
35 3 0.127753
35 4 0.402985
35 5 0.149038
35 6 0.0493827
35 34 0.152709
35 36 0.318584
35 64 0.0195312
35 65 0.00816326
35 66 0.2
35 67 0.0106383
35 68 0.0181818
36 3 0.00921659
36 4 0.0575916
36 5 0.212121
36 6 0.111588
36 35 0.318584
36 37 0.0361446
36 65 0.0851064
36 66 0.0333333
36 67 0.146067
36 68 0.109524
36 96 0.0235849
36 97 0.0207469
36 98 0.0218341
37 5 0.047619
37 6 0.093985
37 7 0.078125
37 36 0.0361446
37 38 0.209059
37 39 0.265306
37 67 0.137441
37 68 0.226337
37 97 0.0656934
37 99 0.0493274
37 100 0.00409836
38 6 0.0258303
38 7 0.283525
38 8 0.259804
38 9 0.0170213
38 37 0.209059
38 39 0.119403
38 40 0.0574713
38 70 0.0234742
39 6 0.00555556
39 37 0.265306
39 38 0.119403
39 40 0.0361446
39 67 0.04
39 68 0.0191083
39 70 0.0491803
39 97 0.0319149
39 99 0.19708
39 100 0.0316456
39 101 0.0125
40 9 0.00854701
40 38 0.0574713
40 39 0.0361446
40 41 0.0320513
40 70 0.0947368
40 71 0.0217391
40 72 0.0695652
40 100 0.00763359
40 103 0.0574713
41 8 0.0322581
41 9 0.599078
41 10 0.00512821
41 40 0.0320513
41 70 0.0615385
41 71 0.00520833
41 72 0.0604651
42 9 0.00689655
42 10 0.121951
42 11 0.0165289
42 43 0.119205
42 72 0.0629371
42 73 0.0833333
42 103 0.147826
43 10 0.0123457
43 11 0.00625
43 12 0.0884354
43 42 0.119205
43 44 0.12766
43 45 0.0789474
43 73 0.188679
43 74 0.26
43 104 0.0307692
43 106 0.00617284
44 14 0.0583333
44 15 0.0105263
44 43 0.12766
44 45 0.0780142
44 75 0.239669
44 76 0.133929
44 106 0.150442
44 107 0.018018
45 11 0.0375
45 12 0.22449
45 13 0.243421
45 14 0.0414201
45 15 0.0486111
45 43 0.0789474
45 44 0.0780142
45 75 0.0352941
45 76 0.136646
46 14 0.157233
46 16 0.0909091
46 17 0.0265487
46 18 0.00714286
46 47 0.00617284
46 48 0.180851
46 77 0.213018
47 46 0.00617284
47 48 0.0722222
47 50 0.0381679
47 77 0.223602
47 78 0.137681
47 79 0.121951
48 17 0.0763359
48 18 0.348101
48 19 0.0155039
48 46 0.180851
48 47 0.0722222
48 49 0.0635838
48 50 0.089172
48 77 0.0320856
49 17 0.0306122
49 18 0.08
49 19 0.135417
49 20 0.0743802
49 48 0.0635838
49 50 0.0241935
49 51 0.176923
49 81 0.130435
50 18 0.0825688
50 20 0.0380952
50 47 0.0381679
50 48 0.089172
50 49 0.0241935
50 51 0.140351
50 79 0.07
50 80 0.00724638
50 81 0.040404
51 20 0.0900901
51 21 0.12931
51 22 0.0442478
51 49 0.176923
51 50 0.140351
51 52 0.0217391
51 81 0.0190476
52 22 0.0588235
52 23 0.0394737
52 51 0.0217391
52 53 0.019802
52 81 0.0649351
52 84 0.0111111
53 23 0.0265487
53 52 0.019802
53 55 0.0117647
53 82 0.0245902
53 83 0.112069
53 84 0.173228
53 85 0.156463
54 24 0.233645
54 25 0.0625
54 55 0.176471
54 83 0.0172414
54 85 0.0816327
54 86 0.0701754
54 87 0.0699301
54 88 0.0151515
55 23 0.0758621
55 24 0.0431655
55 25 0.177083
55 53 0.0117647
55 54 0.176471
55 56 0.00595238
55 85 0.0726257
55 87 0.102857
56 25 0.196203
56 26 0.33945
56 27 0.0151515
56 55 0.00595238
56 57 0.0642202
56 58 0.0149254
56 86 0.0535714
56 87 0.0425532
56 88 0.0153846
57 56 0.0642202
57 58 0.110092
57 59 0.0326087
57 86 0.045977
57 87 0.0775862
57 88 0.00952381
58 26 0.0183486
58 27 0.257576
58 56 0.0149254
58 57 0.110092
58 59 0.0683761
59 27 0.0521739
59 29 0.0824742
59 57 0.0326087
59 58 0.0683761
59 89 0.0869565
60 61 0.480198
60 90 0.0115607
60 91 0.12234
60 92 0.0892857
60 122 0.037037
61 30 0.03125
61 60 0.480198
61 90 0.017094
61 91 0.0378788
61 92 0.00595238
62 1 0.0148515
62 31 0.25463
62 32 0.0140187
62 33 0.0637255
62 63 0.264574
62 93 0.0463918
62 124 0.241935
62 126 0.0113636
63 31 0.0796813
63 32 0.0923695
63 33 0.0669456
63 62 0.264574
63 64 0.0898876
63 93 0.170306
63 94 0.0122699
63 95 0.00395257
63 124 0.144796
63 125 0.00666667
63 126 0.180095
64 32 0.0581395
64 33 0.0685484
64 34 0.0538117
64 35 0.0195312
64 63 0.0898876
64 65 0.124528
64 66 0.141667
64 94 0.0813954
64 95 0.156489
64 96 0.285124
64 126 0.122727
65 34 0.00471698
65 35 0.00816326
65 36 0.0851064
65 64 0.124528
65 66 0.113537
65 67 0.0558376
65 68 0.0524017
65 94 0.0434783
65 95 0.0358566
65 96 0.212121
65 97 0.0461538
65 98 0.229839
66 2 0.00480769
66 3 0.0189573
66 4 0.0378378
66 32 0.0135135
66 33 0.0188679
66 34 0.139037
66 35 0.2
66 36 0.0333333
66 64 0.141667
66 65 0.113537
66 96 0.228155
66 98 0.0493274
67 5 0.025
67 6 0.00512821
67 35 0.0106383
67 36 0.146067
67 37 0.137441
67 39 0.04
67 65 0.0558376
67 68 0.186047
67 97 0.157635
67 98 0.0628272
67 99 0.00657895
68 5 0.00520833
68 6 0.0176211
68 35 0.0181818
68 36 0.109524
68 37 0.226337
68 39 0.0191083
68 65 0.0524017
68 67 0.186047
68 97 0.2
68 98 0.183857
68 99 0.0326087
69 71 0.113924
69 100 0.309645
69 101 0.10084
69 102 0.345455
69 130 0.0555556
69 131 0.0379747
69 132 0.107843
69 133 0.0616438
70 9 0.0128205
70 38 0.0234742
70 39 0.0491803
70 40 0.0947368
70 41 0.0615385
70 71 0.0152672
70 72 0.11039
70 100 0.264706
71 40 0.0217391
71 41 0.00520833
71 69 0.113924
71 70 0.0152672
71 72 0.139073
71 100 0.0239521
71 102 0.140741
71 103 0.0650406
71 133 0.0258621
72 9 0.0625
72 10 0.0909091
72 40 0.0695652
72 41 0.0604651
72 42 0.0629371
72 70 0.11039
72 71 0.139073
72 100 0.00526316
72 103 0.164384
73 42 0.0833333
73 43 0.188679
73 74 0.0420168
73 103 0.0813008
73 105 0.0406504
73 134 0.0396825
74 43 0.26
74 73 0.0420168
74 104 0.6
74 105 0.00877193
74 134 0.25641
74 136 0.0243902
75 14 0.0872483
75 44 0.239669
75 45 0.0352941
75 76 0.0212766
75 78 0.0367647
75 106 0.295775
75 107 0.0571429
76 13 0.00813008
76 14 0.0642857
76 44 0.133929
76 45 0.136646
76 75 0.0212766
76 77 0.04
76 78 0.0314961
76 106 0.0075188
76 107 0.305344
76 108 0.0175439
77 14 0.139241
77 15 0.0451128
77 46 0.213018
77 47 0.223602
77 48 0.0320856
77 76 0.04
77 78 0.0965517
78 14 0.0222222
78 47 0.137681
78 75 0.0367647
78 76 0.0314961
78 77 0.0965517
78 79 0.00934579
78 107 0.174603
78 108 0.0183486
79 47 0.121951
79 50 0.07
79 78 0.00934579
79 80 0.0692308
79 108 0.0531915
79 109 0.0102041
79 142 0.00833333
80 50 0.00724638
80 79 0.0692308
80 81 0.0775194
80 82 0.0145985
80 110 0.0754717
80 111 0.187879
80 112 0.264516
80 142 0.0379747
80 143 0.0133333
81 49 0.130435
81 50 0.040404
81 51 0.0190476
81 52 0.0649351
81 80 0.0775194
81 82 0.0204082
81 84 0.0291262
81 112 0.00862069
81 143 0.00900901
82 53 0.0245902
82 80 0.0145985
82 81 0.0204082
82 83 0.25
82 84 0.135135
82 112 0.0241935
82 113 0.043956
82 114 0.00990099
82 143 0.0252101
82 144 0.039604
82 145 0.0409836
83 53 0.112069
83 54 0.0172414
83 82 0.25
83 84 0.0190476
83 85 0.072
83 113 0.282353
83 143 0.0353982
84 52 0.0111111
84 53 0.173228
84 81 0.0291262
84 82 0.135135
84 83 0.0190476
84 85 0.0147059
84 113 0.0104167
84 114 0.0283019
84 143 0.00806452
84 144 0.0188679
85 53 0.156463
85 54 0.0816327
85 55 0.0726257
85 83 0.072
85 84 0.0147059
85 86 0.0406504
85 87 0.0657895
85 114 0.0634921
85 115 0.00862069
85 116 0.00961538
86 54 0.0701754
86 56 0.0535714
86 57 0.045977
86 85 0.0406504
86 87 0.092437
86 88 0.296296
86 115 0.0240964
86 116 0.028169
86 117 0.0299401
86 147 0.0131579
86 150 0.0263158
87 54 0.0699301
87 55 0.102857
87 56 0.0425532
87 57 0.0775862
87 85 0.0657895
87 86 0.092437
87 88 0.270073
87 116 0.01
88 54 0.0151515
88 56 0.0153846
88 57 0.00952381
88 86 0.296296
88 87 0.270073
88 116 0.011236
88 117 0.0216216
88 119 0.00826446
88 150 0.0638298
89 29 0.0224719
89 59 0.0869565
89 90 0.116279
89 91 0.0693069
89 120 0.0491803
89 150 0.0273973
90 29 0.142857
90 30 0.0597015
90 60 0.0115607
90 61 0.017094
90 89 0.116279
90 91 0.165049
91 60 0.12234
91 61 0.0378788
91 89 0.0693069
91 90 0.165049
91 92 0.123377
91 122 0.0273973
91 123 0.191489
92 60 0.0892857
92 61 0.00595238
92 91 0.123377
92 122 0.208791
92 123 0.361538
92 152 0.0142857
92 154 0.0396825
93 62 0.0463918
93 63 0.170306
93 124 0.244792
93 125 0.180812
93 126 0.148352
93 155 0.197044
93 156 0.0555556
94 63 0.0122699
94 64 0.0813954
94 65 0.0434783
94 95 0.35443
94 96 0.0217391
94 125 0.0195122
94 126 0.0431034
94 127 0.102941
94 128 0.0289855
94 156 0.02
94 158 0.0125
95 63 0.00395257
95 64 0.156489
95 65 0.0358566
95 94 0.35443
95 96 0.135965
95 125 0.159322
95 126 0.0533981
95 128 0.0314465
95 156 0.1375
95 158 0.00588235
96 32 0.00446429
96 33 0.00934579
96 36 0.0235849
96 64 0.285124
96 65 0.212121
96 66 0.228155
96 94 0.0217391
96 95 0.135965
96 98 0.0711111
96 126 0.00537634
96 128 0.0143885
97 36 0.0207469
97 37 0.0656934
97 39 0.0319149
97 65 0.0461538
97 67 0.157635
97 68 0.2
97 98 0.326772
97 99 0.204651
97 129 0.0235294
97 160 0.0151515
98 36 0.0218341
98 65 0.229839
98 66 0.0493274
98 67 0.0628272
98 68 0.183857
98 96 0.0711111
98 97 0.326772
98 99 0.0295567
98 128 0.0384615
98 129 0.0316456
98 160 0.016129
99 37 0.0493274
99 39 0.19708
99 67 0.00657895
99 68 0.0326087
99 97 0.204651
99 98 0.0295567
99 100 0.0324324
99 101 0.158879
99 129 0.109244
99 130 0.0263158
99 131 0.00684932
99 160 0.00680272
100 37 0.00409836
100 39 0.0316456
100 40 0.00763359
100 69 0.309645
100 70 0.264706
100 71 0.0239521
100 72 0.00526316
100 99 0.0324324
100 101 0.101562
100 130 0.00740741
100 131 0.0419162
100 132 0.00469484
100 133 0.0322581
101 39 0.0125
101 69 0.10084
101 99 0.158879
101 100 0.101562
101 102 0.0208333
101 130 0.0877193
101 131 0.0561798
101 133 0.012987
101 163 0.0125
102 69 0.345455
102 71 0.140741
102 101 0.0208333
102 132 0.0497238
102 133 0.0813008
103 40 0.0574713
103 42 0.147826
103 71 0.0650406
103 72 0.164384
103 73 0.0813008
103 133 0.045045
104 43 0.0307692
104 74 0.6
104 134 0.0515464
105 73 0.0406504
105 74 0.00877193
105 134 0.0413223
105 135 0.0808824
105 136 0.173228
105 137 0.00970874
106 43 0.00617284
106 44 0.150442
106 75 0.295775
106 76 0.0075188
106 107 0.0681818
106 136 0.192593
106 137 0.00900901
107 44 0.018018
107 75 0.0571429
107 76 0.305344
107 78 0.174603
107 106 0.0681818
107 108 0.0265487
107 136 0.0827068
107 137 0.12844
107 138 0.0137931
108 76 0.0175439
108 78 0.0183486
108 79 0.0531915
108 107 0.0265487
108 109 0.33
108 138 0.03125
108 139 0.025974
108 140 0.0512821
108 141 0.0309278
109 79 0.0102041
109 108 0.33
109 110 0.148649
109 138 0.0454545
109 139 0.0617284
109 140 0.0609756
109 141 0.00990099
109 142 0.047619
110 80 0.0754717
110 109 0.148649
110 142 0.03125
111 80 0.187879
111 112 0.00657895
111 142 0.135484
111 144 0.0697674
111 172 0.0409836
111 173 0.0169492
111 174 0.180645
112 80 0.264516
112 81 0.00862069
112 82 0.0241935
112 111 0.00657895
112 143 0.284672
112 174 0.0896552
113 82 0.043956
113 83 0.282353
113 84 0.0104167
113 143 0.346154
113 145 0.0186916
114 82 0.00990099
114 84 0.0283019
114 85 0.0634921
114 115 0.0465116
114 145 0.222222
114 146 0.24
114 179 0.166667
115 85 0.00862069
115 86 0.0240964
115 114 0.0465116
115 116 0.421875
115 145 0.0186916
115 146 0.355556
115 147 0.0137931
115 178 0.0121951
116 85 0.00961538
116 86 0.028169
116 87 0.01
116 88 0.011236
116 115 0.421875
116 117 0.0135135
116 146 0.0384615
116 147 0.0902256
116 148 0.125
117 86 0.0299401
117 88 0.0216216
117 116 0.0135135
117 118 0.168478
117 119 0.0555556
117 147 0.467249
117 148 0.0625
117 149 0.0194805
117 180 0.00757576
118 117 0.168478
118 119 0.158333
118 120 0.119718
118 121 0.0982143
118 181 0.0102041
119 88 0.00826446
119 117 0.0555556
119 118 0.158333
119 121 0.166667
119 149 0.366667
119 150 0.0561798
119 180 0.102941
119 181 0.0106383
120 89 0.0491803
120 118 0.119718
120 121 0.307692
120 122 0.251497
120 150 0.027027
120 151 0.123711
120 181 0.0258621
120 183 0.00735294
121 118 0.0982143
121 119 0.166667
121 120 0.307692
121 150 0.17284
121 151 0.0149254
121 180 0.0333333
121 181 0.0930233
122 60 0.037037
122 91 0.0273973
122 92 0.208791
122 120 0.251497
122 151 0.0288462
122 152 0.0227273
122 154 0.00847458
123 91 0.191489
123 92 0.361538
123 152 0.0125
123 154 0.151515
123 184 0.0204082
123 185 0.025974
124 62 0.241935
124 63 0.144796
124 93 0.244792
124 125 0.026616
124 126 0.045977
124 155 0.0461538
125 63 0.00666667
125 93 0.180812
125 94 0.0195122
125 95 0.159322
125 124 0.026616
125 126 0.268775
125 155 0.105839
125 156 0.369338
125 186 0.046875
126 62 0.0113636
126 63 0.180095
126 64 0.122727
126 93 0.148352
126 94 0.0431034
126 95 0.0533981
126 96 0.00537634
126 124 0.045977
126 125 0.268775
126 155 0.0486486
126 156 0.0353535
127 94 0.102941
127 128 0.202899
127 158 0.1625
127 160 0.020202
128 94 0.0289855
128 95 0.0314465
128 96 0.0143885
128 98 0.0384615
128 127 0.202899
128 129 0.0416667
128 158 0.0123457
128 159 0.0465116
128 160 0.18
128 189 0.0108696
128 190 0.00877193
129 97 0.0235294
129 98 0.0316456
129 99 0.109244
129 128 0.0416667
129 160 0.235294
129 190 0.0862069
129 191 0.0813954
129 192 0.0869565
130 69 0.0555556
130 99 0.0263158
130 100 0.00740741
130 101 0.0877193
130 131 0.166667
130 132 0.0140845
130 161 0.111111
130 163 0.0114943
130 192 0.0344828
130 193 0.181818
130 194 0.0108696
131 69 0.0379747
131 99 0.00684932
131 100 0.0419162
131 101 0.0561798
131 130 0.166667
131 132 0.304598
131 161 0.0265487
131 162 0.0694444
131 163 0.12605
131 192 0.00840336
131 193 0.0352113
132 69 0.107843
132 100 0.00469484
132 102 0.0497238
132 130 0.0140845
132 131 0.304598
132 133 0.0493827
132 162 0.131579
132 163 0.466667
132 194 0.0117647
133 69 0.0616438
133 71 0.0258621
133 100 0.0322581
133 101 0.012987
133 102 0.0813008
133 103 0.045045
133 132 0.0493827
133 162 0.030303
133 165 0.223214
134 73 0.0396825
134 74 0.25641
134 104 0.0515464
134 105 0.0413223
134 135 0.0863309
134 165 0.0245902
134 166 0.125926
134 195 0.00900901
135 105 0.0808824
135 134 0.0863309
135 164 0.00952381
135 165 0.153285
135 166 0.206667
135 195 0.00793651
135 196 0.00649351
135 197 0.0133333
135 198 0.0636943
136 74 0.0243902
136 105 0.173228
136 106 0.192593
136 107 0.0827068
136 137 0.0803571
137 105 0.00970874
137 106 0.00900901
137 107 0.12844
137 136 0.0803571
137 138 0.0967742
137 168 0.191667
137 169 0.0333333
137 198 0.0403226
138 107 0.0137931
138 108 0.03125
138 109 0.0454545
138 137 0.0967742
138 139 0.201835
138 140 0.0363636
138 168 0.0128205
138 169 0.192308
138 170 0.218978
138 171 0.013986
139 108 0.025974
139 109 0.0617284
139 138 0.201835
139 171 0.0108696
140 108 0.0512821
140 109 0.0609756
140 138 0.0363636
140 141 0.139241
140 171 0.0430108
141 108 0.0309278
141 109 0.00990099
141 140 0.139241
141 142 0.0894309
141 171 0.0803571
141 172 0.0111111
141 202 0.0175439
142 79 0.00833333
142 80 0.0379747
142 109 0.047619
142 110 0.03125
142 111 0.135484
142 141 0.0894309
142 202 0.00719424
143 80 0.0133333
143 81 0.00900901
143 82 0.0252101
143 83 0.0353982
143 84 0.00806452
143 112 0.284672
143 113 0.346154
143 145 0.0592593
143 174 0.0357143
144 82 0.039604
144 84 0.0188679
144 111 0.0697674
144 145 0.179487
144 146 0.01
144 174 0.0409836
145 82 0.0409836
145 113 0.0186916
145 114 0.222222
145 115 0.0186916
145 143 0.0592593
145 144 0.179487
145 146 0.0165289
145 174 0.048951
145 176 0.0378788
145 179 0.121212
146 114 0.24
146 115 0.355556
146 116 0.0384615
146 144 0.01
146 145 0.0165289
146 148 0.00819672
146 177 0.0183486
146 178 0.03125
146 179 0.243902
147 86 0.0131579
147 115 0.0137931
147 116 0.0902256
147 117 0.467249
147 148 0.146893
148 116 0.125
148 117 0.0625
148 146 0.00819672
148 147 0.146893
148 149 0.107843
148 176 0.142857
148 177 0.141732
148 178 0.105263
148 206 0.00671141
148 209 0.0104167
149 117 0.0194805
149 119 0.366667
149 148 0.107843
149 178 0.0921053
149 180 0.238095
149 211 0.0897436
150 86 0.0263158
150 88 0.0638298
150 89 0.0273973
150 119 0.0561798
150 120 0.027027
150 121 0.17284
151 120 0.123711
151 121 0.0149254
151 122 0.0288462
151 152 0.016129
151 154 0.0416667
151 181 0.0377358
151 183 0.0136986
151 184 0.075
152 92 0.0142857
152 122 0.0227273
152 123 0.0125
152 151 0.016129
152 153 0.0792079
152 154 0.368421
152 184 0.25
152 185 0.137931
152 216 0.0227273
153 152 0.0792079
153 154 0.091954
153 184 0.0168067
153 185 0.0714286
153 215 0.0181818
153 216 0.313131
154 92 0.0396825
154 122 0.00847458
154 123 0.151515
154 151 0.0416667
154 152 0.368421
154 153 0.091954
154 184 0.106383
154 185 0.0410959
154 216 0.0675676
155 93 0.197044
155 124 0.0461538
155 125 0.105839
155 126 0.0486486
155 156 0.0228311
155 186 0.340426
156 93 0.0555556
156 94 0.02
156 95 0.1375
156 125 0.369338
156 126 0.0353535
156 155 0.0228311
156 157 0.146853
156 158 0.0185185
156 186 0.00995025
156 187 0.00515464
156 188 0.0628931
156 189 0.00578035
157 156 0.146853
157 158 0.0273973
157 188 0.3
157 189 0.0833333
157 219 0.011236
157 220 0.0240964
158 94 0.0125
158 95 0.00588235
158 127 0.1625
158 128 0.0123457
158 156 0.0185185
158 157 0.0273973
158 188 0.0674157
158 189 0.203883
158 220 0.00980392
159 128 0.0465116
159 160 0.12069
159 189 0.407407
159 190 0.176923
159 191 0.05
159 220 0.0280374
159 221 0.018018
159 222 0.019802
160 97 0.0151515
160 98 0.016129
160 99 0.00680272
160 127 0.020202
160 128 0.18
160 129 0.235294
160 159 0.12069
160 161 0.00877193
160 190 0.152778
160 192 0.0916667
161 130 0.111111
161 131 0.0265487
161 160 0.00877193
161 162 0.0232558
161 192 0.403846
161 193 0.0393701
161 194 0.0550459
161 222 0.10101
162 131 0.0694444
162 132 0.131579
162 133 0.030303
162 161 0.0232558
162 163 0.0592593
162 165 0.00714286
162 193 0.28481
162 194 0.107143
162 195 0.0232558
162 223 0.10559
162 224 0.015873
163 101 0.0125
163 130 0.0114943
163 131 0.12605
163 132 0.466667
163 162 0.0592593
163 193 0.0225564
163 194 0.00869565
164 135 0.00952381
164 166 0.039604
164 195 0.103896
164 196 0.0190476
164 197 0.188119
164 227 0.0740741
165 133 0.223214
165 134 0.0245902
165 135 0.153285
165 162 0.00714286
165 166 0.0150376
166 134 0.125926
166 135 0.206667
166 164 0.039604
166 165 0.0150376
166 195 0.0327869
166 196 0.106667
166 197 0.0273973
166 198 0.0326797
166 199 0.0496454
167 168 0.104167
167 169 0.104167
167 198 0.04
168 137 0.191667
168 138 0.0128205
168 167 0.104167
168 169 0.289474
168 170 0.0150376
168 198 0.128205
168 199 0.0138889
168 200 0.0111111
168 231 0.0298507
169 137 0.0333333
169 138 0.192308
169 167 0.104167
169 168 0.289474
169 170 0.0451128
169 171 0.0431655
169 201 0.0493827
170 138 0.218978
170 168 0.0150376
170 169 0.0451128
170 171 0.025
170 200 0.295775
170 201 0.0839161
170 202 0.00819672
170 230 0.0104167
170 231 0.0173913
171 138 0.013986
171 139 0.0108696
171 140 0.0430108
171 141 0.0803571
171 169 0.0431655
171 170 0.025
171 201 0.134228
171 202 0.195312
171 231 0.0165289
172 111 0.0409836
172 141 0.0111111
172 173 0.0128205
172 202 0.179245
172 203 0.253012
172 205 0.0289855
172 232 0.0357143
173 111 0.0169492
173 172 0.0128205
173 174 0.18018
173 175 0.00980392
173 203 0.291139
173 204 0.115789
173 205 0.107692
174 111 0.180645
174 112 0.0896552
174 143 0.0357143
174 144 0.0409836
174 145 0.048951
174 173 0.18018
174 175 0.00719424
174 203 0.0948276
174 204 0.0151515
175 173 0.00980392
175 174 0.00719424
175 176 0.15625
175 204 0.121951
175 206 0.194444
175 207 0.0683761
175 237 0.064
175 238 0.0210526
176 145 0.0378788
176 148 0.142857
176 175 0.15625
176 177 0.05
176 206 0.197183
176 207 0.0434783
176 238 0.0107527
177 146 0.0183486
177 148 0.141732
177 176 0.05
177 178 0.386139
177 179 0.0574713
177 206 0.176471
177 207 0.12844
177 208 0.0757576
177 209 0.0120482
177 238 0.0114943
177 239 0.029703
178 115 0.0121951
178 146 0.03125
178 148 0.105263
178 149 0.0921053
178 177 0.386139
178 206 0.0406504
178 208 0.0188679
178 209 0.142857
178 210 0.00934579
178 211 0.0111111
178 238 0.0540541
178 239 0.0340909
179 114 0.166667
179 145 0.121212
179 146 0.243902
179 177 0.0574713
180 117 0.00757576
180 119 0.102941
180 121 0.0333333
180 149 0.238095
180 181 0.0652174
180 210 0.0684932
180 211 0.0892857
181 118 0.0102041
181 119 0.0106383
181 120 0.0258621
181 121 0.0930233
181 151 0.0377358
181 180 0.0652174
181 182 0.0192308
181 183 0.0326087
181 211 0.0365854
181 213 0.0948905
181 214 0.0420168
182 181 0.0192308
182 211 0.0542169
182 212 0.26616
182 213 0.190045
182 243 0.0240385
182 244 0.0277778
183 120 0.00735294
183 151 0.0136986
183 181 0.0326087
183 184 0.193277
183 214 0.251799
183 215 0.0272727
184 123 0.0204082
184 151 0.075
184 152 0.25
184 153 0.0168067
184 154 0.106383
184 183 0.193277
184 185 0.295238
184 215 0.025641
185 123 0.025974
185 152 0.137931
185 153 0.0714286
185 154 0.0410959
185 184 0.295238
185 216 0.0705882
186 125 0.046875
186 155 0.340426
186 156 0.00995025
186 187 0.0245399
186 217 0.144068
186 218 0.0359712
187 156 0.00515464
187 186 0.0245399
187 188 0.140496
187 218 0.227273
187 219 0.0785714
187 248 0.0652174
187 249 0.0733333
188 156 0.0628931
188 157 0.3
188 158 0.0674157
188 187 0.140496
188 189 0.03
188 219 0.0666667
188 220 0.050505
189 128 0.0108696
189 156 0.00578035
189 157 0.0833333
189 158 0.203883
189 159 0.407407
189 188 0.03
189 190 0.0220588
189 220 0.150442
189 221 0.0512821
190 128 0.00877193
190 129 0.0862069
190 159 0.176923
190 160 0.152778
190 189 0.0220588
190 191 0.257812
190 192 0.0671642
190 222 0.0620155
190 254 0.0078125
191 129 0.0813954
191 159 0.05
191 190 0.257812
191 192 0.0673077
191 222 0.020202
191 252 0.142857
192 129 0.0869565
192 130 0.0344828
192 131 0.00840336
192 160 0.0916667
192 161 0.403846
192 190 0.0671642
192 191 0.0673077
192 222 0.0761905
192 224 0.00990099
193 130 0.181818
193 131 0.0352113
193 161 0.0393701
193 162 0.28481
193 163 0.0225564
193 194 0.181159
193 222 0.0703125
193 223 0.163522
193 224 0.00806452
193 254 0.015748
194 130 0.0108696
194 132 0.0117647
194 161 0.0550459
194 162 0.107143
194 163 0.00869565
194 193 0.181159
194 195 0.0458716
194 223 0.0638298
194 224 0.0188679
194 225 0.026087
194 226 0.211864
195 134 0.00900901
195 135 0.00793651
195 162 0.0232558
195 164 0.103896
195 166 0.0327869
195 194 0.0458716
195 196 0.119048
195 197 0.0737705
195 226 0.0934579
195 258 0.0546875
196 135 0.00649351
196 164 0.0190476
196 166 0.106667
196 195 0.119048
196 197 0.32
196 199 0.0206897
196 226 0.0148148
196 227 0.0769231
196 258 0.128205
196 259 0.017094
197 135 0.0133333
197 164 0.188119
197 166 0.0273973
197 195 0.0737705
197 196 0.32
197 227 0.253968
197 259 0.00884956
198 135 0.0636943
198 137 0.0403226
198 166 0.0326797
198 167 0.04
198 168 0.128205
198 199 0.168919
198 231 0.0652174
199 166 0.0496454
199 168 0.0138889
199 196 0.0206897
199 198 0.168919
199 200 0.0853659
199 229 0.0598291
199 230 0.0373832
199 231 0.00793651
199 259 0.194444
199 261 0.026087
200 168 0.0111111
200 170 0.295775
200 199 0.0853659
200 201 0.01
200 231 0.0277778
201 169 0.0493827
201 170 0.0839161
201 171 0.134228
201 200 0.01
201 202 0.0198676
201 231 0.0208333
201 232 0.254777
201 233 0.0277778
201 234 0.00598802
201 263 0.177632
201 264 0.0420168
202 141 0.0175439
202 142 0.00719424
202 170 0.00819672
202 171 0.195312
202 172 0.179245
202 201 0.0198676
202 232 0.0514706
203 172 0.253012
203 173 0.291139
203 174 0.0948276
203 205 0.0714286
203 233 0.03125
203 234 0.00813008
204 173 0.115789
204 174 0.0151515
204 175 0.121951
204 205 0.151163
204 234 0.122302
204 237 0.00847458
204 266 0.013245
204 268 0.025
205 172 0.0289855
205 173 0.107692
205 203 0.0714286
205 204 0.151163
205 232 0.020202
205 233 0.08
205 234 0.293578
205 236 0.0116279
205 264 0.0327869
205 265 0.038961
205 266 0.0495868
206 148 0.00671141
206 175 0.194444
206 176 0.197183
206 177 0.176471
206 178 0.0406504
206 207 0.381679
206 208 0.0568182
206 237 0.0143885
206 238 0.211009
206 239 0.00813008
206 270 0.00680272
207 175 0.0683761
207 176 0.0434783
207 177 0.12844
207 206 0.381679
207 208 0.0819672
207 237 0.0357143
207 238 0.378049
207 239 0.0104167
207 268 0.00877193
207 269 0.0416667
207 270 0.025
208 177 0.0757576
208 178 0.0188679
208 206 0.0568182
208 207 0.0819672
208 209 0.114286
208 210 0.0277778
208 239 0.0566038
208 240 0.0108696
208 269 0.0188679
209 148 0.0104167
209 177 0.0120482
209 178 0.142857
209 208 0.114286
209 210 0.168539
209 238 0.0178571
209 239 0.242857
209 240 0.100917
209 269 0.242857
209 270 0.0319149
209 271 0.00900901
210 178 0.00934579
210 180 0.0684932
210 208 0.0277778
210 209 0.168539
210 211 0.238532
210 212 0.00970874
210 239 0.0654206
210 240 0.0753425
210 241 0.0758621
210 242 0.0967742
211 149 0.0897436
211 178 0.0111111
211 180 0.0892857
211 181 0.0365854
211 182 0.0542169
211 210 0.238532
211 212 0.031746
212 182 0.26616
212 210 0.00970874
212 211 0.031746
212 242 0.274436
212 243 0.194805
212 244 0.0197044
213 181 0.0948905
213 182 0.190045
213 214 0.315217
213 244 0.0124224
214 181 0.0420168
214 183 0.251799
214 213 0.315217
214 215 0.0656934
214 246 0.00617284
214 275 0.0289855
215 153 0.0181818
215 183 0.0272727
215 184 0.025641
215 214 0.0656934
215 245 0.0263158
215 246 0.345865
215 275 0.0642202
215 277 0.00680272
216 152 0.0227273
216 153 0.313131
216 154 0.0675676
216 185 0.0705882
216 277 0.0882353
217 186 0.144068
217 218 0.218391
217 279 0.0985916
218 186 0.0359712
218 187 0.227273
218 217 0.218391
218 219 0.0172414
218 248 0.131579
218 249 0.0555556
218 279 0.173913
219 157 0.011236
219 187 0.0785714
219 188 0.0666667
219 218 0.0172414
219 220 0.177966
219 249 0.119403
219 250 0.196581
219 251 0.0105263
219 280 0.0118343
219 281 0.0181818
220 157 0.0240964
220 158 0.00980392
220 159 0.0280374
220 188 0.050505
220 189 0.150442
220 219 0.177966
220 221 0.155172
221 159 0.018018
221 189 0.0512821
221 220 0.155172
221 250 0.0869565
221 251 0.0537634
221 252 0.241379
221 253 0.0166667
221 254 0.0366972
221 282 0.0289855
222 159 0.019802
222 161 0.10101
222 190 0.0620155
222 191 0.020202
222 192 0.0761905
222 193 0.0703125
222 223 0.0534351
222 224 0.0208333
222 252 0.0566038
222 253 0.0181818
222 254 0.252525
223 162 0.10559
223 193 0.163522
223 194 0.0638298
223 222 0.0534351
223 224 0.377953
223 225 0.0808824
223 253 0.0496454
223 254 0.0461538
223 284 0.0145985
224 162 0.015873
224 192 0.00990099
224 193 0.00806452
224 194 0.0188679
224 222 0.0208333
224 223 0.377953
225 194 0.026087
225 223 0.0808824
225 226 0.079646
225 254 0.00961538
225 255 0.218487
225 258 0.0671642
225 284 0.0540541
225 285 0.025641
226 194 0.211864
226 195 0.0934579
226 196 0.0148148
226 225 0.079646
226 255 0.0163934
226 257 0.109091
226 258 0.167883
226 289 0.0070922
227 164 0.0740741
227 196 0.0769231
227 197 0.253968
227 228 0.15534
227 258 0.0530303
227 259 0.0860215
227 289 0.0367647
228 227 0.15534
228 229 0.434343
228 259 0.0222222
228 261 0.0206186
229 199 0.0598291
229 228 0.434343
229 230 0.0227273
229 231 0.0186916
229 259 0.179775
229 260 0.04
229 290 0.00746269
229 291 0.0424242
230 170 0.0104167
230 199 0.0373832
230 229 0.0227273
230 231 0.0618557
230 260 0.166667
230 261 0.104651
230 262 0.12766
230 292 0.00990099
230 293 0.0833333
231 168 0.0298507
231 170 0.0173913
231 171 0.0165289
231 198 0.0652174
231 199 0.00793651
231 200 0.0277778
231 201 0.0208333
231 229 0.0186916
231 230 0.0618557
231 261 0.00952381
231 262 0.0973451
231 263 0.16129
232 172 0.0357143
232 201 0.254777
232 202 0.0514706
232 205 0.020202
232 233 0.107527
232 234 0.0263158
232 264 0.115385
232 265 0.00833333
232 294 0.121019
232 295 0.0350877
233 201 0.0277778
233 203 0.03125
233 205 0.08
233 232 0.107527
233 234 0.291262
233 264 0.145455
233 294 0.00925926
234 201 0.00598802
234 203 0.00813008
234 204 0.122302
234 205 0.293578
234 232 0.0263158
234 233 0.291262
234 264 0.0789474
234 265 0.0230769
234 266 0.00574713
235 264 0.00925926
235 265 0.0806452
235 266 0.267857
235 297 0.3
236 205 0.0116279
236 237 0.0254237
236 266 0.264901
236 268 0.025
237 175 0.064
237 204 0.00847458
237 206 0.0143885
237 207 0.0357143
237 236 0.0254237
237 238 0.1
237 268 0.360656
237 269 0.0288462
237 298 0.0973451
237 299 0.12381
238 175 0.0210526
238 176 0.0107527
238 177 0.0114943
238 178 0.0540541
238 206 0.211009
238 207 0.378049
238 209 0.0178571
238 237 0.1
238 269 0.0135135
238 299 0.0133333
239 177 0.029703
239 178 0.0340909
239 206 0.00813008
239 207 0.0104167
239 208 0.0566038
239 209 0.242857
239 210 0.0654206
239 240 0.0944882
239 269 0.0795455
239 270 0.294643
239 271 0.0155039
239 301 0.00900901
240 208 0.0108696
240 209 0.100917
240 210 0.0753425
240 239 0.0944882
240 241 0.0787879
240 242 0.00970874
240 269 0.0629921
240 271 0.375
240 301 0.02
240 302 0.00694444
241 210 0.0758621
241 240 0.0787879
241 242 0.35122
241 243 0.0117647
241 271 0.101796
241 272 0.015625
242 210 0.0967742
242 212 0.274436
242 240 0.00970874
242 241 0.35122
242 243 0.104265
242 271 0.0336538
242 272 0.00591716
243 182 0.0240385
243 212 0.194805
243 241 0.0117647
243 242 0.104265
243 244 0.0608108
243 245 0.00675676
243 272 0.0298507
243 273 0.28481
244 182 0.0277778
244 212 0.0197044
244 213 0.0124224
244 243 0.0608108
244 273 0.0923077
244 274 0.0526316
244 275 0.304348
245 215 0.0263158
245 243 0.00675676
245 273 0.0230769
245 274 0.00877193
245 275 0.113043
245 276 0.111111
245 304 0.0190476
245 305 0.105769
245 307 0.00877193
246 214 0.00617284
246 215 0.345865
246 275 0.0223881
246 277 0.255814
246 307 0.0300752
247 277 0.0847458
247 278 0.0843373
248 187 0.0652174
248 218 0.131579
248 249 0.181818
248 279 0.132653
248 280 0.0718563
248 311 0.194915
249 187 0.0733333
249 218 0.0555556
249 219 0.119403
249 248 0.181818
249 279 0.0181818
249 280 0.167598
249 281 0.0666667
249 311 0.0153846
250 219 0.196581
250 221 0.0869565
250 251 0.556818
250 281 0.15534
251 219 0.0105263
251 221 0.0537634
251 250 0.556818
251 281 0.0246914
251 282 0.027027
252 191 0.142857
252 221 0.241379
252 222 0.0566038
252 253 0.0775862
252 254 0.00952381
252 284 0.0446429
253 221 0.0166667
253 222 0.0181818
253 223 0.0496454
253 252 0.0775862
253 254 0.12844
253 282 0.0144928
253 284 0.258621
253 285 0.0240964
253 315 0.0982143
253 317 0.0576923
254 190 0.0078125
254 193 0.015748
254 221 0.0366972
254 222 0.252525
254 223 0.0461538
254 225 0.00961538
254 252 0.00952381
254 253 0.12844
254 282 0.0393701
254 284 0.0285714
255 225 0.218487
255 226 0.0163934
255 256 0.025
255 257 0.0517241
255 258 0.195804
255 285 0.0344828
255 286 0.109091
255 287 0.028169
255 318 0.0119048
256 255 0.025
256 257 0.0277778
256 286 0.0196078
256 287 0.261194
256 288 0.136364
256 318 0.118421
256 319 0.0512821
257 226 0.109091
257 255 0.0517241
257 256 0.0277778
257 258 0.0992366
257 286 0.0102041
257 287 0.246154
257 288 0.0703125
257 289 0.0814815
258 195 0.0546875
258 196 0.128205
258 225 0.0671642
258 226 0.167883
258 227 0.0530303
258 255 0.195804
258 257 0.0992366
258 289 0.0308642
259 196 0.017094
259 197 0.00884956
259 199 0.194444
259 227 0.0860215
259 228 0.0222222
259 229 0.179775
259 260 0.021978
260 229 0.04
260 230 0.166667
260 259 0.021978
260 261 0.153061
260 290 0.0147059
260 291 0.0479042
260 292 0.274336
260 322 0.07
261 199 0.026087
261 228 0.0206186
261 230 0.104651
261 231 0.00952381
261 260 0.153061
261 262 0.00980392
261 290 0.0530303
261 291 0.220859
262 230 0.12766
262 231 0.0973451
262 261 0.00980392
262 263 0.14876
262 293 0.223214
262 294 0.0070922
262 324 0.0535714
263 201 0.177632
263 231 0.16129
263 262 0.14876
263 294 0.111842
264 201 0.0420168
264 205 0.0327869
264 232 0.115385
264 233 0.145455
264 234 0.0789474
264 235 0.00925926
264 265 0.0365854
264 294 0.109244
264 295 0.0263158
264 325 0.102941
264 326 0.064
265 205 0.038961
265 232 0.00833333
265 234 0.0230769
265 235 0.0806452
265 264 0.0365854
265 266 0.0211268
265 295 0.271739
265 296 0.118182
265 297 0.0625
266 204 0.013245
266 205 0.0495868
266 234 0.00574713
266 235 0.267857
266 236 0.264901
266 265 0.0211268
266 267 0.0416667
266 268 0.0580645
266 297 0.0319149
267 266 0.0416667
267 268 0.0884956
267 296 0.00892857
267 297 0.130137
267 298 0.153846
267 328 0.03125
268 204 0.025
268 207 0.00877193
268 236 0.025
268 237 0.360656
268 266 0.0580645
268 267 0.0884956
268 298 0.2
269 207 0.0416667
269 208 0.0188679
269 209 0.242857
269 237 0.0288462
269 238 0.0135135
269 239 0.0795455
269 240 0.0629921
269 270 0.0178571
269 299 0.0337079
269 300 0.0485437
269 301 0.036036
270 206 0.00680272
270 207 0.025
270 209 0.0319149
270 239 0.294643
270 269 0.0178571
270 271 0.0130719
270 300 0.023622
270 301 0.244444
270 302 0.0155039
271 209 0.00900901
271 239 0.0155039
271 240 0.375
271 241 0.101796
271 242 0.0336538
271 270 0.0130719
271 272 0.167939
271 301 0.0131579
271 302 0.0136986
271 303 0.0119048
272 241 0.015625
272 242 0.00591716
272 243 0.0298507
272 271 0.167939
272 273 0.0689655
272 302 0.0280374
272 303 0.00775194
272 332 0.00666667
273 243 0.28481
273 244 0.0923077
273 245 0.0230769
273 272 0.0689655
273 274 0.153226
273 302 0.0839695
274 244 0.0526316
274 245 0.00877193
274 273 0.153226
274 302 0.0782609
274 303 0.109489
274 304 0.0808081
275 214 0.0289855
275 215 0.0642202
275 244 0.304348
275 245 0.113043
275 246 0.0223881
276 245 0.111111
276 305 0.049505
276 306 0.114286
276 307 0.171171
277 215 0.00680272
277 216 0.0882353
277 246 0.255814
277 247 0.0847458
277 278 0.145695
277 307 0.0680272
277 308 0.136986
277 309 0.00680272
278 247 0.0843373
278 277 0.145695
278 308 0.117117
278 309 0.116071
279 217 0.0985916
279 218 0.173913
279 248 0.132653
279 249 0.0181818
279 280 0.0206897
279 310 0.0263158
279 311 0.208333
280 219 0.0118343
280 248 0.0718563
280 249 0.167598
280 279 0.0206897
280 281 0.16129
280 311 0.333333
280 312 0.0959596
280 313 0.05
280 342 0.0886076
281 219 0.0181818
281 249 0.0666667
281 250 0.15534
281 251 0.0246914
281 280 0.16129
281 282 0.00793651
281 283 0.046729
281 311 0.0566038
281 312 0.0215827
281 313 0.0165289
281 342 0.030303
282 221 0.0289855
282 251 0.027027
282 253 0.0144928
282 254 0.0393701
282 281 0.00793651
282 283 0.262774
282 313 0.013245
282 314 0.0656934
282 315 0.0692308
283 281 0.046729
283 282 0.262774
283 312 0.126667
283 313 0.00757576
283 314 0.00847458
284 223 0.0145985
284 225 0.0540541
284 252 0.0446429
284 253 0.258621
284 254 0.0285714
284 285 0.240506
284 286 0.0490196
284 316 0.00884956
284 317 0.07
285 225 0.025641
285 253 0.0240964
285 255 0.0344828
285 284 0.240506
285 286 0.347826
285 316 0.05
285 317 0.0149254
285 318 0.0232558
285 347 0.0347826
286 255 0.109091
286 256 0.0196078
286 257 0.0102041
286 284 0.0490196
286 285 0.347826
286 287 0.016129
286 316 0.038835
286 318 0.106061
286 347 0.00724638
287 255 0.028169
287 256 0.261194
287 257 0.246154
287 286 0.016129
287 288 0.266234
287 289 0.00621118
287 318 0.0612245
287 319 0.0143885
287 349 0.033557
287 350 0.137681
288 256 0.136364
288 257 0.0703125
288 287 0.266234
288 289 0.125786
288 319 0.270073
288 350 0.00735294
289 226 0.0070922
289 227 0.0367647
289 257 0.0814815
289 258 0.0308642
289 287 0.00621118
289 288 0.125786
289 290 0.0119048
289 291 0.0251256
289 319 0.00694444
289 320 0.376812
289 321 0.0142857
289 322 0.00757576
289 351 0.0670732
290 229 0.00746269
290 260 0.0147059
290 261 0.0530303
290 289 0.0119048
290 291 0.522388
290 320 0.0214286
290 321 0.00704225
290 322 0.0223881
290 353 0.00763359
291 229 0.0424242
291 260 0.0479042
291 261 0.220859
291 289 0.0251256
291 290 0.522388
291 320 0.0233918
291 322 0.121212
292 230 0.00990099
292 260 0.274336
292 293 0.0672269
292 322 0.0990991
292 323 0.295455
292 354 0.0330578
293 230 0.0833333
293 262 0.223214
293 292 0.0672269
293 323 0.15748
293 324 0.0526316
293 354 0.103448
294 232 0.121019
294 233 0.00925926
294 262 0.0070922
294 263 0.111842
294 264 0.109244
294 295 0.100775
294 324 0.0909091
294 326 0.168539
294 327 0.0364963
295 232 0.0350877
295 264 0.0263158
295 265 0.271739
295 294 0.100775
295 296 0.0192308
295 327 0.0425532
296 265 0.118182
296 267 0.00892857
296 295 0.0192308
296 297 0.173077
296 327 0.0892857
296 328 0.0849057
297 235 0.3
297 265 0.0625
297 266 0.0319149
297 267 0.130137
297 296 0.173077
297 328 0.00714286
298 237 0.0973451
298 267 0.153846
298 268 0.2
298 299 0.0612245
298 328 0.0102041
298 329 0.0990099
299 237 0.12381
299 238 0.0133333
299 269 0.0337079
299 298 0.0612245
299 300 0.125
299 329 0.107527
299 330 0.029703
299 331 0.05
299 361 0.0178571
300 269 0.0485437
300 270 0.023622
300 299 0.125
300 301 0.047619
300 330 0.00869565
300 331 0.0175439
300 332 0.0306748
300 333 0.0114943
300 361 0.0238095
300 362 0.319672
300 364 0.130769
301 239 0.00900901
301 240 0.02
301 269 0.036036
301 270 0.244444
301 271 0.0131579
301 300 0.047619
301 302 0.0078125
301 303 0.00666667
301 330 0.00813008
301 331 0.00819672
301 332 0.309942
301 362 0.00769231
302 240 0.00694444
302 270 0.0155039
302 271 0.0136986
302 272 0.0280374
302 273 0.0839695
302 274 0.0782609
302 301 0.0078125
302 303 0.340278
302 332 0.0666667
302 362 0.0241935
302 364 0.0378788
302 365 0.0175439
303 271 0.0119048
303 272 0.00775194
303 274 0.109489
303 301 0.00666667
303 302 0.340278
303 304 0.109375
303 332 0.176471
303 333 0.00900901
303 334 0.0775862
303 335 0.0380952
303 364 0.0194805
303 365 0.00735294
304 245 0.0190476
304 274 0.0808081
304 303 0.109375
304 305 0.0786517
304 334 0.0384615
304 336 0.0724638
304 366 0.0442478
304 367 0.00793651
305 245 0.105769
305 276 0.049505
305 304 0.0786517
305 306 0.0652174
305 334 0.12987
305 336 0.0588235
305 365 0.0309278
306 276 0.114286
306 305 0.0652174
306 307 0.166667
