0 1 0.0275229
0 31 0.041958
0 32 0.342697
0 33 0.0172414
0 62 0.141844
1 0 0.0275229
1 3 0.142857
1 32 0.188811
2 3 0.331169
2 4 0.0444444
2 32 0.0792683
2 33 0.05625
2 34 0.0137931
2 36 0.0152672
3 1 0.142857
3 2 0.331169
3 4 0.109827
3 32 0.20297
3 33 0.0656566
3 34 0.0710383
3 36 0.0236686
4 2 0.0444444
4 3 0.109827
4 5 0.116959
4 6 0.235294
4 34 0.140244
4 36 0.0466667
4 37 0.0427807
5 4 0.116959
5 6 0.110294
5 7 0.00617284
5 37 0.166667
5 38 0.247423
5 67 0.00636943
5 68 0.0295203
6 4 0.235294
6 5 0.110294
6 34 0.0310078
6 36 0.0695652
6 37 0.0197368
6 38 0.0633803
7 5 0.00617284
7 8 0.0288462
7 38 0.291667
7 69 0.0714286
7 70 0.0075188
7 71 0.171598
8 7 0.0288462
8 10 0.0985916
8 38 0.00735294
8 70 0.019802
8 71 0.233577
9 10 0.194805
9 11 0.0223881
9 40 0.0695652
9 41 0.0566038
9 69 0.00943396
9 71 0.0805369
9 72 0.0630631
10 8 0.0985916
10 9 0.194805
10 11 0.109375
10 41 0.097561
10 69 0.109756
10 70 0.0116959
10 71 0.193237
10 72 0.0118343
11 9 0.0223881
11 10 0.109375
11 12 0.0773481
11 41 0.0208333
11 42 0.0904255
11 43 0.178218
11 74 0.0236686
12 11 0.0773481
12 13 0.114583
12 42 0.111675
12 43 0.341232
12 44 0.0627615
12 74 0.0168539
13 12 0.114583
13 14 0.147059
13 15 0.0107527
13 44 0.302905
13 76 0.0194175
14 13 0.147059
14 15 0.395062
14 16 0.0320513
14 44 0.0368664
14 76 0.0659341
15 13 0.0107527
15 14 0.395062
15 16 0.389535
15 17 0.00735294
15 44 0.00858369
15 45 0.0636943
15 46 0.0731707
15 48 0.0116279
15 76 0.050505
15 78 0.033557
16 14 0.0320513
16 15 0.389535
16 17 0.0384615
16 45 0.00662252
16 46 0.0598291
16 47 0.187097
16 48 0.10241
16 76 0.00520833
16 78 0.027972
16 79 0.00609756
17 15 0.00735294
17 16 0.0384615
17 19 0.0201342
17 47 0.12605
17 49 0.0927152
17 79 0.078125
18 19 0.230303
18 47 0.17037
18 48 0.0958904
18 49 0.173653
18 50 0.0151515
18 79 0.0208333
18 80 0.0769231
18 82 0.0218579
19 17 0.0201342
19 18 0.230303
19 20 0.201087
19 49 0.5
19 50 0.0643275
19 80 0.0213675
19 81 0.0153846
19 82 0.0765766
20 19 0.201087
20 21 0.054878
20 49 0.0967742
20 50 0.0331126
20 51 0.274074
20 81 0.00571429
20 82 0.118812
21 20 0.054878
21 22 0.0136054
21 51 0.0814815
21 52 0.358382
21 82 0.00495049
22 21 0.0136054
22 23 0.164557
22 24 0.0138889
22 52 0.0961538
22 53 0.201923
22 55 0.00680272
22 83 0.0211268
22 84 0.0839695
23 22 0.164557
23 24 0.0752688
23 53 0.0566038
23 54 0.021978
23 55 0.0625
24 22 0.0138889
24 23 0.0752688
24 25 0.270833
24 55 0.409938
24 56 0.0113636
24 87 0.120879
25 24 0.270833
25 26 0.00632911
25 55 0.00680272
25 56 0.265432
25 57 0.14
25 87 0.107143
26 25 0.00632911
26 27 0.38587
26 56 0.0157895
26 57 0.41573
26 58 0.0139535
26 88 0.00549451
26 89 0.0685714
26 90 0.165803
27 26 0.38587
27 28 0.00537634
27 57 0.0795455
27 58 0.347418
27 59 0.0295567
27 89 0.00578035
27 90 0.0837696
28 27 0.00537634
28 29 0.160194
28 58 0.253456
28 59 0.115942
28 60 0.132159
28 91 0.0103093
29 28 0.160194
29 30 0.0671141
29 60 0.213992
29 61 0.312796
29 91 0.00952381
29 92 0.027933
30 29 0.0671141
30 61 0.434783
31 0 0.041958
31 32 0.0451977
31 33 0.017341
31 62 0.15
31 63 0.0806452
31 64 0.245283
31 93 0.14094
31 94 0.0263158
32 0 0.342697
32 1 0.188811
32 2 0.0792683
32 3 0.20297
32 31 0.0451977
32 33 0.168269
32 62 0.04
33 0 0.0172414
33 2 0.05625
33 3 0.0656566
33 31 0.017341
33 32 0.168269
33 34 0.021164
33 62 0.0175439
33 63 0.00921659
33 64 0.0473684
33 65 0.0172414
33 95 0.193694
34 2 0.0137931
34 3 0.0710383
34 4 0.140244
34 6 0.0310078
34 33 0.021164
34 35 0.0238095
34 36 0.21875
34 66 0.0133333
34 95 0.169082
34 97 0.025974
35 34 0.0238095
35 36 0.305195
35 37 0.0314136
35 65 0.0457516
35 66 0.506944
35 95 0.0348259
35 96 0.00591716
35 97 0.243243
35 98 0.105263
36 2 0.0152672
36 3 0.0236686
36 4 0.0466667
36 6 0.0695652
36 34 0.21875
36 35 0.305195
36 37 0.136612
36 66 0.161765
36 67 0.0294118
36 68 0.004
36 95 0.00518135
36 97 0.0214286
36 98 0.0833333
37 4 0.0427807
37 5 0.166667
37 6 0.0197368
37 35 0.0314136
37 36 0.136612
37 38 0.052381
37 67 0.104046
37 68 0.296167
37 97 0.00564972
37 98 0.0165746
37 101 0.0047619
38 5 0.247423
38 6 0.0633803
38 7 0.291667
38 8 0.00735294
38 37 0.052381
38 68 0.0252708
38 69 0.00632911
38 71 0.0447761
39 40 0.4
39 72 0.145833
39 102 0.0310078
39 103 0.015625
39 104 0.0683761
40 9 0.0695652
40 39 0.4
40 41 0.016
40 70 0.0454545
40 72 0.476923
40 73 0.0290698
40 101 0.00598802
40 102 0.0245399
40 104 0.18543
41 9 0.0566038
41 10 0.097561
41 11 0.0208333
41 40 0.016
41 42 0.19375
41 69 0.103448
41 71 0.0377358
41 72 0.0165289
41 73 0.0368098
41 104 0.0633803
42 11 0.0904255
42 12 0.111675
42 41 0.19375
42 43 0.183486
42 73 0.125604
42 74 0.027027
42 104 0.0107527
42 106 0.0631068
43 11 0.178218
43 12 0.341232
43 42 0.183486
43 44 0.0423077
43 74 0.165829
43 106 0.0727273
44 12 0.0627615
44 13 0.302905
44 14 0.0368664
44 15 0.00858369
44 43 0.0423077
44 45 0.0235849
44 46 0.00561798
44 74 0.00440529
44 76 0.3083
44 106 0.0604839
44 107 0.0272727
45 15 0.0636943
45 16 0.00662252
45 44 0.0235849
45 46 0.00980392
45 75 0.0416667
45 76 0.276836
45 77 0.0163934
45 78 0.117188
45 107 0.166667
45 108 0.0373134
46 15 0.0731707
46 16 0.0598291
46 44 0.00561798
46 45 0.00980392
46 48 0.0769231
46 77 0.170455
46 78 0.0957447
46 79 0.00869565
46 109 0.0243902
46 111 0.00591716
47 16 0.187097
47 17 0.12605
47 18 0.17037
47 48 0.290323
47 49 0.0340909
47 77 0.0238095
47 78 0.0378788
47 79 0.261438
47 80 0.0441176
47 109 0.0310559
47 111 0.00483092
48 15 0.0116279
48 16 0.10241
48 18 0.0958904
48 46 0.0769231
48 47 0.290323
48 77 0.080292
48 78 0.223776
48 79 0.103659
48 80 0.0186047
48 109 0.209302
48 111 0.0688073
49 17 0.0927152
49 18 0.173653
49 19 0.5
49 20 0.0967742
49 47 0.0340909
49 51 0.0127389
49 79 0.0810811
49 80 0.0338983
49 81 0.0203046
49 82 0.0446429
50 18 0.0151515
50 19 0.0643275
50 20 0.0331126
50 51 0.0491803
50 80 0.0696517
50 81 0.154321
50 82 0.439153
50 112 0.0814815
50 113 0.00787402
51 20 0.274074
51 21 0.0814815
51 49 0.0127389
51 50 0.0491803
51 52 0.0625
51 81 0.239726
51 82 0.0982659
51 83 0.00769231
51 112 0.00840336
51 113 0.018018
51 114 0.0387597
52 21 0.358382
52 22 0.0961538
52 51 0.0625
52 83 0.0178571
52 114 0.155689
53 22 0.201923
53 23 0.0566038
53 54 0.0431034
53 55 0.0165289
53 84 0.266667
53 85 0.1
53 115 0.00909091
54 23 0.021978
54 53 0.0431034
54 55 0.207547
54 85 0.0909091
54 117 0.279503
55 22 0.00680272
55 23 0.0625
55 24 0.409938
55 25 0.00680272
55 53 0.0165289
55 54 0.207547
55 87 0.135135
55 117 0.0180723
55 118 0.0116279
56 24 0.0113636
56 25 0.265432
56 26 0.0157895
56 57 0.21978
56 87 0.17
56 88 0.198925
56 89 0.0223464
56 118 0.144385
56 119 0.0046729
57 25 0.14
57 26 0.41573
57 27 0.0795455
57 56 0.21978
57 58 0.00483092
57 87 0.00531915
57 88 0.0517241
57 89 0.0538922
58 26 0.0139535
58 27 0.347418
58 28 0.253456
58 57 0.00483092
58 59 0.217949
58 89 0.0245098
58 90 0.045045
58 91 0.00904977
59 27 0.0295567
59 28 0.115942
59 58 0.217949
59 60 0.0204918
59 90 0.127358
59 91 0.199052
59 121 0.239669
59 122 0.055814
60 28 0.132159
60 29 0.213992
60 59 0.0204918
60 91 0.324675
60 92 0.225
60 122 0.00425532
61 29 0.312796
61 30 0.434783
61 92 0.0535714
62 0 0.141844
62 31 0.15
62 32 0.04
62 33 0.0175439
62 63 0.0271739
62 64 0.0191083
62 93 0.0272109
62 94 0.106667
63 31 0.0806452
63 33 0.00921659
63 62 0.0271739
63 64 0.37931
63 65 0.00534759
63 93 0.274611
63 94 0.387755
63 95 0.0638298
63 96 0.0295567
63 124 0.0603015
63 125 0.0207254
63 126 0.0295567
64 31 0.245283
64 33 0.0473684
64 62 0.0191083
64 63 0.37931
64 65 0.175
64 93 0.060241
64 94 0.0473373
64 95 0.0865385
64 124 0.0581395
64 125 0.0120482
65 33 0.0172414
65 35 0.0457516
65 63 0.00534759
65 64 0.175
65 66 0.037037
65 95 0.265625
65 96 0.0375
65 97 0.201439
65 99 0.00775194
65 125 0.06
65 127 0.0416667
65 128 0.0344828
66 34 0.0133333
66 35 0.506944
66 36 0.161765
66 65 0.037037
66 95 0.0163934
66 96 0.00662252
66 97 0.0923077
66 98 0.0223881
67 5 0.00636943
67 36 0.0294118
67 37 0.104046
67 68 0.266667
67 98 0.0223881
67 129 0.0308642
67 130 0.020979
68 5 0.0295203
68 36 0.004
68 37 0.296167
68 38 0.0252708
68 67 0.266667
68 69 0.00851064
68 70 0.00413223
68 71 0.0215827
68 98 0.0766129
68 100 0.0299145
68 101 0.140794
68 102 0.010989
68 129 0.0326087
68 130 0.0272374
69 7 0.0714286
69 9 0.00943396
69 10 0.109756
69 38 0.00632911
69 41 0.103448
69 68 0.00851064
69 70 0.0325203
69 71 0.169811
69 72 0.0413223
69 101 0.0443038
69 102 0.103896
70 7 0.0075188
70 8 0.019802
70 10 0.0116959
70 40 0.0454545
70 68 0.00413223
70 69 0.0325203
70 71 0.174699
70 72 0.03125
70 101 0.369697
70 102 0.0372671
70 131 0.0442478
71 7 0.171598
71 8 0.233577
71 9 0.0805369
71 10 0.193237
71 38 0.0447761
71 41 0.0377358
71 68 0.0215827
71 69 0.169811
71 70 0.174699
71 72 0.054878
71 101 0.0845771
71 102 0.0101523
72 9 0.0630631
72 10 0.0118343
72 39 0.145833
72 40 0.476923
72 41 0.0165289
72 69 0.0413223
72 70 0.03125
72 71 0.054878
72 73 0.0297619
72 101 0.0245399
72 102 0.081761
72 104 0.251701
72 132 0.00813008
73 40 0.0290698
73 41 0.0368098
73 42 0.125604
73 72 0.0297619
73 74 0.0478723
73 103 0.07
73 104 0.375661
73 105 0.0157895
73 106 0.0430622
73 135 0.078341
74 11 0.0236686
74 12 0.0168539
74 42 0.027027
74 43 0.165829
74 44 0.00440529
74 73 0.0478723
74 75 0.177778
74 105 0.0178571
74 106 0.26738
75 45 0.0416667
75 74 0.177778
75 106 0.288462
75 107 0.0234375
75 135 0.00609756
75 139 0.162338
76 13 0.0194175
76 14 0.0659341
76 15 0.050505
76 16 0.00520833
76 44 0.3083
76 45 0.276836
76 78 0.0414201
76 106 0.0375587
76 107 0.145946
76 108 0.00571429
76 140 0.00502513
77 45 0.0163934
77 46 0.170455
77 47 0.0238095
77 48 0.080292
77 78 0.0964912
77 79 0.037037
77 107 0.00769231
77 108 0.0416667
77 109 0.13986
77 111 0.010582
77 139 0.0192308
77 140 0.125
78 15 0.033557
78 16 0.027972
78 45 0.117188
78 46 0.0957447
78 47 0.0378788
78 48 0.223776
78 76 0.0414201
78 77 0.0964912
78 108 0.0793651
78 109 0.107383
78 111 0.00512821
78 140 0.14
79 16 0.00609756
79 17 0.078125
79 18 0.0208333
79 46 0.00869565
79 47 0.261438
79 48 0.103659
79 49 0.0810811
79 77 0.037037
79 80 0.187793
79 109 0.0411765
79 110 0.0125786
79 111 0.0694444
80 18 0.0769231
80 19 0.0213675
80 47 0.0441176
80 48 0.0186047
80 49 0.0338983
80 50 0.0696517
80 79 0.187793
80 81 0.0844444
80 82 0.134921
80 109 0.0271493
80 110 0.166667
80 111 0.194757
80 112 0.030303
80 113 0.0789474
80 142 0.0041841
80 143 0.0532319
81 19 0.0153846
81 20 0.00571429
81 49 0.0203046
81 50 0.154321
81 51 0.239726
81 80 0.0844444
81 82 0.300469
81 83 0.00588235
81 110 0.00584795
81 112 0.138365
81 113 0.271523
81 114 0.0236686
81 142 0.02
81 143 0.0401786
82 18 0.0218579
82 19 0.0765766
82 20 0.118812
82 21 0.00495049
82 49 0.0446429
82 50 0.439153
82 51 0.0982659
82 80 0.134921
82 81 0.300469
82 110 0.00505051
82 112 0.0430108
82 113 0.0505618
82 114 0.00510204
83 22 0.0211268
83 51 0.00769231
83 52 0.0178571
83 81 0.00588235
83 84 0.0769231
83 114 0.372549
83 115 0.0675676
83 144 0.0993789
83 145 0.028777
83 146 0.0989011
84 22 0.0839695
84 53 0.266667
84 83 0.0769231
84 85 0.0909091
84 114 0.0140845
84 115 0.255474
84 146 0.0701754
84 147 0.0243902
85 53 0.1
85 54 0.0909091
85 84 0.0909091
85 115 0.0243902
85 116 0.04
85 117 0.0105263
85 147 0.0588235
86 87 0.0641711
86 117 0.14881
86 118 0.0804598
86 148 0.100592
86 149 0.391304
86 150 0.00581395
87 24 0.120879
87 25 0.107143
87 55 0.135135
87 56 0.17
87 57 0.00531915
87 86 0.0641711
87 88 0.0104167
87 117 0.00534759
87 118 0.388601
88 26 0.00549451
88 56 0.198925
88 57 0.0517241
88 87 0.0104167
88 89 0.432749
88 118 0.0558659
88 119 0.262136
88 120 0.0153846
88 151 0.0150754
89 26 0.0685714
89 27 0.00578035
89 56 0.0223464
89 57 0.0538922
89 58 0.0245098
89 88 0.432749
89 90 0.148352
89 119 0.0251256
89 120 0.138298
89 121 0.00471698
89 151 0.00520833
90 26 0.165803
90 27 0.0837696
90 58 0.045045
90 59 0.127358
90 89 0.148352
90 120 0.160194
90 121 0.221739
91 28 0.0103093
91 29 0.00952381
91 58 0.00904977
91 59 0.199052
91 60 0.324675
91 92 0.0538922
91 121 0.0262009
91 122 0.163366
91 154 0.0594059
92 29 0.027933
92 60 0.225
92 61 0.0535714
92 91 0.0538922
92 123 0.2
92 154 0.0175439
93 31 0.14094
93 62 0.0272109
93 63 0.274611
93 64 0.060241
93 94 0.220126
93 124 0.277778
93 125 0.00641026
93 155 0.0604396
94 31 0.0263158
94 62 0.106667
94 63 0.387755
94 64 0.0473373
94 93 0.220126
94 124 0.0242424
94 125 0.0754717
94 126 0.118343
94 155 0.027027
95 33 0.193694
95 34 0.169082
95 35 0.0348259
95 36 0.00518135
95 63 0.0638298
95 64 0.0865385
95 65 0.265625
95 66 0.0163934
95 96 0.0817308
95 97 0.112299
95 126 0.00480769
95 127 0.0625
96 35 0.00591716
96 63 0.0295567
96 65 0.0375
96 66 0.00662252
96 95 0.0817308
96 97 0.0258065
96 99 0.0344828
96 125 0.060241
96 126 0.221591
96 127 0.28125
96 156 0.0192308
96 157 0.00552486
96 158 0.0212766
96 159 0.0410959
97 34 0.025974
97 35 0.243243
97 36 0.0214286
97 37 0.00564972
97 65 0.201439
97 66 0.0923077
97 95 0.112299
97 96 0.0258065
97 98 0.0289855
97 99 0.209677
97 127 0.0647482
97 129 0.0301205
97 159 0.088
98 35 0.105263
98 36 0.0833333
98 37 0.0165746
98 66 0.0223881
98 67 0.0223881
98 68 0.0766129
98 97 0.0289855
98 99 0.0390625
98 100 0.0078125
98 129 0.205882
98 130 0.0662252
98 159 0.00775194
98 160 0.0160428
98 161 0.0116959
99 65 0.00775194
99 96 0.0344828
99 97 0.209677
99 98 0.0390625
99 127 0.0930233
99 128 0.049505
99 129 0.102564
99 158 0.0636943
99 159 0.26087
99 160 0.156069
99 161 0.0318471
100 68 0.0299145
100 98 0.0078125
100 101 0.0700637
100 102 0.0326797
100 130 0.182482
100 131 0.104762
100 132 0.017094
100 133 0.0465116
100 161 0.0700637
100 162 0.0714286
100 164 0.104046
101 37 0.0047619
101 40 0.00598802
101 68 0.140794
101 69 0.0443038
101 70 0.369697
101 71 0.0845771
101 72 0.0245399
101 100 0.0700637
101 102 0.25
101 130 0.00555556
101 131 0.236486
102 39 0.0310078
102 40 0.0245399
102 68 0.010989
102 69 0.103896
102 70 0.0372671
102 71 0.0101523
102 72 0.081761
102 100 0.0326797
102 101 0.25
102 103 0.0104712
102 104 0.0555556
102 130 0.00568182
102 131 0.0416667
102 132 0.371795
102 133 0.0189573
102 164 0.0283019
103 39 0.015625
103 73 0.07
103 102 0.0104712
103 105 0.0333333
103 132 0.0645161
103 133 0.104762
103 134 0.118056
103 135 0.135266
103 164 0.0236967
104 39 0.0683761
104 40 0.18543
104 41 0.0633803
104 42 0.0107527
104 72 0.251701
104 73 0.375661
104 102 0.0555556
104 132 0.00694444
104 134 0.0075188
105 73 0.0157895
105 74 0.0178571
105 103 0.0333333
105 106 0.111111
105 134 0.00746269
105 135 0.15736
105 136 0.00657895
105 137 0.133758
105 138 0.00641026
105 168 0.0194805
106 42 0.0631068
106 43 0.0727273
106 44 0.0604839
106 73 0.0430622
106 74 0.26738
106 75 0.288462
106 76 0.0375587
106 105 0.111111
106 107 0.0333333
106 135 0.0925926
106 137 0.00568182
106 139 0.00970874
107 44 0.0272727
107 45 0.166667
107 75 0.0234375
107 76 0.145946
107 77 0.00769231
107 106 0.0333333
107 108 0.0211268
107 137 0.0337838
107 139 0.0786517
107 140 0.0240964
107 168 0.0482759
108 45 0.0373134
108 76 0.00571429
108 77 0.0416667
108 78 0.0793651
108 107 0.0211268
108 109 0.0322581
108 139 0.113095
108 140 0.25641
108 170 0.143678
108 171 0.0121212
109 46 0.0243902
109 47 0.0310559
109 48 0.209302
109 77 0.13986
109 78 0.107383
109 79 0.0411765
109 80 0.0271493
109 108 0.0322581
109 110 0.0179641
109 111 0.330357
109 140 0.223464
109 141 0.0555556
110 79 0.0125786
110 80 0.166667
110 81 0.00584795
110 82 0.00505051
110 109 0.0179641
110 111 0.267606
110 112 0.00694444
110 113 0.0147059
110 141 0.0320856
110 142 0.178378
110 143 0.062201
110 172 0.134199
111 46 0.00591716
111 47 0.00483092
111 48 0.0688073
111 77 0.010582
111 78 0.00512821
111 79 0.0694444
111 80 0.194757
111 109 0.330357
111 110 0.267606
111 140 0.0533333
111 141 0.159836
111 142 0.0206612
111 172 0.0347222
112 50 0.0814815
112 51 0.00840336
112 80 0.030303
112 81 0.138365
112 82 0.0430108
112 110 0.00694444
112 113 0.0564516
112 142 0.0462428
112 143 0.329949
112 144 0.00666667
113 50 0.00787402
113 51 0.018018
113 80 0.0789474
113 81 0.271523
113 82 0.0505618
113 110 0.0147059
113 112 0.0564516
113 114 0.0373134
113 142 0.0666667
113 143 0.126984
113 144 0.0211268
114 51 0.0387597
114 52 0.155689
114 81 0.0236686
114 82 0.00510204
114 83 0.372549
114 84 0.0140845
114 113 0.0373134
114 144 0.075
115 53 0.00909091
115 83 0.0675676
115 84 0.255474
115 85 0.0243902
115 116 0.0470588
115 144 0.00645161
115 145 0.0150376
115 146 0.272727
115 147 0.015625
115 177 0.017341
116 85 0.04
116 115 0.0470588
116 146 0.0504202
116 147 0.084507
116 177 0.0431034
116 178 0.0645161
117 54 0.279503
117 55 0.0180723
117 85 0.0105263
117 86 0.14881
117 87 0.00534759
117 147 0.0638298
117 148 0.0295858
117 179 0.195402
118 55 0.0116279
118 56 0.144385
118 86 0.0804598
118 87 0.388601
118 88 0.0558659
118 119 0.241546
118 149 0.110526
118 150 0.00561798
119 56 0.0046729
119 88 0.262136
119 89 0.0251256
119 118 0.241546
119 120 0.00448431
119 149 0.078341
119 150 0.297561
119 151 0.127753
120 88 0.0153846
120 89 0.138298
120 90 0.160194
120 119 0.00448431
120 121 0.165254
120 151 0.277778
120 152 0.0751174
120 183 0.0267857
121 59 0.239669
121 89 0.00471698
121 90 0.221739
121 91 0.0262009
121 120 0.165254
121 122 0.313305
121 151 0.00416667
121 152 0.118143
121 153 0.017094
122 59 0.055814
122 60 0.00425532
122 91 0.163366
122 121 0.313305
122 152 0.0571429
122 153 0.154589
122 154 0.237864
123 92 0.2
123 153 0.00552486
123 154 0.372222
123 185 0.139706
124 63 0.0603015
124 64 0.0581395
124 93 0.277778
124 94 0.0242424
124 125 0.0246914
124 155 0.0851064
124 157 0.0282486
124 186 0.243902
125 63 0.0207254
125 64 0.0120482
125 65 0.06
125 93 0.00641026
125 94 0.0754717
125 96 0.060241
125 124 0.0246914
125 126 0.307229
125 127 0.02
125 128 0.0983607
125 155 0.131868
125 156 0.0753425
125 157 0.22807
125 159 0.0147059
125 186 0.040201
125 187 0.0637255
125 188 0.0254237
126 63 0.0295567
126 94 0.118343
126 95 0.00480769
126 96 0.221591
126 125 0.307229
126 127 0.05625
126 128 0.00757576
126 155 0.00520833
126 156 0.288462
126 157 0.0497238
126 159 0.00684932
126 186 0.0143541
126 187 0.0046729
126 188 0.015625
127 65 0.0416667
127 95 0.0625
127 96 0.28125
127 97 0.0647482
127 99 0.0930233
127 125 0.02
127 126 0.05625
127 128 0.0603448
127 129 0.0760234
127 156 0.0285714
127 157 0.00606061
127 158 0.0523256
127 159 0.253846
127 190 0.0243902
128 65 0.0344828
128 99 0.049505
128 125 0.0983607
128 126 0.00757576
128 127 0.0603448
128 156 0.00892857
128 157 0.109489
128 158 0.00694444
128 159 0.147059
128 187 0.00588235
128 188 0.142857
129 67 0.0308642
129 68 0.0326087
129 97 0.0301205
129 98 0.205882
129 99 0.102564
129 127 0.0760234
129 130 0.0502793
129 158 0.040201
129 159 0.0254777
129 160 0.190698
129 161 0.0251256
129 190 0.02
130 67 0.020979
130 68 0.0272374
130 98 0.0662252
130 100 0.182482
130 101 0.00555556
130 102 0.00568182
130 129 0.0502793
130 131 0.0078125
130 160 0.102041
130 161 0.2
130 162 0.0338983
131 70 0.0442478
131 100 0.104762
131 101 0.236486
131 102 0.0416667
131 130 0.0078125
131 132 0.0185185
131 133 0.0184049
131 162 0.00689655
131 164 0.158537
132 72 0.00813008
132 100 0.017094
132 102 0.371795
132 103 0.0645161
132 104 0.00694444
132 131 0.0185185
132 133 0.268571
132 162 0.0191083
132 164 0.0227273
133 100 0.0465116
133 102 0.0189573
133 103 0.104762
133 131 0.0184049
133 132 0.268571
133 162 0.0660377
133 163 0.0271739
133 164 0.277056
133 193 0.00719424
133 194 0.0503145
133 196 0.033195
134 103 0.118056
134 104 0.0075188
134 105 0.00746269
134 135 0.0993789
134 165 0.0666667
134 166 0.0136986
134 167 0.00854701
134 194 0.0215054
134 195 0.213333
134 196 0.217143
134 197 0.0188679
135 73 0.078341
135 75 0.00609756
135 103 0.135266
135 105 0.15736
135 106 0.0925926
135 134 0.0993789
135 136 0.134078
135 137 0.0434783
135 166 0.00735294
135 167 0.00555556
135 168 0.0276243
135 196 0.0840336
135 197 0.0532544
136 105 0.00657895
136 135 0.134078
136 137 0.129496
136 138 0.188406
136 139 0.0118343
136 166 0.010989
136 167 0.385185
136 168 0.213235
136 170 0.00571429
136 197 0.0564516
136 198 0.0137931
136 199 0.028169
136 200 0.0642857
137 105 0.133758
137 106 0.00568182
137 107 0.0337838
137 135 0.0434783
137 136 0.129496
137 139 0.0114943
137 168 0.361702
138 105 0.00641026
138 136 0.188406
138 139 0.0924855
138 167 0.0215827
138 168 0.114286
138 169 0.0491803
138 170 0.290503
138 171 0.0705882
138 199 0.00684932
138 200 0.00694444
138 201 0.0218978
139 75 0.162338
139 77 0.0192308
139 106 0.00970874
139 107 0.0786517
139 108 0.113095
139 136 0.0118343
139 137 0.0114943
139 138 0.0924855
139 140 0.0364583
139 168 0.152047
139 170 0.209524
140 76 0.00502513
140 77 0.125
140 78 0.14
140 107 0.0240964
140 108 0.25641
140 109 0.223464
140 111 0.0533333
140 139 0.0364583
140 141 0.0653266
140 170 0.0858586
140 171 0.0687831
141 109 0.0555556
141 110 0.0320856
141 111 0.159836
141 140 0.0653266
141 171 0.211538
141 172 0.305344
141 173 0.014218
141 204 0.0172414
142 80 0.0041841
142 81 0.02
142 110 0.178378
142 111 0.0206612
142 112 0.0462428
142 113 0.0666667
142 143 0.357143
142 172 0.0615385
142 173 0.00478469
142 174 0.0794979
142 175 0.0206897
142 204 0.00434783
142 205 0.0483871
143 80 0.0532319
143 81 0.0401786
143 110 0.062201
143 112 0.329949
143 113 0.126984
143 142 0.357143
143 144 0.0697674
143 172 0.00352113
143 174 0.0608365
143 204 0.00787402
143 205 0.0047619
144 83 0.0993789
144 112 0.00666667
144 113 0.0211268
144 114 0.075
144 115 0.00645161
144 143 0.0697674
144 145 0.253425
144 146 0.031746
144 174 0.00462963
144 207 0.182432
145 83 0.028777
145 115 0.0150376
145 144 0.253425
145 146 0.185629
145 176 0.165414
145 177 0.0304878
145 207 0.206349
146 83 0.0989011
146 84 0.0701754
146 115 0.272727
146 116 0.0504202
146 144 0.031746
146 145 0.185629
146 147 0.00617284
146 176 0.0113636
146 177 0.202899
146 178 0.0108696
146 207 0.0118343
147 84 0.0243902
147 85 0.0588235
147 115 0.015625
147 116 0.084507
147 117 0.0638298
147 146 0.00617284
147 178 0.00735294
147 179 0.129252
147 210 0.132231
148 86 0.100592
148 117 0.0295858
148 149 0.0648649
148 179 0.142857
148 180 0.462428
148 211 0.100629
148 212 0.0238095
149 86 0.391304
149 118 0.110526
149 119 0.078341
149 148 0.0648649
149 150 0.239362
149 180 0.0904255
149 181 0.0144928
149 212 0.0710383
150 86 0.00581395
150 118 0.00561798
150 119 0.297561
150 149 0.239362
150 151 0.0454545
150 180 0.0113636
150 181 0.302564
150 182 0.0114286
150 212 0.152047
151 88 0.0150754
151 89 0.00520833
151 119 0.127753
151 120 0.277778
151 121 0.00416667
151 150 0.0454545
151 152 0.0276498
151 181 0.156682
151 182 0.0964467
151 183 0.236842
152 120 0.0751174
152 121 0.118143
152 122 0.0571429
152 151 0.0276498
152 153 0.189573
152 183 0.2
152 184 0.0485437
152 215 0.173684
153 121 0.017094
153 122 0.154589
153 123 0.00552486
153 152 0.189573
153 154 0.154589
153 184 0.00492611
153 185 0.0552147
153 215 0.379679
153 216 0.0334928
154 91 0.0594059
154 92 0.0175439
154 122 0.237864
154 123 0.372222
154 153 0.154589
154 185 0.0555556
154 215 0.0107527
155 93 0.0604396
155 94 0.027027
155 124 0.0851064
155 125 0.131868
155 126 0.00520833
155 157 0.0253807
155 186 0.488889
155 187 0.0434783
155 217 0.0333333
156 96 0.0192308
156 125 0.0753425
156 126 0.288462
156 127 0.0285714
156 128 0.00892857
156 157 0.0496894
156 159 0.015873
156 187 0.28866
156 188 0.00925926
156 189 0.00606061
156 217 0.0114943
156 220 0.0487805
157 96 0.00552486
157 124 0.0282486
157 125 0.22807
157 126 0.0497238
157 127 0.00606061
157 128 0.109489
157 155 0.0253807
157 156 0.0496894
157 158 0.00518135
157 159 0.00662252
157 186 0.0794393
157 187 0.0730594
157 188 0.270677
157 189 0.0210526
157 217 0.0100503
157 218 0.0192308
157 219 0.00649351
157 220 0.195767
158 96 0.0212766
158 99 0.0636943
158 127 0.0523256
158 128 0.00694444
158 129 0.040201
158 157 0.00518135
158 159 0.0506329
158 160 0.111111
158 188 0.0214286
158 189 0.248731
158 190 0.172185
158 192 0.00934579
158 220 0.0357143
158 222 0.0353982
159 96 0.0410959
159 97 0.088
159 98 0.00775194
159 99 0.26087
159 125 0.0147059
159 126 0.00684932
159 127 0.253846
159 128 0.147059
159 129 0.0254777
159 156 0.015873
159 157 0.00662252
159 158 0.0506329
159 160 0.0114943
159 188 0.0204082
159 189 0.0580645
159 190 0.0183486
160 98 0.0160428
160 99 0.156069
160 129 0.190698
160 130 0.102041
160 158 0.111111
160 159 0.0114943
160 161 0.24537
160 162 0.0140845
160 189 0.0328638
160 190 0.0359281
160 192 0.16087
160 222 0.0330578
161 98 0.0116959
161 99 0.0318471
161 100 0.0700637
161 129 0.0251256
161 130 0.2
161 160 0.24537
161 162 0.203046
161 163 0.0236686
161 192 0.0747664
161 223 0.00531915
162 100 0.0714286
162 130 0.0338983
162 131 0.00689655
162 132 0.0191083
162 133 0.0660377
162 160 0.0140845
162 161 0.203046
162 163 0.186747
162 164 0.140845
162 192 0.0473934
162 193 0.0247934
162 194 0.0070922
162 222 0.0179372
162 223 0.0702703
163 133 0.0271739
163 161 0.0236686
163 162 0.186747
163 164 0.135135
163 191 0.0105263
163 192 0.0382514
163 193 0.0215054
163 194 0.115044
163 223 0.210191
163 225 0.0275229
163 228 0.0526316
164 100 0.104046
164 102 0.0283019
164 103 0.0236967
164 131 0.158537
164 132 0.0227273
164 133 0.277056
164 162 0.140845
164 163 0.135135
164 194 0.0125
164 195 0.00704225
164 228 0.0458716
165 134 0.0666667
165 194 0.114286
165 195 0.5
165 196 0.00657895
165 197 0.0240964
165 228 0.046875
166 134 0.0136986
166 135 0.00735294
166 136 0.010989
166 167 0.358696
166 197 0.185185
167 134 0.00854701
167 135 0.00555556
167 136 0.385185
167 138 0.0215827
167 166 0.358696
167 168 0.0437956
167 196 0.0206186
167 197 0.144
167 198 0.0205479
167 230 0.0122699
168 105 0.0194805
168 107 0.0482759
168 135 0.0276243
168 136 0.213235
168 137 0.361702
168 138 0.114286
168 139 0.152047
168 167 0.0437956
168 169 0.025
168 170 0.0734463
168 199 0.0902778
168 200 0.00704225
168 230 0.0121951
169 138 0.0491803
169 168 0.025
169 170 0.0188679
169 171 0.0533333
169 200 0.0403226
169 201 0.350427
169 202 0.038835
169 203 0.0487805
169 231 0.05
169 232 0.0544218
170 108 0.143678
170 136 0.00571429
170 138 0.290503
170 139 0.209524
170 140 0.0858586
170 168 0.0734463
170 169 0.0188679
170 171 0.251208
170 200 0.0441989
170 201 0.0114943
170 203 0.0111111
170 232 0.0245098
171 108 0.0121212
171 138 0.0705882
171 140 0.0687831
171 141 0.211538
171 169 0.0533333
171 170 0.251208
171 172 0.0396825
171 173 0.0199005
171 200 0.0232558
171 201 0.0848485
171 203 0.204678
171 232 0.0410256
172 110 0.134199
172 111 0.0347222
172 141 0.305344
172 142 0.0615385
172 143 0.00352113
172 171 0.0396825
172 173 0.25098
172 174 0.0210526
172 202 0.0146341
172 203 0.0355556
172 204 0.115942
172 205 0.00862069
173 141 0.014218
173 142 0.00478469
173 171 0.0199005
173 172 0.25098
173 174 0.0213675
173 201 0.0119048
173 202 0.207792
173 203 0.114943
173 204 0.231111
173 205 0.0607735
173 234 0.0171429
174 142 0.0794979
174 143 0.0608365
174 144 0.00462963
174 172 0.0210526
174 173 0.0213675
174 175 0.0235294
174 204 0.196078
174 205 0.42654
174 206 0.0314136
174 235 0.0346821
174 236 0.0857143
175 142 0.0206897
175 174 0.0235294
175 176 0.0183486
175 205 0.017094
175 206 0.350515
175 207 0.245098
175 236 0.00862069
175 237 0.00943396
175 238 0.0479452
176 145 0.165414
176 146 0.0113636
176 175 0.0183486
176 177 0.225434
176 207 0.162963
176 237 0.00719424
176 238 0.122905
177 115 0.017341
177 116 0.0431034
177 145 0.0304878
177 146 0.202899
177 176 0.225434
177 178 0.00552486
177 208 0.0438596
177 209 0.005
177 238 0.128571
178 116 0.0645161
178 146 0.0108696
178 147 0.00735294
178 177 0.00552486
178 208 0.032967
178 209 0.254237
178 210 0.202797
178 241 0.104167
179 117 0.195402
179 147 0.129252
179 148 0.142857
179 210 0.207792
179 211 0.0121951
180 148 0.462428
180 149 0.0904255
180 150 0.0113636
180 211 0.0740741
180 212 0.210526
180 242 0.108911
180 243 0.0534759
181 149 0.0144928
181 150 0.302564
181 151 0.156682
181 182 0.35567
181 183 0.0133333
181 212 0.147368
181 213 0.0451977
181 244 0.0616114
181 245 0.0348259
182 150 0.0114286
182 151 0.0964467
182 181 0.35567
182 183 0.190244
182 212 0.00588235
182 213 0.152866
182 214 0.0172414
182 244 0.0209424
182 245 0.143646
183 120 0.0267857
183 151 0.236842
183 152 0.2
183 181 0.0133333
183 182 0.190244
183 184 0.248848
183 213 0.0159574
183 214 0.0243902
183 215 0.0447761
184 152 0.0485437
184 153 0.00492611
184 183 0.248848
184 213 0.00591716
184 214 0.172043
184 215 0.274725
184 246 0.1875
185 123 0.139706
185 153 0.0552147
185 154 0.0555556
185 216 0.25
185 246 0.0131579
186 124 0.243902
186 125 0.040201
186 126 0.0143541
186 155 0.488889
186 157 0.0794393
186 187 0.0161943
186 217 0.136564
187 125 0.0637255
187 126 0.0046729
187 128 0.00588235
187 155 0.0434783
187 156 0.28866
187 157 0.0730594
187 186 0.0161943
187 217 0.107759
187 218 0.224066
187 220 0.234234
187 249 0.00826446
188 125 0.0254237
188 126 0.015625
188 128 0.142857
188 156 0.00925926
188 157 0.270677
188 158 0.0214286
188 159 0.0204082
188 189 0.080292
188 219 0.108911
188 220 0.117647
188 221 0.0208333
188 249 0.0192308
189 156 0.00606061
189 157 0.0210526
189 158 0.248731
189 159 0.0580645
189 160 0.0328638
189 188 0.080292
189 190 0.0472973
189 219 0.0126582
189 220 0.11399
189 221 0.235294
189 222 0.0986547
189 250 0.0518135
189 252 0.0140845
190 127 0.0243902
190 129 0.02
190 158 0.172185
190 159 0.0183486
190 160 0.0359281
190 189 0.0472973
190 192 0.175758
190 222 0.0508475
191 163 0.0105263
191 192 0.0340426
191 193 0.0137931
191 221 0.0451977
191 222 0.315789
191 223 0.00956938
191 224 0.134831
191 252 0.0240964
191 253 0.0253807
191 254 0.373832
191 255 0.0359712
192 158 0.00934579
192 160 0.16087
192 161 0.0747664
192 162 0.0473934
192 163 0.0382514
192 190 0.175758
192 191 0.0340426
192 193 0.0217391
192 222 0.291667
192 223 0.0742574
192 224 0.0116959
192 225 0.012987
192 254 0.0193237
192 255 0.00757576
193 133 0.00719424
193 162 0.0247934
193 163 0.0215054
193 191 0.0137931
193 192 0.0217391
193 223 0.214286
193 224 0.0740741
193 225 0.03125
193 255 0.238095
194 133 0.0503145
194 134 0.0215054
194 162 0.0070922
194 163 0.115044
194 164 0.0125
194 165 0.114286
194 195 0.0714286
194 196 0.0411765
194 223 0.0151515
194 225 0.0357143
194 228 0.232877
195 134 0.213333
195 164 0.00704225
195 165 0.5
195 194 0.0714286
195 196 0.0394737
195 197 0.0722892
195 227 0.0434783
195 228 0.117188
196 133 0.033195
196 134 0.217143
196 135 0.0840336
196 165 0.00657895
196 167 0.0206186
196 194 0.0411765
196 195 0.0394737
196 197 0.125683
196 198 0.0686275
196 228 0.0789474
196 229 0.0409091
196 259 0.0535714
197 134 0.0188679
197 135 0.0532544
197 136 0.0564516
197 165 0.0240964
197 166 0.185185
197 167 0.144
197 195 0.0722892
197 196 0.125683
197 198 0.148148
197 227 0.01
197 229 0.152318
197 259 0.0451613
198 136 0.0137931
198 167 0.0205479
198 196 0.0686275
198 197 0.148148
198 229 0.348837
198 230 0.277457
198 258 0.0555556
198 259 0.0113636
199 136 0.028169
199 138 0.00684932
199 168 0.0902778
199 200 0.114865
199 230 0.282353
199 232 0.0175439
199 260 0.0731707
200 136 0.0642857
200 138 0.00694444
200 168 0.00704225
200 169 0.0403226
200 170 0.0441989
200 171 0.0232558
200 199 0.114865
200 201 0.0431655
200 230 0.0416667
200 231 0.0987654
200 232 0.349112
200 260 0.0185185
200 262 0.00806452
201 138 0.0218978
201 169 0.350427
201 170 0.0114943
201 171 0.0848485
201 173 0.0119048
201 200 0.0431655
201 202 0.0932203
201 203 0.202899
201 231 0.2
201 232 0.203704
201 233 0.0808824
201 264 0.0258065
201 265 0.0217391
202 169 0.038835
202 172 0.0146341
202 173 0.207792
202 201 0.0932203
202 203 0.0564516
202 204 0.00571429
202 233 0.0327869
202 234 0.072
202 265 0.266129
202 266 0.00995025
203 169 0.0487805
203 170 0.0111111
203 171 0.204678
203 172 0.0355556
203 173 0.114943
203 201 0.202899
203 202 0.0564516
203 204 0.025641
203 231 0.0310559
203 232 0.119048
203 233 0.028169
203 234 0.151724
203 264 0.00621118
203 265 0.0416667
204 141 0.0172414
204 142 0.00434783
204 143 0.00787402
204 172 0.115942
204 173 0.231111
204 174 0.196078
204 202 0.00571429
204 203 0.025641
204 205 0.0792079
204 206 0.010989
204 234 0.0510204
204 235 0.097561
204 236 0.0199005
204 265 0.0717949
204 266 0.0257353
205 142 0.0483871
205 143 0.0047619
205 172 0.00862069
205 173 0.0607735
205 174 0.42654
205 175 0.017094
205 204 0.0792079
205 235 0.00833333
205 236 0.00636943
206 174 0.0314136
206 175 0.350515
206 204 0.010989
206 207 0.0162602
206 236 0.423358
206 237 0.0472441
206 266 0.0192308
206 267 0.0225989
207 144 0.182432
207 145 0.206349
207 146 0.0118343
207 175 0.245098
207 176 0.162963
207 206 0.0162602
208 177 0.0438596
208 178 0.032967
208 209 0.0272727
208 238 0.0833333
208 240 0.05
209 177 0.005
209 178 0.254237
209 208 0.0272727
209 238 0.00970874
209 240 0.354839
209 241 0.0797546
209 271 0.0960452
210 147 0.132231
210 178 0.202797
210 179 0.207792
210 211 0.0869565
211 148 0.100629
211 179 0.0121951
211 180 0.0740741
211 210 0.0869565
211 241 0.158273
211 242 0.223404
212 148 0.0238095
212 149 0.0710383
212 150 0.152047
212 180 0.210526
212 181 0.147368
212 182 0.00588235
212 242 0.00507614
212 243 0.10989
212 244 0.13369
213 181 0.0451977
213 182 0.152866
213 183 0.0159574
213 184 0.00591716
213 214 0.343949
213 244 0.0517241
213 245 0.487805
213 275 0.0227273
213 277 0.0255102
214 182 0.0172414
214 183 0.0243902
214 184 0.172043
214 213 0.343949
214 215 0.00588235
214 244 0.0052356
214 245 0.20442
214 246 0.00555556
214 275 0.0103627
214 276 0.00921659
214 277 0.258216
215 152 0.173684
215 153 0.379679
215 154 0.0107527
215 183 0.0447761
215 184 0.274725
215 214 0.00588235
215 216 0.0212766
215 246 0.198864
216 153 0.0334928
216 185 0.25
216 215 0.0212766
216 246 0.272727
216 247 0.274854
216 278 0.0309735
217 155 0.0333333
217 156 0.0114943
217 157 0.0100503
217 186 0.136564
217 187 0.107759
217 218 0.298643
217 248 0.211823
217 249 0.036036
217 279 0.0153061
218 157 0.0192308
218 187 0.224066
218 217 0.298643
218 219 0.00568182
218 220 0.0521327
218 248 0.0613208
218 249 0.151515
218 279 0.121951
219 157 0.00649351
219 188 0.108911
219 189 0.0126582
219 218 0.00568182
219 220 0.10828
219 221 0.025641
219 249 0.231638
219 250 0.0318471
219 251 0.137405
219 252 0.00943396
219 253 0.0218978
219 280 0.0406977
219 282 0.0387597
220 156 0.0487805
220 157 0.195767
220 158 0.0357143
220 187 0.234234
220 188 0.117647
220 189 0.11399
220 218 0.0521327
220 219 0.10828
220 221 0.0263158
220 249 0.146226
220 250 0.0520833
220 253 0.00581395
220 282 0.0426829
221 188 0.0208333
221 189 0.235294
221 191 0.0451977
221 219 0.025641
221 220 0.0263158
221 222 0.043956
221 250 0.0855263
221 251 0.015873
221 252 0.316832
221 253 0.0833333
221 282 0.209677
221 284 0.00757576
222 158 0.0353982
222 160 0.0330578
222 162 0.0179372
222 189 0.0986547
222 190 0.0508475
222 191 0.315789
222 192 0.291667
222 221 0.043956
222 223 0.0046729
222 224 0.00546448
222 251 0.00510204
222 252 0.0116959
222 253 0.00990099
222 254 0.0776256
222 255 0.0138889
222 282 0.0309278
222 284 0.019802
223 161 0.00531915
223 162 0.0702703
223 163 0.210191
223 191 0.00956938
223 192 0.0742574
223 193 0.214286
223 194 0.0151515
223 222 0.0046729
223 224 0.151724
223 225 0.125
223 254 0.0939227
223 256 0.153465
224 191 0.134831
224 192 0.0116959
224 193 0.0740741
224 222 0.00546448
224 223 0.151724
224 225 0.0103093
224 254 0.18
224 255 0.16
224 256 0.0994152
224 285 0.0070922
224 286 0.0378788
225 163 0.0275229
225 192 0.012987
225 193 0.03125
225 194 0.0357143
225 223 0.125
225 224 0.0103093
225 226 0.413333
225 228 0.0140845
225 256 0.116883
226 225 0.413333
226 256 0.0268456
226 257 0.00900901
226 259 0.0526316
227 195 0.0434783
227 197 0.01
227 228 0.0482759
227 229 0.0364963
227 257 0.386555
227 258 0.015748
227 259 0.0496454
227 287 0.0379747
227 288 0.0125
227 289 0.056962
227 291 0.13253
228 163 0.0526316
228 164 0.0458716
228 165 0.046875
228 194 0.232877
228 195 0.117188
228 196 0.0789474
228 225 0.0140845
228 227 0.0482759
228 256 0.115741
228 257 0.0674157
228 258 0.00537634
228 259 0.255
229 196 0.0409091
229 197 0.152318
229 198 0.348837
229 227 0.0364963
229 230 0.0740741
229 257 0.0176471
229 258 0.157303
229 259 0.177083
229 290 0.0166667
229 291 0.0149254
230 167 0.0122699
230 168 0.0121951
230 198 0.277457
230 199 0.282353
230 200 0.0416667
230 229 0.0740741
230 258 0.0111732
230 260 0.0434783
230 290 0.0828729
230 293 0.02
231 169 0.05
231 200 0.0987654
231 201 0.2
231 203 0.0310559
231 232 0.351351
231 233 0.125786
231 260 0.00561798
231 262 0.0142857
231 263 0.0874317
231 264 0.0168539
231 293 0.277778
231 294 0.0597826
231 295 0.0169492
232 169 0.0544218
232 170 0.0245098
232 171 0.0410256
232 199 0.0175439
232 200 0.349112
232 201 0.203704
232 203 0.119048
232 231 0.351351
232 233 0.0301205
232 234 0.0177515
232 263 0.0105263
232 264 0.00540541
232 293 0.0529801
232 294 0.0052356
233 201 0.0808824
233 202 0.0327869
233 203 0.028169
233 231 0.125786
233 232 0.0301205
233 234 0.104895
233 263 0.054878
233 264 0.345912
233 265 0.0140845
233 293 0.112
233 294 0.0484848
233 295 0.126582
234 173 0.0171429
234 202 0.072
234 203 0.151724
234 204 0.0510204
234 232 0.0177515
234 233 0.104895
234 235 0.0614035
234 264 0.0555556
234 265 0.331034
234 266 0.0630631
234 295 0.0248447
234 296 0.0540541
234 297 0.0188679
235 174 0.0346821
235 204 0.097561
235 205 0.00833333
235 234 0.0614035
235 236 0.0672269
235 266 0.147368
235 267 0.0314465
235 296 0.0126582
235 298 0.016129
236 174 0.0857143
236 175 0.00862069
236 204 0.0199005
236 205 0.00636943
236 206 0.423358
236 235 0.0672269
236 237 0.0205479
236 266 0.0440529
236 267 0.0714286
236 268 0.00666667
237 175 0.00943396
237 176 0.00719424
237 206 0.0472441
237 236 0.0205479
237 238 0.181818
237 267 0.00537634
237 268 0.285714
237 269 0.0451128
238 175 0.0479452
238 176 0.122905
238 177 0.128571
238 208 0.0833333
238 209 0.00970874
238 237 0.181818
238 240 0.0306122
238 269 0.127168
238 270 0.0254237
239 240 0.0592105
239 269 0.0310078
239 270 0.0675676
239 300 0.0526316
239 301 0.243421
239 302 0.251613
240 208 0.05
240 209 0.354839
240 238 0.0306122
240 239 0.0592105
240 270 0.0408163
240 271 0.0718563
240 302 0.0670391
241 178 0.104167
241 209 0.0797546
241 211 0.158273
241 242 0.0558659
241 271 0.145833
241 272 0.0182927
242 180 0.108911
242 211 0.223404
242 212 0.00507614
242 241 0.0558659
242 243 0.230047
242 272 0.056338
242 274 0.183406
243 180 0.0534759
243 212 0.10989
243 242 0.230047
243 244 0.236453
243 273 0.0497925
243 274 0.196262
243 275 0.0097561
244 181 0.0616114
244 182 0.0209424
244 212 0.13369
244 213 0.0517241
244 214 0.0052356
244 243 0.236453
244 245 0.232323
244 273 0.00813008
244 275 0.185714
245 181 0.0348259
245 182 0.143646
245 213 0.487805
245 214 0.20442
245 244 0.232323
245 275 0.095
245 276 0.0267857
246 184 0.1875
246 185 0.0131579
246 214 0.00555556
246 215 0.198864
246 216 0.272727
246 247 0.00628931
246 277 0.0913242
246 278 0.088785
247 216 0.274854
247 246 0.00628931
247 278 0.294118
248 217 0.211823
248 218 0.0613208
248 249 0.0516432
248 279 0.374332
248 280 0.0769231
248 312 0.00448431
249 187 0.00826446
249 188 0.0192308
249 217 0.036036
249 218 0.151515
249 219 0.231638
249 220 0.146226
249 248 0.0516432
249 250 0.0849057
249 251 0.0268817
249 279 0.0291262
249 280 0.145374
249 281 0.00505051
249 282 0.0108696
249 312 0.140496
250 189 0.0518135
250 219 0.0318471
250 220 0.0520833
250 221 0.0855263
250 249 0.0849057
250 251 0.0662651
250 252 0.0141844
250 253 0.133721
250 282 0.341463
250 283 0.0060241
250 312 0.103604
251 219 0.137405
251 221 0.015873
251 222 0.00510204
251 249 0.0268817
251 250 0.0662651
251 252 0.113043
251 253 0.328767
251 281 0.0789474
251 282 0.123188
251 283 0.171429
251 312 0.0408163
251 313 0.0961538
251 314 0.120301
252 189 0.0140845
252 191 0.0240964
252 219 0.00943396
252 221 0.316832
252 222 0.0116959
252 250 0.0141844
252 251 0.113043
252 253 0.157025
252 254 0.00724638
252 282 0.0265487
252 283 0.0695652
252 284 0.00826446
252 315 0.00680272
253 191 0.0253807
253 219 0.0218978
253 220 0.00581395
253 221 0.0833333
253 222 0.00990099
253 250 0.133721
