0 1 0.0923077
0 31 0.385246
1 0 0.0923077
1 2 0.238095
1 31 0.171429
1 32 0.0206897
1 62 0.0625
2 1 0.238095
2 3 0.0377358
2 32 0.166667
2 33 0.233696
3 2 0.0377358
3 4 0.212766
3 33 0.177665
3 34 0.186813
3 35 0.0117647
3 63 0.00636943
4 3 0.212766
4 5 0.298387
4 34 0.0397351
4 35 0.115108
5 4 0.298387
5 6 0.242424
5 35 0.0718954
5 36 0.0465116
6 5 0.242424
6 7 0.0821918
6 8 0.14557
6 36 0.0454545
6 37 0.172249
7 6 0.0821918
7 8 0.178571
7 9 0.0606061
7 37 0.0613497
7 38 0.148148
7 67 0.0135135
7 68 0.0315789
8 6 0.14557
8 7 0.178571
8 9 0.126126
9 7 0.0606061
9 8 0.126126
9 10 0.155556
9 11 0.0133333
9 38 0.0125
9 39 0.0125
10 9 0.155556
10 11 0.0298507
10 12 0.126316
10 43 0.0481928
11 9 0.0133333
11 10 0.0298507
11 39 0.0526316
11 40 0.0576923
11 42 0.0454545
11 43 0.0441176
11 72 0.0344828
12 10 0.126316
12 13 0.134228
12 43 0.0104167
12 44 0.01875
12 75 0.148515
13 12 0.134228
13 14 0.0852713
13 44 0.373134
13 45 0.0592593
14 13 0.0852713
14 15 0.027027
14 45 0.027027
15 14 0.027027
15 16 0.0987654
15 45 0.1375
15 46 0.047619
16 15 0.0987654
16 18 0.0632911
16 19 0.0123457
16 46 0.0352941
16 47 0.0107527
16 49 0.0410959
17 48 0.197674
17 49 0.183333
18 16 0.0632911
18 19 0.0641026
18 47 0.1
18 49 0.0142857
19 16 0.0123457
19 18 0.0641026
19 20 0.0438596
19 49 0.0416667
19 50 0.107143
20 19 0.0438596
20 22 0.08
20 50 0.0958904
20 51 0.165854
20 53 0.112676
21 22 0.1875
21 52 0.263889
22 20 0.08
22 21 0.1875
22 23 0.284404
22 25 0.00729927
22 51 0.021978
22 52 0.159574
22 53 0.0336134
23 22 0.284404
23 24 0.06
23 25 0.0694444
23 53 0.0238095
23 54 0.106145
24 23 0.06
24 25 0.296875
24 54 0.0920245
24 55 0.00787402
24 56 0.0210526
25 22 0.00729927
25 23 0.0694444
25 24 0.296875
25 26 0.0863309
25 54 0.111111
25 55 0.0526316
25 56 0.0719424
26 25 0.0863309
26 27 0.114754
26 56 0.0188679
26 58 0.127273
27 26 0.114754
27 56 0.0901639
27 57 0.216
27 58 0.0238095
27 59 0.0462428
27 87 0.0131579
27 89 0.0320513
28 29 0.284404
28 58 0.0333333
28 59 0.00729927
28 60 0.596154
28 61 0.047619
28 92 0.0102041
29 28 0.284404
29 30 0.0638298
29 61 0.330709
30 29 0.0638298
30 61 0.057971
31 0 0.385246
31 1 0.171429
31 62 0.116667
32 1 0.0206897
32 2 0.166667
32 33 0.175824
32 62 0.2
32 63 0.0492958
32 93 0.0404624
33 2 0.233696
33 3 0.177665
33 32 0.175824
33 34 0.0483092
33 63 0.274725
33 64 0.005
34 3 0.186813
34 4 0.0397351
34 33 0.0483092
34 35 0.311111
34 36 0.0206612
34 63 0.101796
34 65 0.128079
34 66 0.0967742
35 3 0.0117647
35 4 0.115108
35 5 0.0718954
35 34 0.311111
35 36 0.282609
35 37 0.0304569
35 65 0.0104712
35 66 0.0344828
36 5 0.0465116
36 6 0.0454545
36 34 0.0206612
36 35 0.282609
36 37 0.428571
36 66 0.0932203
36 67 0.0764706
36 97 0.0205128
37 6 0.172249
37 7 0.0613497
37 35 0.0304569
37 36 0.428571
37 67 0.0437956
38 7 0.148148
38 9 0.0125
38 39 0.290323
38 68 0.0921053
38 69 0.0163934
38 100 0.0169492
39 9 0.0125
39 11 0.0526316
39 38 0.290323
39 40 0.0526316
39 69 0.0983607
40 11 0.0576923
40 39 0.0526316
40 69 0.0892857
40 72 0.0517241
41 42 0.252874
41 72 0.0506329
41 73 0.116788
41 104 0.103093
41 105 0.030303
42 11 0.0454545
42 41 0.252874
42 43 0.182927
42 72 0.0138889
42 74 0.0181818
42 105 0.0434783
43 10 0.0481928
43 11 0.0441176
43 12 0.0104167
43 42 0.182927
43 74 0.169643
43 75 0.157303
44 12 0.01875
44 13 0.373134
44 45 0.0410959
44 75 0.0784314
44 76 0.212435
45 13 0.0592593
45 14 0.027027
45 15 0.1375
45 44 0.0410959
45 46 0.119048
45 76 0.0551181
45 77 0.019802
46 15 0.047619
46 16 0.0352941
46 45 0.119048
46 47 0.104167
46 77 0.0285714
47 16 0.0107527
47 18 0.1
47 46 0.104167
47 48 0.0181818
47 49 0.22619
47 77 0.106195
47 78 0.0105263
48 17 0.197674
48 47 0.0181818
48 49 0.233333
48 78 0.00990099
48 79 0.284404
48 80 0.0232558
48 81 0.0238095
49 16 0.0410959
49 17 0.183333
49 18 0.0142857
49 19 0.0416667
49 47 0.22619
49 48 0.233333
49 50 0.115385
49 77 0.0215054
49 78 0.04
49 79 0.0722892
50 19 0.107143
50 20 0.0958904
50 49 0.115385
50 51 0.0394089
50 79 0.0487805
50 81 0.0428571
50 82 0.122581
51 20 0.165854
51 22 0.021978
51 50 0.0394089
51 52 0.0114943
51 53 0.0703518
51 82 0.205607
51 84 0.12963
52 21 0.263889
52 22 0.159574
52 51 0.0114943
52 53 0.18018
52 83 0.0707071
52 84 0.09375
53 20 0.112676
53 22 0.0336134
53 23 0.0238095
53 51 0.0703518
53 52 0.18018
53 54 0.201058
53 84 0.0261438
53 85 0.056
54 23 0.106145
54 24 0.0920245
54 25 0.111111
54 53 0.201058
54 55 0.0825243
54 85 0.168539
55 24 0.00787402
55 25 0.0526316
55 54 0.0825243
55 56 0.108696
55 85 0.0633803
55 86 0.0625
55 87 0.22619
56 24 0.0210526
56 25 0.0719424
56 26 0.0188679
56 27 0.0901639
56 55 0.108696
56 57 0.0825688
56 87 0.0514706
57 27 0.216
57 56 0.0825688
57 58 0.0176991
57 59 0.025
57 87 0.0359712
57 89 0.104895
58 26 0.127273
58 27 0.0238095
58 28 0.0333333
58 57 0.0176991
58 59 0.229814
58 60 0.144737
59 27 0.0462428
59 28 0.00729927
59 57 0.025
59 58 0.229814
59 60 0.105691
59 89 0.125654
59 90 0.0135135
59 91 0.194444
60 28 0.596154
60 58 0.144737
60 59 0.105691
60 91 0.0736842
60 92 0.0119048
61 28 0.047619
61 29 0.330709
61 30 0.057971
61 92 0.137931
62 1 0.0625
62 31 0.116667
62 32 0.2
62 93 0.0897436
63 3 0.00636943
63 32 0.0492958
63 33 0.274725
63 34 0.101796
63 64 0.1625
63 65 0.0505618
63 66 0.00621118
63 93 0.0115607
64 33 0.005
64 63 0.1625
64 65 0.331633
64 66 0.00558659
64 93 0.0052356
64 94 0.341837
64 95 0.0631579
64 125 0.0449438
65 34 0.128079
65 35 0.0104712
65 63 0.0505618
65 64 0.331633
65 66 0.172589
65 95 0.298077
65 96 0.0448718
65 125 0.0102041
66 34 0.0967742
66 35 0.0344828
66 36 0.0932203
66 63 0.00621118
66 64 0.00558659
66 65 0.172589
66 95 0.188482
66 96 0.0143885
66 97 0.0431655
66 128 0.0344828
67 7 0.0135135
67 36 0.0764706
67 37 0.0437956
67 68 0.0289855
67 97 0.0958904
67 98 0.0967742
68 7 0.0315789
68 38 0.0921053
68 67 0.0289855
68 98 0.0964912
68 100 0.0547945
68 131 0.144231
68 132 0.154639
69 38 0.0163934
69 39 0.0983607
69 40 0.0892857
69 70 0.166667
69 72 0.112903
69 100 0.12069
69 101 0.0194175
69 132 0.0121951
70 69 0.166667
70 101 0.289256
71 72 0.0458716
71 73 0.329341
71 101 0.12
71 104 0.0787402
72 11 0.0344828
72 40 0.0517241
72 41 0.0506329
72 42 0.0138889
72 69 0.112903
72 71 0.0458716
72 73 0.106557
72 101 0.0285714
73 41 0.116788
73 71 0.329341
73 72 0.106557
73 101 0.0122699
73 102 0.0387597
73 103 0.0252101
73 104 0.0928571
74 42 0.0181818
74 43 0.169643
74 75 0.145299
74 76 0.00636943
74 105 0.122951
74 106 0.292308
74 107 0.0165289
75 12 0.148515
75 43 0.157303
75 44 0.0784314
75 74 0.145299
75 76 0.0895522
75 106 0.00934579
75 107 0.0102041
76 44 0.212435
76 45 0.0551181
76 74 0.00636943
76 75 0.0895522
76 77 0.00675676
76 106 0.0204082
76 107 0.268116
76 108 0.155556
77 45 0.019802
77 46 0.0285714
77 47 0.106195
77 49 0.0215054
77 76 0.00675676
77 78 0.153846
77 108 0.146789
77 109 0.0714286
77 110 0.0148148
78 47 0.0105263
78 48 0.00990099
78 49 0.04
78 77 0.153846
78 79 0.202128
78 109 0.0851064
78 110 0.0683761
79 48 0.284404
79 49 0.0722892
79 50 0.0487805
79 78 0.202128
79 80 0.0245902
79 81 0.0672269
79 110 0.008
80 48 0.0232558
80 79 0.0245902
80 81 0.23741
80 110 0.206897
80 112 0.35
80 113 0.0208333
80 142 0.123894
81 48 0.0238095
81 50 0.0428571
81 79 0.0672269
81 80 0.23741
81 82 0.178808
81 110 0.119718
81 112 0.025641
81 113 0.0645161
82 50 0.122581
82 51 0.205607
82 81 0.178808
82 84 0.130952
83 52 0.0707071
83 84 0.304965
83 85 0.0707965
83 113 0.0987654
83 114 0.0208333
83 115 0.0813954
83 116 0.0595238
84 51 0.12963
84 52 0.09375
84 53 0.0261438
84 82 0.130952
84 83 0.304965
84 85 0.0704225
84 113 0.00909091
85 53 0.056
85 54 0.168539
85 55 0.0633803
85 83 0.0707965
85 84 0.0704225
85 86 0.0833333
85 115 0.0229885
86 55 0.0625
86 85 0.0833333
86 87 0.0818182
86 115 0.0701754
86 118 0.140351
87 27 0.0131579
87 55 0.22619
87 56 0.0514706
87 57 0.0359712
87 86 0.0818182
87 88 0.12069
87 89 0.176471
87 117 0.0186916
87 118 0.0265487
88 87 0.12069
88 89 0.0416667
88 90 0.0649351
88 117 0.0350877
88 120 0.297297
89 27 0.0320513
89 57 0.104895
89 59 0.125654
89 87 0.176471
89 88 0.0416667
89 90 0.137405
90 59 0.0135135
90 88 0.0649351
90 89 0.137405
90 91 0.0666667
90 120 0.0470588
90 121 0.294118
91 59 0.194444
91 60 0.0736842
91 90 0.0666667
91 92 0.297872
91 121 0.034188
91 153 0.0198676
92 28 0.0102041
92 60 0.0119048
92 61 0.137931
92 91 0.297872
92 121 0.0849057
92 123 0.0359712
92 153 0.1
92 154 0.0636943
93 32 0.0404624
93 62 0.0897436
93 63 0.0115607
93 64 0.0052356
93 94 0.287081
93 124 0.320261
93 125 0.0052356
93 155 0.0103093
94 64 0.341837
94 93 0.287081
94 124 0.0189873
94 125 0.112245
94 155 0.0552764
95 64 0.0631579
95 65 0.298077
95 66 0.188482
95 96 0.02
95 125 0.0842105
95 126 0.132075
95 127 0.0479452
95 156 0.0748663
95 157 0.0123457
96 65 0.0448718
96 66 0.0143885
96 95 0.02
96 97 0.0102041
96 127 0.478723
96 128 0.0961538
96 159 0.186916
97 36 0.0205128
97 66 0.0431655
97 67 0.0958904
97 96 0.0102041
97 99 0.0137931
97 128 0.25
97 129 0.246269
97 159 0.0280374
98 67 0.0967742
98 68 0.0964912
98 99 0.248485
98 130 0.00598802
98 131 0.148438
98 162 0.0365854
99 97 0.0137931
99 98 0.248485
99 129 0.19337
99 130 0.0721649
99 162 0.0418848
100 38 0.0169492
100 68 0.0547945
100 69 0.12069
100 101 0.049505
100 102 0.343284
100 103 0.0175439
100 132 0.375
100 134 0.0491803
101 69 0.0194175
101 70 0.289256
101 71 0.12
101 72 0.0285714
101 73 0.0122699
101 100 0.049505
101 102 0.169643
102 73 0.0387597
102 100 0.343284
102 101 0.169643
102 103 0.235294
103 73 0.0252101
103 100 0.0175439
103 102 0.235294
103 104 0.0379747
103 105 0.037037
103 134 0.354839
103 135 0.0289855
104 41 0.103093
104 71 0.0787402
104 73 0.0928571
104 103 0.0379747
104 105 0.27451
105 41 0.030303
105 42 0.0434783
105 74 0.122951
105 103 0.037037
105 104 0.27451
105 106 0.125
105 135 0.0543478
106 74 0.292308
106 75 0.00934579
106 76 0.0204082
106 105 0.125
106 107 0.0540541
106 108 0.0277778
106 135 0.03
106 137 0.0701754
106 168 0.00746269
107 74 0.0165289
107 75 0.0102041
107 76 0.268116
107 106 0.0540541
107 108 0.252525
107 138 0.337209
107 168 0.016
108 76 0.155556
108 77 0.146789
108 106 0.0277778
108 107 0.252525
108 109 0.111111
108 137 0.00980392
108 138 0.0843373
108 140 0.0120482
108 168 0.131148
109 77 0.0714286
109 78 0.0851064
109 108 0.111111
109 110 0.152
109 140 0.0465116
109 141 0.0561798
109 142 0.0107527
110 77 0.0148148
110 78 0.0683761
110 79 0.008
110 80 0.206897
110 81 0.119718
110 109 0.152
110 112 0.0162602
110 142 0.0258621
111 140 0.0408163
111 141 0.178218
111 142 0.0190476
111 143 0.337931
111 144 0.0215827
111 172 0.0606061
111 174 0.308333
112 80 0.35
112 81 0.025641
112 110 0.0162602
112 113 0.0540541
112 142 0.362637
112 143 0.137405
112 144 0.008
113 80 0.0208333
113 81 0.0645161
113 83 0.0987654
113 84 0.00909091
113 112 0.0540541
113 114 0.0461538
113 143 0.0373832
113 144 0.029703
114 83 0.0208333
114 113 0.0461538
114 116 0.279412
114 144 0.0948276
114 145 0.0336134
114 146 0.134146
115 83 0.0813954
115 85 0.0229885
115 86 0.0701754
115 116 0.241379
115 118 0.183333
116 83 0.0595238
116 114 0.279412
116 115 0.241379
116 118 0.0689655
116 146 0.128571
117 87 0.0186916
117 88 0.0350877
117 118 0.185185
117 120 0.0153846
117 146 0.0151515
117 148 0.142857
117 150 0.0674157
118 86 0.140351
118 87 0.0265487
118 115 0.183333
118 116 0.0689655
118 117 0.185185
119 120 0.254237
119 121 0.0423729
119 150 0.105634
119 151 0.411043
120 88 0.297297
120 90 0.0470588
120 117 0.0153846
120 119 0.254237
120 150 0.00943396
121 90 0.294118
121 91 0.034188
121 92 0.0849057
121 119 0.0423729
121 151 0.0708661
121 153 0.25
122 151 0.0742574
122 152 0.333333
122 153 0.277487
122 154 0.0865385
122 184 0.0839161
122 185 0.0263158
123 92 0.0359712
123 153 0.0402685
123 154 0.39759
124 93 0.320261
124 94 0.0189873
124 155 0.0979021
125 64 0.0449438
125 65 0.0102041
125 93 0.0052356
125 94 0.112245
125 95 0.0842105
125 155 0.287293
125 156 0.114286
125 186 0.0197044
125 187 0.0169492
126 95 0.132075
126 156 0.375
126 158 0.00892857
126 187 0.0410959
127 95 0.0479452
127 96 0.478723
127 128 0.01
127 157 0.179245
127 159 0.106796
127 189 0.0218978
127 190 0.0175439
128 66 0.0344828
128 96 0.0961538
128 97 0.25
128 127 0.01
128 129 0.0571429
128 159 0.20354
128 160 0.118421
129 97 0.246269
129 99 0.19337
129 128 0.0571429
129 130 0.147541
129 160 0.137363
129 162 0.00555556
130 98 0.00598802
130 99 0.0721649
130 129 0.147541
130 131 0.0318471
130 160 0.117949
130 161 0.192053
130 162 0.150259
130 192 0.0128205
130 194 0.0208333
131 68 0.144231
131 98 0.148438
131 130 0.0318471
131 132 0.153153
131 162 0.155844
131 163 0.0197368
131 194 0.0149254
132 68 0.154639
132 69 0.0121951
132 100 0.375
132 131 0.153153
132 134 0.0352941
132 163 0.0137931
133 134 0.121951
133 135 0.179775
133 163 0.0211268
133 164 0.189189
133 165 0.12
134 100 0.0491803
134 103 0.354839
134 132 0.0352941
134 133 0.121951
134 135 0.109589
134 163 0.00793651
134 164 0.0105263
135 103 0.0289855
135 105 0.0543478
135 106 0.03
135 133 0.179775
135 134 0.109589
135 136 0.0373832
135 137 0.0212766
135 165 0.0344828
135 167 0.0194175
135 168 0.00877193
135 197 0.0197368
136 135 0.0373832
136 137 0.214876
136 167 0.276923
136 168 0.0496454
136 197 0.0837989
136 198 0.0759494
137 106 0.0701754
137 108 0.00980392
137 135 0.0212766
137 136 0.214876
137 138 0.0224719
137 168 0.304688
138 107 0.337209
138 108 0.0843373
138 137 0.0224719
138 140 0.0142857
138 168 0.0366972
138 200 0.342466
139 169 0.187879
139 170 0.163265
139 171 0.00645161
139 199 0.0396825
139 200 0.176923
139 201 0.0301205
139 202 0.253521
140 108 0.0120482
140 109 0.0465116
140 111 0.0408163
140 138 0.0142857
140 141 0.178082
140 170 0.233333
140 172 0.0288462
140 200 0.0136986
141 109 0.0561798
141 111 0.178218
141 140 0.178082
141 142 0.225
141 143 0.0583333
142 80 0.123894
142 109 0.0107527
142 110 0.0258621
142 111 0.0190476
142 112 0.362637
142 141 0.225
142 143 0.25
143 111 0.337931
143 112 0.137405
143 113 0.0373832
143 141 0.0583333
143 142 0.25
143 144 0.0949367
144 111 0.0215827
144 112 0.008
144 113 0.029703
144 114 0.0948276
144 143 0.0949367
144 145 0.154839
144 174 0.0150376
144 175 0.314685
145 114 0.0336134
145 144 0.154839
145 146 0.140496
145 147 0.2
145 175 0.130137
145 176 0.08
146 114 0.134146
146 116 0.128571
146 117 0.0151515
146 145 0.140496
146 147 0.00970874
146 148 0.155963
147 145 0.2
147 146 0.00970874
147 148 0.0859375
147 149 0.057554
147 176 0.0934579
147 177 0.0384615
147 179 0.0510204
148 117 0.142857
148 146 0.155963
148 147 0.0859375
148 149 0.234483
148 150 0.030303
149 147 0.057554
149 148 0.234483
149 150 0.216783
149 179 0.0869565
149 181 0.027027
150 117 0.0674157
150 119 0.105634
150 120 0.00943396
150 148 0.030303
150 149 0.216783
150 151 0.0794702
150 181 0.0510204
151 119 0.411043
151 121 0.0708661
151 122 0.0742574
151 150 0.0794702
151 152 0.148148
151 153 0.00621118
151 213 0.0322581
151 214 0.028777
152 122 0.333333
152 151 0.148148
152 184 0.0485437
152 213 0.0526316
152 214 0.139535
153 91 0.0198676
153 92 0.1
153 121 0.25
153 122 0.277487
153 123 0.0402685
153 151 0.00621118
153 154 0.0538922
153 184 0.0196078
154 92 0.0636943
154 122 0.0865385
154 123 0.39759
154 153 0.0538922
154 185 0.0662651
154 216 0.0773481
155 93 0.0103093
155 94 0.0552764
155 124 0.0979021
155 125 0.287293
155 186 0.18932
155 217 0.0469799
156 95 0.0748663
156 125 0.114286
156 126 0.375
156 157 0.0408163
156 158 0.0928571
156 186 0.02
156 187 0.126437
156 189 0.0168539
157 95 0.0123457
157 127 0.179245
157 156 0.0408163
157 158 0.0608696
157 188 0.024
157 189 0.346405
157 190 0.0923077
158 126 0.00892857
158 156 0.0928571
158 157 0.0608696
158 187 0.0422535
158 189 0.410959
158 190 0.00813008
159 96 0.186916
159 97 0.0280374
159 127 0.106796
159 128 0.20354
159 160 0.0903226
159 190 0.0472441
160 128 0.118421
160 129 0.137363
160 130 0.117949
160 159 0.0903226
160 161 0.113333
160 190 0.0361446
160 191 0.013245
160 192 0.0645161
160 221 0.0220994
160 223 0.00606061
161 130 0.192053
161 160 0.113333
161 162 0.0608108
161 192 0.0540541
161 193 0.00826446
161 194 0.0564103
162 98 0.0365854
162 99 0.0418848
162 129 0.00555556
162 130 0.150259
162 131 0.155844
162 161 0.0608108
162 163 0.00531915
162 194 0.156118
163 131 0.0197368
163 132 0.0137931
163 133 0.0211268
163 134 0.00793651
163 162 0.00531915
163 164 0.141935
163 165 0.100592
163 194 0.165957
163 196 0.0961538
163 225 0.00564972
164 133 0.189189
164 134 0.0105263
164 163 0.141935
164 165 0.0797101
164 166 0.134228
164 195 0.0409836
164 196 0.158192
164 197 0.132184
165 133 0.12
165 135 0.0344828
165 163 0.100592
165 164 0.0797101
165 196 0.0209424
165 197 0.212766
166 164 0.134228
166 167 0.0733333
166 195 0.156463
166 196 0.00495049
166 197 0.105528
166 198 0.0898876
166 228 0.106918
166 229 0.0913979
167 135 0.0194175
167 136 0.276923
167 166 0.0733333
167 168 0.167883
167 197 0.108571
167 198 0.155844
167 229 0.117284
167 230 0.00694444
168 106 0.00746269
168 107 0.016
168 108 0.131148
168 135 0.00877193
168 136 0.0496454
168 137 0.304688
168 138 0.0366972
168 167 0.167883
168 198 0.151515
168 199 0.037037
168 200 0.0267857
169 139 0.187879
169 199 0.0280374
169 202 0.14433
169 231 0.0184049
169 232 0.2
170 139 0.163265
170 140 0.233333
170 172 0.016129
170 200 0.0967742
170 202 0.107955
170 203 0.0410959
171 139 0.00645161
171 173 0.125
171 202 0.288043
171 203 0.00649351
171 232 0.0181818
171 234 0.0197368
172 111 0.0606061
172 140 0.0288462
172 170 0.016129
172 173 0.02
172 174 0.134921
172 203 0.38125
172 204 0.111111
172 205 0.0320856
173 171 0.125
173 172 0.02
173 202 0.00495049
173 203 0.261628
173 204 0.00641026
173 205 0.18593
173 234 0.0352941
173 235 0.0308642
174 111 0.308333
174 144 0.0150376
174 172 0.134921
174 175 0.0322581
174 203 0.0405405
174 205 0.108571
175 144 0.314685
175 145 0.130137
175 174 0.0322581
175 176 0.0265487
175 205 0.0162162
175 206 0.0228571
176 145 0.08
176 147 0.0934579
176 175 0.0265487
176 177 0.157303
176 206 0.038961
177 147 0.0384615
177 176 0.157303
177 178 0.0823529
177 179 0.075
177 206 0.00662252
177 209 0.0900901
178 177 0.0823529
178 179 0.0632911
178 180 0.121951
178 209 0.118182
179 147 0.0510204
179 149 0.0869565
179 177 0.075
179 178 0.0632911
179 180 0.025974
179 181 0.1
179 211 0.0113636
180 178 0.121951
180 179 0.025974
180 182 0.0175439
180 208 0.0111111
180 209 0.037037
180 210 0.0842105
180 211 0.0549451
181 149 0.027027
181 150 0.0510204
181 179 0.1
181 211 0.0952381
181 213 0.126761
182 180 0.0175439
182 183 0.0632911
182 210 0.178295
182 211 0.08
182 212 0.266667
183 182 0.0632911
183 212 0.211429
183 213 0.00819672
183 215 0.311377
184 122 0.0839161
184 152 0.0485437
184 153 0.0196078
184 185 0.0990099
184 214 0.05
185 122 0.0263158
185 154 0.0662651
185 184 0.0990099
185 214 0.0551181
185 216 0.355828
186 125 0.0197044
186 155 0.18932
186 156 0.02
186 187 0.415842
186 217 0.204678
186 219 0.00564972
187 125 0.0169492
187 126 0.0410959
187 156 0.126437
187 158 0.0422535
187 186 0.415842
187 188 0.0394737
187 189 0.0222222
187 217 0.0206897
187 219 0.00662252
188 157 0.024
188 187 0.0394737
188 189 0.185897
188 190 0.0902256
188 219 0.322835
188 220 0.0198676
188 221 0.0202703
188 251 0.0555556
189 127 0.0218978
189 156 0.0168539
189 157 0.346405
189 158 0.410959
189 187 0.0222222
189 188 0.185897
189 190 0.0310559
190 127 0.0175439
190 157 0.0923077
190 158 0.00813008
190 159 0.0472441
190 160 0.0361446
190 188 0.0902256
190 189 0.0310559
190 219 0.0530303
190 221 0.169935
190 222 0.146893
190 223 0.00729927
190 251 0.00884956
190 253 0.0310078
191 160 0.013245
191 192 0.223214
191 221 0.00724638
191 223 0.336066
191 224 0.0183486
191 225 0.00724638
192 130 0.0128205
192 160 0.0645161
192 161 0.0540541
192 191 0.223214
192 193 0.0238095
192 194 0.045
192 223 0.00793651
192 225 0.112676
193 161 0.00826446
193 192 0.0238095
193 194 0.295238
193 196 0.0273224
193 225 0.223684
194 130 0.0208333
194 131 0.0149254
194 161 0.0564103
194 162 0.156118
194 163 0.165957
194 192 0.045
194 193 0.295238
194 196 0.0194553
194 225 0.0176991
195 164 0.0409836
195 166 0.156463
195 196 0.108571
195 197 0.0174419
195 225 0.0625
195 226 0.136364
195 227 0.13913
195 228 0.128788
195 256 0.010101
196 163 0.0961538
196 164 0.158192
196 165 0.0209424
196 166 0.00495049
196 193 0.0273224
196 194 0.0194553
196 195 0.108571
196 197 0.0352423
196 225 0.236181
196 226 0.0727273
196 228 0.0534759
197 135 0.0197368
197 136 0.0837989
197 164 0.132184
197 165 0.212766
197 166 0.105528
197 167 0.108571
197 195 0.0174419
197 196 0.0352423
197 198 0.00492611
197 229 0.104265
198 136 0.0759494
198 166 0.0898876
198 167 0.155844
198 168 0.151515
198 197 0.00492611
198 199 0.224
198 228 0.0122699
198 229 0.0157895
198 230 0.267442
198 260 0.09375
198 261 0.0113636
199 139 0.0396825
199 168 0.037037
199 169 0.0280374
199 198 0.224
199 200 0.0277778
199 231 0.0806452
199 232 0.00735294
199 261 0.0420168
200 138 0.342466
200 139 0.176923
200 140 0.0136986
200 168 0.0267857
200 170 0.0967742
200 199 0.0277778
201 139 0.0301205
201 202 0.0615385
201 231 0.20122
201 232 0.0227273
201 233 0.35
201 234 0.0368098
201 264 0.0509554
201 265 0.0163043
201 266 0.109195
202 139 0.253521
202 169 0.14433
202 170 0.107955
202 171 0.288043
202 173 0.00495049
202 201 0.0615385
202 203 0.0518868
202 231 0.014218
202 232 0.058296
202 234 0.0190476
202 266 0.00904977
203 170 0.0410959
203 171 0.00649351
203 172 0.38125
203 173 0.261628
203 174 0.0405405
203 202 0.0518868
203 204 0.10241
203 205 0.0956938
203 266 0.0157068
204 172 0.111111
204 173 0.00641026
204 203 0.10241
204 205 0.0725389
204 235 0.0192308
204 236 0.0125786
204 237 0.0681818
204 265 0.027027
204 266 0.131429
204 267 0.075
205 172 0.0320856
205 173 0.18593
205 174 0.108571
205 175 0.0162162
205 203 0.0956938
205 204 0.0725389
205 206 0.221239
205 235 0.040201
205 237 0.00571429
205 238 0.0353535
205 267 0.00985222
205 268 0.047619
206 175 0.0228571
206 176 0.038961
206 177 0.00662252
206 205 0.221239
206 207 0.278075
206 209 0.0284091
206 238 0.111702
206 267 0.0103627
207 206 0.278075
207 208 0.0852713
207 209 0.156463
207 238 0.0440252
208 180 0.0111111
208 207 0.0852713
208 209 0.161017
208 210 0.171429
208 240 0.0684932
209 177 0.0900901
209 178 0.118182
209 180 0.037037
209 206 0.0284091
209 207 0.156463
209 208 0.161017
209 238 0.0202703
209 239 0.0490196
209 240 0.0989011
210 180 0.0842105
210 182 0.178295
210 208 0.171429
210 211 0.0849057
210 240 0.025641
210 242 0.0183486
211 179 0.0113636
211 180 0.0549451
211 181 0.0952381
211 182 0.08
211 210 0.0849057
211 212 0.0211268
211 213 0.0561798
211 242 0.152381
211 243 0.011236
211 275 0.0338983
212 182 0.266667
212 183 0.211429
212 211 0.0211268
212 213 0.24031
212 214 0.0277778
212 215 0.0287356
212 275 0.0126582
213 151 0.0322581
213 152 0.0526316
213 181 0.126761
213 183 0.00819672
213 211 0.0561798
213 212 0.24031
213 214 0.021978
214 151 0.028777
214 152 0.139535
214 184 0.05
214 185 0.0551181
214 212 0.0277778
214 213 0.021978
214 215 0.257353
214 216 0.0633803
214 244 0.0111111
214 245 0.130769
214 275 0.025
215 183 0.311377
215 212 0.0287356
215 214 0.257353
215 216 0.127907
215 245 0.00625
215 246 0.0127389
215 275 0.00666667
216 154 0.0773481
216 185 0.355828
216 214 0.0633803
216 215 0.127907
216 246 0.00613497
216 247 0.00826446
217 155 0.0469799
217 186 0.204678
217 187 0.0206897
217 218 0.038835
217 248 0.202532
217 281 0.0165289
218 217 0.038835
218 219 0.0550459
218 220 0.112782
218 248 0.117647
218 249 0.05
218 250 0.117021
218 251 0.0444444
219 186 0.00564972
219 187 0.00662252
219 188 0.322835
219 190 0.0530303
219 218 0.0550459
219 220 0.26
219 221 0.0408163
219 251 0.0654206
220 188 0.0198676
220 218 0.112782
220 219 0.26
220 221 0.0877193
220 250 0.0592593
220 251 0.221374
221 160 0.0220994
221 188 0.0202703
221 190 0.169935
221 191 0.00724638
221 219 0.0408163
221 220 0.0877193
221 222 0.265625
221 223 0.0526316
221 251 0.0859375
221 253 0.0138889
222 190 0.146893
222 221 0.265625
222 223 0.125
222 224 0.0306748
222 251 0.00657895
222 252 0.00609756
222 253 0.309524
222 254 0.0224719
223 160 0.00606061
223 190 0.00729927
223 191 0.336066
223 192 0.00793651
223 221 0.0526316
223 222 0.125
223 224 0.0813008
224 191 0.0183486
224 222 0.0306748
224 223 0.0813008
224 225 0.0719424
224 226 0.0285714
224 253 0.00869565
224 254 0.128
224 255 0.0544218
224 256 0.0106383
225 163 0.00564972
225 191 0.00724638
225 192 0.112676
225 193 0.223684
225 194 0.0176991
225 195 0.0625
225 196 0.236181
225 224 0.0719424
225 226 0.0895522
226 195 0.136364
226 196 0.0727273
226 224 0.0285714
226 225 0.0895522
226 227 0.12381
226 256 0.0561798
227 195 0.13913
227 226 0.12381
227 228 0.0393701
227 256 0.106383
227 257 0.0108696
227 258 0.0232558
227 259 0.127273
227 260 0.0320513
228 166 0.106918
228 195 0.128788
228 196 0.0534759
228 198 0.0122699
228 227 0.0393701
228 229 0.19883
228 260 0.219653
229 166 0.0913979
229 167 0.117284
229 197 0.104265
229 198 0.0157895
229 228 0.19883
229 230 0.211111
229 260 0.03
230 167 0.00694444
230 198 0.267442
230 229 0.211111
230 260 0.104396
230 261 0.216867
230 292 0.00485437
231 169 0.0184049
231 199 0.0806452
231 201 0.20122
231 202 0.014218
231 232 0.322917
231 233 0.0344828
231 261 0.0457143
231 262 0.0405405
231 263 0.132184
231 264 0.0115607
231 294 0.0674847
232 169 0.2
232 171 0.0181818
232 199 0.00735294
232 201 0.0227273
232 202 0.058296
232 231 0.322917
232 234 0.052356
232 261 0.00534759
232 262 0.3
232 263 0.0698925
233 201 0.35
233 231 0.0344828
233 265 0.00735294
233 266 0.0238095
234 171 0.0197368
234 173 0.0352941
234 201 0.0368098
234 202 0.0190476
234 232 0.052356
234 235 0.0411765
234 263 0.115607
234 264 0.0697674
234 265 0.0653266
234 266 0.285714
235 173 0.0308642
235 204 0.0192308
235 205 0.040201
235 234 0.0411765
235 264 0.00609756
235 265 0.104712
235 266 0.237569
235 267 0.204819
235 268 0.0263158
235 297 0.00900901
236 204 0.0125786
236 237 0.347518
236 267 0.0236686
236 268 0.109677
236 298 0.222857
236 299 0.371951
237 204 0.0681818
237 205 0.00571429
237 236 0.347518
237 238 0.0437956
237 267 0.119718
237 268 0.28125
237 298 0.0945946
237 299 0.0510949
238 205 0.0353535
238 206 0.111702
238 207 0.0440252
238 209 0.0202703
238 237 0.0437956
238 239 0.122807
238 267 0.0424242
238 268 0.311258
238 298 0.00584795
238 299 0.0125
238 301 0.00645161
239 209 0.0490196
239 238 0.122807
239 240 0.105263
239 270 0.107143
239 271 0.0761905
239 301 0.100917
240 208 0.0684932
240 209 0.0989011
240 210 0.025641
240 239 0.105263
240 242 0.0649351
240 271 0.0851064
241 242 0.11236
241 243 0.0821918
241 270 0.129412
241 271 0.00943396
242 210 0.0183486
242 211 0.152381
242 240 0.0649351
242 241 0.11236
242 243 0.108696
242 271 0.064
242 273 0.111111
242 274 0.119048
243 211 0.011236
243 241 0.0821918
243 242 0.108696
243 244 0.106667
243 274 0.0272727
243 275 0.0761905
244 214 0.0111111
244 243 0.106667
244 245 0.0263158
244 246 0.135135
244 275 0.0384615
245 214 0.130769
245 215 0.00625
245 244 0.0263158
245 246 0.370861
245 275 0.0486111
245 276 0.0833333
245 277 0.181159
246 215 0.0127389
246 216 0.00613497
246 244 0.135135
246 245 0.370861
246 247 0.150943
246 277 0.0222222
247 216 0.00826446
247 246 0.150943
247 277 0.0752688
247 278 0.0629921
248 217 0.202532
248 218 0.117647
248 249 0.0263158
248 279 0.0192308
248 280 0.0217391
248 281 0.0465116
249 218 0.05
249 248 0.0263158
249 250 0.186275
249 252 0.0181818
249 281 0.228814
249 282 0.0377358
250 218 0.117021
250 220 0.0592593
250 249 0.186275
250 251 0.0978261
250 252 0.240385
250 282 0.03
251 188 0.0555556
251 190 0.00884956
251 218 0.0444444
251 219 0.0654206
251 220 0.221374
251 221 0.0859375
251 222 0.00657895
251 250 0.0978261
251 252 0.24
251 253 0.00961538
252 222 0.00609756
252 249 0.0181818
252 250 0.240385
252 251 0.24
252 253 0.0517241
252 282 0.0555556
252 283 0.0808824
252 284 0.18018
252 314 0.0192308
253 190 0.0310078
253 221 0.0138889
253 222 0.309524
253 224 0.00869565
253 251 0.00961538
253 252 0.0517241
253 254 0.269231
253 284 0.13913
254 222 0.0224719
254 224 0.128
254 253 0.269231
254 255 0.160494
254 284 0.12
255 224 0.0544218
255 254 0.160494
255 256 0.0763359
255 284 0.0680272
255 286 0.282051
255 316 0.056338
255 317 0.00694444
256 195 0.010101
256 224 0.0106383
256 226 0.0561798
256 227 0.106383
256 255 0.0763359
256 257 0.0657895
256 286 0.0776699
257 227 0.0108696
257 256 0.0657895
257 258 0.0588235
257 286 0.049505
257 287 0.134146
257 317 0.0786517
257 318 0.0714286
258 227 0.0232558
258 257 0.0588235
258 287 0.0526316
258 290 0.263158
258 319 0.0704225
258 322 0.0909091
259 227 0.127273
259 260 0.153846
259 291 0.0434783
259 292 0.122222
259 322 0.130081
260 198 0.09375
260 227 0.0320513
260 228 0.219653
260 229 0.03
260 230 0.104396
260 259 0.153846
260 261 0.0215054
260 292 0.0707965
261 198 0.0113636
261 199 0.0420168
261 230 0.216867
261 231 0.0457143
261 232 0.00534759
261 260 0.0215054
261 291 0.0104712
261 292 0.261905
261 293 0.0297619
261 294 0.0316456
262 231 0.0405405
262 232 0.3
262 263 0.0140845
263 231 0.132184
263 232 0.0698925
263 234 0.115607
263 262 0.0140845
263 264 0.161677
263 265 0.0154639
263 266 0.00543478
263 294 0.178344
263 325 0.0206897
264 201 0.0509554
264 231 0.0115607
264 234 0.0697674
264 235 0.00609756
264 263 0.161677
264 265 0.186529
264 266 0.0710383
264 294 0.108974
264 295 0.0165289
264 296 0.203947
264 327 0.0174419
265 201 0.0163043
265 204 0.027027
265 233 0.00735294
265 234 0.0653266
265 235 0.104712
265 263 0.0154639
265 264 0.186529
265 266 0.204762
265 267 0.133333
265 296 0.162011
265 297 0.0214286
266 201 0.109195
266 202 0.00904977
266 203 0.0157068
266 204 0.131429
266 233 0.0238095
266 234 0.285714
266 235 0.237569
266 263 0.00543478
266 264 0.0710383
266 265 0.204762
266 267 0.0378378
266 296 0.0118343
267 204 0.075
267 205 0.00985222
267 206 0.0103627
267 235 0.204819
267 236 0.0236686
267 237 0.119718
267 238 0.0424242
267 265 0.133333
267 266 0.0378378
267 268 0.25
267 296 0.0194805
267 298 0.00568182
268 205 0.047619
268 235 0.0263158
268 236 0.109677
268 237 0.28125
268 238 0.311258
268 267 0.25
268 298 0.0308642
268 299 0.0927152
269 270 0.197531
269 300 0.0192308
269 301 0.0566038
270 239 0.107143
270 241 0.129412
270 269 0.197531
270 271 0.123967
270 301 0.056
271 239 0.0761905
271 240 0.0851064
271 241 0.00943396
271 242 0.064
271 270 0.123967
271 272 0.190184
271 273 0.142857
271 301 0.00684932
272 271 0.190184
272 273 0.0769231
272 301 0.0598802
272 302 0.315508
272 303 0.048951
272 304 0.0432099
272 332 0.04
273 242 0.111111
273 271 0.142857
273 272 0.0769231
273 274 0.216049
273 304 0.21875
273 306 0.0362319
274 242 0.119048
274 243 0.0272727
274 273 0.216049
274 275 0.172662
274 276 0.0521739
274 304 0.0422535
274 306 0.0833333
275 211 0.0338983
275 212 0.0126582
275 214 0.025
275 215 0.00666667
275 243 0.0761905
275 244 0.0384615
275 245 0.0486111
275 274 0.172662
275 276 0.109091
276 245 0.0833333
276 274 0.0521739
276 275 0.109091
276 306 0.131868
276 307 0.108434
276 337 0.00961538
277 245 0.181159
277 246 0.0222222
277 247 0.0752688
277 278 0.128205
277 307 0.0594059
277 309 0.163636
277 340 0.00847458
278 247 0.0629921
278 277 0.128205
278 307 0.00740741
278 308 0.025
278 309 0.270833
278 338 0.00564972
278 340 0.375
279 248 0.0192308
279 280 0.22
279 310 0.0119048
279 342 0.0888889
279 343 0.106796
280 248 0.0217391
280 279 0.22
280 281 0.291045
280 282 0.0163934
280 343 0.181818
281 217 0.0165289
281 248 0.0465116
281 249 0.228814
281 280 0.291045
281 282 0.0344828
282 249 0.0377358
282 250 0.03
282 252 0.0555556
282 280 0.0163934
282 281 0.0344828
282 283 0.0530303
282 312 0.0744681
282 315 0.0754717
282 343 0.08
282 344 0.0980392
283 252 0.0808824
283 282 0.0530303
283 284 0.0962963
283 285 0.079646
283 314 0.359375
283 315 0.0746269
283 316 0.161538
283 344 0.0307692
283 345 0.0472441
284 252 0.18018
284 253 0.13913
284 254 0.12
284 255 0.0680272
284 283 0.0962963
284 316 0.2
285 283 0.079646
285 287 0.0384615
285 314 0.17284
285 316 0.277108
285 317 0.0352941
285 348 0.00884956
286 255 0.282051
286 256 0.0776699
286 257 0.049505
286 316 0.0438596
286 317 0.0948276
286 318 0.027027
287 257 0.134146
287 258 0.0526316
287 285 0.0384615
287 317 0.0206186
287 318 0.195652
287 319 0.211765
287 350 0.189873
287 351 0.0520833
288 289 0.183908
288 319 0.269231
288 320 0.08
289 288 0.183908
289 320 0.378378
289 321 0.0117647
290 258 0.263158
290 320 0.0227273
290 321 0.370968
290 322 0.148936
290 352 0.0416667
291 259 0.0434783
291 261 0.0104712
291 292 0.337662
291 293 0.206349
291 322 0.0574713
291 323 0.227027
291 324 0.0411765
291 354 0.0075188
291 355 0.0440252
292 230 0.00485437
292 259 0.122222
292 260 0.0707965
292 261 0.261905
292 291 0.337662
292 293 0.129808
292 294 0.010101
292 323 0.00490196
293 261 0.0297619
293 291 0.206349
293 292 0.129808
293 294 0.0961538
293 323 0.0740741
293 324 0.238095
293 325 0.00694444
293 355 0.0441176
294 231 0.0674847
294 261 0.0316456
294 263 0.178344
294 264 0.108974
294 292 0.010101
294 293 0.0961538
294 295 0.315315
294 325 0.119403
294 326 0.00684932
294 327 0.00617284
294 356 0.0440252
295 264 0.0165289
295 294 0.315315
295 296 0.102804
295 325 0.010101
295 327 0.023622
295 358 0.064
296 264 0.203947
296 265 0.162011
296 266 0.0118343
296 267 0.0194805
296 295 0.102804
296 327 0.0189873
296 358 0.25
297 235 0.00900901
297 265 0.0214286
297 328 0.103226
297 329 0.109756
297 330 0.0151515
297 358 0.0598291
297 359 0.0564516
298 236 0.222857
298 237 0.0945946
298 238 0.00584795
298 267 0.00568182
298 268 0.0308642
298 299 0.187135
298 300 0.128049
298 301 0.0060241
298 329 0.125874
298 330 0.0103627
298 331 0.307229
298 362 0.0324324
299 236 0.371951
299 237 0.0510949
299 238 0.0125
299 268 0.0927152
299 298 0.187135
299 300 0.143791
299 301 0.0516129
299 331 0.0193548
299 362 0.00574713
300 269 0.0192308
300 298 0.128049
300 299 0.143791
300 301 0.277027
300 302 0.119048
300 330 0.0114286
300 331 0.0337838
300 332 0.192308
300 362 0.0239521
301 238 0.00645161
301 239 0.100917
301 269 0.0566038
301 270 0.056
301 271 0.00684932
301 272 0.0598802
301 298 0.0060241
301 299 0.0516129
301 300 0.277027
301 302 0.111765
301 332 0.0189873
302 272 0.315508
302 300 0.119048
302 301 0.111765
302 303 0.0410959
302 332 0.286517
302 333 0.0372671
302 334 0.0155039
302 362 0.00529101
303 272 0.048951
303 302 0.0410959
303 304 0.0909091
303 305 0.0515464
303 333 0.00854701
303 334 0.2
303 335 0.00862069
304 272 0.0432099
304 273 0.21875
304 274 0.0422535
304 303 0.0909091
304 305 0.0258621
304 306 0.0847458
305 303 0.0515464
305 304 0.0258621
305 306 0.159574
305 335 0.0990991
305 337 0.0654206
306 273 0.0362319
306 274 0.0833333
306 276 0.131868
306 304 0.0847458
306 305 0.159574
306 307 0.0227273
306 337 0.0458716
307 276 0.108434
307 277 0.0594059
307 278 0.00740741
307 306 0.0227273
307 308 0.257143
307 337 0.118812
307 368 0.0105263
308 278 0.025
308 307 0.257143
308 337 0.00793651
308 338 0.319728
308 340 0.00819672
308 368 0.05
309 277 0.163636
309 278 0.270833
309 340 0.0471698
309 370 0.0576923
310 279 0.0119048
310 311 0.384615
310 342 0.219298
310 372 0.118812
311 310 0.384615
311 341 0.253165
311 372 0.0618557
312 282 0.0744681
312 313 0.0821918
312 315 0.03125
312 342 0.0588235
312 343 0.0521739
312 344 0.0217391
312 372 0.0337079
312 373 0.152941
312 374 0.0824742
313 312 0.0821918
313 314 0.0126582
313 315 0.352941
314 252 0.0192308
314 283 0.359375
314 285 0.17284
314 313 0.0126582
314 315 0.333333
314 316 0.0102041
315 282 0.0754717
315 283 0.0746269
315 312 0.03125
315 313 0.352941
315 314 0.333333
315 344 0.0480769
315 374 0.00917431
316 255 0.056338
316 283 0.161538
316 284 0.2
316 285 0.277108
316 286 0.0438596
316 314 0.0102041
316 345 0.0206186
316 346 0.0526316
316 347 0.0428571
316 348 0.0384615
317 255 0.00694444
317 257 0.0786517
317 285 0.0352941
317 286 0.0948276
317 287 0.0206186
317 318 0.353535
317 348 0.19697
317 351 0.0194175
318 257 0.0714286
318 286 0.027027
318 287 0.195652
318 317 0.353535
318 348 0.015748
318 351 0.295918
319 258 0.0704225
319 287 0.211765
319 288 0.269231
319 320 0.137255
319 321 0.0131579
319 350 0.27027
320 288 0.08
320 289 0.378378
320 290 0.0227273
320 319 0.137255
320 321 0.387755
320 350 0.0104167
320 352 0.0238095
321 289 0.0117647
321 290 0.370968
321 319 0.0131579
321 320 0.387755
321 322 0.00961538
321 350 0.0142857
321 352 0.293103
321 353 0.028169
322 258 0.0909091
322 259 0.130081
322 290 0.148936
322 291 0.0574713
322 321 0.00961538
322 323 0.163265
322 352 0.111111
323 291 0.227027
323 292 0.00490196
323 293 0.0740741
323 322 0.163265
323 324 0.0699301
323 352 0.039604
323 353 0.0350877
323 354 0.132075
323 355 0.0227273
323 384 0.00483092
324 291 0.0411765
324 293 0.238095
324 323 0.0699301
324 325 0.032
324 355 0.324786
324 384 0.00520833
324 386 0.00671141
324 387 0.132075
325 263 0.0206897
325 293 0.00694444
325 294 0.119403
325 295 0.010101
325 324 0.032
325 326 0.00746269
325 327 0.04
325 355 0.105263
325 356 0.380952
325 357 0.0111111
325 386 0.0273973
325 387 0.0485437
326 294 0.00684932
326 325 0.00746269
326 327 0.228395
326 356 0.320755
326 358 0.00625
327 264 0.0174419
327 294 0.00617284
327 295 0.023622
327 296 0.0189873
327 325 0.04
327 326 0.228395
327 328 0.0981308
327 356 0.0914286
327 357 0.186441
327 358 0.176136
327 359 0.0163934
328 297 0.103226
328 327 0.0981308
328 329 0.0734463
328 330 0.0704846
328 358 0.132075
328 359 0.43379
328 391 0.0140845
329 297 0.109756
329 298 0.125874
329 328 0.0734463
329 330 0.24026
329 331 0.133858
330 297 0.0151515
330 298 0.0103627
330 300 0.0114286
330 328 0.0704846
330 329 0.24026
330 331 0.0847458
330 359 0.0153061
330 360 0.112903
330 361 0.219512
330 362 0.173469
330 392 0.00769231
331 298 0.307229
331 299 0.0193548
331 300 0.0337838
331 329 0.133858
331 330 0.0847458
331 332 0.101266
331 362 0.213018
332 272 0.04
332 300 0.192308
332 301 0.0189873
332 302 0.286517
332 331 0.101266
332 333 0.214765
332 362 0.0621469
332 364 0.00675676
333 302 0.0372671
333 303 0.00854701
333 332 0.214765
333 334 0.07
333 361 0.0078125
333 362 0.1375
333 364 0.229008
334 302 0.0155039
334 303 0.2
334 333 0.07
334 335 0.0606061
334 365 0.0487805
335 303 0.00862069
335 305 0.0990991
335 334 0.0606061
335 336 0.254237
335 337 0.031746
335 365 0.0973451
335 366 0.010989
335 367 0.0841122
335 396 0.0107527
335 399 0.00746269
336 335 0.254237
336 337 0.245614
336 365 0.108911
337 276 0.00961538
337 305 0.0654206
337 306 0.0458716
337 307 0.118812
337 308 0.00793651
337 335 0.031746
337 336 0.245614
337 368 0.0431034
337 369 0.0325203
337 399 0.0153846
338 278 0.00564972
338 308 0.319728
338 339 0.353261
338 340 0.0863309
338 368 0.0291971
338 370 0.00729927
338 371 0.00862069
339 338 0.353261
339 340 0.0251572
339 368 0.0636943
339 369 0.0426829
339 370 0.382166
339 371 0.0220588
339 400 0.00657895
339 401 0.0127389
340 277 0.00847458
340 278 0.375
340 308 0.00819672
340 309 0.0471698
340 338 0.0863309
340 339 0.0251572
340 370 0.0267857
341 311 0.253165
341 372 0.171053
342 279 0.0888889
342 310 0.219298
342 312 0.0588235
342 343 0.345865
342 372 0.121495
343 279 0.106796
343 280 0.181818
343 282 0.08
343 312 0.0521739
343 342 0.345865
343 344 0.00813008
343 372 0.00833333
343 373 0.0948276
344 282 0.0980392
344 283 0.0307692
344 312 0.0217391
344 315 0.0480769
344 343 0.00813008
344 345 0.14433
344 373 0.0107527
344 374 0.114286
344 375 0.170732
344 407 0.0106383
345 283 0.0472441
345 316 0.0206186
345 344 0.14433
345 346 0.0469799
345 347 0.0218978
345 375 0.166667
345 376 0.0366972
345 407 0.021978
346 316 0.0526316
346 345 0.0469799
346 347 0.421875
346 348 0.021978
346 375 0.0342857
346 376 0.0243902
346 378 0.12
347 316 0.0428571
347 345 0.0218978
347 346 0.421875
347 348 0.129412
347 349 0.0980392
347 378 0.057971
348 285 0.00884956
348 316 0.0384615
348 317 0.19697
348 318 0.015748
348 346 0.021978
348 347 0.129412
348 349 0.223776
348 351 0.0152672
348 380 0.0206186
348 381 0.0145985
348 412 0.0107527
349 347 0.0980392
349 348 0.223776
349 378 0.0720721
349 380 0.225
349 409 0.0232558
350 287 0.189873
350 319 0.27027
350 320 0.0104167
