0 1 0.343066
0 2 0.0702703
0 31 0.169492
1 0 0.343066
1 2 0.333333
1 31 0.230769
1 32 0.038835
2 0 0.0702703
2 1 0.333333
2 3 0.264317
2 4 0.00390625
2 31 0.0471204
2 32 0.0787402
2 33 0.122727
3 2 0.264317
3 4 0.435556
3 33 0.111111
3 34 0.0147783
3 35 0.0526316
4 2 0.00390625
4 3 0.435556
4 5 0.371901
4 33 0.0458716
4 34 0.103448
4 35 0.104895
5 4 0.371901
5 6 0.203125
5 34 0.0590909
5 35 0.0992366
5 36 0.0804598
5 66 0.00816326
5 67 0.0233645
6 5 0.203125
6 7 0.0638298
6 36 0.323529
6 37 0.106383
6 67 0.0568182
7 6 0.0638298
7 8 0.137255
7 37 0.0493827
7 38 0.196078
7 39 0.0797546
8 7 0.137255
8 39 0.262774
9 10 0.0212766
9 39 0.114286
10 9 0.0212766
10 11 0.11215
10 12 0.0117647
10 39 0.0641711
10 40 0.0295858
10 41 0.328125
10 42 0.00671141
11 10 0.11215
11 12 0.0594059
11 41 0.0894309
11 42 0.1875
12 10 0.0117647
12 11 0.0594059
12 13 0.146067
12 42 0.111888
12 43 0.216931
12 44 0.223602
12 75 0.00609756
13 12 0.146067
13 14 0.364198
13 43 0.0492611
13 44 0.16
13 45 0.0127389
13 75 0.0730337
14 13 0.364198
14 15 0.127119
14 44 0.0413793
14 45 0.0866142
14 75 0.0135135
15 14 0.127119
15 16 0.113043
15 45 0.106195
15 46 0.229008
15 78 0.00892857
16 15 0.113043
16 18 0.140845
16 46 0.246479
16 47 0.0550459
16 78 0.0569106
17 18 0.186207
17 19 0.409091
17 20 0.0192308
17 51 0.0967742
18 16 0.140845
18 17 0.186207
18 47 0.224
18 48 0.0377358
18 50 0.0105263
18 51 0.040201
18 79 0.0635838
19 17 0.409091
19 20 0.280899
19 51 0.0673077
20 17 0.0192308
20 19 0.280899
20 21 0.212121
20 22 0.119565
20 51 0.12381
20 52 0.0197044
21 20 0.212121
21 22 0.118343
21 50 0.0268817
21 51 0.2
21 52 0.12234
21 82 0.114286
21 83 0.0107527
22 20 0.119565
22 21 0.118343
22 23 0.17037
22 52 0.111111
22 53 0.0974359
22 54 0.0274725
23 22 0.17037
23 24 0.0641026
23 52 0.0324675
23 53 0.00704225
24 23 0.0641026
24 25 0.00531915
24 26 0.0816327
24 53 0.111111
24 54 0.0935961
24 55 0.34466
24 56 0.09
24 85 0.0588235
25 24 0.00531915
25 26 0.37013
25 27 0.0760234
25 55 0.140244
25 56 0.0126582
25 57 0.0970149
25 58 0.00980392
25 88 0.0163934
26 24 0.0816327
26 25 0.37013
26 27 0.0223464
26 55 0.22093
26 56 0.301205
26 57 0.0633803
26 58 0.0330189
26 88 0.0157068
27 25 0.0760234
27 26 0.0223464
27 28 0.210526
27 29 0.0581395
27 57 0.0943396
27 58 0.275109
27 59 0.1
28 27 0.210526
28 29 0.180723
28 57 0.0130719
28 58 0.29148
28 59 0.0747126
28 60 0.104046
28 61 0.010929
28 88 0.00495049
28 90 0.0137615
29 27 0.0581395
29 28 0.180723
29 30 0.147826
29 58 0.00487805
29 59 0.185897
29 60 0.206452
29 61 0.115152
30 29 0.147826
30 60 0.0163934
30 61 0.159091
30 92 0.0756303
31 0 0.169492
31 1 0.230769
31 2 0.0471204
31 32 0.165775
31 62 0.0833333
31 63 0.0075188
32 1 0.038835
32 2 0.0787402
32 31 0.165775
32 33 0.0787037
32 62 0.174863
32 63 0.173469
32 64 0.0452489
32 93 0.100877
32 94 0.0101523
32 95 0.0114068
33 2 0.122727
33 3 0.111111
33 4 0.0458716
33 32 0.0787037
33 34 0.0867347
33 63 0.00617284
33 64 0.262032
33 65 0.0215054
34 3 0.0147783
34 4 0.103448
34 5 0.0590909
34 33 0.0867347
34 35 0.0495868
34 64 0.0199005
34 65 0.205
34 66 0.208511
34 67 0.00980392
35 3 0.0526316
35 4 0.104895
35 5 0.0992366
35 34 0.0495868
35 66 0.0273973
36 5 0.0804598
36 6 0.323529
36 66 0.026455
36 67 0.158228
37 6 0.106383
37 7 0.0493827
37 38 0.103774
37 67 0.0517241
37 68 0.0253165
37 69 0.0215054
37 98 0.0649351
38 7 0.196078
38 37 0.103774
38 39 0.0691489
38 40 0.0823529
38 67 0.00531915
38 68 0.00662252
38 69 0.193939
38 98 0.033557
39 7 0.0797546
39 8 0.262774
39 9 0.114286
39 10 0.0641711
39 38 0.0691489
39 40 0.0777778
39 41 0.118227
40 10 0.0295858
40 38 0.0823529
40 39 0.0777778
40 41 0.183784
40 69 0.089172
40 70 0.185185
40 72 0.135714
41 10 0.328125
41 11 0.0894309
41 39 0.118227
41 40 0.183784
41 72 0.122699
41 73 0.0150376
41 105 0.00980392
42 10 0.00671141
42 11 0.1875
42 12 0.111888
42 43 0.255952
42 44 0.00714286
42 73 0.0444444
42 74 0.114286
42 105 0.0434783
43 12 0.216931
43 13 0.0492611
43 42 0.255952
43 44 0.182796
43 73 0.00735294
43 74 0.241935
43 75 0.047619
43 76 0.00531915
43 105 0.0338164
44 12 0.223602
44 13 0.16
44 14 0.0413793
44 42 0.00714286
44 43 0.182796
44 75 0.31677
44 76 0.06875
45 13 0.0127389
45 14 0.0866142
45 15 0.106195
45 46 0.142857
45 75 0.0559441
45 76 0.0140845
45 77 0.0695652
45 107 0.0671141
45 109 0.0888889
46 15 0.229008
46 16 0.246479
46 45 0.142857
46 78 0.158273
46 109 0.0588235
47 16 0.0550459
47 18 0.224
47 48 0.027933
47 78 0.0943396
47 79 0.242857
48 18 0.0377358
48 47 0.027933
48 49 0.455056
48 50 0.0122951
48 51 0.0316206
48 78 0.0207254
48 79 0.440529
48 80 0.124324
48 109 0.00966184
49 48 0.455056
49 50 0.00641026
49 51 0.0181818
49 79 0.00719424
49 80 0.0206186
50 18 0.0105263
50 21 0.0268817
50 48 0.0122951
50 49 0.00641026
50 51 0.38961
50 80 0.0674847
50 81 0.437158
50 82 0.107955
50 83 0.045045
51 17 0.0967742
51 18 0.040201
51 19 0.0673077
51 20 0.12381
51 21 0.2
51 48 0.0316206
51 49 0.0181818
51 50 0.38961
51 81 0.015625
51 82 0.0756757
51 83 0.00865801
52 20 0.0197044
52 21 0.12234
52 22 0.111111
52 23 0.0324675
52 53 0.14486
52 54 0.0547264
52 82 0.0393258
52 83 0.223214
52 84 0.0220264
52 85 0.00913242
52 114 0.020202
52 115 0.237288
53 22 0.0974359
53 23 0.00704225
53 24 0.111111
53 52 0.14486
53 54 0.338624
53 85 0.222222
53 115 0.0121212
54 22 0.0274725
54 24 0.0935961
54 52 0.0547264
54 53 0.338624
54 55 0.0167598
54 84 0.00990099
54 85 0.252577
54 86 0.0136986
54 87 0.0138889
54 115 0.0789474
54 116 0.0263158
55 24 0.34466
55 25 0.140244
55 26 0.22093
55 54 0.0167598
55 56 0.0625
55 85 0.0152284
55 87 0.0821918
55 88 0.0149254
56 24 0.09
56 25 0.0126582
56 26 0.301205
56 55 0.0625
56 57 0.0205479
56 58 0.00925926
56 87 0.122066
56 88 0.0923077
56 119 0.0137615
57 25 0.0970149
57 26 0.0633803
57 27 0.0943396
57 28 0.0130719
57 56 0.0205479
57 58 0.0364583
57 87 0.031746
57 88 0.409357
57 119 0.0670103
58 25 0.00980392
58 26 0.0330189
58 27 0.275109
58 28 0.29148
58 29 0.00487805
58 56 0.00925926
58 57 0.0364583
58 59 0.0422535
58 88 0.0746888
58 89 0.125628
58 90 0.143969
58 91 0.00947867
58 119 0.0340909
59 27 0.1
59 28 0.0747126
59 29 0.185897
59 58 0.0422535
59 60 0.0920245
59 61 0.0462428
59 90 0.182692
60 28 0.104046
60 29 0.206452
60 30 0.0163934
60 59 0.0920245
60 61 0.267442
60 90 0.10628
60 91 0.130435
60 92 0.0314465
60 121 0.0162602
60 122 0.0143885
61 28 0.010929
61 29 0.115152
61 30 0.159091
61 59 0.0462428
61 60 0.267442
61 90 0.0276498
61 91 0.0292398
61 92 0.159763
61 121 0.0150376
61 122 0.114094
61 123 0.0614525
62 31 0.0833333
62 32 0.174863
62 93 0.21118
62 95 0.00510204
62 124 0.0217391
63 31 0.0075188
63 32 0.173469
63 33 0.00617284
63 64 0.305389
63 65 0.0180723
63 93 0.0172414
63 95 0.0717703
64 32 0.0452489
64 33 0.262032
64 34 0.0199005
64 63 0.305389
64 65 0.109948
64 95 0.034188
65 33 0.0215054
65 34 0.205
65 63 0.0180723
65 64 0.109948
65 66 0.155556
65 94 0.00598802
65 95 0.0429185
65 96 0.138528
65 97 0.0572917
65 127 0.0837004
66 5 0.00816326
66 34 0.208511
66 35 0.0273973
66 36 0.026455
66 65 0.155556
66 67 0.327511
66 97 0.167401
66 127 0.00763359
67 5 0.0233645
67 6 0.0568182
67 34 0.00980392
67 36 0.158228
67 37 0.0517241
67 38 0.00531915
67 66 0.327511
67 68 0.118012
67 97 0.0816327
67 98 0.176101
68 37 0.0253165
68 38 0.00662252
68 67 0.118012
68 69 0.0217391
68 97 0.0251572
68 98 0.254098
68 99 0.114035
68 128 0.108108
68 129 0.0864198
69 37 0.0215054
69 38 0.193939
69 40 0.089172
69 68 0.0217391
69 70 0.0194175
69 98 0.0220588
69 99 0.0546875
69 100 0.00990099
69 130 0.413793
70 40 0.185185
70 69 0.0194175
70 71 0.510638
70 72 0.0930233
70 100 0.153846
70 102 0.0344828
70 103 0.0444444
70 130 0.164179
70 131 0.0273973
71 70 0.510638
71 72 0.0379747
71 101 0.0142857
71 102 0.215686
71 103 0.105263
71 133 0.047619
72 40 0.135714
72 41 0.122699
72 70 0.0930233
72 71 0.0379747
72 73 0.193182
72 102 0.0111111
72 103 0.220779
72 104 0.0175439
72 105 0.0125786
72 135 0.0105263
73 41 0.0150376
73 42 0.0444444
73 43 0.00735294
73 72 0.193182
73 74 0.0185185
73 103 0.0851064
73 104 0.202381
73 105 0.147287
73 135 0.0461538
74 42 0.114286
74 43 0.241935
74 73 0.0185185
74 75 0.00621118
74 76 0.03125
74 104 0.00746269
74 105 0.273743
74 106 0.0188679
74 137 0.14876
75 12 0.00609756
75 13 0.0730337
75 14 0.0135135
75 43 0.047619
75 44 0.31677
75 45 0.0559441
75 74 0.00621118
75 76 0.226994
75 107 0.0176471
75 108 0.030303
75 137 0.00806452
76 43 0.00531915
76 44 0.06875
76 45 0.0140845
76 74 0.03125
76 75 0.226994
76 106 0.229814
76 107 0.201183
76 108 0.0914634
76 137 0.097561
76 138 0.00537634
77 45 0.0695652
77 107 0.0352113
77 108 0.167883
77 109 0.140625
77 139 0.0275862
77 140 0.27381
78 15 0.00892857
78 16 0.0569106
78 46 0.158273
78 47 0.0943396
78 48 0.0207254
78 79 0.201299
78 109 0.0149254
78 110 0.119048
78 111 0.0175439
79 18 0.0635838
79 47 0.242857
79 48 0.440529
79 49 0.00719424
79 78 0.201299
79 80 0.0273973
79 109 0.0119048
79 111 0.0675676
80 48 0.124324
80 49 0.0206186
80 50 0.0674847
80 79 0.0273973
80 81 0.0483871
80 82 0.034188
80 111 0.0188679
80 112 0.206897
80 113 0.0697674
81 50 0.437158
81 51 0.015625
81 80 0.0483871
81 82 0.0218978
81 83 0.010929
81 111 0.00793651
81 112 0.0727273
81 113 0.100671
81 143 0.0272109
81 144 0.00671141
82 21 0.114286
82 50 0.107955
82 51 0.0756757
82 52 0.0393258
82 80 0.034188
82 81 0.0218978
82 83 0.0909091
82 112 0.00632911
82 113 0.161972
82 144 0.00704225
82 145 0.0866667
83 21 0.0107527
83 50 0.045045
83 51 0.00865801
83 52 0.223214
83 81 0.010929
83 82 0.0909091
83 84 0.0666667
83 113 0.0744681
83 114 0.47449
83 115 0.0171429
83 145 0.0306122
83 146 0.0149254
84 52 0.0220264
84 54 0.00990099
84 83 0.0666667
84 85 0.00909091
84 86 0.0326531
84 114 0.0502513
84 115 0.0674157
84 116 0.203704
84 117 0.149038
84 145 0.110553
84 146 0.122549
85 24 0.0588235
85 52 0.00913242
85 53 0.222222
85 54 0.252577
85 55 0.0152284
85 84 0.00909091
85 86 0.0801688
85 87 0.0470085
85 115 0.0117647
85 116 0.0336538
86 54 0.0136986
86 84 0.0326531
86 85 0.0801688
86 87 0.312741
86 88 0.0124481
86 115 0.0102564
86 116 0.240343
86 117 0.28
86 118 0.0148515
86 148 0.0502283
87 54 0.0138889
87 55 0.0821918
87 56 0.122066
87 57 0.031746
87 85 0.0470085
87 86 0.312741
87 88 0.243697
87 116 0.0478261
87 117 0.027027
87 118 0.0100503
87 119 0.0421456
87 148 0.00462963
88 25 0.0163934
88 26 0.0157068
88 28 0.00495049
88 55 0.0149254
88 56 0.0923077
88 57 0.409357
88 58 0.0746888
88 86 0.0124481
88 87 0.243697
88 90 0.00423729
88 118 0.0497238
88 119 0.255144
89 58 0.125628
89 90 0.139175
89 91 0.0608108
89 118 0.194245
89 119 0.199005
89 120 0.0549451
89 121 0.00909091
89 123 0.00641026
89 150 0.00806452
89 151 0.100775
90 28 0.0137615
90 58 0.143969
90 59 0.182692
90 60 0.10628
90 61 0.0276498
90 88 0.00423729
90 89 0.139175
90 91 0.126214
90 119 0.104247
90 121 0.303571
90 123 0.0327103
90 151 0.0695187
91 58 0.00947867
91 60 0.130435
91 61 0.0292398
91 89 0.0608108
91 90 0.126214
91 120 0.0103093
91 121 0.0163934
91 122 0.0507246
91 123 0.380952
91 151 0.0283688
92 30 0.0756303
92 60 0.0314465
92 61 0.159763
92 122 0.235294
92 123 0.0361446
92 154 0.016129
93 32 0.100877
93 62 0.21118
93 63 0.0172414
93 94 0.28
93 95 0.182573
93 124 0.167883
93 125 0.0212766
94 32 0.0101523
94 65 0.00598802
94 93 0.28
94 95 0.495238
94 96 0.0384615
94 124 0.0471698
94 125 0.00636943
94 126 0.0266667
94 127 0.00980392
94 156 0.0229885
94 157 0.0215827
95 32 0.0114068
95 62 0.00510204
95 63 0.0717703
95 64 0.034188
95 65 0.0429185
95 93 0.182573
95 94 0.495238
95 96 0.0182482
95 124 0.0116279
95 125 0.0224215
95 126 0.0141844
95 127 0.062963
95 156 0.0208333
95 157 0.00487805
96 65 0.138528
96 94 0.0384615
96 95 0.0182482
96 97 0.0515021
96 126 0.00719424
96 127 0.608209
96 156 0.00840336
96 157 0.0394089
97 65 0.0572917
97 66 0.167401
97 67 0.0816327
97 68 0.0251572
97 96 0.0515021
97 98 0.101911
97 127 0.0436681
97 128 0.136364
97 129 0.0152284
98 37 0.0649351
98 38 0.033557
98 67 0.176101
98 68 0.254098
98 69 0.0220588
98 97 0.101911
98 128 0.0327869
98 129 0.00625
99 68 0.114035
99 69 0.0546875
99 129 0.203947
99 130 0.0326087
99 159 0.00724638
99 160 0.191919
100 69 0.00990099
100 70 0.153846
100 130 0.138462
100 131 0.366197
101 71 0.0142857
101 102 0.0864198
101 131 0.125
101 132 0.225806
101 133 0.0814815
101 162 0.0636364
101 164 0.03125
102 70 0.0344828
102 71 0.215686
102 72 0.0111111
102 101 0.0864198
102 103 0.244898
102 131 0.012987
102 133 0.215517
102 134 0.0634921
102 165 0.0172414
103 70 0.0444444
103 71 0.105263
103 72 0.220779
103 73 0.0851064
103 102 0.244898
103 104 0.0136986
103 133 0.038835
103 134 0.08
103 135 0.0925926
103 165 0.0888889
104 72 0.0175439
104 73 0.202381
104 74 0.00746269
104 103 0.0136986
104 105 0.167742
104 135 0.0769231
104 136 0.21374
104 166 0.0243902
104 167 0.0136054
105 41 0.00980392
105 42 0.0434783
105 43 0.0338164
105 72 0.0125786
105 73 0.147287
105 74 0.273743
105 104 0.167742
105 136 0.102273
105 167 0.119792
106 74 0.0188679
106 76 0.229814
106 107 0.130952
106 108 0.00613497
106 137 0.196721
106 138 0.0810811
106 167 0.168605
106 168 0.0125786
106 169 0.179012
107 45 0.0671141
107 75 0.0176471
107 76 0.201183
107 77 0.0352113
107 106 0.130952
107 108 0.421053
107 109 0.00617284
107 138 0.0362694
107 139 0.0446927
108 75 0.030303
108 76 0.0914634
108 77 0.167883
108 106 0.00613497
108 107 0.421053
108 138 0.0159574
108 139 0.091954
108 140 0.0619469
109 45 0.0888889
109 46 0.0588235
109 48 0.00966184
109 77 0.140625
109 78 0.0149254
109 79 0.0119048
109 107 0.00617284
109 110 0.121429
109 140 0.0480769
109 141 0.194805
109 172 0.017341
110 78 0.119048
110 109 0.121429
110 111 0.05
110 141 0.143836
110 142 0.300885
111 78 0.0175439
111 79 0.0675676
111 80 0.0188679
111 81 0.00793651
111 110 0.05
111 112 0.0340136
111 142 0.336634
111 143 0.178295
112 80 0.206897
112 81 0.0727273
112 82 0.00632911
112 111 0.0340136
112 113 0.0941176
112 143 0.327381
112 144 0.117647
112 175 0.0440252
113 80 0.0697674
113 81 0.100671
113 82 0.161972
113 83 0.0744681
113 112 0.0941176
113 114 0.037037
113 144 0.24026
113 145 0.296296
113 175 0.020979
114 52 0.020202
114 83 0.47449
114 84 0.0502513
114 113 0.037037
114 144 0.0679012
114 145 0.0117647
114 146 0.0971429
115 52 0.237288
115 53 0.0121212
115 54 0.0789474
115 83 0.0171429
115 84 0.0674157
115 85 0.0117647
115 86 0.0102564
115 116 0.271084
116 54 0.0263158
116 84 0.203704
116 85 0.0336538
116 86 0.240343
116 87 0.0478261
116 115 0.271084
116 117 0.142857
116 146 0.00520833
116 149 0.00571429
116 178 0.0231214
116 179 0.0105263
117 84 0.149038
117 86 0.28
117 87 0.027027
117 116 0.142857
117 146 0.00543478
117 147 0.0176471
117 148 0.10989
117 149 0.0598802
117 178 0.10303
117 179 0.0384615
118 86 0.0148515
118 87 0.0100503
118 88 0.0497238
118 89 0.194245
118 119 0.303922
118 148 0.163522
118 149 0.0416667
118 150 0.0944882
118 151 0.0530303
118 182 0.00628931
119 56 0.0137615
119 57 0.0670103
119 58 0.0340909
119 87 0.0421456
119 88 0.255144
119 89 0.199005
119 90 0.104247
119 118 0.303922
119 121 0.0342857
119 148 0.0135747
119 151 0.0360825
120 89 0.0549451
120 91 0.0103093
120 121 0.00641026
120 123 0.0148515
120 150 0.0882353
120 151 0.308571
120 152 0.0322581
120 153 0.0656566
120 181 0.0840708
120 182 0.425743
120 183 0.00460829
120 184 0.0655738
121 60 0.0162602
121 61 0.0150376
121 89 0.00909091
121 90 0.303571
121 91 0.0163934
121 119 0.0342857
121 120 0.00641026
121 122 0.01
121 123 0.1
121 151 0.00970874
121 152 0.120482
122 60 0.0143885
122 61 0.114094
122 91 0.0507246
122 92 0.235294
122 121 0.01
122 123 0.205479
122 154 0.0673077
122 184 0.00531915
123 61 0.0614525
123 89 0.00641026
123 90 0.0327103
123 91 0.380952
123 92 0.0361446
123 120 0.0148515
123 121 0.1
123 122 0.205479
123 152 0.0465116
123 153 0.0232558
123 154 0.0223881
123 184 0.220183
124 62 0.0217391
124 93 0.167883
124 94 0.0471698
124 95 0.0116279
124 125 0.10084
124 155 0.016129
125 93 0.0212766
125 94 0.00636943
125 95 0.0224215
125 124 0.10084
125 155 0.0530973
125 156 0.251337
125 187 0.0958904
126 94 0.0266667
126 95 0.0141844
126 96 0.00719424
126 127 0.00740741
126 156 0.00952381
126 157 0.0428571
127 65 0.0837004
127 66 0.00763359
127 94 0.00980392
127 95 0.062963
127 96 0.608209
127 97 0.0436681
127 126 0.00740741
127 128 0.0588235
127 156 0.00854701
127 157 0.0201005
127 158 0.037037
127 159 0.00458716
128 68 0.108108
128 97 0.136364
128 98 0.0327869
128 127 0.0588235
128 129 0.35426
128 158 0.0769231
128 159 0.119617
128 191 0.00505051
129 68 0.0864198
129 97 0.0152284
129 98 0.00625
129 99 0.203947
129 128 0.35426
129 159 0.0268817
129 160 0.0204082
129 191 0.125714
130 69 0.413793
130 70 0.164179
130 99 0.0326087
130 100 0.138462
130 131 0.0232558
130 160 0.0229885
130 161 0.0172414
131 70 0.0273973
131 100 0.366197
131 101 0.125
131 102 0.012987
131 130 0.0232558
131 162 0.169811
132 101 0.225806
132 133 0.0625
132 162 0.0485437
132 163 0.123596
132 164 0.115702
132 194 0.0375
133 71 0.047619
133 101 0.0814815
133 102 0.215517
133 103 0.038835
133 132 0.0625
133 134 0.119658
133 164 0.251534
133 165 0.0267857
134 102 0.0634921
134 103 0.08
134 133 0.119658
134 135 0.132353
134 164 0.0818182
134 165 0.457627
134 196 0.0617284
135 72 0.0105263
135 73 0.0461538
135 103 0.0925926
135 104 0.0769231
135 134 0.132353
135 136 0.0178571
135 165 0.174603
135 166 0.153846
135 196 0.141176
136 104 0.21374
136 105 0.102273
136 135 0.0178571
136 165 0.00970874
136 166 0.215278
136 167 0.136905
136 197 0.0310559
136 198 0.0361446
137 74 0.14876
137 75 0.00806452
137 76 0.097561
137 106 0.196721
137 138 0.00680272
137 167 0.134328
137 168 0.0247934
137 169 0.0483871
138 76 0.00537634
138 106 0.0810811
138 107 0.0362694
138 108 0.0159574
138 137 0.00680272
138 139 0.27551
138 169 0.192513
138 170 0.12766
138 200 0.0350877
138 201 0.112245
139 77 0.0275862
139 107 0.0446927
139 108 0.091954
139 138 0.27551
139 140 0.107438
139 170 0.0862069
139 171 0.123529
139 200 0.02
140 77 0.27381
140 108 0.0619469
140 109 0.0480769
140 139 0.107438
140 171 0.0366972
140 172 0.0465116
141 109 0.194805
141 110 0.143836
141 142 0.0393701
141 171 0.0188679
141 172 0.391061
141 203 0.0149254
142 110 0.300885
142 111 0.336634
142 141 0.0393701
142 143 0.0491803
142 172 0.0342466
142 203 0.0891089
142 204 0.0223881
143 81 0.0272109
143 111 0.178295
143 112 0.327381
143 142 0.0491803
143 144 0.0394737
143 174 0.00724638
143 175 0.0992908
143 203 0.0155039
143 204 0.104938
143 205 0.00578035
144 81 0.00671141
144 82 0.00704225
144 112 0.117647
144 113 0.24026
144 114 0.0679012
144 143 0.0394737
144 145 0.104938
144 146 0.0419162
144 175 0.167832
144 176 0.0416667
144 204 0.00609756
144 205 0.0285714
144 207 0.00540541
145 82 0.0866667
145 83 0.0306122
145 84 0.110553
145 113 0.296296
145 114 0.0117647
145 144 0.104938
145 146 0.0514286
145 176 0.184211
145 207 0.00518135
146 83 0.0149254
146 84 0.122549
146 114 0.0971429
146 116 0.00520833
146 117 0.00543478
146 144 0.0419162
146 145 0.0514286
146 147 0.271084
146 176 0.0700637
146 178 0.068323
146 179 0.0168539
146 207 0.0454545
146 208 0.0340909
147 117 0.0176471
147 146 0.271084
147 149 0.0134228
147 178 0.122449
147 179 0.27439
147 207 0.00543478
147 208 0.0555556
148 86 0.0502283
148 87 0.00462963
148 117 0.10989
148 118 0.163522
148 119 0.0135747
148 149 0.192547
148 150 0.0555556
148 179 0.142045
148 180 0.0178571
148 181 0.015
149 116 0.00571429
149 117 0.0598802
149 118 0.0416667
149 147 0.0134228
149 148 0.192547
149 150 0.178295
149 179 0.149068
149 180 0.222222
149 181 0.027027
149 209 0.00675676
149 211 0.0335196
149 212 0.0188679
149 213 0.00534759
150 89 0.00806452
150 118 0.0944882
150 120 0.0882353
150 148 0.0555556
150 149 0.178295
150 151 0.025641
150 180 0.154412
150 181 0.113095
150 182 0.111111
150 214 0.00549451
151 89 0.100775
151 90 0.0695187
151 91 0.0283688
151 118 0.0530303
151 119 0.0360825
151 120 0.308571
151 121 0.00970874
151 150 0.025641
151 152 0.166667
151 181 0.0982659
151 182 0.0201342
151 183 0.00609756
151 184 0.0157068
152 120 0.0322581
152 121 0.120482
152 123 0.0465116
152 151 0.166667
152 153 0.032
152 181 0.0261438
152 182 0.0310078
152 183 0.180556
152 184 0.0467836
152 214 0.0179641
153 120 0.0656566
153 123 0.0232558
153 152 0.032
153 154 0.1
153 182 0.0290698
153 183 0.0106952
153 184 0.448598
153 185 0.0070922
153 214 0.0380952
154 92 0.016129
154 122 0.0673077
154 123 0.0223881
154 153 0.1
154 184 0.0681818
154 185 0.174757
155 124 0.016129
155 125 0.0530973
155 186 0.133333
155 187 0.0925926
155 217 0.0571429
156 94 0.0229885
156 95 0.0208333
156 96 0.00840336
156 125 0.251337
156 126 0.00952381
156 127 0.00854701
156 157 0.201183
156 158 0.00469484
156 187 0.0550847
156 188 0.0954357
156 189 0.0106383
157 94 0.0215827
157 95 0.00487805
157 96 0.0394089
157 126 0.0428571
157 127 0.0201005
157 156 0.201183
157 158 0.241573
157 188 0.0145631
157 189 0.0130719
157 190 0.0047619
158 127 0.037037
158 128 0.0769231
158 156 0.00469484
158 157 0.241573
158 159 0.126904
158 188 0.044
158 189 0.111675
158 190 0.240157
159 99 0.00724638
159 127 0.00458716
159 128 0.119617
159 129 0.0268817
159 158 0.126904
159 189 0.0232558
159 190 0.200873
159 191 0.0310559
159 220 0.011236
159 221 0.0251046
159 222 0.135294
160 99 0.191919
160 129 0.0204082
160 130 0.0229885
160 161 0.215385
160 162 0.0186916
160 191 0.114754
160 192 0.0989011
160 223 0.0283019
161 130 0.0172414
161 160 0.215385
161 162 0.205128
161 192 0.0967742
161 193 0.0689655
161 194 0.0363636
161 224 0.03125
162 101 0.0636364
162 131 0.169811
162 132 0.0485437
162 160 0.0186916
162 161 0.205128
162 163 0.00943396
162 164 0.0434783
162 193 0.0140845
162 194 0.257732
162 225 0.00862069
163 132 0.123596
163 162 0.00943396
163 164 0.0241935
163 193 0.0350877
163 194 0.216867
163 224 0.0166667
163 225 0.147059
164 101 0.03125
164 132 0.115702
164 133 0.251534
164 134 0.0818182
164 162 0.0434783
164 163 0.0241935
164 165 0.0761905
164 225 0.0820896
165 102 0.0172414
165 103 0.0888889
165 133 0.0267857
165 134 0.457627
165 135 0.174603
165 136 0.00970874
165 164 0.0761905
165 196 0.144737
165 225 0.0120482
165 226 0.0625
166 104 0.0243902
166 135 0.153846
166 136 0.215278
166 196 0.0769231
166 197 0.300654
166 198 0.0126582
166 227 0.0634921
167 104 0.0136054
167 105 0.119792
167 106 0.168605
167 136 0.136905
167 137 0.134328
167 168 0.0701754
167 169 0.0172414
167 198 0.0549451
168 106 0.0125786
168 137 0.0247934
168 167 0.0701754
168 169 0.198758
168 198 0.230769
168 199 0.161111
168 201 0.00588235
168 229 0.00537634
169 106 0.179012
169 137 0.0483871
169 138 0.192513
169 167 0.0172414
169 168 0.198758
169 199 0.0273224
169 201 0.179191
170 138 0.12766
170 139 0.0862069
170 171 0.0617284
170 200 0.0108696
170 201 0.183908
170 202 0.0144928
170 232 0.45509
170 233 0.0581395
171 139 0.123529
171 140 0.0366972
171 141 0.0188679
171 170 0.0617284
171 172 0.219101
171 202 0.291045
171 203 0.0075188
171 233 0.0535714
171 234 0.00662252
172 109 0.017341
172 140 0.0465116
172 141 0.391061
172 142 0.0342466
172 171 0.219101
172 202 0.0584416
172 203 0.130719
173 174 0.11236
173 204 0.0176991
173 234 0.0102041
173 235 0.125
173 237 0.0403226
174 143 0.00724638
174 173 0.11236
174 175 0.100775
174 203 0.25641
174 204 0.273333
174 235 0.075188
174 237 0.00621118
175 112 0.0440252
175 113 0.020979
175 143 0.0992908
175 144 0.167832
175 174 0.100775
175 204 0.163399
175 205 0.128049
175 206 0.108527
175 237 0.00609756
176 144 0.0416667
176 145 0.184211
176 146 0.0700637
176 178 0.152174
176 205 0.00606061
176 207 0.342857
176 208 0.0130719
176 238 0.0163043
177 178 0.00900901
177 208 0.00793651
177 209 0.0173913
177 238 0.0254777
177 239 0.296875
177 240 0.202247
177 241 0.176871
178 116 0.0231214
178 117 0.10303
178 146 0.068323
178 147 0.122449
178 176 0.152174
178 177 0.00900901
178 179 0.0943396
178 207 0.0726257
178 208 0.0955414
178 209 0.00684932
178 241 0.0730337
179 116 0.0105263
179 117 0.0384615
179 146 0.0168539
179 147 0.27439
179 148 0.142045
179 149 0.149068
179 178 0.0943396
179 209 0.0245399
179 241 0.0205128
180 148 0.0178571
180 149 0.222222
180 150 0.154412
180 181 0.229167
180 182 0.107143
180 209 0.00645161
180 210 0.030303
180 211 0.11828
180 212 0.0963855
180 213 0.0463918
180 241 0.0160428
181 120 0.0840708
181 148 0.015
181 149 0.027027
181 150 0.113095
181 151 0.0982659
181 152 0.0261438
181 180 0.229167
181 182 0.085
181 183 0.0697674
181 211 0.00458716
181 212 0.217172
181 213 0.0752212
181 214 0.0756303
181 245 0.0251572
182 118 0.00628931
182 120 0.425743
182 150 0.111111
182 151 0.0201342
182 152 0.0310078
182 153 0.0290698
182 180 0.107143
182 181 0.085
182 183 0.0366492
182 214 0.00934579
183 120 0.00460829
183 151 0.00609756
183 152 0.180556
183 153 0.0106952
183 181 0.0697674
183 182 0.0366492
183 184 0.124464
183 185 0.0125
183 214 0.28821
183 243 0.00877193
183 245 0.1
183 246 0.0276243
183 247 0.0514019
184 120 0.0655738
184 122 0.00531915
184 123 0.220183
184 151 0.0157068
184 152 0.0467836
184 153 0.448598
184 154 0.0681818
184 183 0.124464
184 185 0.106952
184 214 0.0195312
184 247 0.0165975
185 153 0.0070922
185 154 0.174757
185 183 0.0125
185 184 0.106952
185 216 0.186916
185 247 0.10119
186 155 0.133333
186 187 0.00735294
186 217 0.0126582
187 125 0.0958904
187 155 0.0925926
187 156 0.0550847
187 186 0.00735294
187 188 0.113553
187 217 0.417062
187 218 0.105882
187 248 0.00403226
187 249 0.0689655
188 156 0.0954357
188 157 0.0145631
188 158 0.044
188 187 0.113553
188 189 0.377778
188 190 0.0531915
188 218 0.131429
188 219 0.0112994
188 220 0.028169
188 249 0.120192
188 251 0.0101523
189 156 0.0106383
189 157 0.0130719
189 158 0.111675
189 159 0.0232558
189 188 0.377778
189 190 0.222707
189 218 0.00819672
189 220 0.011236
189 221 0.192469
189 249 0.0193548
189 251 0.0277778
190 157 0.0047619
190 158 0.240157
190 159 0.200873
190 188 0.0531915
190 189 0.222707
190 220 0.0136986
190 221 0.192568
190 222 0.00881057
190 251 0.0149254
191 128 0.00505051
191 129 0.125714
191 159 0.0310559
191 160 0.114754
191 222 0.257862
191 223 0.156716
191 253 0.0719424
192 160 0.0989011
192 161 0.0967742
192 193 0.109091
192 223 0.194175
192 224 0.224138
192 254 0.0135135
193 161 0.0689655
193 162 0.0140845
193 163 0.0350877
193 192 0.109091
193 194 0.208333
193 224 0.32
193 256 0.0277778
194 132 0.0375
194 161 0.0363636
194 162 0.257732
194 163 0.216867
194 193 0.208333
194 224 0.0392157
194 225 0.0107527
195 225 0.289855
195 226 0.18
195 256 0.027027
195 257 0.230769
196 134 0.0617284
196 135 0.141176
196 165 0.144737
196 166 0.0769231
196 226 0.139535
196 227 0.0654206
197 136 0.0310559
197 166 0.300654
197 198 0.257143
197 227 0.0839161
197 228 0.0707071
197 229 0.0104167
198 136 0.0361446
198 166 0.0126582
198 167 0.0549451
198 168 0.230769
198 197 0.257143
198 199 0.0157068
198 228 0.0738916
198 229 0.0253807
199 168 0.161111
199 169 0.0273224
199 198 0.0157068
199 201 0.0833333
199 229 0.110577
199 230 0.0945274
199 231 0.24581
199 262 0.0515464
200 138 0.0350877
200 139 0.02
200 170 0.0108696
200 201 0.09
200 232 0.0430108
201 138 0.112245
201 168 0.00588235
201 169 0.179191
201 170 0.183908
201 199 0.0833333
201 200 0.09
201 231 0.0177515
201 232 0.102857
201 233 0.0111111
201 263 0.00584795
202 170 0.0144928
202 171 0.291045
202 172 0.0584416
202 203 0.0917431
202 232 0.0215827
202 233 0.201389
202 234 0.0708661
202 265 0.109091
203 141 0.0149254
203 142 0.0891089
203 143 0.0155039
203 171 0.0075188
203 172 0.130719
203 174 0.25641
203 202 0.0917431
203 204 0.0638298
203 234 0.126984
203 235 0.0483871
204 142 0.0223881
204 143 0.104938
204 144 0.00609756
204 173 0.0176991
204 174 0.273333
204 175 0.163399
204 203 0.0638298
204 205 0.0756757
204 206 0.0333333
204 234 0.0880503
204 235 0.0636943
204 237 0.0648649
205 143 0.00578035
205 144 0.0285714
205 175 0.128049
205 176 0.00606061
205 204 0.0756757
205 206 0.447205
205 207 0.0728155
205 208 0.0380435
205 236 0.0648649
205 237 0.178571
205 238 0.0511628
206 175 0.108527
206 204 0.0333333
206 205 0.447205
206 207 0.0116959
206 208 0.0402685
206 235 0.0075188
206 236 0.02
206 237 0.0434783
206 238 0.0444444
206 268 0.0180723
206 269 0.128205
207 144 0.00540541
207 145 0.00518135
207 146 0.0454545
207 147 0.00543478
207 176 0.342857
207 178 0.0726257
207 205 0.0728155
207 206 0.0116959
207 208 0.164948
207 209 0.010929
207 238 0.302222
208 146 0.0340909
208 147 0.0555556
208 176 0.0130719
208 177 0.00793651
208 178 0.0955414
208 205 0.0380435
208 206 0.0402685
208 207 0.164948
208 238 0.359606
208 240 0.00740741
208 241 0.015544
208 269 0.0142857
209 149 0.00675676
209 177 0.0173913
209 178 0.00684932
209 179 0.0245399
209 180 0.00645161
209 207 0.010929
209 210 0.00787402
209 211 0.0220994
209 238 0.0104167
209 240 0.0241935
209 241 0.445055
209 242 0.00666667
209 273 0.00826446
210 180 0.030303
210 209 0.00787402
210 211 0.474684
210 212 0.00724638
210 213 0.0120482
210 241 0.0440252
210 242 0.015748
210 243 0.0338983
210 273 0.0204082
211 149 0.0335196
211 180 0.11828
211 181 0.00458716
211 209 0.0220994
211 210 0.474684
211 212 0.00520833
211 213 0.163636
211 241 0.0938967
211 242 0.132597
211 243 0.021645
211 272 0.0167598
211 273 0.0460526
212 149 0.0188679
212 180 0.0963855
212 181 0.217172
212 210 0.00724638
212 211 0.00520833
212 213 0.17
212 242 0.149068
212 243 0.042654
212 245 0.037594
213 149 0.00534759
213 180 0.0463918
213 181 0.0752212
213 210 0.0120482
213 211 0.163636
213 212 0.17
213 214 0.0291667
213 242 0.132275
213 243 0.309623
213 244 0.0261438
213 245 0.0496894
213 272 0.0160428
213 274 0.0108696
214 150 0.00549451
214 152 0.0179641
214 153 0.0380952
214 181 0.0756303
214 182 0.00934579
214 183 0.28821
214 184 0.0195312
214 213 0.0291667
214 215 0.0459184
214 243 0.00796813
214 244 0.0121212
214 245 0.115607
214 246 0.0980392
214 247 0.0506329
214 276 0.016129
214 277 0.0277778
215 214 0.0459184
215 216 0.025
215 246 0.0337838
215 247 0.486188
215 276 0.00520833
215 277 0.00806452
216 185 0.186916
216 215 0.025
216 246 0.0078125
216 247 0.248447
216 278 0.00714286
217 155 0.0571429
217 186 0.0126582
217 187 0.417062
217 249 0.00684932
218 187 0.105882
218 188 0.131429
218 189 0.00819672
218 248 0.0866667
218 249 0.104762
218 279 0.027027
219 188 0.0112994
219 250 0.193182
219 251 0.1875
219 281 0.182796
219 282 0.241379
220 159 0.011236
220 188 0.028169
220 189 0.011236
220 190 0.0136986
220 250 0.0377358
221 159 0.0251046
221 189 0.192469
221 190 0.192568
221 222 0.0506329
221 251 0.0710901
221 252 0.173729
221 283 0.205128
222 159 0.135294
222 190 0.00881057
222 191 0.257862
222 221 0.0506329
222 252 0.11976
222 253 0.175676
222 284 0.0196078
223 160 0.0283019
223 191 0.156716
223 192 0.194175
223 224 0.0136986
223 253 0.178862
223 254 0.0674157
224 161 0.03125
224 163 0.0166667
224 192 0.224138
224 193 0.32
224 194 0.0392157
224 223 0.0136986
224 225 0.0285714
224 254 0.159091
224 255 0.0434783
224 256 0.0666667
225 162 0.00862069
225 163 0.147059
225 164 0.0820896
225 165 0.0120482
225 194 0.0107527
225 195 0.289855
225 224 0.0285714
225 226 0.0215054
225 256 0.0854701
225 257 0.097561
226 165 0.0625
226 195 0.18
226 196 0.139535
226 225 0.0215054
226 227 0.0315789
226 257 0.174603
226 288 0.116279
227 166 0.0634921
227 196 0.0654206
227 197 0.0839161
227 226 0.0315789
227 228 0.0526316
227 258 0.128
227 288 0.158879
228 197 0.0707071
228 198 0.0738916
228 227 0.0526316
228 229 0.195455
228 258 0.194444
228 259 0.154506
228 260 0.0387597
229 168 0.00537634
229 197 0.0104167
229 198 0.0253807
229 199 0.110577
229 228 0.195455
229 230 0.251208
229 231 0.0108108
229 259 0.101322
230 199 0.0945274
230 229 0.251208
230 231 0.0898876
230 259 0.0545455
230 261 0.129252
230 262 0.176166
230 292 0.0141844
230 293 0.0287081
231 199 0.24581
231 201 0.0177515
231 229 0.0108108
231 230 0.0898876
231 232 0.00617284
231 262 0.309942
231 263 0.0949367
231 294 0.00689655
232 170 0.45509
232 200 0.0430108
232 201 0.102857
232 202 0.0215827
232 231 0.00617284
232 233 0.358382
232 263 0.097561
233 170 0.0581395
233 171 0.0535714
233 201 0.0111111
233 202 0.201389
233 232 0.358382
233 263 0.118343
233 264 0.0429448
233 265 0.0347222
234 171 0.00662252
234 173 0.0102041
234 202 0.0708661
234 203 0.126984
234 204 0.0880503
234 235 0.126761
234 237 0.00588235
234 265 0.149606
234 266 0.0890411
234 267 0.0130719
234 296 0.0134228
235 173 0.125
235 174 0.075188
235 203 0.0483871
235 204 0.0636943
235 206 0.0075188
235 234 0.126761
235 237 0.142857
235 266 0.00694444
235 267 0.15894
236 205 0.0648649
236 206 0.02
236 237 0.405405
236 267 0.0714286
236 268 0.194737
237 173 0.0403226
237 174 0.00621118
237 175 0.00609756
237 204 0.0648649
237 205 0.178571
237 206 0.0434783
237 234 0.00588235
237 235 0.142857
237 236 0.405405
237 267 0.0949721
237 268 0.0199005
238 176 0.0163043
238 177 0.0254777
238 205 0.0511628
238 206 0.0444444
238 207 0.302222
238 208 0.359606
238 209 0.0104167
238 240 0.0361446
238 241 0.00892857
238 268 0.0363636
238 269 0.163743
238 301 0.0140845
239 177 0.296875
239 240 0.0410959
239 241 0.00763359
239 269 0.0384615
239 270 0.2
239 271 0.0412371
239 301 0.0166667
240 177 0.202247
240 208 0.00740741
240 209 0.0241935
240 238 0.0361446
240 239 0.0410959
240 241 0.115385
240 270 0.0105263
240 271 0.0655738
240 272 0.0491803
240 301 0.0413793
240 302 0.0441176
240 303 0.192771
241 177 0.176871
241 178 0.0730337
241 179 0.0205128
241 180 0.0160428
241 208 0.015544
241 209 0.445055
241 210 0.0440252
241 211 0.0938967
241 238 0.00892857
241 239 0.00763359
241 240 0.115385
241 271 0.00555556
241 273 0.0326797
241 302 0.0463918
242 209 0.00666667
242 210 0.015748
242 211 0.132597
242 212 0.149068
242 213 0.132275
242 243 0.18
242 244 0.0263158
242 272 0.101351
242 273 0.0826446
242 274 0.0482759
242 302 0.00617284
242 303 0.046875
242 304 0.00826446
242 305 0.0558659
243 183 0.00877193
243 210 0.0338983
243 211 0.021645
243 212 0.042654
243 213 0.309623
243 214 0.00796813
243 242 0.18
243 244 0.310976
243 245 0.0348837
243 272 0.010101
243 273 0.00584795
243 274 0.194872
243 275 0.0148515
243 276 0.00404858
243 304 0.0116959
243 305 0.0262009
243 307 0.0117188
244 213 0.0261438
244 214 0.0121212
244 242 0.0263158
244 243 0.310976
244 245 0.0232558
244 274 0.0458716
244 275 0.00862069
244 304 0.0941176
244 305 0.0769231
245 181 0.0251572
245 183 0.1
245 212 0.037594
245 213 0.0496894
245 214 0.115607
245 243 0.0348837
245 244 0.0232558
245 246 0.048
245 274 0.025641
245 275 0.00806452
245 276 0.0591716
246 183 0.0276243
246 214 0.0980392
246 215 0.0337838
246 216 0.0078125
246 245 0.048
246 247 0.132275
246 276 0.17
246 277 0.0227273
246 278 0.0833333
246 306 0.010101
246 307 0.00478469
246 308 0.0575916
246 309 0.152542
247 183 0.0514019
247 184 0.0165975
247 185 0.10119
247 214 0.0506329
247 215 0.486188
247 216 0.248447
247 246 0.132275
247 276 0.00858369
247 309 0.052381
248 187 0.00403226
248 218 0.0866667
248 249 0.131148
248 279 0.354497
248 280 0.227273
248 310 0.112245
248 311 0.0151515
249 187 0.0689655
249 188 0.120192
249 189 0.0193548
249 217 0.00684932
249 218 0.104762
249 248 0.131148
249 251 0.133858
249 279 0.0347222
249 280 0.00653595
250 219 0.193182
250 220 0.0377358
250 251 0.00925926
250 281 0.380952
250 282 0.020202
251 188 0.0101523
251 189 0.0277778
251 190 0.0149254
251 219 0.1875
251 221 0.0710901
251 249 0.133858
251 250 0.00925926
251 280 0.0352113
251 281 0.00884956
251 282 0.261682
251 283 0.0280899
252 221 0.173729
252 222 0.11976
252 283 0.162562
252 284 0.171053
252 314 0.0352423
253 191 0.0719424
253 222 0.175676
253 223 0.178862
253 254 0.180851
253 284 0.120301
254 192 0.0135135
254 223 0.0674157
254 224 0.159091
254 253 0.180851
254 255 0.105882
254 256 0.010989
254 284 0.040404
254 285 0.0277778
254 286 0.18
254 316 0.0384615
254 317 0.0625
255 224 0.0434783
255 254 0.105882
255 256 0.137931
255 285 0.257732
255 286 0.0666667
255 316 0.038961
255 318 0.0353982
256 193 0.0277778
256 195 0.027027
256 224 0.0666667
256 225 0.0854701
256 254 0.010989
256 255 0.137931
256 257 0.0804598
256 288 0.0181818
256 318 0.0168067
257 195 0.230769
257 225 0.097561
257 226 0.174603
257 256 0.0804598
257 288 0.12
258 227 0.128
258 228 0.194444
258 260 0.0754717
258 288 0.0689655
258 289 0.0261438
258 290 0.100629
259 228 0.154506
259 229 0.101322
259 230 0.0545455
259 260 0.335849
259 261 0.0658683
259 292 0.00621118
260 228 0.0387597
260 258 0.0754717
260 259 0.335849
260 289 0.281385
260 290 0.0464135
260 291 0.00909091
260 322 0.0619048
261 230 0.129252
261 259 0.0658683
261 291 0.00819672
261 292 0.238636
261 293 0.115385
261 294 0.00877193
261 324 0.130435
262 199 0.0515464
262 230 0.176166
262 231 0.309942
262 263 0.0867052
262 293 0.0643564
262 294 0.14375
263 201 0.00584795
263 231 0.0949367
263 232 0.097561
263 233 0.118343
263 262 0.0867052
263 264 0.038961
263 294 0.0884354
263 295 0.0388889
264 233 0.0429448
264 263 0.038961
264 265 0.108527
264 266 0.00675676
264 295 0.413793
264 296 0.013245
264 326 0.00606061
265 202 0.109091
265 233 0.0347222
265 234 0.149606
265 264 0.108527
265 266 0.0387597
265 295 0.0129032
265 296 0.0151515
266 234 0.0890411
266 235 0.00694444
266 264 0.00675676
266 265 0.0387597
266 267 0.129032
266 295 0.00574713
266 296 0.251656
266 297 0.124088
266 325 0.035461
267 234 0.0130719
267 235 0.15894
267 236 0.0714286
267 237 0.0949721
267 266 0.129032
267 268 0.163043
267 297 0.0416667
267 298 0.1
268 206 0.0180723
268 236 0.194737
268 237 0.0199005
268 238 0.0363636
268 267 0.163043
268 269 0.089172
268 298 0.179012
268 300 0.0459184
268 301 0.0251256
269 206 0.128205
269 208 0.0142857
269 238 0.163743
269 239 0.0384615
269 268 0.089172
269 270 0.17
269 271 0.0708661
269 300 0.00680272
269 301 0.0533333
270 239 0.2
270 240 0.0105263
270 269 0.17
270 271 0.352941
270 299 0.137255
270 300 0.00719424
270 301 0.0915493
270 333 0.0175439
271 239 0.0412371
271 240 0.0655738
271 241 0.00555556
271 269 0.0708661
271 270 0.352941
271 299 0.0852713
271 300 0.0120482
271 301 0.372781
271 302 0.0375
271 303 0.0684211
271 332 0.0224719
271 333 0.035461
272 211 0.0167598
272 213 0.0160428
272 240 0.0491803
272 242 0.101351
272 243 0.010101
272 273 0.243697
272 302 0.1
272 303 0.3
272 304 0.0168067
272 305 0.079096
272 334 0.00561798
272 335 0.00990099
273 209 0.00826446
273 210 0.0204082
273 211 0.0460526
273 241 0.0326797
273 242 0.0826446
273 243 0.00584795
273 272 0.243697
273 274 0.00862069
273 302 0.0225564
273 303 0.0368098
273 304 0.173913
273 305 0.153333
273 334 0.00662252
274 213 0.0108696
274 242 0.0482759
274 243 0.194872
274 244 0.0458716
274 245 0.025641
274 273 0.00862069
274 275 0.0340136
274 304 0.0172414
274 305 0.229885
274 307 0.0447761
274 335 0.0251256
274 336 0.0434783
275 243 0.0148515
275 244 0.00862069
275 245 0.00806452
275 274 0.0340136
275 276 0.125628
275 277 0.160305
275 304 0.00813008
275 305 0.0497238
275 306 0.0102041
275 307 0.350962
275 339 0.311321
276 214 0.016129
276 215 0.00520833
276 243 0.00404858
276 245 0.0591716
276 246 0.17
276 247 0.00858369
276 275 0.125628
276 277 0.289773
276 278 0.00471698
276 306 0.041958
276 307 0.209486
276 308 0.0723404
276 309 0.0950226
276 338 0.0184332
277 214 0.0277778
277 215 0.00806452
277 246 0.0227273
277 275 0.160305
277 276 0.289773
277 306 0.333333
277 307 0.0432432
277 339 0.0240964
278 216 0.00714286
278 246 0.0833333
278 276 0.00471698
278 308 0.384236
278 309 0.174603
278 340 0.00529101
279 218 0.027027
279 248 0.354497
279 249 0.0347222
279 280 0.0880503
279 310 0.11465
280 248 0.227273
280 249 0.00653595
280 251 0.0352113
280 279 0.0880503
280 282 0.0075188
280 310 0.120482
280 311 0.232143
280 342 0.0816327
280 343 0.107383
281 219 0.182796
281 250 0.380952
281 251 0.00884956
281 282 0.192308
281 312 0.0860215
282 219 0.241379
282 250 0.020202
282 251 0.261682
282 280 0.0075188
282 281 0.192308
282 283 0.00591716
282 312 0.0574713
282 343 0.0701754
282 344 0.146067
283 221 0.205128
283 251 0.0280899
283 252 0.162562
283 282 0.00591716
283 313 0.0242915
283 314 0.200758
283 343 0.0594595
284 222 0.0196078
284 252 0.171053
284 253 0.120301
284 254 0.040404
284 314 0.0140845
284 315 0.0333333
284 346 0.0785714
284 348 0.0813008
