0 1 0.289474
0 47 0.194175
0 48 0.0531401
0 49 0.0213904
1 0 0.289474
1 2 0.124088
1 48 0.172589
1 49 0.0225989
2 1 0.124088
2 3 0.320574
2 4 0.0687023
2 48 0.0416667
2 49 0.174419
2 50 0.025641
3 2 0.320574
3 4 0.216346
3 48 0.00371747
3 49 0.184739
3 50 0.382353
3 51 0.0458015
4 2 0.0687023
4 3 0.216346
4 6 0.286624
4 50 0.0824742
4 51 0.00543478
5 6 0.338235
5 7 0.0913706
5 8 0.0316456
5 50 0.00829876
5 52 0.198113
5 53 0.0940171
5 54 0.00555556
6 4 0.286624
6 5 0.338235
6 50 0.0950226
6 52 0.0208333
6 53 0.0280374
7 5 0.0913706
7 8 0.267176
7 9 0.107345
7 10 0.0197368
7 53 0.227053
7 54 0.130719
7 56 0.0155039
8 5 0.0316456
8 7 0.267176
8 9 0.057971
8 10 0.0707965
8 53 0.0952381
8 54 0.254386
8 56 0.0111111
9 7 0.107345
9 8 0.057971
9 10 0.465409
9 11 0.0197368
9 54 0.025
9 55 0.00917431
9 56 0.0588235
9 57 0.0394089
10 7 0.0197368
10 8 0.0707965
10 9 0.465409
10 11 0.0472441
10 54 0.037037
10 56 0.027027
10 57 0.0224719
11 9 0.0197368
11 10 0.0472441
11 12 0.0461538
11 13 0.0457143
11 57 0.356725
11 58 0.0126582
11 60 0.00571429
12 11 0.0461538
12 13 0.189189
12 14 0.116022
12 58 0.0178571
12 59 0.0185185
12 60 0.194595
13 11 0.0457143
13 12 0.189189
13 14 0.230089
13 59 0.0326797
13 60 0.326087
14 12 0.116022
14 13 0.230089
14 15 0.0659898
14 16 0.178723
14 60 0.123894
14 61 0.0670732
14 62 0.121951
15 14 0.0659898
15 16 0.433333
15 17 0.0952381
15 61 0.0431655
15 62 0.0143885
15 63 0.149171
16 14 0.178723
16 15 0.433333
16 17 0.0679612
16 61 0.0903955
16 62 0.0847458
16 63 0.0730594
16 64 0.0921053
17 15 0.0952381
17 16 0.0679612
17 18 0.0289855
17 19 0.102362
17 63 0.163842
17 64 0.198925
17 65 0.0396476
17 66 0.116564
18 17 0.0289855
18 19 0.108911
18 65 0.447761
18 66 0.0510949
18 67 0.0526316
19 17 0.102362
19 18 0.108911
19 20 0.0327869
19 64 0.0134228
19 65 0.0315789
19 66 0.150794
20 19 0.0327869
20 21 0.307087
20 22 0.0232558
20 65 0.103604
20 66 0.056962
20 67 0.338542
20 69 0.0259067
21 20 0.307087
21 22 0.245098
21 67 0.0121212
21 69 0.0120482
22 20 0.0232558
22 21 0.245098
22 23 0.189394
22 24 0.275229
22 67 0.0479042
22 69 0.14881
23 22 0.189394
23 24 0.109489
23 25 0.024
23 68 0.00546448
23 69 0.22449
23 70 0.305556
23 71 0.0327869
24 22 0.275229
24 23 0.109489
24 25 0.205882
24 70 0.015544
24 71 0.00625
25 23 0.024
25 24 0.205882
25 70 0.038674
25 71 0.0135135
25 73 0.145729
26 27 0.0662983
26 71 0.0182648
26 73 0.288889
26 74 0.272031
26 75 0.0181159
27 26 0.0662983
27 28 0.1
27 74 0.157143
27 75 0.266667
28 27 0.1
28 29 0.150943
28 30 0.0111111
28 74 0.0333333
28 75 0.42807
28 76 0.110553
28 77 0.152381
28 78 0.00398406
29 28 0.150943
29 31 0.016129
29 75 0.00515464
29 76 0.00925926
29 77 0.352941
29 78 0.0375
30 28 0.0111111
30 31 0.22069
30 32 0.0647059
30 76 0.0930233
30 77 0.128571
30 78 0.325967
30 79 0.0116279
31 29 0.016129
31 30 0.22069
31 32 0.185366
31 77 0.102857
31 78 0.277778
31 79 0.00483092
32 30 0.0647059
32 31 0.185366
32 33 0.229268
32 34 0.05
32 78 0.033195
32 79 0.0258621
32 80 0.054878
32 82 0.00421941
33 32 0.229268
33 34 0.148571
33 35 0.00598802
33 80 0.23741
33 81 0.0131004
33 82 0.278302
34 32 0.05
34 33 0.148571
34 35 0.00617284
34 81 0.0446429
34 82 0.396135
35 33 0.00598802
35 34 0.00617284
35 36 0.0377358
35 37 0.140704
35 81 0.0740741
35 82 0.18593
35 83 0.0223464
36 35 0.0377358
36 37 0.328431
36 38 0.0308642
36 81 0.0135747
36 83 0.282609
36 84 0.0136054
37 35 0.140704
37 36 0.328431
37 38 0.19802
37 83 0.178571
37 84 0.026738
38 36 0.0308642
38 37 0.19802
38 39 0.169231
38 40 0.013245
38 83 0.00549451
38 84 0.0206897
38 85 0.0204082
38 86 0.202128
39 38 0.169231
39 40 0.0743802
39 85 0.188034
39 86 0.120253
40 38 0.013245
40 39 0.0743802
40 41 0.234973
40 42 0.0340909
40 86 0.0391061
40 87 0.0601504
40 88 0.00763359
41 40 0.234973
41 42 0.327189
41 87 0.0114943
41 88 0.0872093
41 89 0.316
41 91 0.00401606
42 40 0.0340909
42 41 0.327189
42 43 0.0516129
42 88 0.0181818
42 89 0.259259
42 90 0.00869565
43 42 0.0516129
43 44 0.318841
43 89 0.0851064
43 90 0.00571429
44 43 0.318841
44 45 0.334862
44 46 0.0578035
44 89 0.0176991
44 90 0.131455
45 44 0.334862
45 46 0.227907
45 90 0.14902
45 92 0.197531
45 93 0.0689655
46 44 0.0578035
46 45 0.227907
46 93 0.326203
47 0 0.194175
47 94 0.0125786
48 0 0.0531401
48 1 0.172589
48 2 0.0416667
48 3 0.00371747
48 49 0.344828
48 94 0.186312
48 95 0.0991379
48 96 0.0286885
49 0 0.0213904
49 1 0.0225989
49 2 0.174419
49 3 0.184739
49 48 0.344828
49 51 0.00888889
49 94 0.0329218
49 95 0.0849057
49 96 0.116071
49 97 0.00938967
50 2 0.025641
50 3 0.382353
50 4 0.0824742
50 5 0.00829876
50 6 0.0950226
50 51 0.306452
50 52 0.0262009
50 96 0.0242915
50 97 0.0127119
50 98 0.0367347
50 99 0.114068
51 3 0.0458015
51 4 0.00543478
51 49 0.00888889
51 50 0.306452
51 52 0.0182648
51 96 0.0886076
51 97 0.190265
51 98 0.387234
51 99 0.0632411
52 5 0.198113
52 6 0.0208333
52 50 0.0262009
52 51 0.0182648
52 53 0.0135135
52 98 0.106481
52 99 0.410256
52 100 0.0126582
52 101 0.021645
53 5 0.0940171
53 6 0.0280374
53 7 0.227053
53 8 0.0952381
53 52 0.0135135
53 54 0.289474
53 99 0.078125
53 101 0.181818
54 5 0.00555556
54 7 0.130719
54 8 0.254386
54 9 0.025
54 10 0.037037
54 53 0.289474
54 101 0.100503
54 102 0.08
55 9 0.00917431
55 56 0.0941176
55 57 0.0126582
55 58 0.0714286
55 102 0.0253165
55 103 0.546559
55 104 0.0632911
56 7 0.0155039
56 8 0.0111111
56 9 0.0588235
56 10 0.027027
56 55 0.0941176
56 101 0.0285714
56 102 0.0789474
56 103 0.321212
56 104 0.0526316
57 9 0.0394089
57 10 0.0224719
57 11 0.356725
57 55 0.0126582
57 58 0.358852
57 103 0.00862069
58 11 0.0126582
58 12 0.0178571
58 55 0.0714286
58 57 0.358852
58 60 0.0187793
58 103 0.0228311
58 104 0.0461538
58 105 0.183673
58 107 0.0301508
59 12 0.0185185
59 13 0.0326797
59 60 0.202614
59 105 0.0574713
59 107 0.0503597
59 108 0.0625
60 11 0.00571429
60 12 0.194595
60 13 0.326087
60 14 0.123894
60 58 0.0187793
60 59 0.202614
60 107 0.24537
60 108 0.112195
61 14 0.0670732
61 15 0.0431655
61 16 0.0903955
61 62 0.0188679
61 63 0.0675676
61 107 0.00649351
61 108 0.013986
61 109 0.337017
62 14 0.121951
62 15 0.0143885
62 16 0.0847458
62 61 0.0188679
62 63 0.0472973
62 108 0.00699301
62 109 0.314917
63 15 0.149171
63 16 0.0730594
63 17 0.163842
63 61 0.0675676
63 62 0.0472973
63 64 0.100503
63 109 0.0627803
63 110 0.0119048
63 111 0.29902
64 16 0.0921053
64 17 0.198925
64 19 0.0134228
64 63 0.100503
64 65 0.0120482
64 66 0.194595
64 111 0.431925
64 112 0.00485437
65 17 0.0396476
65 18 0.447761
65 19 0.0315789
65 20 0.103604
65 64 0.0120482
65 66 0.300885
65 67 0.111538
65 111 0.0393701
65 112 0.149798
65 113 0.0227273
65 114 0.226562
65 115 0.0168776
66 17 0.116564
66 18 0.0510949
66 19 0.150794
66 20 0.056962
66 64 0.194595
66 65 0.300885
66 67 0.0102041
66 111 0.105263
66 112 0.010929
66 114 0.0989583
67 18 0.0526316
67 20 0.338542
67 21 0.0121212
67 22 0.0479042
67 65 0.111538
67 66 0.0102041
67 68 0.0504587
67 69 0.12987
67 114 0.137168
67 115 0.270531
67 116 0.00675676
68 23 0.00546448
68 67 0.0504587
68 69 0.159817
68 70 0.0041841
68 114 0.0700935
68 115 0.2
68 116 0.264706
68 117 0.119617
69 20 0.0259067
69 21 0.0120482
69 22 0.14881
69 23 0.22449
69 67 0.12987
69 68 0.159817
69 70 0.150794
69 115 0.134615
69 116 0.0469799
69 117 0.103604
70 23 0.305556
70 24 0.015544
70 25 0.038674
70 68 0.0041841
70 69 0.150794
70 71 0.301255
70 72 0.0434783
70 73 0.00689655
70 117 0.0785124
70 118 0.0373832
70 119 0.040293
71 23 0.0327869
71 24 0.00625
71 25 0.0135135
71 26 0.0182648
71 70 0.301255
71 72 0.0804598
71 73 0.350195
71 118 0.0220994
71 119 0.170833
71 120 0.00892857
72 70 0.0434783
72 71 0.0804598
72 73 0.182222
72 118 0.0939597
72 119 0.177885
72 120 0.0729167
73 25 0.145729
73 26 0.288889
73 70 0.00689655
73 71 0.350195
73 72 0.182222
73 74 0.0167224
73 118 0.0172414
73 119 0.0206186
73 120 0.0763636
74 26 0.272031
74 27 0.157143
74 28 0.0333333
74 73 0.0167224
74 75 0.2
74 76 0.00913242
74 120 0.195489
74 121 0.145833
74 122 0.0729167
74 123 0.0371622
75 26 0.0181159
75 27 0.266667
75 28 0.42807
75 29 0.00515464
75 74 0.2
75 76 0.188034
75 77 0.0326531
75 121 0.0193237
75 122 0.019802
75 123 0.0128617
75 124 0.00359712
76 28 0.110553
76 29 0.00925926
76 30 0.0930233
76 74 0.00913242
76 75 0.188034
76 77 0.0440252
76 78 0.06
76 122 0.078341
76 123 0.173333
76 124 0.21875
77 28 0.152381
77 29 0.352941
77 30 0.128571
77 31 0.102857
77 75 0.0326531
77 76 0.0440252
77 78 0.265403
77 124 0.0788177
77 125 0.00478469
78 28 0.00398406
78 29 0.0375
78 30 0.325967
78 31 0.277778
78 32 0.033195
78 76 0.06
78 77 0.265403
78 79 0.00411523
78 123 0.00361011
78 124 0.254098
78 125 0.096
78 126 0.0693878
79 30 0.0116279
79 31 0.00483092
79 32 0.0258621
79 78 0.00411523
79 80 0.0120482
79 124 0.012766
79 125 0.3361
79 126 0.338983
79 127 0.0424528
79 128 0.109375
80 32 0.054878
80 33 0.23741
80 79 0.0120482
80 82 0.0292398
80 126 0.154762
80 127 0.0763889
80 128 0.233871
81 33 0.0131004
81 34 0.0446429
81 35 0.0740741
81 36 0.0135747
81 82 0.153257
81 83 0.190871
81 127 0.0299145
81 129 0.466667
81 130 0.0239521
81 131 0.0201613
82 32 0.00421941
82 33 0.278302
82 34 0.396135
82 35 0.18593
82 80 0.0292398
82 81 0.153257
82 83 0.00446429
82 127 0.101382
82 128 0.0304569
82 129 0.0103627
83 35 0.0223464
83 36 0.282609
83 37 0.178571
83 38 0.00549451
83 81 0.190871
83 82 0.00446429
83 84 0.0419162
83 129 0.0346821
83 130 0.0230769
83 131 0.236967
84 36 0.0136054
84 37 0.026738
84 38 0.0206897
84 83 0.0419162
84 86 0.0462428
84 131 0.344828
84 132 0.0671141
85 38 0.0204082
85 39 0.188034
85 86 0.291429
85 132 0.0529801
86 38 0.202128
86 39 0.120253
86 40 0.0391061
86 84 0.0462428
86 85 0.291429
86 132 0.192708
86 133 0.129464
87 40 0.0601504
87 41 0.0114943
87 88 0.147541
87 133 0.269663
87 134 0.105882
87 135 0.0597015
88 40 0.00763359
88 41 0.0872093
88 42 0.0181818
88 87 0.147541
88 89 0.181818
88 91 0.00507614
88 133 0.170455
88 135 0.080402
88 136 0.0941176
89 41 0.316
89 42 0.259259
89 43 0.0851064
89 44 0.0176991
89 88 0.181818
89 90 0.193916
89 91 0.0509091
89 136 0.00403226
89 137 0.00408163
90 42 0.00869565
90 43 0.00571429
90 44 0.131455
90 45 0.14902
90 89 0.193916
90 91 0.370229
90 92 0.092437
90 136 0.00425532
90 137 0.0474138
90 139 0.0358566
91 41 0.00401606
91 88 0.00507614
91 89 0.0509091
91 90 0.370229
91 92 0.052
91 136 0.105263
91 137 0.401639
91 138 0.0199203
91 139 0.0608365
92 45 0.197531
92 90 0.092437
92 91 0.052
92 93 0.0511628
92 137 0.0363636
92 139 0.497908
92 140 0.023622
93 45 0.0689655
93 46 0.326203
93 92 0.0511628
93 139 0.0263158
93 140 0.325103
94 47 0.0125786
94 48 0.186312
94 49 0.0329218
94 95 0.0740741
94 141 0.277778
94 142 0.0532787
94 143 0.11336
95 48 0.0991379
95 49 0.0849057
95 94 0.0740741
95 96 0.169643
95 97 0.028169
95 141 0.0479042
95 142 0.2723
95 143 0.111111
95 144 0.0306122
96 48 0.0286885
96 49 0.116071
96 50 0.0242915
96 51 0.0886076
96 95 0.169643
96 97 0.408889
96 98 0.00854701
96 142 0.0177778
96 144 0.0384615
97 49 0.00938967
97 50 0.0127119
97 51 0.190265
97 95 0.028169
97 96 0.408889
97 98 0.139013
97 144 0.0862944
97 145 0.0184049
98 50 0.0367347
98 51 0.387234
98 52 0.106481
98 96 0.00854701
98 97 0.139013
98 99 0.14
98 145 0.325581
98 146 0.00568182
98 147 0.00485437
99 50 0.114068
99 51 0.0632411
99 52 0.410256
99 53 0.078125
99 98 0.14
99 101 0.0150943
99 145 0.0421053
99 146 0.0773196
99 148 0.0177778
100 52 0.0126582
100 101 0.021164
100 102 0.155556
100 148 0.255034
100 149 0.0194805
101 52 0.021645
101 53 0.181818
101 54 0.100503
101 56 0.0285714
101 99 0.0150943
101 100 0.021164
101 102 0.134969
101 103 0.00396825
101 148 0.288288
101 149 0.0969163
101 150 0.111111
102 54 0.08
102 55 0.0253165
102 56 0.0789474
102 100 0.155556
102 101 0.134969
102 103 0.0588235
102 148 0.0813008
102 149 0.0078125
102 150 0.0694444
103 55 0.546559
103 56 0.321212
103 57 0.00862069
103 58 0.0228311
103 101 0.00396825
103 102 0.0588235
103 104 0.0261438
104 55 0.0632911
104 56 0.0526316
104 58 0.0461538
104 103 0.0261438
104 105 0.0123457
104 149 0.0078125
104 150 0.0277778
104 151 0.0849057
105 58 0.183673
105 59 0.0574713
105 104 0.0123457
105 106 0.0217391
105 107 0.0666667
105 151 0.0162602
105 152 0.0629921
105 153 0.175439
106 105 0.0217391
106 107 0.110526
106 108 0.0111732
106 109 0.00460829
106 152 0.0239521
106 153 0.14218
106 154 0.0172414
106 155 0.277778
106 156 0.0765306
107 58 0.0301508
107 59 0.0503597
107 60 0.24537
107 61 0.00649351
107 105 0.0666667
107 106 0.110526
107 108 0.157068
107 152 0.0893855
107 153 0.121076
107 155 0.109375
108 59 0.0625
108 60 0.112195
108 61 0.013986
108 62 0.00699301
108 106 0.0111732
108 107 0.157068
108 109 0.169725
108 152 0.00595238
108 154 0.188034
108 155 0.21547
108 156 0.0406091
109 61 0.337017
109 62 0.314917
109 63 0.0627803
109 106 0.00460829
109 108 0.169725
109 154 0.0129032
109 155 0.0684932
109 156 0.0851064
109 157 0.0305344
110 63 0.0119048
110 111 0.010989
110 156 0.0166667
110 157 0.463768
110 158 0.025641
111 63 0.29902
111 64 0.431925
111 65 0.0393701
111 66 0.105263
111 110 0.010989
111 112 0.127962
111 157 0.0823045
111 158 0.119792
112 64 0.00485437
112 65 0.149798
112 66 0.010929
112 111 0.127962
112 113 0.0526316
112 114 0.178404
112 115 0.0154639
112 157 0.0127119
112 158 0.2
112 159 0.144279
112 160 0.0314465
112 161 0.0183486
113 65 0.0227273
113 112 0.0526316
113 114 0.197183
113 116 0.046875
113 159 0.0538462
113 161 0.0408163
113 162 0.0239521
114 65 0.226562
114 66 0.0989583
114 67 0.137168
114 68 0.0700935
114 112 0.178404
114 113 0.197183
114 115 0.137931
114 159 0.0380952
114 160 0.00595238
114 162 0.0404858
115 65 0.0168776
115 67 0.270531
115 68 0.2
115 69 0.134615
115 112 0.0154639
115 114 0.137931
115 161 0.0240385
115 162 0.0526316
115 164 0.0304569
116 67 0.00675676
116 68 0.264706
116 69 0.0469799
116 113 0.046875
116 117 0.0143885
116 161 0.00671141
116 162 0.0473373
116 164 0.0434783
117 68 0.119617
117 69 0.103604
117 70 0.0785124
117 116 0.0143885
117 118 0.184783
117 119 0.0329218
117 162 0.00826446
117 163 0.00990099
117 164 0.336493
117 165 0.053719
118 70 0.0373832
118 71 0.0220994
118 72 0.0939597
118 73 0.0172414
118 117 0.184783
118 119 0.269767
118 164 0.00546448
118 165 0.149533
118 166 0.0721649
119 70 0.040293
119 71 0.170833
119 72 0.177885
119 73 0.0206186
119 117 0.0329218
119 118 0.269767
119 120 0.131783
119 165 0.0842491
119 166 0.272727
119 167 0.0414747
120 71 0.00892857
120 72 0.0729167
120 73 0.0763636
120 74 0.195489
120 119 0.131783
120 121 0.0416667
120 166 0.0464135
120 167 0.263682
120 168 0.15812
121 74 0.145833
121 75 0.0193237
121 120 0.0416667
121 122 0.0736842
121 166 0.0184049
121 168 0.35625
121 169 0.00689655
122 74 0.0729167
122 75 0.019802
122 76 0.078341
122 121 0.0736842
122 123 0.445578
122 124 0.0421456
122 168 0.210938
122 169 0.0871369
122 170 0.0484582
123 74 0.0371622
123 75 0.0128617
123 76 0.173333
123 78 0.00361011
123 122 0.445578
123 124 0.141264
123 168 0.0378788
123 169 0.124498
123 170 0.225532
124 75 0.00359712
124 76 0.21875
124 77 0.0788177
124 78 0.254098
124 79 0.012766
124 122 0.0421456
124 123 0.141264
124 125 0.260331
124 126 0.021097
124 170 0.039604
125 77 0.00478469
125 78 0.096
125 79 0.3361
125 124 0.260331
125 126 0.185185
125 128 0.00502513
125 170 0.0817308
125 172 0.163366
125 173 0.00657895
126 78 0.0693878
126 79 0.338983
126 80 0.154762
126 124 0.021097
126 125 0.185185
126 127 0.046729
126 128 0.237113
126 172 0.00507614
127 79 0.0424528
127 80 0.0763889
127 81 0.0299145
127 82 0.101382
127 126 0.046729
127 128 0.217647
127 129 0.0060241
127 174 0.0536913
127 175 0.0265487
127 176 0.216216
128 79 0.109375
128 80 0.233871
128 82 0.0304569
128 125 0.00502513
128 126 0.237113
128 127 0.217647
128 172 0.0130719
128 173 0.0582524
128 174 0.0310078
128 176 0.0424242
129 81 0.466667
129 82 0.0103627
129 83 0.0346821
129 127 0.0060241
129 130 0.0707071
129 131 0.0333333
129 176 0.217391
129 177 0.0463576
130 81 0.0239521
130 83 0.0230769
130 129 0.0707071
130 131 0.0291971
130 175 0.0434783
130 176 0.127119
130 177 0.12037
130 178 0.0408163
131 81 0.0201613
131 83 0.236967
131 84 0.344828
131 129 0.0333333
131 130 0.0291971
131 177 0.010582
131 178 0.0923077
131 179 0.00561798
132 84 0.0671141
132 85 0.0529801
132 86 0.192708
132 133 0.065
132 179 0.333333
132 181 0.0287356
133 86 0.129464
133 87 0.269663
133 88 0.170455
133 132 0.065
133 135 0.0352941
133 136 0.0884956
133 181 0.0242718
134 87 0.105882
134 135 0.0185185
134 180 0.333333
134 181 0.0442478
134 182 0.0405405
135 87 0.0597015
135 88 0.080402
135 133 0.0352941
135 134 0.0185185
135 136 0.389558
135 181 0.0349345
135 182 0.268939
135 183 0.223077
135 184 0.02
136 88 0.0941176
136 89 0.00403226
136 90 0.00425532
136 91 0.105263
136 133 0.0884956
136 135 0.389558
136 137 0.0552995
136 182 0.0425532
136 183 0.0822511
137 89 0.00408163
137 90 0.0474138
137 91 0.401639
137 92 0.0363636
137 136 0.0552995
137 138 0.104072
137 139 0.0815451
137 183 0.162281
137 184 0.0654762
137 185 0.128713
138 91 0.0199203
138 137 0.104072
138 139 0.075
138 183 0.0468085
138 184 0.08
138 185 0.440191
138 186 0.176991
139 90 0.0358566
139 91 0.0608365
139 92 0.497908
139 93 0.0263158
139 137 0.0815451
139 138 0.075
139 140 0.11236
139 185 0.226244
139 186 0.0420168
139 187 0.00446429
140 92 0.023622
140 93 0.325103
140 139 0.11236
140 185 0.029661
140 186 0.13834
140 187 0.32636
141 94 0.277778
141 95 0.0479042
141 142 0.0357143
141 143 0.0233918
141 188 0.13253
142 94 0.0532787
142 95 0.2723
142 96 0.0177778
142 141 0.0357143
142 143 0.294931
142 144 0.0913706
142 188 0.212264
142 189 0.120419
142 190 0.0255319
143 94 0.11336
143 95 0.111111
143 141 0.0233918
143 142 0.294931
143 188 0.4
143 189 0.0257732
143 190 0.00420168
144 95 0.0306122
144 96 0.0384615
144 97 0.0862944
144 142 0.0913706
144 190 0.53211
144 191 0.00555556
144 192 0.00531915
145 97 0.0184049
145 98 0.325581
145 99 0.0421053
145 191 0.116438
145 192 0.0519481
145 193 0.013986
146 98 0.00568182
146 99 0.0773196
146 147 0.506667
146 191 0.00666667
146 193 0.129252
146 195 0.0196078
147 98 0.00485437
147 146 0.506667
147 148 0.0165746
147 191 0.0111111
147 192 0.0851064
147 193 0.525424
147 195 0.10929
148 99 0.0177778
148 100 0.255034
148 101 0.288288
148 102 0.0813008
148 147 0.0165746
148 149 0.0213904
148 193 0.00561798
148 195 0.179348
148 196 0.0130719
149 100 0.0194805
149 101 0.0969163
149 102 0.0078125
149 104 0.0078125
149 148 0.0213904
149 150 0.117647
149 151 0.0176471
149 195 0.0529101
149 196 0.0822785
149 197 0.440217
149 198 0.0646766
149 199 0.0221239
150 101 0.111111
150 102 0.0694444
150 104 0.0277778
150 149 0.117647
150 151 0.166667
150 197 0.0859375
150 199 0.0470588
151 104 0.0849057
151 105 0.0162602
151 149 0.0176471
151 150 0.166667
151 152 0.0855263
151 153 0.00510204
151 197 0.0308642
151 198 0.0558659
151 199 0.490196
151 200 0.0227273
152 105 0.0629921
152 106 0.0239521
152 107 0.0893855
152 108 0.00595238
152 151 0.0855263
152 153 0.445
152 154 0.0380952
152 199 0.0240385
152 200 0.0444444
153 105 0.175439
153 106 0.14218
153 107 0.121076
153 151 0.00510204
153 152 0.445
153 154 0.0201342
153 155 0.00469484
153 199 0.0119048
153 200 0.419643
154 106 0.0172414
154 108 0.188034
154 109 0.0129032
154 152 0.0380952
154 153 0.0201342
154 155 0.20339
154 156 0.0223881
155 106 0.277778
155 107 0.109375
155 108 0.21547
155 109 0.0684932
155 153 0.00469484
155 154 0.20339
155 156 0.222222
155 201 0.0166667
155 202 0.0588235
156 106 0.0765306
156 108 0.0406091
156 109 0.0851064
156 110 0.0166667
156 154 0.0223881
156 155 0.222222
156 157 0.103734
156 201 0.0102041
156 202 0.317204
156 203 0.0533981
156 204 0.0459184
157 109 0.0305344
157 110 0.463768
157 111 0.0823045
157 112 0.0127119
157 156 0.103734
157 158 0.110599
157 202 0.00938967
157 203 0.236051
157 204 0.0672646
157 206 0.056
158 110 0.025641
158 111 0.119792
158 112 0.2
158 157 0.110599
158 159 0.0879121
158 160 0.0214286
158 205 0.0789474
158 206 0.41206
159 112 0.144279
159 113 0.0538462
159 114 0.0380952
159 158 0.0879121
159 160 0.237179
159 161 0.0465116
159 206 0.139535
159 207 0.360731
159 208 0.00588235
160 112 0.0314465
160 114 0.00595238
160 158 0.0214286
160 159 0.237179
160 161 0.0231214
160 206 0.109827
160 207 0.254237
161 112 0.0183486
161 113 0.0408163
161 115 0.0240385
161 116 0.00671141
161 159 0.0465116
161 160 0.0231214
161 162 0.412698
161 164 0.0135747
161 207 0.20339
161 208 0.0962567
161 209 0.0344828
161 210 0.0305677
162 113 0.0239521
162 114 0.0404858
162 115 0.0526316
162 116 0.0473373
162 117 0.00826446
162 161 0.412698
162 163 0.0344828
162 164 0.186722
162 207 0.0546875
162 208 0.0144928
162 209 0.154639
162 210 0.0803213
163 117 0.00990099
163 162 0.0344828
163 164 0.104478
163 165 0.0732759
163 209 0.0649351
163 210 0.550239
163 211 0.0193548
164 115 0.0304569
164 116 0.0434783
164 117 0.336493
164 118 0.00546448
164 161 0.0135747
164 162 0.186722
164 163 0.104478
164 165 0.0207469
164 209 0.0490798
164 210 0.142202
165 117 0.053719
165 118 0.149533
165 119 0.0842491
165 163 0.0732759
165 164 0.0207469
165 166 0.126984
165 210 0.0763052
165 211 0.364103
165 212 0.0242424
165 213 0.0565217
166 118 0.0721649
166 119 0.272727
166 120 0.0464135
166 121 0.0184049
166 165 0.126984
166 167 0.0612245
166 211 0.0685714
166 212 0.0275862
166 213 0.428571
166 214 0.0202703
167 119 0.0414747
167 120 0.263682
167 166 0.0612245
167 168 0.119171
167 169 0.0561798
167 213 0.275862
167 214 0.0178571
168 120 0.15812
168 121 0.35625
168 122 0.210938
168 123 0.0378788
168 167 0.119171
168 169 0.156398
168 213 0.0144928
169 121 0.00689655
169 122 0.0871369
169 123 0.124498
169 167 0.0561798
169 168 0.156398
169 170 0.00549451
169 214 0.0538462
169 215 0.147059
169 216 0.0645161
170 122 0.0484582
170 123 0.225532
170 124 0.039604
170 125 0.0817308
170 169 0.00549451
170 171 0.0740741
170 172 0.154321
170 216 0.0212766
170 217 0.0625
170 219 0.0925926
171 170 0.0740741
171 172 0.0588235
171 216 0.0246914
171 217 0.147059
171 218 0.180851
171 219 0.229167
172 125 0.163366
172 126 0.00507614
172 128 0.0130719
172 170 0.154321
172 171 0.0588235
172 173 0.122642
172 217 0.00819672
172 218 0.0135135
172 219 0.0882353
172 220 0.0540541
173 125 0.00657895
173 128 0.0582524
173 172 0.122642
173 174 0.158537
173 218 0.0204082
173 220 0.316327
173 221 0.0608108
173 223 0.00854701
174 127 0.0536913
174 128 0.0310078
174 173 0.158537
174 175 0.319444
174 220 0.016129
174 221 0.0229885
174 222 0.130435
174 223 0.020979
175 127 0.0265487
175 130 0.0434783
175 174 0.319444
175 176 0.037037
175 221 0.0144928
175 222 0.160714
175 223 0.102804
175 224 0.0111732
176 127 0.216216
176 128 0.0424242
176 129 0.217391
176 130 0.127119
176 175 0.037037
176 177 0.0117647
176 222 0.0234375
176 223 0.00558659
177 129 0.0463576
177 130 0.12037
177 131 0.010582
177 176 0.0117647
177 178 0.158416
177 222 0.0254237
177 223 0.0177515
177 224 0.0290456
177 225 0.252577
178 130 0.0408163
178 131 0.0923077
178 177 0.158416
178 179 0.0333333
178 224 0.0164835
178 225 0.111111
178 226 0.0526316
179 131 0.00561798
179 132 0.333333
179 178 0.0333333
179 181 0.0188679
179 225 0.00546448
179 226 0.020979
179 227 0.169118
180 134 0.333333
180 181 0.0769231
180 182 0.187879
180 227 0.0654206
180 228 0.0873016
181 132 0.0287356
181 133 0.0242718
181 134 0.0442478
181 135 0.0349345
181 179 0.0188679
181 180 0.0769231
181 182 0.302326
181 227 0.203822
181 228 0.153409
181 229 0.0114286
182 134 0.0405405
182 135 0.268939
182 136 0.0425532
182 180 0.187879
182 181 0.302326
182 183 0.0121951
182 227 0.015625
182 228 0.123223
182 229 0.157143
183 135 0.223077
183 136 0.0822511
183 137 0.162281
183 138 0.0468085
183 182 0.0121951
183 184 0.351648
183 229 0.145631
183 231 0.085
183 232 0.0242718
184 135 0.02
184 137 0.0654762
184 138 0.08
184 183 0.351648
184 185 0.0320513
184 230 0.0142857
184 231 0.264286
184 232 0.0890411
185 137 0.128713
185 138 0.440191
185 139 0.226244
185 140 0.029661
185 184 0.0320513
185 186 0.178744
185 187 0.00518135
185 231 0.0229885
185 232 0.00555556
185 233 0.0486486
186 138 0.176991
186 139 0.0420168
186 140 0.13834
186 185 0.178744
186 187 0.195238
186 233 0.173267
186 234 0.092437
187 139 0.00446429
187 140 0.32636
187 185 0.00518135
187 186 0.195238
187 233 0.0585106
187 234 0.352679
188 141 0.13253
188 142 0.212264
188 143 0.4
188 189 0.0846561
188 236 0.0621762
189 142 0.120419
189 143 0.0257732
189 188 0.0846561
189 235 0.0588235
189 236 0.180233
190 142 0.0255319
190 143 0.00420168
190 144 0.53211
190 191 0.0137615
190 192 0.0442478
190 236 0.0185185
190 237 0.382716
190 238 0.00483092
191 144 0.00555556
191 145 0.116438
191 146 0.00666667
191 147 0.0111111
191 190 0.0137615
191 192 0.425532
191 193 0.0621469
191 237 0.0097561
191 238 0.236686
191 239 0.0921986
191 241 0.0157895
192 144 0.00531915
192 145 0.0519481
192 147 0.0851064
192 190 0.0442478
192 191 0.425532
192 193 0.216216
192 237 0.0187793
192 238 0.101695
192 239 0.0201342
192 240 0.0108696
192 241 0.050505
192 242 0.0532544
193 145 0.013986
193 146 0.129252
193 147 0.525424
193 148 0.00561798
193 191 0.0621469
193 192 0.216216
193 195 0.122222
193 240 0.00578035
193 241 0.00534759
193 242 0.0316456
194 195 0.0662252
194 240 0.0208333
194 241 0.0379747
194 242 0.44186
194 243 0.0463576
195 146 0.0196078
195 147 0.10929
195 148 0.179348
195 149 0.0529101
195 193 0.122222
195 194 0.0662252
195 196 0.109677
195 197 0.00552486
195 241 0.0207254
195 242 0.182927
195 243 0.247312
196 148 0.0130719
196 149 0.0822785
196 195 0.109677
196 197 0.186667
196 198 0.0958084
196 243 0.0709677
196 244 0.0606061
197 149 0.440217
197 150 0.0859375
197 151 0.0308642
197 195 0.00552486
197 196 0.186667
197 198 0.181347
197 199 0.114679
197 243 0.038674
197 244 0.0837696
198 149 0.0646766
198 151 0.0558659
198 196 0.0958084
198 197 0.181347
198 199 0.234043
198 200 0.0241546
198 244 0.240385
198 245 0.107623
198 246 0.0397727
198 247 0.00438596
199 149 0.0221239
199 150 0.0470588
199 151 0.490196
199 152 0.0240385
199 153 0.0119048
199 197 0.114679
199 198 0.234043
199 200 0.0732759
199 244 0.128755
199 245 0.0120968
199 246 0.0149254
199 247 0.00790514
200 151 0.0227273
200 152 0.0444444
200 153 0.419643
200 198 0.0241546
200 199 0.0732759
200 201 0.0104712
200 245 0.0272727
200 246 0.0115607
200 247 0.253333
200 248 0.0531401
201 155 0.0166667
201 156 0.0102041
201 200 0.0104712
201 202 0.0892857
201 247 0.0943396
201 248 0.309278
201 250 0.0486486
202 155 0.0588235
202 156 0.317204
202 157 0.00938967
202 201 0.0892857
202 203 0.146067
202 204 0.136905
202 248 0.0815217
202 250 0.137143
203 156 0.0533981
203 157 0.236051
203 202 0.146067
203 204 0.218085
203 205 0.0119048
203 206 0.0418605
203 250 0.00512821
203 252 0.0989583
204 156 0.0459184
204 157 0.0672646
204 202 0.136905
204 203 0.218085
204 205 0.170886
204 206 0.0292683
204 250 0.243243
204 252 0.0659341
205 158 0.0789474
205 203 0.0119048
205 204 0.170886
205 206 0.135135
205 250 0.00606061
205 251 0.170213
205 252 0.0555556
206 157 0.056
206 158 0.41206
206 159 0.139535
206 160 0.109827
206 203 0.0418605
206 204 0.0292683
206 205 0.135135
206 207 0.0635593
206 252 0.210526
206 255 0.0136986
207 159 0.360731
207 160 0.254237
207 161 0.20339
207 162 0.0546875
207 206 0.0635593
207 208 0.0837696
207 252 0.028169
207 253 0.0926829
207 255 0.12
208 159 0.00588235
208 161 0.0962567
208 162 0.0144928
208 207 0.0837696
208 209 0.0232558
208 253 0.0128205
208 254 0.0594059
208 255 0.178218
208 256 0.307692
209 161 0.0344828
209 162 0.154639
209 163 0.0649351
209 164 0.0490798
209 208 0.0232558
209 210 0.192982
209 255 0.0113636
209 256 0.025641
209 257 0.263158
209 258 0.0540541
210 161 0.0305677
210 162 0.0803213
210 163 0.550239
210 164 0.142202
210 165 0.0763052
210 209 0.192982
210 211 0.00581395
210 257 0.12
210 258 0.0180723
211 163 0.0193548
211 165 0.364103
211 166 0.0685714
211 210 0.00581395
211 212 0.227273
211 213 0.0196078
211 258 0.0714286
211 259 0.0208333
211 260 0.100917
212 165 0.0242424
212 166 0.0275862
212 211 0.227273
212 213 0.0243902
212 258 0.0365854
212 259 0.175439
212 260 0.35443
213 165 0.0565217
213 166 0.428571
213 167 0.275862
213 168 0.0144928
213 211 0.0196078
213 212 0.0243902
213 214 0.103175
213 259 0.00558659
213 260 0.0138889
213 261 0.0347222
213 262 0.011976
214 166 0.0202703
214 167 0.0178571
214 169 0.0538462
214 213 0.103175
214 259 0.00854701
214 260 0.0121951
214 261 0.329268
214 262 0.247619
215 169 0.147059
215 216 0.0631579
215 261 0.0454545
215 262 0.018018
215 263 0.302632
215 264 0.0482759
216 169 0.0645161
216 170 0.0212766
216 171 0.0246914
216 215 0.0631579
216 217 0.049505
216 219 0.037037
216 263 0.252632
216 264 0.493902
217 170 0.0625
217 171 0.147059
217 172 0.00819672
217 216 0.049505
217 218 0.0175439
217 219 0.308824
217 263 0.0365854
217 264 0.00662252
217 265 0.113636
217 266 0.0405405
218 171 0.180851
218 172 0.0135135
218 173 0.0204082
218 217 0.0175439
218 219 0.0744681
218 264 0.0112994
218 265 0.289474
218 266 0.385057
218 267 0.0258621
219 170 0.0925926
219 171 0.229167
219 172 0.0882353
219 216 0.037037
219 217 0.308824
219 218 0.0744681
219 264 0.0381679
219 265 0.0882353
219 266 0.0625
219 267 0.0285714
220 172 0.0540541
220 173 0.316327
220 174 0.016129
220 221 0.305263
220 223 0.0377358
220 266 0.0114943
220 267 0.00862069
221 173 0.0608108
221 174 0.0229885
221 175 0.0144928
221 220 0.305263
221 222 0.0126582
221 223 0.0717703
221 266 0.0133929
221 267 0.0120482
221 268 0.25969
222 174 0.130435
222 175 0.160714
222 176 0.0234375
222 177 0.0254237
222 221 0.0126582
222 223 0.370079
222 224 0.00502513
222 270 0.0588235
222 271 0.0147059
223 173 0.00854701
223 174 0.020979
223 175 0.102804
223 176 0.00558659
223 177 0.0177515
223 220 0.0377358
223 221 0.0717703
223 222 0.370079
223 268 0.00440529
223 270 0.330317
223 271 0.0252101
224 175 0.0111732
224 177 0.0290456
224 178 0.0164835
224 222 0.00502513
224 225 0.105455
224 269 0.00460829
224 270 0.337884
224 271 0.0942408
224 272 0.27451
225 177 0.252577
225 178 0.111111
225 179 0.00546448
225 224 0.105455
225 226 0.132979
225 227 0.00552486
225 270 0.0243902
225 271 0.0347222
225 272 0.100386
225 273 0.00469484
225 274 0.0243902
226 178 0.0526316
226 179 0.020979
226 225 0.132979
226 227 0.0070922
226 272 0.0365297
226 273 0.156069
226 274 0.274194
226 275 0.0650406
227 179 0.169118
227 180 0.0654206
227 181 0.203822
227 182 0.015625
227 225 0.00552486
227 226 0.0070922
227 228 0.00653595
227 274 0.0683761
227 275 0.0172414
228 180 0.0873016
228 181 0.153409
228 182 0.123223
228 227 0.00653595
228 229 0.140351
228 274 0.0220588
228 275 0.185185
228 276 0.0738916
228 277 0.00699301
229 181 0.0114286
229 182 0.157143
229 183 0.145631
229 228 0.140351
229 230 0.0106383
229 231 0.054878
229 232 0.0176471
229 276 0.381188
229 277 0.056338
229 278 0.00444444
230 184 0.0142857
230 229 0.0106383
230 231 0.0227273
230 232 0.0319149
230 277 0.181818
230 278 0.00671141
231 183 0.085
231 184 0.264286
231 185 0.0229885
231 229 0.054878
231 230 0.0227273
231 232 0.298781
231 276 0.0459184
231 277 0.0294118
231 278 0.3379
231 279 0.027933
232 183 0.0242718
232 184 0.0890411
232 185 0.00555556
232 229 0.0176471
232 230 0.0319149
232 231 0.298781
232 276 0.039604
232 277 0.183099
232 278 0.368889
232 279 0.0216216
233 185 0.0486486
233 186 0.173267
233 187 0.0585106
233 234 0.0833333
233 278 0.0217391
233 279 0.357895
233 280 0.020202
233 281 0.0873016
234 186 0.092437
234 187 0.352679
234 233 0.0833333
234 279 0.039823
234 281 0.364583
235 189 0.0588235
235 236 0.0625
235 282 0.166667
235 283 0.324074
235 284 0.048951
236 188 0.0621762
236 189 0.180233
236 190 0.0185185
236 235 0.0625
236 282 0.0465116
236 283 0.0271739
236 284 0.15748
237 190 0.382716
237 191 0.0097561
237 192 0.0187793
237 238 0.0463918
237 239 0.0361446
237 283 0.028436
237 284 0.163701
237 285 0.0927835
238 190 0.00483092
238 191 0.236686
238 192 0.101695
238 237 0.0463918
238 239 0.484615
238 240 0.0181818
238 241 0.0391061
238 285 0.417722
238 286 0.06875
238 288 0.0176991
239 191 0.0921986
239 192 0.0201342
239 237 0.0361446
239 238 0.484615
239 241 0.00662252
239 285 0.207692
239 286 0.0984849
239 287 0.0137931
240 192 0.0108696
240 193 0.00578035
240 194 0.0208333
240 238 0.0181818
240 241 0.446237
240 242 0.044586
240 243 0.0893855
240 285 0.0242424
240 286 0.011976
240 287 0.133333
240 288 0.325
240 289 0.0242424
241 191 0.0157895
241 192 0.050505
241 193 0.00534759
241 194 0.0379747
241 195 0.0207254
241 238 0.0391061
241 239 0.00662252
241 240 0.446237
241 242 0.134503
241 243 0.108808
241 285 0.0167598
241 286 0.0441989
241 287 0.237113
241 288 0.126866
241 289 0.0391061
242 192 0.0532544
242 193 0.0316456
242 194 0.44186
242 195 0.182927
242 240 0.044586
242 241 0.134503
242 243 0.128049
242 287 0.0121212
242 289 0.04
243 194 0.0463576
243 195 0.247312
243 196 0.0709677
243 197 0.038674
243 240 0.0893855
243 241 0.108808
243 242 0.128049
243 244 0.0714286
243 289 0.0755814
243 290 0.0238095
244 196 0.0606061
244 197 0.0837696
244 198 0.240385
244 199 0.128755
244 243 0.0714286
244 245 0.117647
244 246 0.00574713
244 290 0.0449438
244 291 0.0240385
244 292 0.241379
245 198 0.107623
245 199 0.0120968
245 200 0.0272727
245 244 0.117647
245 246 0.380952
245 247 0.178423
245 291 0.0358744
245 292 0.224771
245 293 0.0386473
245 294 0.0518135
246 198 0.0397727
246 199 0.0149254
246 200 0.0115607
246 244 0.00574713
246 245 0.380952
246 247 0.206186
246 291 0.00568182
246 292 0.0292398
246 293 0.0125
246 294 0.0136986
247 198 0.00438596
247 199 0.00790514
247 200 0.253333
247 201 0.0943396
247 245 0.178423
247 246 0.206186
247 248 0.0526316
247 293 0.0188679
247 294 0.348485
247 295 0.0116279
247 296 0.00823045
248 200 0.0531401
248 201 0.309278
248 202 0.0815217
248 247 0.0526316
248 249 0.0229885
248 250 0.139303
248 294 0.0555556
248 295 0.0779221
248 296 0.257778
248 297 0.101382
249 248 0.0229885
249 250 0.00606061
249 296 0.280423
249 297 0.171271
249 298 0.0821918
250 201 0.0486486
250 202 0.137143
250 203 0.00512821
250 204 0.243243
250 205 0.00606061
250 248 0.139303
250 249 0.00606061
250 251 0.0991736
250 296 0.0185185
250 297 0.0913462
250 298 0.0203252
251 205 0.170213
251 250 0.0991736
251 297 0.0145985
252 203 0.0989583
252 204 0.0659341
252 205 0.0555556
252 206 0.210526
252 207 0.028169
252 253 0.224719
252 298 0.156379
252 299 0.00546448
253 207 0.0926829
253 208 0.0128205
253 252 0.224719
253 254 0.0347826
253 255 0.0434783
253 299 0.108571
253 300 0.125
253 301 0.00552486
254 208 0.0594059
254 253 0.0347826
254 255 0.15
254 256 0.04
254 299 0.025
254 300 0.157895
254 301 0.365079
255 206 0.0136986
255 207 0.12
255 208 0.178218
255 209 0.0113636
255 253 0.0434783
255 254 0.15
255 256 0.04
255 301 0.031746
255 302 0.0294118
255 303 0.00961538
255 304 0.0128205
256 208 0.307692
256 209 0.025641
256 254 0.04
256 255 0.04
256 301 0.0258621
256 302 0.224138
256 303 0.12766
256 304 0.0441176
257 209 0.263158
257 210 0.12
257 258 0.266667
257 302 0.04
257 303 0.027027
257 304 0.0823529
257 305 0.106061
258 209 0.0540541
258 210 0.0180723
258 211 0.0714286
258 212 0.0365854
258 257 0.266667
258 304 0.0990099
258 305 0.466216
259 211 0.0208333
259 212 0.175439
259 213 0.00558659
259 214 0.00854701
259 260 0.407407
259 307 0.369318
259 309 0.0181818
260 211 0.100917
260 212 0.35443
260 213 0.0138889
260 214 0.0121951
260 259 0.407407
260 307 0.120567
260 309 0.0266667
261 213 0.0347222
261 214 0.329268
261 215 0.0454545
261 262 0.495935
261 263 0.0454545
261 307 0.0070922
261 308 0.115646
261 309 0.0666667
261 310 0.0320513
262 213 0.011976
262 214 0.247619
262 215 0.018018
262 261 0.495935
262 263 0.027027
262 308 0.270588
262 309 0.0408163
262 310 0.0446927
263 215 0.302632
263 216 0.252632
263 217 0.0365854
263 261 0.0454545
263 262 0.027027
263 264 0.2
263 308 0.0148148
263 310 0.0486111
263 311 0.0722892
264 215 0.0482759
264 216 0.493902
264 217 0.00662252
264 218 0.0112994
264 219 0.0381679
264 263 0.2
264 265 0.00662252
264 266 0.00473934
264 310 0.0375587
264 311 0.225532
265 217 0.113636
265 218 0.289474
265 219 0.0882353
265 264 0.00662252
265 266 0.22973
265 267 0.0666667
265 311 0.0348837
265 312 0.060241
265 314 0.134078
266 217 0.0405405
266 218 0.385057
266 219 0.0625
266 220 0.0114943
266 221 0.0133929
266 264 0.00473934
266 265 0.22973
266 267 0.0266667
266 311 0.00862069
266 312 0.013986
266 314 0.401674
266 315 0.020979
267 218 0.0258621
267 219 0.0285714
267 220 0.00862069
267 221 0.0120482
267 265 0.0666667
267 266 0.0266667
267 312 0.0117647
267 315 0.341176
267 316 0.0227273
268 221 0.25969
268 223 0.00440529
268 269 0.0206186
268 270 0.0333333
268 271 0.0119048
268 315 0.079096
268 316 0.25
268 317 0.0481928
269 224 0.00460829
269 268 0.0206186
269 270 0.0159574
269 271 0.162791
269 316 0.0918367
269 317 0.22619
269 318 0.0598802
270 222 0.0588235
270 223 0.330317
270 224 0.337884
270 225 0.0243902
270 268 0.0333333
270 269 0.0159574
270 271 0.148148
270 272 0.00361011
270 316 0.0229885
270 317 0.0875
270 318 0.0164609
271 222 0.0147059
271 223 0.0252101
271 224 0.0942408
271 225 0.0347222
271 268 0.0119048
271 269 0.162791
271 270 0.148148
271 272 0.00571429
271 317 0.103448
271 318 0.0425532
272 224 0.27451
272 225 0.100386
272 226 0.0365297
272 270 0.00361011
272 271 0.00571429
272 273 0.143443
272 274 0.00512821
272 318 0.152344
272 319 0.0523256
273 225 0.00469484
273 226 0.156069
273 272 0.143443
273 274 0.0134228
273 319 0.0396825
273 320 0.333333
273 322 0.0125786
274 225 0.0243902
274 226 0.274194
274 227 0.0683761
274 228 0.0220588
274 272 0.00512821
274 273 0.0134228
274 275 0.030303
275 226 0.0650406
275 227 0.0172414
275 228 0.185185
275 274 0.030303
275 322 0.12844
275 323 0.165217
276 228 0.0738916
276 229 0.381188
276 231 0.0459184
276 232 0.039604
276 277 0.201149
276 278 0.0116732
276 323 0.00546448
276 325 0.0920502
277 228 0.00699301
277 229 0.056338
277 230 0.181818
277 231 0.0294118
277 232 0.183099
277 276 0.201149
277 278 0.0558376
277 324 0.00833333
277 325 0.268156
278 229 0.00444444
278 230 0.00671141
278 231 0.3379
278 232 0.368889
278 233 0.0217391
278 276 0.0116732
278 277 0.0558376
278 279 0.179167
278 280 0.0282258
278 325 0.114504
278 326 0.0122449
278 327 0.168627
279 231 0.027933
279 232 0.0216216
279 233 0.357895
279 234 0.039823
279 278 0.179167
279 280 0.0817308
279 281 0.110687
279 327 0.293023
279 328 0.0409091
280 233 0.020202
280 278 0.0282258
280 279 0.0817308
280 281 0.037037
280 326 0.122066
280 327 0.461883
280 328 0.0701754
281 233 0.0873016
281 234 0.364583
281 279 0.110687
281 280 0.037037
281 328 0.37234
282 235 0.166667
282 236 0.0465116
282 283 0.0277778
283 235 0.324074
283 236 0.0271739
283 237 0.028436
283 282 0.0277778
283 284 0.187023
283 329 0.0378378
283 330 0.0238095
283 332 0.00512821
284 235 0.048951
284 236 0.15748
284 237 0.163701
284 283 0.187023
284 330 0.0535714
284 332 0.211321
285 237 0.0927835
285 238 0.417722
285 239 0.207692
285 240 0.0242424
285 241 0.0167598
285 286 0.175
285 287 0.00578035
285 288 0.0530973
285 332 0.0168539
285 333 0.257895
286 238 0.06875
286 239 0.0984849
286 240 0.011976
286 241 0.0441989
286 285 0.175
286 287 0.32
286 288 0.0173913
286 333 0.140625
286 334 0.0212766
286 335 0.0833333
287 239 0.0137931
287 240 0.133333
287 241 0.237113
287 242 0.0121212
287 285 0.00578035
287 286 0.32
287 288 0.0625
287 289 0.0809249
287 333 0.0731707
287 334 0.0597015
287 335 0.195266
288 238 0.0176991
288 240 0.325
288 241 0.126866
288 285 0.0530973
288 286 0.0173913
288 287 0.0625
288 332 0.0075188
288 333 0.0344828
288 334 0.0141844
289 240 0.0242424
289 241 0.0391061
289 242 0.04
289 243 0.0755814
289 287 0.0809249
289 290 0.116883
289 335 0.214286
289 336 0.0611111
289 337 0.0980392
290 243 0.0238095
290 244 0.0449438
290 289 0.116883
290 291 0.144444
290 292 0.04
290 335 0.00666667
290 336 0.204545
290 337 0.17
291 244 0.0240385
291 245 0.0358744
291 246 0.00568182
291 290 0.144444
291 292 0.263415
291 336 0.0436893
291 337 0.217391
291 338 0.037037
291 339 0.101124
291 340 0.0113208
292 244 0.241379
292 245 0.224771
292 246 0.0292398
292 290 0.04
292 291 0.263415
292 337 0.00888889
292 338 0.0543478
292 339 0.00578035
