0 1 0.272727
0 31 0.155738
1 0 0.272727
1 2 0.0429448
1 31 0.0232558
1 32 0.00595238
2 1 0.0429448
2 3 0.119318
2 31 0.00869565
2 32 0.282528
2 33 0.0600858
2 34 0.177606
2 35 0.0762712
3 2 0.119318
3 4 0.0238095
3 5 0.0735294
3 33 0.00689655
3 34 0.0818713
3 35 0.0945946
4 3 0.0238095
4 5 0.00675676
4 6 0.0546218
4 34 0.0756972
4 35 0.00438596
4 36 0.380734
4 37 0.0141509
4 67 0.0630631
4 68 0.127119
5 3 0.0735294
5 4 0.00675676
5 36 0.152542
6 4 0.0546218
6 7 0.154286
6 8 0.0947867
6 36 0.0528846
6 37 0.019802
6 38 0.218182
6 39 0.0212766
6 68 0.079646
7 6 0.154286
7 8 0.113924
7 36 0.0322581
7 38 0.0538922
7 39 0.00740741
8 6 0.0947867
8 7 0.113924
8 9 0.294686
8 38 0.0935961
8 39 0.00584795
8 40 0.0862069
9 8 0.294686
9 10 0.156977
9 11 0.00552486
9 39 0.0380435
9 40 0.176471
9 42 0.010101
10 9 0.156977
10 11 0.0451128
10 12 0.115702
10 13 0.0337838
10 42 0.12
10 43 0.01875
11 9 0.00552486
11 10 0.0451128
11 12 0.146154
11 13 0.0191083
11 41 0.272727
11 42 0.283019
11 43 0.00591716
12 10 0.115702
12 11 0.146154
12 13 0.351724
12 15 0.0217391
12 42 0.108844
12 43 0.00636943
12 45 0.00581395
12 75 0.0211268
13 10 0.0337838
13 11 0.0191083
13 12 0.351724
13 14 0.0438596
13 15 0.0252101
13 42 0.00574713
13 43 0.00543478
13 44 0.0615385
13 45 0.125628
13 74 0.0211268
13 75 0.0177515
13 76 0.00505051
14 13 0.0438596
14 15 0.148571
14 16 0.0361446
14 44 0.0278884
14 45 0.337255
14 46 0.299242
14 47 0.101695
14 76 0.011811
14 78 0.0255102
15 12 0.0217391
15 13 0.0252101
15 14 0.148571
15 16 0.0526316
15 45 0.0410959
16 14 0.0361446
16 15 0.0526316
16 18 0.0265487
16 45 0.00729927
16 47 0.0254237
17 18 0.283333
17 20 0.045045
18 16 0.0265487
18 17 0.283333
18 20 0.236686
18 47 0.0546448
18 48 0.29
18 49 0.045977
18 50 0.0591716
18 51 0.0186335
19 20 0.0125786
19 49 0.237805
19 50 0.194969
19 51 0.0463576
19 52 0.0927835
19 81 0.0641026
19 82 0.162791
20 17 0.045045
20 18 0.236686
20 19 0.0125786
20 21 0.0980392
20 48 0.0052356
20 49 0.0181818
20 50 0.41875
20 51 0.223684
20 52 0.0307692
21 20 0.0980392
21 22 0.0666667
21 23 0.106667
21 52 0.00729927
22 21 0.0666667
22 23 0.486842
22 52 0.0217391
23 21 0.106667
23 22 0.486842
23 52 0.25
23 54 0.0903226
24 25 0.0533333
24 54 0.121693
24 55 0.39881
24 56 0.184713
24 86 0.0426829
25 24 0.0533333
25 26 0.138158
25 55 0.326389
25 56 0.203008
25 57 0.0254777
25 86 0.00714286
26 25 0.138158
26 27 0.230216
26 29 0.0305344
26 55 0.00588235
26 57 0.147541
26 87 0.0481928
27 26 0.230216
27 29 0.380435
27 57 0.0277778
27 58 0.0319149
27 88 0.0294118
28 29 0.0526316
28 58 0.5
28 59 0.027972
28 60 0.178082
28 88 0.0465116
29 26 0.0305344
29 27 0.380435
29 28 0.0526316
29 58 0.395349
29 88 0.0212766
30 60 0.0833333
30 61 0.056338
31 0 0.155738
31 1 0.0232558
31 2 0.00869565
31 32 0.242553
31 33 0.0301508
31 62 0.204678
32 1 0.00595238
32 2 0.282528
32 31 0.242553
32 33 0.302521
32 34 0.00757576
32 62 0.0238095
32 64 0.0258621
33 2 0.0600858
33 3 0.00689655
33 31 0.0301508
33 32 0.302521
33 34 0.0482456
33 35 0.0146341
33 62 0.0689655
33 63 0.0188679
33 64 0.30102
33 93 0.010929
33 94 0.00925926
34 2 0.177606
34 3 0.0818713
34 4 0.0756972
34 32 0.00757576
34 33 0.0482456
34 35 0.277056
34 36 0.0180995
34 64 0.00900901
34 66 0.0451977
34 67 0.0844444
35 2 0.0762712
35 3 0.0945946
35 4 0.00438596
35 33 0.0146341
35 34 0.277056
35 36 0.0909091
35 65 0.0324074
35 66 0.227273
35 67 0.178218
36 4 0.380734
36 5 0.152542
36 6 0.0528846
36 7 0.0322581
36 34 0.0180995
36 35 0.0909091
36 67 0.0572917
36 68 0.0194175
37 4 0.0141509
37 6 0.019802
37 38 0.0103093
37 67 0.188172
37 68 0.335
37 69 0.0136986
37 98 0.0915033
37 99 0.0978261
37 100 0.170588
38 6 0.218182
38 7 0.0538922
38 8 0.0935961
38 37 0.0103093
38 39 0.283333
38 40 0.0218579
38 68 0.0963303
38 70 0.0351759
38 100 0.0265957
39 6 0.0212766
39 7 0.00740741
39 8 0.00584795
39 9 0.0380435
39 38 0.283333
39 40 0.271523
39 70 0.269461
39 71 0.0595238
39 72 0.0137931
39 100 0.0320513
40 8 0.0862069
40 9 0.176471
40 38 0.0218579
40 39 0.271523
40 42 0.0181818
40 70 0.0294118
40 72 0.128378
41 11 0.272727
41 42 0.202899
41 43 0.027027
41 72 0.0413223
42 9 0.010101
42 10 0.12
42 11 0.283019
42 12 0.108844
42 13 0.00574713
42 40 0.0181818
42 41 0.202899
42 43 0.322581
42 72 0.125786
42 73 0.00787402
42 74 0.00694444
42 75 0.0526316
43 10 0.01875
43 11 0.00591716
43 12 0.00636943
43 13 0.00543478
43 41 0.027027
43 42 0.322581
43 72 0.189349
43 73 0.211679
43 74 0.0844156
43 75 0.425414
43 104 0.00588235
44 13 0.0615385
44 14 0.0278884
44 45 0.18018
44 46 0.004329
44 74 0.0909091
44 75 0.0416667
44 76 0.230769
44 77 0.208333
44 105 0.050505
44 107 0.00813008
44 108 0.0483092
45 12 0.00581395
45 13 0.125628
45 14 0.337255
45 15 0.0410959
45 16 0.00729927
45 44 0.18018
45 46 0.0638298
45 76 0.0888889
45 108 0.0189573
46 14 0.299242
46 44 0.004329
46 45 0.0638298
46 47 0.162037
46 48 0.00858369
46 76 0.0641026
46 78 0.357955
46 108 0.109091
46 109 0.0434783
47 14 0.101695
47 16 0.0254237
47 18 0.0546448
47 46 0.162037
47 48 0.160976
47 49 0.0223464
47 78 0.00675676
47 79 0.0229885
48 18 0.29
48 20 0.0052356
48 46 0.00858369
48 47 0.160976
48 49 0.234694
48 50 0.0418848
48 79 0.172775
48 81 0.0319149
48 108 0.00478469
48 109 0.0247934
49 18 0.045977
49 19 0.237805
49 20 0.0181818
49 47 0.0223464
49 48 0.234694
49 50 0.206061
49 51 0.0509554
49 79 0.0121212
49 81 0.185185
49 82 0.0316742
50 18 0.0591716
50 19 0.194969
50 20 0.41875
50 48 0.0418848
50 49 0.206061
50 51 0.25
50 52 0.0461538
50 81 0.0127389
50 82 0.0740741
51 18 0.0186335
51 19 0.0463576
51 20 0.223684
51 49 0.0509554
51 50 0.25
51 52 0.0748663
51 82 0.149038
51 83 0.0127389
52 19 0.0927835
52 20 0.0307692
52 21 0.00729927
52 22 0.0217391
52 23 0.25
52 50 0.0461538
52 51 0.0748663
52 53 0.0915751
52 54 0.0414747
52 82 0.258964
52 84 0.0224215
53 52 0.0915751
53 54 0.265385
53 82 0.0170068
53 83 0.00411523
53 84 0.451128
53 85 0.00413223
53 86 0.00425532
53 116 0.0148148
53 117 0.105611
54 23 0.0903226
54 24 0.121693
54 52 0.0414747
54 53 0.265385
54 55 0.00546448
54 56 0.0174419
54 84 0.0380952
54 86 0.0111732
54 117 0.00404858
55 24 0.39881
55 25 0.326389
55 26 0.00588235
55 54 0.00546448
55 56 0.344371
55 57 0.00571429
55 86 0.0379747
55 117 0.00884956
56 24 0.184713
56 25 0.203008
56 54 0.0174419
56 55 0.344371
56 57 0.0487805
56 85 0.0194805
56 86 0.319728
56 87 0.0136054
56 117 0.0465116
57 25 0.0254777
57 26 0.147541
57 27 0.0277778
57 55 0.00571429
57 56 0.0487805
57 85 0.0168539
57 86 0.0526316
57 87 0.233918
57 88 0.438356
57 89 0.0183486
57 119 0.0120482
58 27 0.0319149
58 28 0.5
58 29 0.395349
58 60 0.0843373
58 88 0.135417
58 89 0.0338983
59 28 0.027972
59 60 0.00675676
59 88 0.00621118
59 89 0.0241935
59 90 0.189655
59 91 0.144231
59 120 0.211957
59 121 0.0692641
59 122 0.00921659
60 28 0.178082
60 30 0.0833333
60 58 0.0843373
60 59 0.00675676
60 61 0.0674157
60 91 0.173913
61 30 0.056338
61 60 0.0674157
61 91 0.261745
61 92 0.00925926
62 31 0.204678
62 32 0.0238095
62 33 0.0689655
62 63 0.00763359
62 64 0.0238095
62 93 0.16129
62 94 0.0797872
62 95 0.0136054
63 33 0.0188679
63 62 0.00763359
63 64 0.0784314
63 93 0.142857
63 94 0.427746
63 95 0.0151515
63 124 0.0186335
63 126 0.0184049
64 32 0.0258621
64 33 0.30102
64 34 0.00900901
64 62 0.0238095
64 63 0.0784314
64 65 0.140097
64 93 0.0169492
64 94 0.266667
64 95 0.260355
64 126 0.03
64 127 0.020202
65 35 0.0324074
65 64 0.140097
65 66 0.141975
65 94 0.0220264
65 95 0.0376344
65 96 0.0346821
65 97 0.213415
65 126 0.0138249
65 127 0.502326
65 128 0.0121951
66 34 0.0451977
66 35 0.227273
66 65 0.141975
66 67 0.0810811
66 97 0.137255
66 129 0.123894
67 4 0.0630631
67 34 0.0844444
67 35 0.178218
67 36 0.0572917
67 37 0.188172
67 66 0.0810811
67 68 0.214286
67 98 0.177914
67 129 0.0807453
68 4 0.127119
68 6 0.079646
68 36 0.0194175
68 37 0.335
68 38 0.0963303
68 67 0.214286
68 98 0.0734463
68 99 0.00961538
68 100 0.0206186
69 37 0.0136986
69 70 0.013245
69 71 0.0921053
69 99 0.525974
69 100 0.121429
69 129 0.00826446
70 38 0.0351759
70 39 0.269461
70 40 0.0294118
70 69 0.013245
70 71 0.454545
70 72 0.0487805
70 99 0.021164
70 100 0.154286
70 101 0.151515
70 102 0.0136054
70 133 0.0698925
71 39 0.0595238
71 69 0.0921053
71 70 0.454545
71 72 0.0727273
71 99 0.0526316
71 100 0.142045
71 101 0.0240964
71 133 0.0106952
72 39 0.0137931
72 40 0.128378
72 41 0.0413223
72 42 0.125786
72 43 0.189349
72 70 0.0487805
72 71 0.0727273
72 73 0.0454545
72 102 0.008
72 133 0.0487805
73 42 0.00787402
73 43 0.211679
73 72 0.0454545
73 74 0.0631579
73 75 0.163934
73 102 0.0107527
73 103 0.00862069
73 104 0.00900901
73 133 0.0454545
73 134 0.0314961
73 135 0.413043
74 13 0.0211268
74 42 0.00694444
74 43 0.0844156
74 44 0.0909091
74 73 0.0631579
74 75 0.489209
74 104 0.125
74 105 0.0551724
74 106 0.0136054
74 135 0.0458716
75 12 0.0211268
75 13 0.0177515
75 42 0.0526316
75 43 0.425414
75 44 0.0416667
75 73 0.163934
75 74 0.489209
75 104 0.0258065
75 105 0.00581395
75 106 0.0172414
75 135 0.0735294
76 13 0.00505051
76 14 0.011811
76 44 0.230769
76 45 0.0888889
76 46 0.0641026
76 77 0.0877193
76 78 0.0301205
76 105 0.0447761
76 106 0.0935961
76 107 0.0481928
76 108 0.261905
76 139 0.0631579
77 44 0.208333
77 76 0.0877193
77 105 0.0540541
77 106 0.0533333
77 107 0.295918
77 108 0.0700637
77 139 0.0145985
78 14 0.0255102
78 46 0.357955
78 47 0.00675676
78 76 0.0301205
78 79 0.00746269
78 108 0.0328947
78 109 0.0324324
78 110 0.0143885
79 47 0.0229885
79 48 0.172775
79 49 0.0121212
79 78 0.00746269
79 81 0.00636943
79 109 0.35545
79 110 0.0242424
80 81 0.216216
80 82 0.00409836
80 111 0.485577
80 113 0.0263158
80 142 0.039548
80 143 0.00540541
80 144 0.0102564
81 19 0.0641026
81 48 0.0319149
81 49 0.185185
81 50 0.0127389
81 79 0.00636943
81 80 0.216216
81 82 0.0234742
81 109 0.0576923
81 111 0.163842
81 144 0.0121951
82 19 0.162791
82 49 0.0316742
82 50 0.0740741
82 51 0.149038
82 52 0.258964
82 53 0.0170068
82 80 0.00409836
82 81 0.0234742
82 83 0.126697
82 84 0.0655738
82 114 0.0262009
82 144 0.134529
83 51 0.0127389
83 53 0.00411523
83 82 0.126697
83 84 0.0725389
83 113 0.0310078
83 114 0.483146
83 115 0.142012
83 116 0.0253807
83 144 0.133721
83 146 0.0689655
84 52 0.0224215
84 53 0.451128
84 54 0.0380952
84 82 0.0655738
84 83 0.0725389
84 114 0.00995025
84 115 0.0416667
84 116 0.1
84 117 0.00790514
84 144 0.0102564
85 53 0.00413223
85 56 0.0194805
85 57 0.0168539
85 86 0.180124
85 87 0.0248447
85 116 0.0714286
85 117 0.213974
85 118 0.232
85 146 0.0148515
85 147 0.0406091
85 148 0.160976
85 149 0.05
86 24 0.0426829
86 25 0.00714286
86 53 0.00425532
86 54 0.0111732
86 55 0.0379747
86 56 0.319728
86 57 0.0526316
86 85 0.180124
86 87 0.00649351
86 116 0.021164
86 117 0.337838
86 118 0.00847458
86 119 0.00671141
86 149 0.00653595
87 26 0.0481928
87 56 0.0136054
87 57 0.233918
87 85 0.0248447
87 86 0.00649351
87 88 0.0232558
87 117 0.00900901
87 118 0.0338983
87 119 0.00671141
87 149 0.169935
88 27 0.0294118
88 28 0.0465116
88 29 0.0212766
88 57 0.438356
88 58 0.135417
88 59 0.00621118
88 87 0.0232558
88 89 0.19403
88 119 0.0241935
88 120 0.015748
88 149 0.046875
89 57 0.0183486
89 58 0.0338983
89 59 0.0241935
89 88 0.19403
89 119 0.0804598
89 120 0.122222
90 59 0.189655
90 91 0.0609756
90 92 0.0894309
90 121 0.0748663
90 122 0.0924855
91 59 0.144231
91 60 0.173913
91 61 0.261745
91 90 0.0609756
91 92 0.0700637
92 61 0.00925926
92 90 0.0894309
92 91 0.0700637
92 122 0.0421687
92 123 0.222222
93 33 0.010929
93 62 0.16129
93 63 0.142857
93 64 0.0169492
93 94 0.0964467
93 124 0.216216
93 125 0.0424242
93 126 0.00534759
93 155 0.326667
94 33 0.00925926
94 62 0.0797872
94 63 0.427746
94 64 0.266667
94 65 0.0220264
94 93 0.0964467
94 95 0.0899471
94 124 0.0458716
94 125 0.00505051
94 126 0.131818
94 155 0.00546448
95 62 0.0136054
95 63 0.0151515
95 64 0.260355
95 65 0.0376344
95 94 0.0899471
95 124 0.0169492
95 125 0.0573248
95 126 0.318436
95 127 0.00564972
96 65 0.0346821
96 126 0.0060241
96 127 0.195122
96 128 0.0265487
96 156 0.0636943
96 157 0.0179641
96 158 0.12
96 159 0.0227273
97 65 0.213415
97 66 0.137255
97 98 0.025641
97 127 0.0387097
97 128 0.163462
97 129 0.243478
97 161 0.00689655
98 37 0.0915033
98 67 0.177914
98 68 0.0734463
98 97 0.025641
98 99 0.0124224
98 100 0.0272109
98 128 0.00854701
98 129 0.21875
98 130 0.0330578
98 131 0.0625
98 161 0.0443038
99 37 0.0978261
99 68 0.00961538
99 69 0.525974
99 70 0.021164
99 71 0.0526316
99 98 0.0124224
99 100 0.376404
99 101 0.0654762
99 129 0.106918
99 131 0.00483092
99 161 0.021164
99 162 0.00537634
100 37 0.170588
100 38 0.0265957
100 39 0.0320513
100 68 0.0206186
100 69 0.121429
100 70 0.154286
100 71 0.142045
100 98 0.0272109
100 99 0.376404
100 101 0.181818
100 129 0.00689655
100 131 0.0207254
100 161 0.00571429
100 162 0.0116279
100 163 0.00606061
101 70 0.151515
101 71 0.0240964
101 99 0.0654762
101 100 0.181818
101 102 0.126984
101 131 0.010929
101 132 0.0542636
101 133 0.181818
101 162 0.0308642
101 163 0.148387
101 164 0.0338983
102 70 0.0136054
102 72 0.008
102 73 0.0107527
102 101 0.126984
102 103 0.0534351
102 132 0.036036
102 133 0.346939
102 134 0.0774648
102 135 0.0186916
102 163 0.0291971
102 164 0.00628931
103 73 0.00862069
103 102 0.0534351
103 133 0.164706
103 134 0.466667
103 164 0.0879121
104 43 0.00588235
104 73 0.00900901
104 74 0.125
104 75 0.0258065
104 105 0.26087
104 135 0.192
104 137 0.00531915
104 166 0.144928
104 167 0.0426829
105 44 0.050505
105 74 0.0551724
105 75 0.00581395
105 76 0.0447761
105 77 0.0540541
105 104 0.26087
105 106 0.327778
105 107 0.00442478
105 137 0.0097561
105 169 0.0544218
106 74 0.0136054
106 75 0.0172414
106 76 0.0935961
106 77 0.0533333
106 105 0.327778
106 107 0.0964912
106 137 0.0917874
106 138 0.131034
106 139 0.00591716
106 167 0.0327869
106 169 0.201342
107 44 0.00813008
107 76 0.0481928
107 77 0.295918
107 105 0.00442478
107 106 0.0964912
107 108 0.165957
107 110 0.0045045
107 138 0.0575916
107 139 0.344186
107 140 0.0197628
107 169 0.0358974
108 44 0.0483092
108 45 0.0189573
108 46 0.109091
108 48 0.00478469
108 76 0.261905
108 77 0.0700637
108 78 0.0328947
108 107 0.165957
108 109 0.0524017
108 110 0.131148
108 139 0.136364
109 46 0.0434783
109 48 0.0247934
109 78 0.0324324
109 79 0.35545
109 81 0.0576923
109 108 0.0524017
109 110 0.305556
109 111 0.047619
109 139 0.0191388
109 140 0.00809717
109 141 0.0731707
109 142 0.02
110 78 0.0143885
110 79 0.0242424
110 107 0.0045045
110 108 0.131148
110 109 0.305556
110 139 0.141104
110 140 0.0995025
110 141 0.06
110 171 0.00555556
110 172 0.00588235
111 80 0.485577
111 81 0.163842
111 109 0.047619
111 113 0.00694444
111 142 0.230769
111 143 0.0225989
111 144 0.0213904
112 113 0.0458015
112 142 0.0128205
112 143 0.268293
112 144 0.195402
112 145 0.144509
112 174 0.0148515
112 175 0.0284091
112 176 0.00694444
113 80 0.0263158
113 83 0.0310078
113 111 0.00694444
113 112 0.0458015
113 114 0.0729927
113 115 0.0625
113 143 0.00826446
113 144 0.183206
113 145 0.184615
114 82 0.0262009
114 83 0.483146
114 84 0.00995025
114 113 0.0729927
114 115 0.101695
114 144 0.0833333
114 146 0.109005
115 83 0.142012
115 84 0.0416667
115 113 0.0625
115 114 0.101695
115 116 0.112245
115 144 0.122807
115 145 0.194118
115 146 0.193069
115 174 0.0100503
115 178 0.00502513
116 53 0.0148148
116 83 0.0253807
116 84 0.1
116 85 0.0714286
116 86 0.021164
116 115 0.112245
116 117 0.105058
116 146 0.278261
116 147 0.0666667
116 148 0.128755
117 53 0.105611
117 54 0.00404858
117 55 0.00884956
117 56 0.0465116
117 84 0.00790514
117 85 0.213974
117 86 0.337838
117 87 0.00900901
117 116 0.105058
117 118 0.00537634
117 146 0.0114068
118 85 0.232
118 86 0.00847458
118 87 0.0338983
118 117 0.00537634
118 147 0.0454545
118 148 0.123457
118 149 0.0940171
118 180 0.0212766
119 57 0.0120482
119 86 0.00671141
119 87 0.00671141
119 88 0.0241935
119 89 0.0804598
119 120 0.0408163
119 149 0.243243
119 150 0.299145
119 151 0.0135135
119 179 0.0394737
119 180 0.016
120 59 0.211957
120 88 0.015748
120 89 0.122222
120 119 0.0408163
120 121 0.126904
120 122 0.0437158
120 150 0.025
120 151 0.0198676
120 152 0.0594595
120 183 0.0182927
121 59 0.0692641
121 90 0.0748663
121 120 0.126904
121 122 0.304348
121 152 0.0646552
121 183 0.165877
122 59 0.00921659
122 90 0.0924855
122 92 0.0421687
122 120 0.0437158
122 121 0.304348
122 123 0.0594595
122 152 0.0917431
122 153 0.136986
122 183 0.0558376
123 92 0.222222
123 122 0.0594595
123 153 0.165217
123 154 0.223684
124 63 0.0186335
124 93 0.216216
124 94 0.0458716
124 95 0.0169492
124 125 0.365591
124 126 0.0913462
124 155 0.19883
124 156 0.0201005
124 157 0.0478469
124 186 0.217949
124 187 0.0647059
125 93 0.0424242
125 94 0.00505051
125 95 0.0573248
125 124 0.365591
125 126 0.12234
125 155 0.0397351
125 156 0.00558659
125 157 0.037037
125 186 0.0147059
125 187 0.0533333
125 188 0.023622
126 63 0.0184049
126 64 0.03
126 65 0.0138249
126 93 0.00534759
126 94 0.131818
126 95 0.318436
126 96 0.0060241
126 124 0.0913462
126 125 0.12234
126 127 0.0192308
126 155 0.0115607
126 156 0.144279
126 157 0.170616
126 187 0.0116279
127 64 0.020202
127 65 0.502326
127 95 0.00564972
127 96 0.195122
127 97 0.0387097
127 126 0.0192308
127 128 0.0516129
127 156 0.00502513
128 65 0.0121951
128 96 0.0265487
128 97 0.163462
128 98 0.00854701
128 127 0.0516129
128 129 0.0347826
128 158 0.120567
128 159 0.243902
128 160 0.181818
128 161 0.0551724
128 190 0.119048
128 191 0.0223881
129 66 0.123894
129 67 0.0807453
129 69 0.00826446
129 97 0.243478
129 98 0.21875
129 99 0.106918
129 100 0.00689655
129 128 0.0347826
129 161 0.0833333
130 98 0.0330578
130 131 0.407186
130 132 0.00884956
130 161 0.0201342
130 162 0.0547945
130 163 0.0215827
131 98 0.0625
131 99 0.00483092
131 100 0.0207254
131 101 0.010929
131 130 0.407186
131 132 0.0119048
131 161 0.240196
131 162 0.333333
131 163 0.103093
131 191 0.0103627
131 192 0.00921659
132 101 0.0542636
132 102 0.036036
132 130 0.00884956
132 131 0.0119048
132 162 0.0612245
132 163 0.428571
132 164 0.0123457
132 195 0.0115607
133 70 0.0698925
133 71 0.0106952
133 72 0.0487805
133 73 0.0454545
133 101 0.181818
133 102 0.346939
133 103 0.164706
133 134 0.19337
133 135 0.00684932
133 163 0.00568182
133 164 0.131313
133 195 0.0909091
134 73 0.0314961
134 102 0.0774648
134 103 0.466667
134 133 0.19337
134 135 0.0070922
134 164 0.0829016
134 165 0.0101523
134 167 0.183333
134 195 0.122549
135 73 0.413043
135 74 0.0458716
135 75 0.0735294
135 102 0.0186916
135 104 0.192
135 133 0.00684932
135 134 0.0070922
135 166 0.0336134
135 167 0.0689655
136 137 0.495192
136 138 0.00684932
136 167 0.152174
136 168 0.0246914
136 169 0.0266667
136 198 0.010101
136 199 0.0555556
136 200 0.00552486
137 104 0.00531915
137 105 0.0097561
137 106 0.0917874
137 136 0.495192
137 138 0.1
137 167 0.221154
137 168 0.00537634
137 169 0.235632
138 106 0.131034
138 107 0.0575916
138 136 0.00684932
138 137 0.1
138 139 0.0378788
138 140 0.0352941
138 169 0.321429
138 170 0.00714286
138 200 0.0769231
139 76 0.0631579
139 77 0.0145985
139 106 0.00591716
139 107 0.344186
139 108 0.136364
139 109 0.0191388
139 110 0.141104
139 138 0.0378788
139 140 0.14433
139 141 0.00518135
139 169 0.0220588
139 171 0.00578035
140 107 0.0197628
140 109 0.00809717
140 110 0.0995025
140 138 0.0352941
140 139 0.14433
140 141 0.17316
140 169 0.0689655
140 170 0.356436
140 171 0.118483
140 172 0.0298507
140 200 0.0487805
140 202 0.00574713
140 203 0.0192308
141 109 0.0731707
141 110 0.06
141 139 0.00518135
141 140 0.17316
141 142 0.0543478
141 143 0.078125
141 170 0.0248756
141 171 0.385714
141 172 0.12
141 173 0.0231481
141 203 0.0387097
141 204 0.0277778
142 80 0.039548
142 109 0.02
142 111 0.230769
142 112 0.0128205
142 141 0.0543478
142 143 0.30137
142 144 0.00641026
142 175 0.0253165
142 204 0.00588235
142 205 0.146341
143 80 0.00540541
143 111 0.0225989
143 112 0.268293
143 113 0.00826446
143 141 0.078125
143 142 0.30137
143 144 0.0243902
143 171 0.00581395
143 172 0.0123457
143 173 0.0674157
143 174 0.0104167
143 175 0.144578
143 204 0.0561798
143 205 0.175573
144 80 0.0102564
144 81 0.0121951
144 82 0.134529
144 83 0.133721
144 84 0.0102564
144 111 0.0213904
144 112 0.195402
144 113 0.183206
144 114 0.0833333
144 115 0.122807
144 142 0.00641026
144 143 0.0243902
144 145 0.0924855
145 112 0.144509
145 113 0.184615
145 115 0.194118
145 144 0.0924855
145 174 0.134328
145 175 0.0228571
145 176 0.0559441
145 177 0.103627
145 178 0.0149254
145 205 0.00714286
145 206 0.013986
145 208 0.00483092
146 83 0.0689655
146 85 0.0148515
146 114 0.109005
146 115 0.193069
146 116 0.278261
146 117 0.0114068
146 147 0.112554
146 148 0.100418
146 178 0.0171674
147 85 0.0406091
147 116 0.0666667
147 118 0.0454545
147 146 0.112554
147 148 0.384615
147 177 0.00454545
147 178 0.162281
147 208 0.0512821
147 210 0.0783133
148 85 0.160976
148 116 0.128755
148 118 0.123457
148 146 0.100418
148 147 0.384615
148 149 0.00507614
148 178 0.029661
148 180 0.00574713
148 210 0.0114943
149 85 0.05
149 86 0.00653595
149 87 0.169935
149 88 0.046875
149 118 0.0940171
149 119 0.243243
149 148 0.00507614
149 150 0.00826446
149 180 0.124031
150 119 0.299145
150 120 0.025
150 149 0.00826446
150 151 0.0743802
150 179 0.336
150 181 0.0756303
150 182 0.012987
151 119 0.0135135
151 120 0.0198676
151 150 0.0743802
151 152 0.215054
151 179 0.00641026
151 181 0.0133333
151 182 0.101852
151 183 0.163636
151 184 0.0266667
151 212 0.00699301
151 213 0.16129
151 214 0.00632911
152 120 0.0594595
152 121 0.0646552
152 122 0.0917431
152 151 0.215054
152 153 0.0743243
152 183 0.356784
152 184 0.0326087
152 213 0.00529101
153 122 0.136986
153 123 0.165217
153 152 0.0743243
153 154 0.0442478
153 184 0.116071
153 214 0.00833333
154 123 0.223684
154 153 0.0442478
154 184 0.0939597
154 185 0.151351
154 215 0.0228571
155 93 0.326667
155 94 0.00546448
155 124 0.19883
155 125 0.0397351
155 126 0.0115607
155 186 0.0495868
156 96 0.0636943
156 124 0.0201005
156 125 0.00558659
156 126 0.144279
156 127 0.00502513
156 157 0.504951
156 158 0.0702703
156 187 0.0306748
156 190 0.00588235
157 96 0.0179641
157 124 0.0478469
157 125 0.037037
157 126 0.170616
157 156 0.504951
157 158 0.0102564
157 187 0.115607
157 188 0.153333
157 190 0.0166667
158 96 0.12
158 128 0.120567
158 156 0.0702703
158 157 0.0102564
158 159 0.2375
158 160 0.0111111
158 190 0.521472
159 96 0.0227273
159 128 0.243902
159 158 0.2375
159 160 0.253086
159 189 0.0392157
159 190 0.441379
159 191 0.0261438
160 128 0.181818
160 158 0.0111111
160 159 0.253086
160 161 0.0706522
160 189 0.00819672
160 190 0.10303
160 191 0.410405
160 193 0.0118343
160 220 0.00740741
160 222 0.00719424
160 223 0.00775194
161 97 0.00689655
161 98 0.0443038
161 99 0.021164
161 100 0.00571429
161 128 0.0551724
161 129 0.0833333
161 130 0.0201342
161 131 0.240196
161 160 0.0706522
161 162 0.136612
161 191 0.182857
161 192 0.0251256
161 193 0.0116959
161 224 0.0215827
162 99 0.00537634
162 100 0.0116279
162 101 0.0308642
162 130 0.0547945
162 131 0.333333
162 132 0.0612245
162 161 0.136612
162 163 0.150289
162 164 0.0923077
162 191 0.0232558
162 192 0.117347
162 193 0.0178571
162 224 0.0220588
162 226 0.00995025
163 100 0.00606061
163 101 0.148387
163 102 0.0291971
163 130 0.0215827
163 131 0.103093
163 132 0.428571
163 133 0.00568182
163 162 0.150289
163 164 0.0904255
163 192 0.00529101
163 193 0.00621118
163 195 0.0904523
164 101 0.0338983
164 102 0.00628931
164 103 0.0879121
164 132 0.0123457
164 133 0.131313
164 134 0.0829016
164 162 0.0923077
164 163 0.0904255
164 165 0.0046729
164 192 0.0995261
164 193 0.010929
164 194 0.0365854
164 195 0.180995
164 226 0.217593
164 227 0.0225989
165 134 0.0101523
165 164 0.0046729
165 166 0.182857
165 167 0.104478
165 168 0.0391061
165 195 0.288889
165 196 0.169014
165 198 0.0976744
165 227 0.038674
165 228 0.0052356
166 104 0.144928
166 135 0.0336134
166 165 0.182857
166 167 0.164557
166 168 0.154412
167 104 0.0426829
167 106 0.0327869
167 134 0.183333
167 135 0.0689655
167 136 0.152174
167 137 0.221154
167 165 0.104478
167 166 0.164557
167 168 0.0864198
167 195 0.00480769
167 198 0.00505051
167 230 0.0238095
168 136 0.0246914
168 137 0.00537634
168 165 0.0391061
168 166 0.154412
168 167 0.0864198
168 198 0.170455
168 229 0.0393258
168 230 0.292553
168 231 0.0240964
169 105 0.0544218
169 106 0.201342
169 107 0.0358974
169 136 0.0266667
169 137 0.235632
169 138 0.321429
169 139 0.0220588
169 140 0.0689655
169 170 0.0138889
169 200 0.0136054
169 230 0.0568182
170 138 0.00714286
170 140 0.356436
170 141 0.0248756
170 169 0.0138889
170 171 0.0220994
170 172 0.0292398
170 199 0.00724638
170 200 0.154286
170 201 0.04
170 202 0.0416667
170 230 0.0147059
170 231 0.032967
170 232 0.118644
170 233 0.172775
171 110 0.00555556
171 139 0.00578035
171 140 0.118483
171 141 0.385714
171 143 0.00581395
171 170 0.0220994
171 172 0.35
171 173 0.0357143
171 202 0.111111
171 203 0.0666667
171 204 0.0510204
171 233 0.07
171 234 0.0304569
172 110 0.00588235
172 140 0.0298507
172 141 0.12
172 143 0.0123457
172 170 0.0292398
172 171 0.35
172 173 0.129032
172 202 0.216783
172 203 0.008
172 204 0.166667
172 233 0.0526316
172 234 0.0641711
173 141 0.0231481
173 143 0.0674157
173 171 0.0357143
173 172 0.129032
173 175 0.0789474
173 203 0.0141844
173 204 0.391089
173 205 0.0129032
173 234 0.044335
173 235 0.218182
173 236 0.021164
173 237 0.0375587
174 112 0.0148515
174 115 0.0100503
174 143 0.0104167
174 145 0.134328
174 175 0.210784
174 176 0.290698
174 177 0.297297
174 178 0.0130435
174 205 0.0295858
174 206 0.383721
174 207 0.00598802
174 237 0.0176211
174 238 0.0205128
175 112 0.0284091
175 142 0.0253165
175 143 0.144578
175 145 0.0228571
175 173 0.0789474
175 174 0.210784
175 176 0.0342466
175 177 0.0969388
175 204 0.0473684
175 205 0.363636
175 206 0.0958904
175 236 0.0621469
175 237 0.039801
175 238 0.0414201
176 112 0.00694444
176 145 0.0559441
176 174 0.290698
176 175 0.0342466
176 177 0.176829
176 206 0.263158
176 208 0.0337079
176 237 0.0177515
176 238 0.00729927
177 145 0.103627
177 147 0.00454545
177 174 0.297297
177 175 0.0969388
177 176 0.176829
177 178 0.175676
177 205 0.00621118
177 206 0.0487805
177 207 0.0440252
177 208 0.127193
177 237 0.0502283
177 238 0.181818
178 115 0.00502513
178 145 0.0149254
178 146 0.0171674
178 147 0.162281
178 148 0.029661
178 174 0.0130435
178 177 0.175676
178 207 0.0718563
178 208 0.533898
178 210 0.0238095
178 238 0.0205128
178 240 0.00552486
179 119 0.0394737
179 150 0.336
179 151 0.00641026
179 180 0.0676692
179 181 0.253247
179 210 0.112782
179 211 0.0632911
179 212 0.0136054
180 118 0.0212766
180 119 0.016
180 148 0.00574713
180 149 0.124031
180 179 0.0676692
180 209 0.0982143
180 210 0.198113
181 150 0.0756303
181 151 0.0133333
181 179 0.253247
181 182 0.0471698
181 183 0.00613497
181 210 0.0314961
181 211 0.368421
181 212 0.234043
182 150 0.012987
182 151 0.101852
182 181 0.0471698
182 184 0.00943396
182 212 0.0707071
182 213 0.342342
182 214 0.0175439
182 243 0.0972222
182 245 0.0340909
183 120 0.0182927
183 121 0.165877
183 122 0.0558376
183 151 0.163636
183 152 0.356784
183 181 0.00613497
183 213 0.130952
184 151 0.0266667
184 152 0.0326087
184 153 0.116071
184 154 0.0939597
184 182 0.00943396
184 185 0.0163043
184 213 0.0392157
184 214 0.365385
184 215 0.045977
184 244 0.015625
184 245 0.176923
184 246 0.0508475
185 154 0.151351
185 184 0.0163043
185 215 0.209524
185 216 0.288235
185 247 0.015873
186 124 0.217949
186 125 0.0147059
186 155 0.0495868
186 187 0.108333
186 217 0.114583
187 124 0.0647059
187 125 0.0533333
187 126 0.0116279
187 156 0.0306748
187 157 0.115607
187 186 0.108333
187 188 0.0990991
187 217 0.181818
187 248 0.00840336
188 125 0.023622
188 157 0.153333
188 187 0.0990991
188 189 0.12
188 190 0.00847458
188 218 0.0752688
188 248 0.0104167
189 159 0.0392157
189 160 0.00819672
189 188 0.12
189 190 0.00952381
189 218 0.025
189 219 0.0117647
189 220 0.0533333
189 250 0.076087
190 128 0.119048
190 156 0.00588235
190 157 0.0166667
190 158 0.521472
190 159 0.441379
190 160 0.10303
190 188 0.00847458
190 189 0.00952381
190 191 0.0128205
190 223 0.0178571
191 128 0.0223881
191 131 0.0103627
191 159 0.0261438
191 160 0.410405
191 161 0.182857
191 162 0.0232558
191 190 0.0128205
191 192 0.0585106
191 193 0.075
191 220 0.015873
191 222 0.00769231
191 223 0.0333333
191 224 0.078125
192 131 0.00921659
192 161 0.0251256
192 162 0.117347
192 163 0.00529101
192 164 0.0995261
192 191 0.0585106
192 193 0.461957
192 194 0.0121212
192 224 0.118421
192 225 0.0283688
192 226 0.0921659
193 160 0.0118343
193 161 0.0116959
193 162 0.0178571
193 163 0.00621118
193 164 0.010929
193 191 0.075
193 192 0.461957
193 194 0.0145985
193 224 0.0322581
193 226 0.0529101
194 164 0.0365854
194 192 0.0121212
194 193 0.0145985
194 226 0.5
194 227 0.0458015
194 257 0.015625
194 258 0.00833333
195 132 0.0115607
195 133 0.0909091
195 134 0.122549
195 163 0.0904523
195 164 0.180995
195 165 0.288889
195 167 0.00480769
195 196 0.0134228
195 226 0.0440529
195 227 0.143617
195 228 0.010101
196 165 0.169014
196 195 0.0134228
196 198 0.0359712
196 227 0.161905
197 198 0.0114286
197 227 0.0141844
197 228 0.629139
197 229 0.0282486
197 258 0.00769231
197 259 0.0677966
197 260 0.00980392
197 261 0.05
198 136 0.010101
198 165 0.0976744
198 167 0.00505051
198 168 0.170455
198 196 0.0359712
198 197 0.0114286
198 199 0.0759494
198 228 0.12766
198 229 0.331776
198 230 0.133929
198 260 0.0863309
199 136 0.0555556
199 170 0.00724638
199 198 0.0759494
199 200 0.0070922
199 229 0.3125
199 230 0.1
199 231 0.0135135
199 232 0.0699301
199 261 0.0487805
200 136 0.00552486
200 138 0.0769231
200 140 0.0487805
200 169 0.0136054
200 170 0.154286
200 199 0.0070922
200 201 0.267974
200 229 0.00507614
200 230 0.188406
200 231 0.221622
200 232 0.105556
200 233 0.118557
201 170 0.04
201 200 0.267974
201 231 0.08125
201 232 0.0387097
201 233 0.242604
201 263 0.0129032
202 140 0.00574713
202 170 0.0416667
202 171 0.111111
202 172 0.216783
202 203 0.0408163
202 204 0.0188679
202 233 0.147239
202 234 0.13125
202 263 0.0738255
202 264 0.0337079
203 140 0.0192308
203 141 0.0387097
203 171 0.0666667
203 172 0.008
203 173 0.0141844
203 202 0.0408163
203 204 0.0212766
203 233 0.124138
203 234 0.211268
203 235 0.00961538
203 236 0.0078125
203 263 0.00763359
203 264 0.00625
204 141 0.0277778
204 142 0.00588235
204 143 0.0561798
204 171 0.0510204
204 172 0.166667
204 173 0.391089
204 175 0.0473684
204 202 0.0188679
204 203 0.0212766
204 205 0.00645161
204 234 0.182266
204 235 0.169697
204 236 0.0687831
204 263 0.00520833
204 264 0.00452489
204 266 0.0285714
205 142 0.146341
205 143 0.175573
205 145 0.00714286
205 173 0.0129032
205 174 0.0295858
205 175 0.363636
205 177 0.00621118
205 204 0.00645161
205 206 0.018018
205 236 0.0915493
205 238 0.0298507
206 145 0.013986
206 174 0.383721
206 175 0.0958904
206 176 0.263158
206 177 0.0487805
206 205 0.018018
206 238 0.00729927
207 174 0.00598802
207 177 0.0440252
207 178 0.0718563
207 208 0.0404624
207 237 0.0182927
207 238 0.257576
207 239 0.0769231
207 240 0.0254237
207 269 0.0285714
208 145 0.00483092
208 147 0.0512821
208 176 0.0337079
208 177 0.127193
208 178 0.533898
208 207 0.0404624
208 209 0.0166667
208 210 0.0632184
208 238 0.0149254
208 239 0.0100503
208 240 0.0695187
209 180 0.0982143
209 208 0.0166667
209 210 0.0625
209 239 0.131387
209 240 0.176
209 241 0.00793651
210 147 0.0783133
210 148 0.0114943
210 178 0.0238095
210 179 0.112782
210 180 0.198113
210 181 0.0314961
210 208 0.0632184
210 209 0.0625
210 211 0.0229008
210 240 0.0252101
210 241 0.0166667
210 272 0.0243902
211 179 0.0632911
211 181 0.368421
211 210 0.0229008
211 212 0.386207
211 241 0.0758621
211 242 0.0125786
211 243 0.00847458
211 272 0.25
211 273 0.115646
212 151 0.00699301
212 179 0.0136054
212 181 0.234043
212 182 0.0707071
212 211 0.386207
212 213 0.0136986
212 241 0.0149254
212 242 0.0945946
212 243 0.140187
212 272 0.0218978
212 273 0.0808824
213 151 0.16129
213 152 0.00529101
213 182 0.342342
213 183 0.130952
213 184 0.0392157
213 212 0.0136986
213 214 0.0124224
213 243 0.0840336
213 245 0.037037
213 274 0.04
214 151 0.00632911
214 153 0.00833333
214 182 0.0175439
214 184 0.365385
214 213 0.0124224
214 215 0.120879
214 243 0.00819672
214 244 0.117647
214 245 0.181159
214 246 0.0555556
214 275 0.05
214 276 0.068323
214 277 0.0193548
215 154 0.0228571
215 184 0.045977
215 185 0.209524
215 214 0.120879
215 246 0.131944
215 247 0.106145
215 277 0.196532
216 185 0.288235
216 247 0.215827
217 186 0.114583
217 187 0.181818
217 248 0.105263
217 279 0.0206186
218 188 0.0752688
218 189 0.025
218 248 0.158416
218 249 0.300971
218 280 0.0823529
219 189 0.0117647
219 220 0.0510204
219 250 0.226087
219 251 0.211009
219 282 0.0196078
220 160 0.00740741
220 189 0.0533333
220 191 0.015873
220 219 0.0510204
220 221 0.206897
220 222 0.108696
220 223 0.0121951
220 251 0.050505
221 220 0.206897
221 222 0.131868
221 251 0.112245
221 253 0.0879121
221 254 0.0571429
222 160 0.00719424
222 191 0.00769231
222 220 0.108696
222 221 0.131868
222 223 0.22093
222 225 0.060241
222 254 0.0666667
222 255 0.025
223 160 0.00775194
223 190 0.0178571
223 191 0.0333333
223 220 0.0121951
223 222 0.22093
223 224 0.166667
223 225 0.0273973
224 161 0.0215827
224 162 0.0220588
224 191 0.078125
224 192 0.118421
224 193 0.0322581
224 223 0.166667
224 225 0.0864198
225 192 0.0283688
225 222 0.060241
225 223 0.0273973
225 224 0.0864198
225 226 0.00684932
225 255 0.0895522
225 257 0.0192308
226 162 0.00995025
226 164 0.217593
226 192 0.0921659
226 193 0.0529101
226 194 0.5
226 195 0.0440529
226 225 0.00684932
226 227 0.185792
226 257 0.00555556
227 164 0.0225989
227 165 0.038674
227 194 0.0458015
227 195 0.143617
227 196 0.161905
227 197 0.0141844
227 226 0.185792
227 228 0.0974026
227 257 0.0638298
227 258 0.0150376
227 259 0.0247934
227 287 0.031746
228 165 0.0052356
228 195 0.010101
228 197 0.629139
228 198 0.12766
228 227 0.0974026
228 229 0.0684211
228 258 0.041958
228 259 0.206107
228 261 0.0130719
229 168 0.0393258
229 197 0.0282486
229 198 0.331776
229 199 0.3125
229 200 0.00507614
229 228 0.0684211
229 230 0.150442
229 231 0.107843
229 232 0.0502513
229 260 0.113475
229 261 0.0949721
229 292 0.011236
230 167 0.0238095
230 168 0.292553
230 169 0.0568182
230 170 0.0147059
230 198 0.133929
230 199 0.1
230 200 0.188406
230 229 0.150442
230 231 0.088785
230 232 0.0717703
231 168 0.0240964
231 170 0.032967
231 199 0.0135135
231 200 0.221622
231 201 0.08125
231 229 0.107843
231 230 0.088785
231 232 0.326203
231 233 0.00995025
231 260 0.0155039
231 261 0.011976
231 262 0.015544
231 294 0.0598802
232 170 0.118644
232 199 0.0699301
232 200 0.105556
232 201 0.0387097
232 229 0.0502513
232 230 0.0717703
232 231 0.326203
232 233 0.112245
232 261 0.0308642
232 262 0.0319149
232 263 0.0549451
232 264 0.00473934
233 170 0.172775
233 171 0.07
233 172 0.0526316
233 200 0.118557
233 201 0.242604
233 202 0.147239
233 203 0.124138
233 231 0.00995025
233 232 0.112245
233 234 0.0772947
233 263 0.168367
233 264 0.0177778
234 171 0.0304569
234 172 0.0641711
234 173 0.044335
234 202 0.13125
234 203 0.211268
234 204 0.182266
234 233 0.0772947
234 235 0.0361446
234 236 0.0368421
234 263 0.129534
234 264 0.0720721
234 265 0.0287081
234 266 0.123223
235 173 0.218182
235 203 0.00961538
235 204 0.169697
235 234 0.0361446
235 236 0.0394737
235 237 0.0909091
235 265 0.146199
235 266 0.0520231
235 299 0.0052356
236 173 0.021164
236 175 0.0621469
236 203 0.0078125
236 204 0.0687831
236 205 0.0915493
236 234 0.0368421
236 235 0.0394737
236 237 0.25
236 238 0.0595238
236 265 0.0307692
236 266 0.208122
236 269 0.0113636
236 299 0.027907
237 173 0.0375587
237 174 0.0176211
237 175 0.039801
237 176 0.0177515
237 177 0.0502283
237 207 0.0182927
237 235 0.0909091
237 236 0.25
237 238 0.177083
237 266 0.0542986
237 267 0.0462963
237 269 0.185
237 299 0.0543933
238 174 0.0205128
238 175 0.0414201
238 176 0.00729927
238 177 0.181818
238 178 0.0205128
238 205 0.0298507
238 206 0.00729927
238 207 0.257576
238 208 0.0149254
238 236 0.0595238
238 237 0.177083
238 239 0.0126582
238 269 0.0952381
239 207 0.0769231
239 208 0.0100503
239 209 0.131387
239 238 0.0126582
239 240 0.159722
239 267 0.010989
239 268 0.359477
239 269 0.156627
239 300 0.00485437
239 302 0.0628931
240 178 0.00552486
240 207 0.0254237
240 208 0.0695187
240 209 0.176
240 210 0.0252101
240 239 0.159722
240 241 0.270677
240 271 0.00649351
240 272 0.0220588
240 302 0.108844
241 209 0.00793651
241 210 0.0166667
241 211 0.0758621
241 212 0.0149254
241 240 0.270677
241 242 0.00675676
241 271 0.0258065
241 272 0.445255
241 273 0.00735294
241 302 0.0337838
242 211 0.0125786
242 212 0.0945946
242 241 0.00675676
242 243 0.123967
242 272 0.0331126
242 273 0.38
242 274 0.00657895
242 303 0.032
242 304 0.296774
243 182 0.0972222
243 211 0.00847458
243 212 0.140187
243 213 0.0840336
243 214 0.00819672
243 242 0.123967
243 244 0.0851064
243 273 0.0550459
243 274 0.225225
243 275 0.0508475
243 276 0.0168067
244 184 0.015625
244 214 0.117647
244 243 0.0851064
244 275 0.0606061
244 276 0.413534
245 182 0.0340909
245 184 0.176923
245 213 0.037037
245 214 0.181159
245 275 0.30597
245 276 0.0592593
245 277 0.00775194
245 307 0.00819672
246 184 0.0508475
246 214 0.0555556
246 215 0.131944
246 247 0.0162602
246 275 0.0245902
246 276 0.0162602
246 277 0.384615
246 308 0.00757576
247 185 0.015873
247 215 0.106145
247 216 0.215827
247 246 0.0162602
247 277 0.0460526
247 278 0.142857
247 308 0.143713
247 309 0.0939227
248 187 0.00840336
248 188 0.0104167
248 217 0.105263
248 218 0.158416
248 279 0.122642
248 280 0.0568182
249 218 0.300971
249 250 0.243478
249 280 0.0111111
249 313 0.0462963
250 189 0.076087
250 219 0.226087
250 249 0.243478
250 282 0.0183486
250 313 0.026087
251 219 0.211009
251 220 0.050505
251 221 0.112245
251 253 0.165049
251 282 0.0194175
252 254 0.0153846
252 283 0.294737
252 284 0.0927835
253 221 0.0879121
253 251 0.165049
253 254 0.0133333
253 282 0.0520833
253 283 0.12381
253 314 0.0238095
254 221 0.0571429
254 222 0.0666667
254 252 0.0153846
254 253 0.0133333
254 255 0.0677966
254 283 0.0833333
254 284 0.0581395
254 285 0.0545455
254 286 0.00952381
255 222 0.025
255 225 0.0895522
255 254 0.0677966
255 256 0.0465116
255 257 0.00990099
255 286 0.0363636
255 287 0.0465116
256 255 0.0465116
256 257 0.00813008
256 286 0.159091
256 287 0.138889
257 194 0.015625
257 225 0.0192308
257 226 0.00555556
257 227 0.0638298
257 255 0.00990099
257 256 0.00813008
257 258 0.346154
257 286 0.00680272
257 287 0.211382
257 288 0.00877193
257 289 0.0714286
257 318 0.0152672
258 194 0.00833333
258 197 0.00769231
258 227 0.0150376
258 228 0.041958
258 257 0.346154
258 259 0.227273
258 260 0.0106383
258 287 0.0173913
258 289 0.105769
259 197 0.0677966
259 227 0.0247934
259 228 0.206107
259 258 0.227273
259 260 0.158537
259 261 0.0833333
259 289 0.0434783
259 290 0.0291262
260 197 0.00980392
260 198 0.0863309
260 229 0.113475
260 231 0.0155039
260 258 0.0106383
260 259 0.158537
260 261 0.0865385
260 290 0.0114943
261 197 0.05
261 199 0.0487805
261 228 0.0130719
261 229 0.0949721
261 231 0.011976
261 232 0.0308642
261 259 0.0833333
261 260 0.0865385
261 262 0.0535714
261 290 0.144
261 291 0.0406504
261 292 0.148936
262 231 0.015544
262 232 0.0319149
262 261 0.0535714
262 263 0.101064
262 264 0.0506912
262 292 0.221557
262 293 0.0914634
262 294 0.119048
262 324 0.00628931
262 325 0.011236
263 201 0.0129032
263 202 0.0738255
263 203 0.00763359
263 204 0.00520833
263 232 0.0549451
263 233 0.168367
263 234 0.129534
263 262 0.101064
263 264 0.369668
263 265 0.030303
263 294 0.104938
263 295 0.070922
263 296 0.00826446
264 202 0.0337079
264 203 0.00625
264 204 0.00452489
264 232 0.00473934
264 233 0.0177778
264 234 0.0720721
264 262 0.0506912
264 263 0.369668
264 265 0.246696
264 266 0.0742358
264 294 0.0157068
264 295 0.0176471
264 296 0.00666667
264 297 0.0197044
265 234 0.0287081
265 235 0.146199
265 236 0.0307692
265 263 0.030303
265 264 0.246696
265 266 0.263889
265 295 0.00636943
265 296 0.00729927
265 297 0.242105
265 299 0.209402
266 204 0.0285714
266 234 0.123223
266 235 0.0520231
266 236 0.208122
266 237 0.0542986
266 264 0.0742358
266 265 0.263889
266 267 0.0140845
266 296 0.028777
