0 1 0.0186916
0 2 0.0909091
0 31 0.09375
1 0 0.0186916
1 2 0.0642202
1 3 0.205298
1 31 0.139535
1 32 0.20122
1 33 0.0331492
1 64 0.111732
2 0 0.0909091
2 1 0.0642202
2 3 0.159091
2 4 0.0227273
2 33 0.0169492
3 1 0.205298
3 2 0.159091
3 4 0.0348837
3 33 0.25625
3 64 0.0126582
4 2 0.0227273
4 3 0.0348837
4 5 0.0344828
4 6 0.0263158
4 33 0.00862069
4 35 0.104651
5 4 0.0344828
5 6 0.0361446
5 34 0.0662252
5 35 0.366412
5 36 0.0625
5 37 0.0942029
5 68 0.00571429
6 4 0.0263158
6 5 0.0361446
6 7 0.0322581
6 35 0.0243902
6 37 0.0449438
7 6 0.0322581
7 8 0.0232558
7 9 0.0285714
7 37 0.0581395
7 38 0.00909091
8 7 0.0232558
8 9 0.0537634
8 10 0.124031
8 38 0.255952
8 39 0.0522876
8 40 0.0409836
9 7 0.0285714
9 8 0.0537634
9 10 0.0128205
9 38 0.017094
10 8 0.124031
10 9 0.0128205
10 11 0.134454
10 40 0.0186916
10 41 0.104348
10 42 0.00900901
11 10 0.134454
11 12 0.129412
11 13 0.114286
11 14 0.0123457
11 41 0.0333333
11 42 0.0517241
11 75 0.0612245
12 11 0.129412
12 44 0.12987
12 45 0.114754
12 75 0.00925926
13 11 0.114286
13 14 0.016129
13 15 0.0446429
13 42 0.0515464
13 75 0.125
14 11 0.0123457
14 13 0.016129
14 15 0.0227273
14 16 0.00826446
14 45 0.0526316
15 13 0.0446429
15 14 0.0227273
15 16 0.116959
15 44 0.0650406
15 45 0.17757
15 46 0.0222222
15 75 0.142857
16 14 0.00826446
16 15 0.116959
16 17 0.226852
16 44 0.00641026
16 46 0.0297619
16 47 0.0744681
16 48 0.136364
17 16 0.226852
17 18 0.00645161
17 47 0.11
17 48 0.180851
17 49 0.0779817
17 50 0.0434783
17 80 0.0452261
18 17 0.00645161
18 19 0.0440252
18 20 0.243697
18 49 0.234483
18 52 0.00568182
19 18 0.0440252
19 20 0.285714
19 49 0.130631
19 50 0.12766
19 52 0.118577
19 81 0.113445
19 83 0.0509259
20 18 0.243697
20 19 0.285714
20 22 0.0705128
20 49 0.032967
20 50 0.027027
20 51 0.00609756
20 52 0.131455
20 81 0.0252525
20 83 0.00568182
21 22 0.35503
21 23 0.3125
21 24 0.154762
21 51 0.129944
21 52 0.0265487
21 53 0.147368
21 54 0.116788
21 55 0.100559
21 56 0.011236
22 20 0.0705128
22 21 0.35503
22 23 0.0347826
22 51 0.164634
22 52 0.164319
22 53 0.0847458
22 54 0.0322581
22 55 0.0120482
23 21 0.3125
23 22 0.0347826
23 24 0.149123
23 51 0.00813008
23 54 0.060241
23 55 0.04
23 56 0.016129
24 21 0.154762
24 23 0.149123
24 25 0.0287356
24 26 0.0230769
24 53 0.0852273
24 54 0.0243902
24 55 0.0181818
24 56 0.25
24 57 0.0891089
25 24 0.0287356
25 26 0.12
25 27 0.133333
25 28 0.0181818
25 56 0.0434783
25 57 0.346847
25 58 0.141553
25 89 0.010989
26 24 0.0230769
26 25 0.12
26 55 0.0070922
26 56 0.0214286
26 57 0.393258
26 58 0.0342857
26 88 0.0263158
27 25 0.133333
27 28 0.123967
27 29 0.0479452
27 58 0.0228571
27 59 0.0428571
27 89 0.00724638
28 25 0.0181818
28 27 0.123967
28 29 0.192547
28 58 0.0526316
28 59 0.16129
28 89 0.0196078
29 27 0.0479452
29 28 0.192547
29 59 0.183333
29 60 0.119565
29 61 0.134969
30 61 0.217391
31 0 0.09375
31 1 0.139535
31 32 0.264463
31 62 0.0645161
31 63 0.0251572
32 1 0.20122
32 31 0.264463
32 62 0.015625
32 63 0.108247
32 64 0.0584795
32 95 0.0608108
33 1 0.0331492
33 2 0.0169492
33 3 0.25625
33 4 0.00862069
33 34 0.238889
33 35 0.0125
33 64 0.148936
33 66 0.0122699
34 5 0.0662252
34 33 0.238889
34 35 0.1
34 36 0.153846
34 66 0.0326797
34 67 0.04375
35 4 0.104651
35 5 0.366412
35 6 0.0243902
35 33 0.0125
35 34 0.1
36 5 0.0625
36 34 0.153846
36 37 0.0164835
36 67 0.00540541
36 68 0.378995
36 98 0.104762
37 5 0.0942029
37 6 0.0449438
37 7 0.0581395
37 36 0.0164835
37 38 0.130952
37 68 0.220994
38 7 0.00909091
38 8 0.255952
38 9 0.017094
38 37 0.130952
38 39 0.0112994
38 68 0.0731707
38 69 0.0738636
39 8 0.0522876
39 38 0.0112994
39 40 0.0381679
39 69 0.273292
39 70 0.267016
39 71 0.015748
39 100 0.0116279
39 101 0.037037
40 8 0.0409836
40 10 0.0186916
40 39 0.0381679
40 41 0.12963
40 42 0.0769231
40 70 0.0375
40 72 0.0625
40 102 0.214953
41 10 0.104348
41 11 0.0333333
41 40 0.12963
41 42 0.116071
41 43 0.0571429
41 72 0.0480769
41 73 0.0598291
42 10 0.00900901
42 11 0.0517241
42 13 0.0515464
42 40 0.0769231
42 41 0.116071
42 43 0.138614
42 74 0.0234375
42 75 0.028777
42 107 0.017094
43 41 0.0571429
43 42 0.138614
43 44 0.00990099
43 46 0.0353982
43 73 0.00943396
43 75 0.121212
43 107 0.0636364
44 12 0.12987
44 15 0.0650406
44 16 0.00641026
44 43 0.00990099
44 45 0.0652174
44 75 0.136691
44 76 0.237624
44 77 0.115702
45 12 0.114754
45 14 0.0526316
45 15 0.17757
45 44 0.0652174
45 75 0.0162602
45 77 0.0285714
46 15 0.0222222
46 16 0.0297619
46 43 0.0353982
46 47 0.0921053
46 75 0.125828
46 77 0.12782
46 107 0.108527
46 108 0.0346821
47 16 0.0744681
47 17 0.11
47 46 0.0921053
47 48 0.05625
47 78 0.00909091
47 79 0.0264901
47 80 0.0818713
47 108 0.248705
47 111 0.0240385
48 16 0.136364
48 17 0.180851
48 47 0.05625
48 49 0.0505618
48 78 0.142857
48 80 0.0754717
49 17 0.0779817
49 18 0.234483
49 19 0.130631
49 20 0.032967
49 48 0.0505618
49 50 0.172414
49 80 0.031746
49 81 0.0401786
50 17 0.0434783
50 19 0.12766
50 20 0.027027
50 49 0.172414
50 52 0.0585366
50 80 0.0709677
50 81 0.173684
50 83 0.0238095
50 112 0.0174419
50 114 0.00505051
51 20 0.00609756
51 21 0.129944
51 22 0.164634
51 23 0.00813008
51 52 0.257919
51 53 0.172973
51 54 0.0833333
51 55 0.045977
51 83 0.0326087
51 84 0.00840336
51 85 0.0301508
51 114 0.046729
51 115 0.0747126
51 116 0.0314136
52 18 0.00568182
52 19 0.118577
52 20 0.131455
52 21 0.0265487
52 22 0.164319
52 50 0.0585366
52 51 0.257919
52 53 0.0128205
52 54 0.0110497
52 81 0.0588235
52 83 0.201717
52 114 0.0684411
52 115 0.0179372
53 21 0.147368
53 22 0.0847458
53 24 0.0852273
53 51 0.172973
53 52 0.0128205
53 54 0.213793
53 55 0.31016
53 56 0.0967742
53 85 0.113208
53 87 0.0189873
53 115 0.00534759
53 116 0.0882353
54 21 0.116788
54 22 0.0322581
54 23 0.060241
54 24 0.0243902
54 51 0.0833333
54 52 0.0110497
54 53 0.213793
54 55 0.328358
54 56 0.0075188
54 84 0.0253165
54 115 0.00746269
54 116 0.013245
55 21 0.100559
55 22 0.0120482
55 23 0.04
55 24 0.0181818
55 26 0.0070922
55 51 0.045977
55 53 0.31016
55 54 0.328358
55 56 0.137143
55 57 0.028169
55 84 0.0413223
55 85 0.0646766
55 86 0.0324675
55 87 0.0204082
55 115 0.0284091
55 116 0.181347
56 21 0.011236
56 23 0.016129
56 24 0.25
56 25 0.0434783
56 26 0.0214286
56 53 0.0967742
56 54 0.0075188
56 55 0.137143
56 57 0.226415
56 85 0.015
56 87 0.0958904
56 88 0.0107527
56 116 0.0104167
57 24 0.0891089
57 25 0.346847
57 26 0.393258
57 55 0.028169
57 56 0.226415
57 58 0.129555
57 87 0.0543478
57 88 0.0446429
57 116 0.0173913
57 118 0.0228311
58 25 0.141553
58 26 0.0342857
58 27 0.0228571
58 28 0.0526316
58 57 0.129555
58 87 0.0994475
58 88 0.0995475
58 89 0.149758
58 118 0.0555556
58 119 0.144628
59 27 0.0428571
59 28 0.16129
59 29 0.183333
59 60 0.213483
59 89 0.0813954
59 91 0.0580645
59 121 0.192825
60 29 0.119565
60 59 0.213483
60 61 0.167702
60 91 0.125786
60 92 0.0416667
60 121 0.00440529
60 122 0.089172
61 29 0.134969
61 30 0.217391
61 60 0.167702
61 92 0.0707071
62 31 0.0645161
62 32 0.015625
62 63 0.0481928
62 93 0.223529
62 94 0.138889
62 125 0.00675676
63 31 0.0251572
63 32 0.108247
63 62 0.0481928
63 94 0.290476
63 95 0.193548
63 126 0.03125
64 1 0.111732
64 3 0.0126582
64 32 0.0584795
64 33 0.148936
64 65 0.0116279
64 66 0.10559
64 95 0.202454
65 64 0.0116279
65 66 0.244898
65 67 0.00649351
65 95 0.0671141
65 96 0.19697
65 128 0.0601504
66 33 0.0122699
66 34 0.0326797
66 64 0.10559
66 65 0.244898
66 67 0.160839
66 98 0.00595238
66 128 0.00819672
67 34 0.04375
67 36 0.00540541
67 65 0.00649351
67 66 0.160839
67 98 0.348571
67 128 0.0542636
67 130 0.00662252
68 5 0.00571429
68 36 0.378995
68 37 0.220994
68 38 0.0731707
68 69 0.037037
68 98 0.00478469
68 100 0.015
69 38 0.0738636
69 39 0.273292
69 68 0.037037
69 70 0.0947368
69 100 0.163743
70 39 0.267016
70 40 0.0375
70 69 0.0947368
70 71 0.173077
70 100 0.039801
70 101 0.0364963
70 102 0.191617
70 132 0.0310881
71 39 0.015748
71 70 0.173077
71 101 0.123288
71 102 0.194175
71 132 0.0465116
72 40 0.0625
72 41 0.0480769
72 73 0.161905
72 102 0.0970874
72 103 0.0133333
72 133 0.15534
72 134 0.166667
73 41 0.0598291
73 43 0.00943396
73 72 0.161905
73 74 0.157895
73 104 0.0769231
73 105 0.0298507
73 134 0.0458716
73 135 0.0208333
74 42 0.0234375
74 73 0.157895
74 104 0.272727
74 105 0.0402685
74 106 0.0625
74 107 0.00729927
74 135 0.027027
75 11 0.0612245
75 12 0.00925926
75 13 0.125
75 15 0.142857
75 42 0.028777
75 43 0.121212
75 44 0.136691
75 45 0.0162602
75 46 0.125828
75 77 0.0460526
76 44 0.237624
76 77 0.131579
76 106 0.178218
76 107 0.0454545
77 44 0.115702
77 45 0.0285714
77 46 0.12782
77 75 0.0460526
77 76 0.131579
77 106 0.0413223
77 107 0.0846154
77 108 0.0862069
77 138 0.00694444
77 139 0.0948905
78 47 0.00909091
78 48 0.142857
78 108 0.160305
79 47 0.0264901
79 80 0.0933333
79 108 0.168605
79 110 0.0802469
79 111 0.171123
79 140 0.0247934
79 141 0.00694444
80 17 0.0452261
80 47 0.0818713
80 48 0.0754717
80 49 0.031746
80 50 0.0709677
80 79 0.0933333
80 81 0.0390244
80 111 0.15942
80 112 0.0534759
81 19 0.113445
81 20 0.0252525
81 49 0.0401786
81 50 0.173684
81 52 0.0588235
81 80 0.0390244
81 82 0.132184
81 83 0.0504587
81 111 0.0165289
81 112 0.148649
81 113 0.00564972
81 114 0.116935
82 81 0.132184
82 83 0.00657895
82 112 0.0705128
82 113 0.0630631
82 114 0.0989011
82 115 0.028169
82 143 0.0979021
82 144 0.0540541
82 145 0.0408163
83 19 0.0509259
83 20 0.00568182
83 50 0.0238095
83 51 0.0326087
83 52 0.201717
83 81 0.0504587
83 82 0.00657895
83 114 0.40708
83 115 0.0537634
83 147 0.0965909
84 51 0.00840336
84 54 0.0253165
84 55 0.0413223
84 85 0.143836
84 115 0.0495868
84 116 0.297101
84 117 0.00714286
85 51 0.0301508
85 53 0.113208
85 55 0.0646766
85 56 0.015
85 84 0.143836
85 86 0.178771
85 115 0.119403
85 116 0.440367
85 117 0.154545
85 147 0.0575916
85 148 0.0401786
86 55 0.0324675
86 85 0.178771
86 87 0.04
86 88 0.139394
86 116 0.181287
86 117 0.0982659
86 118 0.33125
86 119 0.0322581
86 148 0.0225989
86 150 0.0115607
87 53 0.0189873
87 55 0.0204082
87 56 0.0958904
87 57 0.0543478
87 58 0.0994475
87 86 0.04
87 88 0.278481
87 117 0.0542169
87 118 0.130719
87 119 0.0726257
88 26 0.0263158
88 56 0.0107527
88 57 0.0446429
88 58 0.0995475
88 86 0.139394
88 87 0.278481
88 117 0.0485437
88 118 0.42487
88 119 0.223744
88 120 0.0157895
88 151 0.0517241
89 25 0.010989
89 27 0.00724638
89 28 0.0196078
89 58 0.149758
89 59 0.0813954
89 90 0.0914286
89 119 0.0536585
89 120 0.0454545
89 121 0.149321
90 89 0.0914286
90 91 0.0316456
90 120 0.143646
90 121 0.353982
90 151 0.00606061
90 152 0.0578035
90 153 0.0545455
91 59 0.0580645
91 60 0.125786
91 90 0.0316456
91 121 0.102941
91 122 0.268657
91 153 0.027972
92 60 0.0416667
92 61 0.0707071
92 122 0.147368
93 62 0.223529
93 124 0.261538
93 125 0.0225564
94 62 0.138889
94 63 0.290476
94 125 0.119792
94 126 0.0724638
95 32 0.0608108
95 63 0.193548
95 64 0.202454
95 65 0.0671141
95 96 0.0243902
95 126 0.0263158
96 65 0.19697
96 95 0.0243902
96 126 0.0927835
96 127 0.175258
96 128 0.0186916
96 159 0.0673077
96 160 0.0225564
97 98 0.159664
97 129 0.0888889
97 130 0.0315789
98 36 0.104762
98 66 0.00595238
98 67 0.348571
98 68 0.00478469
98 97 0.159664
98 99 0.0842697
98 100 0.0314136
98 128 0.0454545
98 130 0.0227273
98 131 0.00571429
99 98 0.0842697
99 100 0.295858
99 131 0.130719
99 162 0.0462428
99 163 0.0365854
100 39 0.0116279
100 68 0.015
100 69 0.163743
100 70 0.039801
100 98 0.0314136
100 99 0.295858
100 132 0.091954
100 163 0.00564972
101 39 0.037037
101 70 0.0364963
101 71 0.123288
101 132 0.190909
102 40 0.214953
102 70 0.191617
102 71 0.194175
102 72 0.0970874
102 132 0.0285714
102 133 0.105263
103 72 0.0133333
103 104 0.045977
103 105 0.0769231
103 133 0.0930233
103 134 0.139241
104 73 0.0769231
104 74 0.272727
104 103 0.045977
104 105 0.172932
104 134 0.0277778
104 135 0.0631579
105 73 0.0298507
105 74 0.0402685
105 103 0.0769231
105 104 0.172932
105 106 0.0310078
105 107 0.0652174
105 134 0.024
105 135 0.0267857
105 136 0.0818182
105 137 0.107784
105 166 0.0336134
105 167 0.0431034
105 168 0.00671141
106 74 0.0625
106 76 0.178218
106 77 0.0413223
106 105 0.0310078
106 107 0.222222
106 138 0.0229008
106 167 0.0631579
107 42 0.017094
107 43 0.0636364
107 46 0.108527
107 74 0.00729927
107 76 0.0454545
107 77 0.0846154
107 105 0.0652174
107 106 0.222222
107 137 0.0258065
107 138 0.0857143
107 139 0.0075188
108 46 0.0346821
108 47 0.248705
108 77 0.0862069
108 78 0.160305
108 79 0.168605
108 110 0.0588235
108 111 0.0218341
108 138 0.0217391
108 139 0.039548
108 140 0.0797546
108 141 0.0430108
109 139 0.0977011
109 140 0.1375
109 141 0.180328
109 168 0.0730337
109 170 0.317241
109 171 0.0148148
110 79 0.0802469
110 108 0.0588235
110 111 0.214612
110 140 0.0784314
110 141 0.170455
110 142 0.0852273
111 47 0.0240385
111 79 0.171123
111 80 0.15942
111 81 0.0165289
111 108 0.0218341
111 110 0.214612
111 112 0.102679
111 140 0.00561798
111 141 0.00497512
111 142 0.129353
112 50 0.0174419
112 80 0.0534759
112 81 0.148649
112 82 0.0705128
112 111 0.102679
112 113 0.00628931
112 114 0.0130435
112 142 0.143646
112 143 0.157068
112 144 0.00628931
112 145 0.0307692
113 81 0.00564972
113 82 0.0630631
113 112 0.00628931
113 114 0.0378378
113 115 0.0413793
113 143 0.0273973
113 144 0.368421
113 145 0.18
113 146 0.0865385
113 147 0.0148148
113 176 0.034965
113 177 0.0859375
114 50 0.00505051
114 51 0.046729
114 52 0.0684411
114 81 0.116935
114 82 0.0989011
114 83 0.40708
114 112 0.0130435
114 113 0.0378378
114 115 0.12963
114 143 0.0322581
114 144 0.0324324
114 145 0.0497738
114 147 0.194175
114 176 0.0186916
115 51 0.0747126
115 52 0.0179372
115 53 0.00534759
115 54 0.00746269
115 55 0.0284091
115 82 0.028169
115 83 0.0537634
115 84 0.0495868
115 85 0.119403
115 113 0.0413793
115 114 0.12963
115 116 0.0621762
115 144 0.0344828
115 145 0.0165746
115 146 0.0518519
115 147 0.421687
115 148 0.00502513
116 51 0.0314136
116 53 0.0882353
116 54 0.013245
116 55 0.181347
116 56 0.0104167
116 57 0.0173913
116 84 0.297101
116 85 0.440367
116 86 0.181287
116 115 0.0621762
116 117 0.0377358
116 118 0.0201005
116 147 0.010929
116 148 0.00925926
117 84 0.00714286
117 85 0.154545
117 86 0.0982659
117 87 0.0542169
117 88 0.0485437
117 116 0.0377358
117 118 0.154229
117 119 0.0176211
117 146 0.012987
117 147 0.0108108
117 148 0.183486
117 149 0.0638298
117 150 0.0140187
117 178 0.0239234
117 179 0.0886699
117 180 0.0233645
118 57 0.0228311
118 58 0.0555556
118 86 0.33125
118 87 0.130719
118 88 0.42487
118 116 0.0201005
118 117 0.154229
118 119 0.0373832
118 151 0.0414201
119 58 0.144628
119 86 0.0322581
119 87 0.0726257
119 88 0.223744
119 89 0.0536585
119 117 0.0176211
119 118 0.0373832
119 120 0.194313
119 149 0.00649351
119 150 0.110132
119 151 0.0410256
119 152 0.0295567
120 88 0.0157895
120 89 0.0454545
120 90 0.143646
120 119 0.194313
120 121 0.0484582
120 150 0.0858586
120 151 0.0361446
120 152 0.275862
121 59 0.192825
121 60 0.00440529
121 89 0.149321
121 90 0.353982
121 91 0.102941
121 120 0.0484582
121 151 0.00947867
121 153 0.00947867
122 60 0.089172
122 91 0.268657
122 92 0.147368
122 153 0.0070922
122 154 0.0993377
123 153 0.00826446
123 154 0.244275
123 184 0.240741
123 185 0.0648148
124 93 0.261538
124 125 0.0546875
124 155 0.1
124 156 0.0220588
125 62 0.00675676
125 93 0.0225564
125 94 0.119792
125 124 0.0546875
125 156 0.27451
125 188 0.112245
126 63 0.03125
126 94 0.0724638
126 95 0.0263158
126 96 0.0927835
126 127 0.113636
126 157 0.107438
126 188 0.0352113
127 96 0.175258
127 126 0.113636
127 157 0.0413223
127 158 0.109589
127 159 0.0631579
127 189 0.0408163
127 190 0.0263158
128 65 0.0601504
128 66 0.00819672
128 67 0.0542636
128 96 0.0186916
128 98 0.0454545
128 129 0.15
128 130 0.223077
128 160 0.164179
129 97 0.0888889
129 128 0.15
129 130 0.156863
130 67 0.00662252
130 97 0.0315789
130 98 0.0227273
130 128 0.223077
130 129 0.156863
130 131 0.13245
130 160 0.179487
131 98 0.00571429
131 99 0.130719
131 130 0.13245
131 160 0.0193548
131 162 0.264706
131 192 0.0122699
131 194 0.032
132 70 0.0310881
132 71 0.0465116
132 100 0.091954
132 101 0.190909
132 102 0.0285714
132 133 0.0428571
132 163 0.171598
132 164 0.140741
132 165 0.0320513
133 72 0.15534
133 102 0.105263
133 103 0.0930233
133 132 0.0428571
133 134 0.0934579
133 163 0.104895
133 165 0.1
133 166 0.00990099
134 72 0.166667
134 73 0.0458716
134 103 0.139241
134 104 0.0277778
134 105 0.024
134 133 0.0934579
134 135 0.264368
134 166 0.0319149
135 73 0.0208333
135 74 0.027027
135 104 0.0631579
135 105 0.0267857
135 134 0.264368
135 166 0.0123457
135 167 0.115385
136 105 0.0818182
136 137 0.188976
136 166 0.0379747
137 105 0.107784
137 107 0.0258065
137 136 0.188976
137 138 0.159763
137 166 0.0588235
137 167 0.0225564
137 168 0.192771
137 197 0.0123457
138 77 0.00694444
138 106 0.0229008
138 107 0.0857143
138 108 0.0217391
138 137 0.159763
138 139 0.278912
138 140 0.0075188
138 167 0.00847458
138 168 0.0264901
139 77 0.0948905
139 107 0.0075188
139 108 0.039548
139 109 0.0977011
139 138 0.278912
139 140 0.119048
139 168 0.0138889
139 170 0.0540541
140 79 0.0247934
140 108 0.0797546
140 109 0.1375
140 110 0.0784314
140 111 0.00561798
140 138 0.0075188
140 139 0.119048
140 141 0.148148
140 171 0.045977
141 79 0.00694444
141 108 0.0430108
141 109 0.180328
141 110 0.170455
141 111 0.00497512
141 140 0.148148
141 142 0.0253165
141 170 0.0166667
141 171 0.0727273
141 174 0.0210526
141 202 0.0113636
142 110 0.0852273
142 111 0.129353
142 112 0.143646
142 141 0.0253165
142 143 0.25
142 144 0.0147059
142 145 0.00581395
142 174 0.126316
142 204 0.00628931
142 205 0.0252101
143 82 0.0979021
143 112 0.157068
143 113 0.0273973
143 114 0.0322581
143 142 0.25
143 144 0.10274
143 145 0.335165
143 173 0.00510204
143 174 0.0190476
143 176 0.04
143 205 0.0232558
144 82 0.0540541
144 112 0.00628931
144 113 0.368421
144 114 0.0324324
144 115 0.0344828
144 142 0.0147059
144 143 0.10274
144 145 0.4
144 146 0.00961538
144 147 0.0222222
144 174 0.0136986
144 176 0.041958
144 177 0.0234375
144 205 0.0206186
144 207 0.00675676
145 82 0.0408163
145 112 0.0307692
145 113 0.18
145 114 0.0497738
145 115 0.0165746
145 142 0.00581395
145 143 0.335165
145 144 0.4
145 147 0.0116959
145 173 0.005
145 174 0.00917431
145 175 0.028169
145 176 0.206704
145 205 0.0300752
145 207 0.0108696
146 113 0.0865385
146 115 0.0518519
146 117 0.012987
146 144 0.00961538
146 147 0.04
146 148 0.107595
146 176 0.0150376
146 177 0.0762712
146 178 0.0134228
146 209 0.264706
147 83 0.0965909
147 85 0.0575916
147 113 0.0148148
147 114 0.194175
147 115 0.421687
147 116 0.010929
147 117 0.0108108
147 144 0.0222222
147 145 0.0116959
147 146 0.04
147 148 0.0529101
147 176 0.0182927
147 177 0.0536913
147 209 0.0239521
148 85 0.0401786
148 86 0.0225989
148 115 0.00502513
148 116 0.00925926
148 117 0.183486
148 146 0.107595
148 147 0.0529101
148 149 0.0344828
148 177 0.021978
148 178 0.276995
148 179 0.15942
148 180 0.119266
148 209 0.24
149 117 0.0638298
149 119 0.00649351
149 148 0.0344828
149 150 0.0567376
149 151 0.0366972
149 179 0.0153846
149 180 0.156028
149 182 0.0172414
150 86 0.0115607
150 117 0.0140187
150 119 0.110132
150 120 0.0858586
150 149 0.0567376
150 151 0.230769
150 152 0.131579
150 179 0.0492611
150 180 0.17757
150 181 0.0658683
150 182 0.137566
150 212 0.170213
151 88 0.0517241
151 90 0.00606061
151 118 0.0414201
151 119 0.0410256
151 120 0.0361446
151 121 0.00947867
151 149 0.0366972
151 150 0.230769
151 152 0.189873
151 153 0.06
151 182 0.178344
152 90 0.0578035
152 119 0.0295567
152 120 0.275862
152 150 0.131579
152 151 0.189873
152 153 0.183544
152 182 0.0909091
152 212 0.0243902
153 90 0.0545455
153 91 0.027972
153 121 0.00947867
153 122 0.0070922
153 123 0.00826446
153 151 0.06
153 152 0.183544
153 154 0.1125
153 184 0.284672
153 213 0.00938967
153 214 0.00490196
154 122 0.0993377
154 123 0.244275
154 153 0.1125
154 184 0.163265
154 185 0.170068
155 124 0.1
155 156 0.0514706
155 186 0.0315789
155 187 0.102804
155 217 0.107143
156 124 0.0220588
156 125 0.27451
156 155 0.0514706
156 187 0.256831
156 188 0.0686275
156 219 0.0243902
157 126 0.107438
157 127 0.0413223
157 158 0.00943396
157 188 0.28
157 189 0.10687
157 219 0.0814815
158 127 0.109589
158 157 0.00943396
158 188 0.0866142
158 189 0.0722892
159 96 0.0673077
159 127 0.0631579
159 160 0.312977
159 190 0.115702
159 222 0.0551181
160 96 0.0225564
160 128 0.164179
160 130 0.179487
160 131 0.0193548
160 159 0.312977
160 192 0.0178571
160 222 0.115385
161 162 0.226891
162 99 0.0462428
162 131 0.264706
162 161 0.226891
162 163 0.0939227
162 192 0.0327869
162 194 0.131034
162 195 0.0517241
163 99 0.0365854
163 100 0.00564972
163 132 0.171598
163 133 0.104895
163 162 0.0939227
163 164 0.0507246
163 165 0.0377358
163 195 0.10303
164 132 0.140741
164 163 0.0507246
164 165 0.264
165 132 0.0320513
165 133 0.1
165 163 0.0377358
165 164 0.264
165 166 0.0940171
165 195 0.0197368
165 196 0.0387597
165 197 0.0699301
165 198 0.0176991
166 105 0.0336134
166 133 0.00990099
166 134 0.0319149
166 135 0.0123457
166 136 0.0379747
166 137 0.0588235
166 165 0.0940171
166 167 0.117647
166 197 0.0964912
167 105 0.0431034
167 106 0.0631579
167 135 0.115385
167 137 0.0225564
167 138 0.00847458
167 166 0.117647
167 168 0.0956522
167 169 0.0576923
167 197 0.144144
168 105 0.00671141
168 109 0.0730337
168 137 0.192771
168 138 0.0264901
168 139 0.0138889
168 167 0.0956522
168 169 0.211679
168 170 0.0173913
168 199 0.00813008
168 200 0.0865385
169 167 0.0576923
169 168 0.211679
169 197 0.075188
169 198 0.126214
169 199 0.196429
170 109 0.317241
170 139 0.0540541
170 141 0.0166667
170 168 0.0173913
170 171 0.0972222
170 201 0.0168067
170 202 0.00724638
171 109 0.0148148
171 140 0.045977
171 141 0.0727273
171 170 0.0972222
171 172 0.0217391
171 173 0.0362319
171 174 0.0425532
171 201 0.0458716
171 202 0.289062
171 204 0.0540541
171 233 0.0189873
171 234 0.00787402
172 171 0.0217391
172 173 0.422619
172 174 0.025974
172 175 0.0552486
172 202 0.0253165
172 203 0.026087
172 204 0.198582
172 205 0.0990099
172 233 0.0159574
172 234 0.00636943
172 237 0.00847458
173 143 0.00510204
173 145 0.005
173 171 0.0362319
173 172 0.422619
173 174 0.0243902
173 175 0.171806
173 202 0.0245098
173 203 0.0248447
173 204 0.390374
173 205 0.136054
173 207 0.0656566
173 233 0.0128205
173 234 0.0689655
173 235 0.0253165
173 236 0.0172414
173 237 0.0365854
174 141 0.0210526
174 142 0.126316
174 143 0.0190476
174 144 0.0136986
174 145 0.00917431
174 171 0.0425532
174 172 0.025974
174 173 0.0243902
174 175 0.0294118
174 202 0.00884956
174 204 0.0729167
174 205 0.178571
175 145 0.028169
175 172 0.0552486
175 173 0.171806
175 174 0.0294118
175 204 0.05
175 205 0.0625
175 206 0.0874317
175 207 0.417062
175 236 0.139037
175 237 0.146893
175 238 0.123404
176 113 0.034965
176 114 0.0186916
176 143 0.04
176 144 0.041958
176 145 0.206704
176 146 0.0150376
176 147 0.0182927
176 177 0.324841
176 178 0.00531915
176 207 0.039548
176 209 0.0171429
177 113 0.0859375
177 144 0.0234375
177 146 0.0762712
177 147 0.0536913
177 148 0.021978
177 176 0.324841
177 178 0.109827
177 206 0.00746269
177 207 0.0185185
177 208 0.0440252
177 209 0.26875
177 238 0.0107527
178 117 0.0239234
178 146 0.0134228
178 148 0.276995
178 176 0.00531915
178 177 0.109827
178 179 0.287879
178 180 0.076555
178 208 0.00526316
178 209 0.172775
178 210 0.0266667
178 211 0.0052356
178 240 0.00452489
178 241 0.0145631
179 117 0.0886699
179 148 0.15942
179 149 0.0153846
179 150 0.0492611
179 178 0.287879
179 180 0.17734
179 209 0.0432432
179 212 0.0112994
180 117 0.0233645
180 148 0.119266
180 149 0.156028
180 150 0.17757
180 178 0.076555
180 179 0.17734
180 181 0.11976
180 182 0.031746
180 209 0.0255102
180 210 0.0193548
180 211 0.0510204
180 212 0.0851064
180 241 0.0758294
180 242 0.0122699
180 243 0.0222222
181 150 0.0658683
181 180 0.11976
181 182 0.133803
181 211 0.120805
181 212 0.156028
181 214 0.0846561
181 241 0.0670732
181 242 0.0431034
181 243 0.123596
181 244 0.00558659
182 149 0.0172414
182 150 0.137566
182 151 0.178344
182 152 0.0909091
182 180 0.031746
182 181 0.133803
182 212 0.331288
182 213 0.0272727
182 214 0.218009
182 242 0.00724638
182 243 0.04
183 184 0.0902778
183 185 0.25
183 213 0.0545455
183 215 0.17
183 216 0.253165
183 247 0.0207254
184 123 0.240741
184 153 0.284672
184 154 0.163265
184 183 0.0902778
184 185 0.169355
184 213 0.055
184 214 0.026178
184 215 0.00555556
185 123 0.0648148
185 154 0.170068
185 183 0.25
185 184 0.169355
185 215 0.105556
185 216 0.0797101
185 247 0.0115607
186 155 0.0315789
186 187 0.169014
186 217 0.164835
186 218 0.0661157
186 248 0.116505
187 155 0.102804
187 156 0.256831
187 186 0.169014
187 218 0.0451128
187 219 0.0444444
188 125 0.112245
188 126 0.0352113
188 156 0.0686275
188 157 0.28
188 158 0.0866142
188 189 0.00657895
188 219 0.00641026
189 127 0.0408163
189 157 0.10687
189 158 0.0722892
189 188 0.00657895
189 190 0.0967742
189 219 0.116071
189 220 0.0865385
190 127 0.0263158
190 159 0.115702
190 189 0.0967742
190 191 0.142857
190 220 0.116667
190 221 0.0869565
190 222 0.10274
190 252 0.0890411
191 190 0.142857
191 222 0.0673077
191 252 0.125
192 131 0.0122699
192 160 0.0178571
192 162 0.0327869
192 193 0.168142
192 194 0.0652174
192 222 0.146341
192 223 0.223684
192 224 0.0522388
192 252 0.0365854
192 253 0.0143885
193 192 0.168142
193 194 0.08
193 224 0.112676
194 131 0.032
194 162 0.131034
194 192 0.0652174
194 193 0.08
194 195 0.0387597
194 224 0.15625
194 225 0.0852713
195 162 0.0517241
195 163 0.10303
195 165 0.0197368
195 194 0.0387597
195 196 0.222222
195 225 0.126582
196 165 0.0387597
196 195 0.222222
196 197 0.031746
196 225 0.037037
196 226 0.0618557
196 227 0.0769231
197 137 0.0123457
197 165 0.0699301
197 166 0.0964912
197 167 0.144144
197 169 0.075188
197 196 0.031746
197 198 0.136364
197 199 0.0588235
197 227 0.0338983
197 229 0.0234375
198 165 0.0176991
198 169 0.126214
198 197 0.136364
199 168 0.00813008
199 169 0.196429
199 197 0.0588235
199 200 0.291139
199 228 0.139241
199 229 0.11215
200 168 0.0865385
200 199 0.291139
200 201 0.12963
200 228 0.05
200 230 0.0916031
200 231 0.018018
200 261 0.0873786
201 170 0.0168067
201 171 0.0458716
201 200 0.12963
201 202 0.108571
201 230 0.290503
201 231 0.163522
201 232 0.00649351
201 233 0.141463
201 263 0.00632911
201 264 0.0114286
201 265 0.0181818
202 141 0.0113636
202 170 0.00724638
202 171 0.289062
202 172 0.0253165
202 173 0.0245098
202 174 0.00884956
202 201 0.108571
202 203 0.0331126
202 204 0.101695
202 233 0.464286
202 234 0.0310881
202 235 0.0202703
202 264 0.0721649
202 265 0.131783
202 266 0.0197044
203 172 0.026087
203 173 0.0248447
203 202 0.0331126
203 204 0.0298507
203 232 0.00769231
203 233 0.132597
203 234 0.293333
203 235 0.0380952
203 263 0.0820896
203 264 0.152318
203 265 0.0930233
203 266 0.20625
203 267 0.0108696
204 142 0.00628931
204 171 0.0540541
204 172 0.198582
204 173 0.390374
204 174 0.0729167
204 175 0.05
204 202 0.101695
204 203 0.0298507
204 205 0.166667
204 207 0.00584795
204 233 0.0676328
204 234 0.0625
204 235 0.0610687
204 236 0.0272109
204 237 0.080292
204 265 0.0357143
204 266 0.0537634
204 267 0.0333333
205 142 0.0252101
205 143 0.0232558
205 144 0.0206186
205 145 0.0300752
205 172 0.0990099
205 173 0.136054
205 174 0.178571
205 175 0.0625
205 204 0.166667
205 207 0.145038
205 237 0.113402
206 175 0.0874317
206 177 0.00746269
206 207 0.0584416
206 208 0.0927152
206 236 0.0307692
206 237 0.0166667
206 238 0.421348
206 240 0.0824176
206 269 0.056872
206 270 0.0282486
207 144 0.00675676
207 145 0.0108696
207 173 0.0656566
207 175 0.417062
207 176 0.039548
207 177 0.0185185
207 204 0.00584795
207 205 0.145038
207 206 0.0584416
207 208 0.0167598
207 236 0.056962
207 237 0.141892
207 238 0.247573
207 267 0.0497738
207 269 0.0041841
208 177 0.0440252
208 178 0.00526316
208 206 0.0927152
208 207 0.0167598
208 209 0.0508475
208 210 0.0514706
208 238 0.334975
208 239 0.05
208 240 0.309179
208 269 0.029661
208 270 0.0742574
209 146 0.264706
209 147 0.0239521
209 148 0.24
209 176 0.0171429
209 177 0.26875
209 178 0.172775
209 179 0.0432432
209 180 0.0255102
209 208 0.0508475
209 210 0.0291971
209 240 0.00480769
210 178 0.0266667
210 180 0.0193548
210 208 0.0514706
210 209 0.0291971
210 211 0.20438
210 239 0.0416667
210 240 0.155689
210 241 0.111842
210 270 0.00617284
210 271 0.0363636
210 272 0.0720721
211 178 0.0052356
211 180 0.0510204
211 181 0.120805
211 210 0.20438
211 212 0.0235294
211 240 0.00961538
211 241 0.595855
211 242 0.0275862
211 243 0.111111
211 271 0.013245
211 272 0.00657895
211 273 0.0373832
212 150 0.170213
212 152 0.0243902
212 179 0.0112994
212 180 0.0851064
212 181 0.156028
212 182 0.331288
212 211 0.0235294
212 214 0.0571429
212 241 0.0162162
212 242 0.160584
212 243 0.120603
212 244 0.105
213 153 0.00938967
213 182 0.0272727
213 183 0.0545455
213 184 0.055
213 214 0.363296
213 215 0.226562
213 245 0.0189573
213 275 0.0123457
214 153 0.00490196
214 181 0.0846561
214 182 0.218009
214 184 0.026178
214 212 0.0571429
214 213 0.363296
214 215 0.00809717
214 243 0.0445344
214 244 0.0241935
214 245 0.0247525
214 246 0.0651163
214 275 0.0940171
215 183 0.17
215 184 0.00555556
215 185 0.105556
215 213 0.226562
215 214 0.00809717
215 216 0.0876289
215 245 0.104712
215 247 0.131004
215 275 0.00896861
216 183 0.253165
216 185 0.0797101
216 215 0.0876289
216 247 0.112299
217 155 0.107143
217 186 0.164835
217 248 0.046875
218 186 0.0661157
218 187 0.0451128
218 219 0.0438596
218 248 0.170213
218 249 0.185841
219 156 0.0243902
219 157 0.0814815
219 187 0.0444444
219 188 0.00641026
219 189 0.116071
219 218 0.0438596
219 249 0.104348
219 250 0.0940171
220 189 0.0865385
220 190 0.116667
220 221 0.0315789
220 250 0.183486
220 251 0.137615
221 190 0.0869565
221 220 0.0315789
221 222 0.00826446
221 251 0.211538
221 252 0.157025
221 253 0.0104167
222 159 0.0551181
222 160 0.115385
222 190 0.10274
222 191 0.0673077
222 192 0.146341
222 221 0.00826446
222 252 0.118421
223 192 0.223684
223 224 0.1
223 253 0.0695652
223 254 0.333333
224 192 0.0522388
224 193 0.112676
224 194 0.15625
224 223 0.1
224 225 0.112
224 254 0.0285714
224 255 0.0104167
225 194 0.0852713
225 195 0.126582
225 196 0.037037
225 224 0.112
225 226 0.141667
225 256 0.230089
226 196 0.0618557
226 225 0.141667
226 227 0.0337079
226 257 0.175439
226 258 0.0111111
226 259 0.0176991
226 287 0.05
226 288 0.0377358
227 196 0.0769231
227 197 0.0338983
227 226 0.0337079
227 229 0.169811
227 257 0.046875
227 258 0.0412371
227 259 0.0416667
228 199 0.139241
228 200 0.05
228 229 0.261364
228 260 0.0144928
228 261 0.106796
228 289 0.0882353
228 290 0.0121951
229 197 0.0234375
229 199 0.11215
229 227 0.169811
229 228 0.261364
229 258 0.0654206
229 259 0.0461538
229 289 0.0104167
230 200 0.0916031
230 201 0.290503
230 231 0.346154
230 232 0.0282486
230 260 0.0191388
230 261 0.149425
230 262 0.0628931
230 264 0.0151515
230 292 0.166667
230 293 0.0901288
231 200 0.018018
231 201 0.163522
231 230 0.346154
231 232 0.152866
231 233 0.00480769
231 261 0.00649351
231 262 0.0359712
231 263 0.0186335
231 264 0.117978
231 292 0.0368421
231 293 0.107981
231 294 0.00621118
232 201 0.00649351
232 203 0.00769231
232 230 0.0282486
232 231 0.152866
232 233 0.0147783
232 263 0.333333
232 264 0.393064
232 293 0.0192308
232 294 0.0961538
232 295 0.0432099
232 296 0.0591133
233 171 0.0189873
233 172 0.0159574
233 173 0.0128205
233 201 0.141463
233 202 0.464286
233 203 0.132597
233 204 0.0676328
233 231 0.00480769
233 232 0.0147783
233 234 0.0538117
233 235 0.0449438
233 263 0.0338164
233 264 0.285714
233 265 0.144654
233 266 0.0643777
234 171 0.00787402
234 172 0.00636943
234 173 0.0689655
234 202 0.0310881
234 203 0.293333
234 204 0.0625
234 233 0.0538117
234 235 0.197279
234 236 0.0184049
234 237 0.0196078
234 263 0.00568182
234 264 0.0518135
234 265 0.0625
234 266 0.455446
234 267 0.0840708
234 295 0.0384615
234 297 0.0861244
235 173 0.0253165
235 202 0.0202703
235 203 0.0380952
235 204 0.0610687
235 233 0.0449438
235 234 0.197279
235 236 0.0423729
235 237 0.0277778
235 265 0.0722892
235 266 0.394904
235 267 0.138122
235 297 0.0304878
236 173 0.0172414
236 175 0.139037
236 204 0.0272109
236 206 0.0307692
236 207 0.056962
236 234 0.0184049
236 235 0.0423729
236 237 0.104839
236 238 0.010989
236 266 0.0115607
236 267 0.385787
236 268 0.0736842
236 269 0.0976744
236 297 0.0388889
236 298 0.00581395
236 299 0.111765
237 172 0.00847458
237 173 0.0365854
237 175 0.146893
237 204 0.080292
237 205 0.113402
237 206 0.0166667
237 207 0.141892
237 234 0.0196078
237 235 0.0277778
237 236 0.104839
237 238 0.0174419
237 266 0.0306748
237 267 0.235294
237 268 0.0823529
237 269 0.0341463
237 299 0.03125
238 175 0.123404
238 177 0.0107527
238 206 0.421348
238 207 0.247573
238 208 0.334975
238 236 0.010989
238 237 0.0174419
238 239 0.0106952
238 240 0.111111
238 269 0.0874525
238 270 0.0131004
239 208 0.05
239 210 0.0416667
239 238 0.0106952
239 240 0.0680628
239 269 0.168182
239 270 0.290323
239 272 0.140741
239 299 0.0171429
239 300 0.121212
239 302 0.0314465
240 178 0.00452489
240 206 0.0824176
240 208 0.309179
240 209 0.00480769
240 210 0.155689
240 211 0.00961538
240 238 0.111111
240 239 0.0680628
240 241 0.0269058
240 269 0.0187266
240 270 0.2103
240 271 0.0276243
240 272 0.0879121
240 302 0.0194175
241 178 0.0145631
241 180 0.0758294
241 181 0.0670732
241 210 0.111842
241 211 0.595855
241 212 0.0162162
241 240 0.0269058
241 242 0.1125
241 243 0.0585586
241 271 0.114458
241 272 0.0239521
241 273 0.0131004
241 302 0.0104712
242 180 0.0122699
242 181 0.0431034
242 182 0.00724638
242 211 0.0275862
242 212 0.160584
242 241 0.1125
242 243 0.155172
242 244 0.12
242 271 0.0677966
242 273 0.0607735
242 274 0.0120482
242 304 0.0352941
242 305 0.0333333
243 180 0.0222222
243 181 0.123596
243 182 0.04
243 211 0.111111
243 212 0.120603
243 214 0.0445344
243 241 0.0585586
243 242 0.155172
243 244 0.350211
243 273 0.00823045
243 274 0.0275862
243 275 0.0269058
243 304 0.129252
243 305 0.0330189
244 181 0.00558659
244 212 0.105
244 214 0.0241935
244 242 0.12
244 243 0.350211
244 246 0.097561
244 274 0.116438
244 275 0.0848214
244 304 0.0540541
244 305 0.028169
244 306 0.0208333
244 307 0.137615
245 213 0.0189573
245 214 0.0247525
245 215 0.104712
245 246 0.194969
245 247 0.076087
245 275 0.247191
245 276 0.243056
245 277 0.0806452
245 309 0.00625
246 214 0.0651163
246 244 0.097561
246 245 0.194969
246 247 0.0609137
246 275 0.277487
246 276 0.0318471
246 277 0.0201005
246 306 0.0241546
246 307 0.0216216
247 183 0.0207254
247 185 0.0115607
247 215 0.131004
247 216 0.112299
247 245 0.076087
247 246 0.0609137
247 277 0.232143
247 278 0.0604396
247 309 0.0252525
248 186 0.116505
248 217 0.046875
248 218 0.170213
248 249 0.0421053
248 279 0.046729
248 310 0.0178571
249 218 0.185841
249 219 0.104348
249 248 0.0421053
249 250 0.0431034
249 279 0.15873
250 219 0.0940171
250 220 0.183486
250 249 0.0431034
250 279 0.046875
250 280 0.00934579
250 312 0.15
251 220 0.137615
251 221 0.211538
251 252 0.0444444
251 282 0.242188
251 283 0.0348837
251 312 0.025
251 313 0.00840336
252 190 0.0890411
252 191 0.125
252 192 0.0365854
252 221 0.157025
252 222 0.118421
252 251 0.0444444
252 253 0.0708661
252 282 0.0206897
252 283 0.038835
253 192 0.0143885
253 221 0.0104167
253 223 0.0695652
253 252 0.0708661
253 254 0.127273
253 283 0.0897436
253 284 0.205607
253 313 0.027027
253 314 0.0105263
254 223 0.333333
254 224 0.0285714
254 253 0.127273
254 255 0.00917431
254 283 0.0581395
254 284 0.173913
255 224 0.0104167
255 254 0.00917431
255 256 0.0833333
255 284 0.141509
255 285 0.136364
255 286 0.0775862
255 287 0.0275229
255 315 0.0113636
256 225 0.230089
256 255 0.0833333
256 285 0.0277778
257 226 0.175439
257 227 0.046875
257 259 0.0340909
258 226 0.0111111
258 227 0.0412371
258 229 0.0654206
258 259 0.272727
258 288 0.0263158
258 289 0.126437
259 226 0.0176991
259 227 0.0416667
259 229 0.0461538
259 257 0.0340909
259 258 0.272727
259 288 0.19708
259 289 0.1
259 319 0.037037
260 228 0.0144928
260 230 0.0191388
260 261 0.232044
260 262 0.162651
260 289 0.0205479
260 290 0.11875
260 291 0.0703125
260 292 0.258065
260 293 0.1
260 321 0.157143
260 322 0.175258
260 323 0.0178571
260 325 0.0271739
261 200 0.0873786
261 228 0.106796
261 230 0.149425
261 231 0.00649351
261 260 0.232044
261 262 0.21374
261 290 0.04
261 291 0.0107527
261 292 0.192308
261 293 0.117073
261 325 0.0134228
262 230 0.0628931
262 231 0.0359712
262 260 0.162651
262 261 0.21374
262 292 0.0598802
262 293 0.289474
262 294 0.0217391
262 321 0.025
262 324 0.0160428
262 325 0.164179
263 201 0.00632911
263 203 0.0820896
263 231 0.0186335
263 232 0.333333
263 233 0.0338164
263 234 0.00568182
263 264 0.220339
263 265 0.00892857
263 294 0.01875
263 295 0.0843373
263 296 0.120773
263 326 0.025641
264 201 0.0114286
264 202 0.0721649
264 203 0.152318
264 230 0.0151515
264 231 0.117978
264 232 0.393064
264 233 0.285714
264 234 0.0518135
264 263 0.220339
264 265 0.0620155
264 266 0.0246305
264 294 0.0112994
264 295 0.0218579
264 296 0.00446429
264 297 0.0047619
265 201 0.0181818
265 202 0.131783
265 203 0.0930233
265 204 0.0357143
265 233 0.144654
265 234 0.0625
265 235 0.0722892
265 263 0.00892857
265 264 0.0620155
265 266 0.0942029
265 297 0.0206897
266 202 0.0197044
266 203 0.20625
266 204 0.0537634
266 233 0.0643777
266 234 0.455446
266 235 0.394904
266 236 0.0115607
266 237 0.0306748
266 264 0.0246305
266 265 0.0942029
266 267 0.0677966
266 295 0.03125
266 297 0.100457
266 298 0.00947867
266 328 0.00943396
267 203 0.0108696
267 204 0.0333333
267 207 0.0497738
267 234 0.0840708
267 235 0.138122
267 236 0.385787
267 237 0.235294
267 266 0.0677966
267 268 0.0696203
267 269 0.0395683
267 297 0.115226
267 298 0.0510638
267 299 0.128755
267 328 0.0423729
267 330 0.0263158
268 236 0.0736842
268 237 0.0823529
268 267 0.0696203
268 269 0.0170455
268 297 0.0070922
268 298 0.0300752
268 299 0.198473
268 300 0.0113636
268 328 0.0298507
268 329 0.0131579
268 330 0.0914634
269 206 0.056872
269 207 0.0041841
269 208 0.029661
269 236 0.0976744
269 237 0.0341463
269 238 0.0874525
269 239 0.168182
269 240 0.0187266
269 267 0.0395683
269 268 0.0170455
269 270 0.0343511
269 299 0.342629
269 300 0.0192308
269 330 0.0704225
270 206 0.0282486
270 208 0.0742574
270 210 0.00617284
270 238 0.0131004
270 239 0.290323
270 240 0.2103
270 269 0.0343511
270 272 0.310734
270 300 0.0574713
270 302 0.0646766
271 210 0.0363636
271 211 0.013245
271 240 0.0276243
271 241 0.114458
271 242 0.0677966
271 272 0.12
271 273 0.272727
271 302 0.14094
271 303 0.00595238
271 305 0.0961538
272 210 0.0720721
272 211 0.00657895
272 239 0.140741
272 240 0.0879121
272 241 0.0239521
272 270 0.310734
272 271 0.12
272 273 0.0531915
272 300 0.00813008
272 302 0.253333
273 211 0.0373832
273 241 0.0131004
273 242 0.0607735
273 243 0.00823045
273 271 0.272727
273 272 0.0531915
273 302 0.278302
273 303 0.0692641
273 304 0.0779221
273 305 0.39726
273 332 0.00431034
273 335 0.0958904
273 336 0.00851064
274 242 0.0120482
274 243 0.0275862
274 244 0.116438
274 304 0.0178571
274 305 0.0661157
274 307 0.0952381
274 337 0.185185
275 213 0.0123457
275 214 0.0940171
275 215 0.00896861
275 243 0.0269058
275 244 0.0848214
275 245 0.247191
275 246 0.277487
275 276 0.0397727
275 306 0.132743
275 307 0.00980392
275 336 0.00465116
276 245 0.243056
276 246 0.0318471
276 275 0.0397727
276 277 0.0978261
276 306 0.182292
276 309 0.00632911
276 339 0.0782123
277 245 0.0806452
277 246 0.0201005
277 247 0.232143
277 276 0.0978261
277 278 0.195652
277 309 0.305
277 339 0.0452489
277 340 0.0582011
278 247 0.0604396
278 277 0.195652
278 309 0.443038
278 340 0.00680272
279 248 0.046729
279 249 0.15873
279 250 0.046875
279 280 0.111111
279 310 0.00699301
279 311 0.173913
279 342 0.170068
280 250 0.00934579
280 279 0.111111
280 311 0.287234
280 312 0.311927
280 343 0.00833333
281 282 0.239583
281 313 0.091954
282 251 0.242188
282 252 0.0206897
282 281 0.239583
282 283 0.0208333
282 312 0.184615
282 313 0.0930233
282 343 0.0283688
283 251 0.0348837
283 252 0.038835
283 253 0.0897436
283 254 0.0581395
283 282 0.0208333
283 284 0.060241
283 313 0.0689655
284 253 0.205607
284 254 0.173913
284 255 0.141509
284 283 0.060241
284 314 0.03
284 315 0.0106383
285 255 0.136364
285 256 0.0277778
285 286 0.163462
