0 1 0.1125
0 31 0.117647
1 0 0.1125
1 2 0.122642
1 31 0.107143
1 62 0.03125
2 1 0.122642
2 3 0.16
2 32 0.132743
2 62 0.0188679
3 2 0.16
3 4 0.20155
3 33 0.0465116
3 34 0.104895
4 3 0.20155
4 5 0.0984849
4 34 0.202899
5 4 0.0984849
5 6 0.217105
5 34 0.0273973
5 35 0.220588
5 36 0.00714286
6 5 0.217105
6 7 0.0731707
6 35 0.0135135
6 36 0.111842
6 37 0.24359
7 6 0.0731707
7 8 0.12963
7 37 0.0869565
7 38 0.0344828
8 7 0.12963
8 9 0.0865385
8 10 0.148438
8 38 0.00884956
8 39 0.227941
8 40 0.00719424
9 8 0.0865385
9 10 0.163265
9 11 0.0377358
9 12 0.0377358
10 8 0.148438
10 9 0.163265
10 11 0.153846
10 39 0.0615385
10 41 0.233577
10 42 0.0206897
10 71 0.00636943
11 9 0.0377358
11 10 0.153846
11 12 0.275362
11 41 0.0827586
11 42 0.202614
11 43 0.0821918
12 9 0.0377358
12 11 0.275362
12 13 0.108108
12 42 0.0130719
12 43 0.184932
12 44 0.0231214
13 12 0.108108
13 14 0.0791367
13 15 0.081761
13 43 0.00641026
13 44 0.31694
14 13 0.0791367
14 15 0.357143
14 16 0.115385
15 13 0.081761
15 14 0.357143
15 16 0.0933333
15 44 0.0380435
15 45 0.0137931
15 46 0.0584795
15 47 0.147929
15 48 0.0120482
16 14 0.115385
16 15 0.0933333
16 17 0.224638
16 47 0.0125786
16 48 0.211538
17 16 0.224638
17 18 0.177419
17 48 0.11039
17 49 0.0580645
17 50 0.0111732
18 17 0.177419
18 19 0.208333
18 50 0.0898204
19 18 0.208333
19 20 0.248322
19 50 0.175879
19 51 0.0359281
19 52 0.0217391
20 19 0.248322
20 21 0.0872483
20 52 0.089172
21 20 0.0872483
21 22 0.412587
21 52 0.179348
21 54 0.0127389
21 84 0.034965
22 21 0.412587
22 23 0.0320513
22 24 0.0298507
22 53 0.159091
22 54 0.00806452
22 84 0.0363636
23 22 0.0320513
23 24 0.511111
23 25 0.17284
23 53 0.0373134
23 54 0.0235294
23 55 0.0943396
23 56 0.0956938
23 84 0.00641026
24 22 0.0298507
24 23 0.511111
24 25 0.0928571
24 53 0.0267857
24 54 0.0135135
24 55 0.121053
24 56 0.101604
24 84 0.0223881
25 23 0.17284
25 24 0.0928571
25 26 0.171779
25 54 0.00769231
25 55 0.0406977
25 56 0.0295858
25 57 0.0396476
25 88 0.00671141
26 25 0.171779
26 27 0.0422535
26 28 0.183761
26 56 0.0142857
26 57 0.242537
26 88 0.0631579
26 89 0.138249
27 26 0.0422535
27 28 0.424419
27 29 0.0670103
27 57 0.0242718
27 59 0.0403226
27 88 0.0078125
27 89 0.0129032
27 90 0.0864198
28 26 0.183761
28 27 0.424419
28 29 0.216783
28 57 0.0268456
28 59 0.0185185
28 60 0.012931
28 88 0.00909091
28 89 0.0364372
28 90 0.0693642
29 27 0.0670103
29 28 0.216783
29 59 0.281513
29 60 0.224409
29 89 0.0557621
29 90 0.133333
29 91 0.0711744
29 92 0.00411523
30 60 0.300654
30 61 0.461538
31 0 0.117647
31 1 0.107143
31 62 0.130952
32 2 0.132743
32 33 0.196581
32 62 0.106796
32 93 0.0625
33 3 0.0465116
33 32 0.196581
33 34 0.0289855
33 63 0.225
33 93 0.0588235
34 3 0.104895
34 4 0.202899
34 5 0.0273973
34 33 0.0289855
34 35 0.0915493
34 63 0.0447761
34 64 0.0604027
34 65 0.1
35 5 0.220588
35 6 0.0135135
35 34 0.0915493
35 36 0.183824
35 65 0.123077
36 5 0.00714286
36 6 0.111842
36 35 0.183824
36 37 0.0555556
36 65 0.0447761
36 66 0.286885
36 68 0.0145985
36 97 0.00699301
37 6 0.24359
37 7 0.0869565
37 36 0.0555556
37 38 0.141667
37 68 0.198582
38 7 0.0344828
38 8 0.00884956
38 37 0.141667
38 39 0.0695652
38 40 0.0423729
38 68 0.00884956
38 69 0.196429
39 8 0.227941
39 10 0.0615385
39 38 0.0695652
39 40 0.347518
39 41 0.0206897
39 70 0.0198676
40 8 0.00719424
40 38 0.0423729
40 39 0.347518
40 41 0.0202703
40 69 0.0869565
40 70 0.292208
40 71 0.077381
40 101 0.0601504
41 10 0.233577
41 11 0.0827586
41 39 0.0206897
41 40 0.0202703
41 42 0.05625
41 71 0.290698
41 72 0.00680272
41 73 0.0124224
42 10 0.0206897
42 11 0.202614
42 12 0.0130719
42 41 0.05625
42 43 0.310559
42 71 0.00555556
42 73 0.147929
42 74 0.0538922
42 104 0.0110497
43 11 0.0821918
43 12 0.184932
43 13 0.00641026
43 42 0.310559
43 44 0.18232
43 45 0.0211268
43 73 0.00617284
43 74 0.06875
44 12 0.0231214
44 13 0.31694
44 15 0.0380435
44 43 0.18232
44 45 0.307692
44 46 0.0153846
44 74 0.0320856
44 76 0.00490196
45 15 0.0137931
45 43 0.0211268
45 44 0.307692
45 46 0.0512821
45 74 0.101351
45 75 0.0806452
45 76 0.127273
45 77 0.170213
45 106 0.0234375
46 15 0.0584795
46 44 0.0153846
46 45 0.0512821
46 47 0.255556
46 77 0.173653
46 78 0.2
46 79 0.00555556
47 15 0.147929
47 16 0.0125786
47 46 0.255556
47 48 0.325714
47 78 0.0130719
47 79 0.0617978
48 15 0.0120482
48 16 0.211538
48 17 0.11039
48 47 0.325714
48 49 0.0751445
48 79 0.0114286
48 80 0.0947368
49 17 0.0580645
49 48 0.0751445
49 50 0.287879
49 79 0.00568182
49 80 0.230366
49 81 0.157895
50 17 0.0111732
50 18 0.0898204
50 19 0.175879
50 49 0.287879
50 51 0.0947368
50 81 0.0170455
50 82 0.119205
51 19 0.0359281
51 50 0.0947368
51 52 0.188571
51 82 0.0840336
51 83 0.0580645
51 114 0.164835
52 19 0.0217391
52 20 0.089172
52 21 0.179348
52 51 0.188571
52 83 0.0523256
52 84 0.0463576
52 114 0.00502513
53 22 0.159091
53 23 0.0373134
53 24 0.0267857
53 54 0.0490196
53 55 0.0486111
53 84 0.136364
54 21 0.0127389
54 22 0.00806452
54 23 0.0235294
54 24 0.0135135
54 25 0.00769231
54 53 0.0490196
54 55 0.272222
54 56 0.175141
54 84 0.298387
54 85 0.133333
54 116 0.0143885
55 23 0.0943396
55 24 0.121053
55 25 0.0406977
55 53 0.0486111
55 54 0.272222
55 56 0.219178
55 84 0.120482
55 85 0.047619
55 116 0.0276243
56 23 0.0956938
56 24 0.101604
56 25 0.0295858
56 26 0.0142857
56 54 0.175141
56 55 0.219178
56 57 0.10219
56 84 0.0368098
56 86 0.0164835
56 87 0.0487805
56 88 0.0306122
56 120 0.00757576
57 25 0.0396476
57 26 0.242537
57 27 0.0242718
57 28 0.0268456
57 56 0.10219
57 87 0.00552486
57 88 0.389764
57 89 0.263345
57 120 0.0372671
58 59 0.076087
58 89 0.0325203
58 90 0.0408163
58 92 0.0103093
58 120 0.00609756
59 27 0.0403226
59 28 0.0185185
59 29 0.281513
59 58 0.076087
59 60 0.00543478
59 89 0.0854271
59 90 0.088
59 91 0.0189573
59 92 0.150289
59 120 0.0166667
59 121 0.0222222
59 122 0.171171
60 28 0.012931
60 29 0.224409
60 30 0.300654
60 59 0.00543478
60 61 0.097561
60 91 0.0440529
61 30 0.461538
61 60 0.097561
61 91 0.120419
61 123 0.152
62 1 0.03125
62 2 0.0188679
62 31 0.130952
62 32 0.106796
62 93 0.133333
63 33 0.225
63 34 0.0447761
63 64 0.198473
63 93 0.13913
63 94 0.0162602
63 124 0.0267857
64 34 0.0604027
64 63 0.198473
64 65 0.0437956
64 94 0.333333
64 95 0.0448718
64 124 0.0393701
64 125 0.0121951
65 34 0.1
65 35 0.123077
65 36 0.0447761
65 64 0.0437956
65 66 0.00862069
65 95 0.22449
65 96 0.0857143
66 36 0.286885
66 65 0.00862069
66 67 0.00813008
66 68 0.0672269
66 96 0.03125
66 97 0.168
67 66 0.00813008
67 68 0.362319
67 69 0.0364963
67 97 0.0486111
67 98 0.309353
68 36 0.0145985
68 37 0.198582
68 38 0.00884956
68 66 0.0672269
68 67 0.362319
68 69 0.0601504
68 97 0.00714286
69 38 0.196429
69 40 0.0869565
69 67 0.0364963
69 68 0.0601504
69 70 0.0405405
69 98 0.00746269
69 99 0.27193
70 39 0.0198676
70 40 0.292208
70 69 0.0405405
70 71 0.0786517
70 72 0.0261438
70 99 0.0538462
70 100 0.0169492
70 101 0.405594
70 102 0.0111732
70 130 0.00662252
71 10 0.00636943
71 40 0.077381
71 41 0.290698
71 42 0.00555556
71 70 0.0786517
71 72 0.401198
71 73 0.0276243
71 104 0.0777202
72 41 0.00680272
72 70 0.0261438
72 71 0.401198
72 101 0.0530303
72 102 0.178571
72 103 0.027027
72 104 0.0535714
73 41 0.0124224
73 42 0.147929
73 43 0.00617284
73 71 0.0276243
73 74 0.220238
73 75 0.00694444
73 104 0.181319
73 105 0.117241
74 42 0.0538922
74 43 0.06875
74 44 0.0320856
74 45 0.101351
74 73 0.220238
74 75 0.239437
74 76 0.010929
74 105 0.020979
74 106 0.00684932
75 45 0.0806452
75 73 0.00694444
75 74 0.239437
75 76 0.0691824
75 105 0.151261
75 106 0.172131
75 135 0.00884956
75 137 0.0294118
76 44 0.00490196
76 45 0.127273
76 74 0.010929
76 75 0.0691824
76 77 0.323864
76 106 0.0858896
76 107 0.264865
76 108 0.0243902
76 109 0.0169492
77 45 0.170213
77 46 0.173653
77 76 0.323864
77 78 0.0428571
77 108 0.00714286
77 109 0.143791
77 110 0.0135135
78 46 0.2
78 47 0.0130719
78 77 0.0428571
78 79 0.130719
78 108 0.0078125
78 109 0.0780142
78 110 0.242647
78 111 0.0205479
79 46 0.00555556
79 47 0.0617978
79 48 0.0114286
79 49 0.00568182
79 78 0.130719
79 80 0.34715
79 110 0.0434783
79 111 0.187135
79 112 0.0150754
80 48 0.0947368
80 49 0.230366
80 79 0.34715
80 81 0.0828402
80 111 0.0483871
80 112 0.0654206
81 49 0.157895
81 50 0.0170455
81 80 0.0828402
81 82 0.133333
81 112 0.165714
81 113 0.0194805
82 50 0.119205
82 51 0.0840336
82 81 0.133333
82 113 0.0232558
82 114 0.0629371
83 51 0.0580645
83 52 0.0523256
83 84 0.145038
83 85 0.0625
83 114 0.173184
83 115 0.188889
83 116 0.0205479
83 145 0.1125
83 146 0.00990099
83 147 0.015873
84 21 0.034965
84 22 0.0363636
84 23 0.00641026
84 24 0.0223881
84 52 0.0463576
84 53 0.136364
84 54 0.298387
84 55 0.120482
84 56 0.0368098
84 83 0.145038
84 85 0.10989
84 115 0.0144928
84 116 0.008
85 54 0.133333
85 55 0.047619
85 83 0.0625
85 84 0.10989
85 86 0.0363636
85 115 0.12
85 116 0.160377
85 117 0.00531915
86 56 0.0164835
86 85 0.0363636
86 87 0.0337079
86 116 0.0625
86 117 0.393805
87 56 0.0487805
87 57 0.00552486
87 86 0.0337079
87 88 0.0291262
87 89 0.0230769
87 117 0.011976
87 118 0.0543478
87 119 0.0612245
87 120 0.00584795
88 25 0.00671141
88 26 0.0631579
88 27 0.0078125
88 28 0.00909091
88 56 0.0306122
88 57 0.389764
88 87 0.0291262
88 89 0.142857
88 119 0.0163934
88 120 0.221311
88 121 0.0305677
89 26 0.138249
89 27 0.0129032
89 28 0.0364372
89 29 0.0557621
89 57 0.263345
89 58 0.0325203
89 59 0.0854271
89 87 0.0230769
89 88 0.142857
89 90 0.115385
89 92 0.00980392
89 120 0.184502
89 121 0.015625
90 27 0.0864198
90 28 0.0693642
90 29 0.133333
90 58 0.0408163
90 59 0.088
90 89 0.115385
90 92 0.00769231
90 120 0.00507614
90 121 0.0714286
90 122 0.0782123
91 29 0.0711744
91 59 0.0189573
91 60 0.0440529
91 61 0.120419
91 92 0.0185185
91 122 0.279245
91 123 0.260638
91 153 0.0708661
92 29 0.00411523
92 58 0.0103093
92 59 0.150289
92 89 0.00980392
92 90 0.00769231
92 91 0.0185185
92 121 0.269565
92 122 0.23348
92 151 0.00387597
92 152 0.151685
92 153 0.0509259
93 32 0.0625
93 33 0.0588235
93 62 0.133333
93 63 0.13913
93 124 0.126126
94 63 0.0162602
94 64 0.333333
94 95 0.148649
94 124 0.0336134
94 125 0.134615
94 126 0.00588235
94 155 0.00892857
95 64 0.0448718
95 65 0.22449
95 94 0.148649
95 96 0.207547
95 125 0.155172
95 126 0.0531915
96 65 0.0857143
96 66 0.03125
96 95 0.207547
96 97 0.107383
96 125 0.011976
96 126 0.138122
96 127 0.0601504
97 36 0.00699301
97 66 0.168
97 67 0.0486111
97 68 0.00714286
97 96 0.107383
97 98 0.070922
97 127 0.0461538
97 128 0.279221
97 129 0.0185185
98 67 0.309353
98 69 0.00746269
98 97 0.070922
98 99 0.0603448
98 128 0.033557
98 129 0.273885
98 130 0.0218978
98 160 0.0162602
99 69 0.27193
99 70 0.0538462
99 98 0.0603448
99 101 0.0366972
99 129 0.0145985
99 130 0.222222
99 131 0.013986
100 70 0.0169492
100 101 0.134021
100 102 0.0601504
100 130 0.0952381
100 131 0.0381679
100 132 0.025
100 162 0.112676
101 40 0.0601504
101 70 0.405594
101 72 0.0530303
101 99 0.0366972
101 100 0.134021
101 102 0.0949367
101 130 0.0230769
102 70 0.0111732
102 72 0.178571
102 100 0.0601504
102 101 0.0949367
102 103 0.0236967
102 104 0.00515464
102 132 0.319149
102 133 0.116022
102 134 0.0203046
102 162 0.00757576
102 165 0.035503
103 72 0.027027
103 102 0.0236967
103 104 0.322275
103 105 0.0402299
103 134 0.35514
103 135 0.0654762
103 165 0.0430108
104 42 0.0110497
104 71 0.0777202
104 72 0.0535714
104 73 0.181319
104 102 0.00515464
104 103 0.322275
104 105 0.0191083
105 73 0.117241
105 74 0.020979
105 75 0.151261
105 103 0.0402299
105 104 0.0191083
105 106 0.0487805
105 134 0.05625
105 135 0.210526
105 136 0.00787402
105 137 0.0729927
106 45 0.0234375
106 74 0.00684932
106 75 0.172131
106 76 0.0858896
106 105 0.0487805
106 107 0.0743243
106 136 0.00769231
106 137 0.3
106 138 0.0291971
107 76 0.264865
107 106 0.0743243
107 108 0.114094
107 109 0.0246914
107 138 0.18239
107 139 0.0763359
108 76 0.0243902
108 77 0.00714286
108 78 0.0078125
108 107 0.114094
108 109 0.361702
108 110 0.0220588
108 139 0.209091
108 140 0.0183486
109 76 0.0169492
109 77 0.143791
109 78 0.0780142
109 107 0.0246914
109 108 0.361702
109 110 0.275168
109 139 0.0162602
109 140 0.0245902
109 141 0.015748
109 173 0.00657895
110 77 0.0135135
110 78 0.242647
110 79 0.0434783
110 108 0.0220588
110 109 0.275168
110 111 0.181818
110 141 0.0245902
111 78 0.0205479
111 79 0.187135
111 80 0.0483871
111 110 0.181818
111 112 0.182292
111 142 0.0915493
111 143 0.0131579
112 79 0.0150754
112 80 0.0654206
112 81 0.165714
112 111 0.182292
112 113 0.0954774
112 142 0.00588235
112 143 0.155556
112 144 0.0520231
113 81 0.0194805
113 82 0.0232558
113 112 0.0954774
113 114 0.182292
113 144 0.223684
113 145 0.121387
114 51 0.164835
114 52 0.00502513
114 82 0.0629371
114 83 0.173184
114 113 0.182292
114 145 0.149733
115 83 0.188889
115 84 0.0144928
115 85 0.12
115 145 0.0204082
115 146 0.0512821
116 54 0.0143885
116 55 0.0276243
116 83 0.0205479
116 84 0.008
116 85 0.160377
116 86 0.0625
116 117 0.22973
116 147 0.158333
116 178 0.03125
117 85 0.00531915
117 86 0.393805
117 87 0.011976
117 116 0.22973
117 118 0.323144
117 147 0.0841584
117 148 0.0116959
117 179 0.0225989
118 87 0.0543478
118 117 0.323144
118 119 0.00900901
118 120 0.00429185
118 148 0.177083
118 149 0.0842105
118 150 0.10101
118 151 0.00406504
118 179 0.0294118
118 181 0.0307692
119 87 0.0612245
119 88 0.0163934
119 118 0.00900901
119 120 0.1
119 149 0.0384615
119 150 0.160714
119 151 0.147783
119 181 0.137931
120 56 0.00757576
120 57 0.0372671
120 58 0.00609756
120 59 0.0166667
120 87 0.00584795
120 88 0.221311
120 89 0.184502
120 90 0.00507614
120 118 0.00429185
120 119 0.1
120 121 0.191919
120 150 0.00561798
120 151 0.224615
120 181 0.0526316
120 184 0.00353357
121 59 0.0222222
121 88 0.0305677
121 89 0.015625
121 90 0.0714286
121 92 0.269565
121 120 0.191919
121 122 0.215054
121 151 0.0774194
121 152 0.0695652
121 153 0.00373134
121 181 0.00515464
121 184 0.115672
122 59 0.171171
122 90 0.0782123
122 91 0.279245
122 92 0.23348
122 121 0.215054
122 152 0.0220264
122 153 0.158491
122 154 0.0128205
123 61 0.152
123 91 0.260638
123 153 0.0744681
123 154 0.121019
124 63 0.0267857
124 64 0.0393701
124 93 0.126126
124 94 0.0336134
124 155 0.128713
124 186 0.121212
125 64 0.0121951
125 94 0.134615
125 95 0.155172
125 96 0.011976
125 126 0.336735
125 155 0.0434783
125 156 0.113208
125 157 0.0689655
126 94 0.00588235
126 95 0.0531915
126 96 0.138122
126 125 0.336735
126 127 0.0864198
126 156 0.0231214
126 157 0.235023
126 158 0.0121212
126 187 0.00561798
126 188 0.0669856
127 96 0.0601504
127 97 0.0461538
127 126 0.0864198
127 128 0.246377
127 158 0.128205
127 188 0.0124224
127 189 0.00714286
128 97 0.279221
128 98 0.033557
128 127 0.246377
128 129 0.158824
128 158 0.0212766
128 159 0.0482759
128 160 0.00735294
129 97 0.0185185
129 98 0.273885
129 99 0.0145985
129 128 0.158824
129 130 0.0632911
129 131 0.0163043
129 159 0.0784314
129 160 0.236111
130 70 0.00662252
130 98 0.0218978
130 99 0.222222
130 100 0.0952381
130 101 0.0230769
130 129 0.0632911
130 131 0.304878
130 160 0.016129
130 162 0.00961538
131 99 0.013986
131 100 0.0381679
131 129 0.0163043
131 130 0.304878
131 160 0.0266667
131 161 0.329949
131 162 0.0615385
131 191 0.0273973
132 100 0.025
132 102 0.319149
132 133 0.210938
132 162 0.0886076
133 102 0.116022
133 132 0.210938
133 134 0.0108696
133 162 0.0336134
133 163 0.00662252
133 164 0.208861
133 165 0.134615
133 193 0.115108
134 102 0.0203046
134 103 0.35514
134 105 0.05625
134 133 0.0108696
134 135 0.149351
134 165 0.337209
134 166 0.0217391
134 167 0.00606061
135 75 0.00884956
135 103 0.0654762
135 105 0.210526
135 134 0.149351
135 136 0.0165289
135 137 0.0458015
135 165 0.015873
135 166 0.101449
135 167 0.10084
136 105 0.00787402
136 106 0.00769231
136 135 0.0165289
136 137 0.423611
136 138 0.035461
136 167 0.0984849
136 168 0.322581
136 169 0.0318471
137 75 0.0294118
137 105 0.0729927
137 106 0.3
137 135 0.0458015
137 136 0.423611
137 138 0.139073
137 167 0.0211268
137 168 0.0671642
138 106 0.0291971
138 107 0.18239
138 136 0.035461
138 137 0.139073
138 139 0.00833333
138 168 0.00763359
138 169 0.219512
138 170 0.08
139 107 0.0763359
139 108 0.209091
139 109 0.0162602
139 138 0.00833333
139 140 0.263736
139 141 0.0104167
139 169 0.0147059
139 170 0.0833333
139 171 0.020202
139 173 0.0165289
140 108 0.0183486
140 109 0.0245902
140 139 0.263736
140 141 0.178947
140 171 0.285714
140 173 0.108333
141 109 0.015748
141 110 0.0245902
141 139 0.0104167
141 140 0.178947
141 142 0.163636
141 173 0.128
141 174 0.00769231
142 111 0.0915493
142 112 0.00588235
142 141 0.163636
142 143 0.2
142 173 0.037037
142 174 0.171429
143 111 0.0131579
143 112 0.155556
143 142 0.2
143 144 0.0676692
143 174 0.0666667
143 175 0.112426
143 176 0.00588235
144 112 0.0520231
144 113 0.223684
144 143 0.0676692
144 145 0.0680272
144 176 0.122699
144 177 0.00787402
145 83 0.1125
145 113 0.121387
145 114 0.149733
145 115 0.0204082
145 144 0.0680272
145 146 0.100917
145 147 0.00746269
145 176 0.130435
145 177 0.0472973
145 178 0.0727273
146 83 0.00990099
146 115 0.0512821
146 145 0.100917
146 147 0.0666667
146 176 0.008
146 177 0.0449438
146 178 0.294118
146 179 0.08
146 209 0.0183486
146 210 0.137255
146 211 0.0416667
147 83 0.015873
147 116 0.158333
147 117 0.0841584
147 145 0.00746269
147 146 0.0666667
147 178 0.210526
147 179 0.0266667
147 208 0.0930233
147 210 0.00787402
148 117 0.0116959
148 118 0.177083
148 149 0.108108
148 150 0.097561
148 179 0.0681818
148 180 0.0298507
148 181 0.0277778
148 182 0.114286
148 210 0.0208333
148 211 0.106061
149 118 0.0842105
149 119 0.0384615
149 148 0.108108
149 150 0.2
149 179 0.0930233
149 180 0.030303
149 181 0.0422535
149 182 0.0144928
149 209 0.0196078
149 210 0.0421053
149 211 0.138462
150 118 0.10101
150 119 0.160714
150 120 0.00561798
150 148 0.097561
150 149 0.2
150 151 0.0157068
150 179 0.0851064
150 180 0.0142857
150 181 0.08
150 182 0.0273973
150 210 0.040404
150 211 0.0724638
150 212 0.00549451
151 92 0.00387597
151 118 0.00406504
151 119 0.147783
151 120 0.224615
151 121 0.0774194
151 150 0.0157068
151 152 0.00387597
151 181 0.283784
151 182 0.0590909
151 183 0.0113636
151 184 0.0810811
151 212 0.145897
151 213 0.0238095
151 214 0.0727969
152 92 0.151685
152 121 0.0695652
152 122 0.0220264
152 151 0.00387597
152 153 0.111111
152 154 0.0162162
152 183 0.0104167
152 184 0.393519
152 185 0.00666667
152 214 0.0939227
152 215 0.0325581
152 216 0.047619
153 91 0.0708661
153 92 0.0509259
153 121 0.00373134
153 122 0.158491
153 123 0.0744681
153 152 0.111111
153 154 0.269058
153 184 0.0551181
153 185 0.0744681
153 216 0.0403226
154 122 0.0128205
154 123 0.121019
154 152 0.0162162
154 153 0.269058
154 185 0.388535
154 215 0.0045045
154 216 0.105991
155 94 0.00892857
155 124 0.128713
155 125 0.0434783
155 156 0.173913
155 186 0.380435
155 217 0.0217391
156 125 0.113208
156 126 0.0231214
156 155 0.173913
156 157 0.0444444
156 186 0.0265487
156 187 0.134752
156 217 0.0973451
157 125 0.0689655
157 126 0.235023
157 156 0.0444444
157 158 0.0174419
157 187 0.167568
157 188 0.277778
157 219 0.0046729
158 126 0.0121212
158 127 0.128205
158 128 0.0212766
158 157 0.0174419
158 159 0.0967742
158 188 0.176829
158 189 0.265734
159 128 0.0482759
159 129 0.0784314
159 158 0.0967742
159 160 0.0588235
159 189 0.136054
159 190 0.217105
159 191 0.00869565
159 220 0.037037
160 98 0.0162602
160 128 0.00735294
160 129 0.236111
160 130 0.016129
160 131 0.0266667
160 159 0.0588235
160 161 0.0191083
160 190 0.125874
160 191 0.103774
161 131 0.329949
161 160 0.0191083
161 162 0.0437956
161 191 0.0457516
161 192 0.307263
161 193 0.0636943
161 222 0.00719424
161 223 0.00546448
161 224 0.00746269
162 100 0.112676
162 102 0.00757576
162 130 0.00961538
162 131 0.0615385
162 132 0.0886076
162 133 0.0336134
162 161 0.0437956
162 193 0.122222
163 133 0.00662252
163 164 0.205674
163 193 0.286885
163 194 0.278912
163 224 0.020202
163 226 0.0121951
164 133 0.208861
164 163 0.205674
164 166 0.0379747
164 193 0.0310078
164 194 0.0194805
164 195 0.116564
164 196 0.0294118
165 102 0.035503
165 103 0.0430108
165 133 0.134615
165 134 0.337209
165 135 0.015873
165 166 0.262821
165 196 0.0535714
166 134 0.0217391
166 135 0.101449
166 164 0.0379747
166 165 0.262821
166 167 0.0872483
166 195 0.017341
166 196 0.322222
166 197 0.0666667
167 134 0.00606061
167 135 0.10084
167 136 0.0984849
167 137 0.0211268
167 166 0.0872483
167 168 0.114754
167 197 0.152672
167 198 0.0724638
167 199 0.165517
168 136 0.322581
168 137 0.0671642
168 138 0.00763359
168 167 0.114754
168 169 0.0680272
168 199 0.124088
168 200 0.0555556
169 136 0.0318471
169 138 0.219512
169 139 0.0147059
169 168 0.0680272
169 170 0.12931
169 171 0.0559441
169 200 0.194969
169 201 0.0658683
169 202 0.0108108
169 203 0.0165746
170 138 0.08
170 139 0.0833333
170 169 0.12931
170 171 0.0886076
171 139 0.020202
171 140 0.285714
171 169 0.0559441
171 170 0.0886076
171 172 0.0485437
171 173 0.0234375
171 202 0.0337838
171 203 0.118056
172 171 0.0485437
172 173 0.224
172 202 0.0413793
172 203 0.198582
172 204 0.0743243
173 109 0.00657895
173 139 0.0165289
173 140 0.108333
173 141 0.128
173 142 0.037037
173 171 0.0234375
173 172 0.224
173 174 0.0903226
173 204 0.0982659
173 205 0.011976
174 141 0.00769231
174 142 0.171429
174 143 0.0666667
174 173 0.0903226
174 175 0.145251
174 204 0.00561798
174 205 0.209302
174 206 0.0486111
175 143 0.112426
175 174 0.145251
175 176 0.20603
175 177 0.0306748
175 205 0.0209424
175 206 0.196319
175 207 0.00775194
175 237 0.0440252
176 143 0.00588235
176 144 0.122699
176 145 0.130435
176 146 0.008
176 175 0.20603
176 177 0.298781
176 178 0.0238095
176 207 0.0153846
176 237 0.00625
177 144 0.00787402
177 145 0.0472973
177 146 0.0449438
177 175 0.0306748
177 176 0.298781
177 178 0.0444444
177 207 0.159574
177 208 0.04
177 209 0.0472973
177 237 0.016129
177 240 0.0808081
177 241 0.0181818
178 116 0.03125
178 145 0.0727273
178 146 0.294118
178 147 0.210526
178 176 0.0238095
178 177 0.0444444
178 208 0.0806452
178 210 0.0485437
178 240 0.114754
179 117 0.0225989
179 118 0.0294118
179 146 0.08
179 147 0.0266667
179 148 0.0681818
179 149 0.0930233
179 150 0.0851064
179 180 0.0410959
179 181 0.0128205
179 182 0.0657895
179 210 0.205882
179 211 0.125
179 240 0.0166667
179 243 0.145161
180 148 0.0298507
180 149 0.030303
180 150 0.0142857
180 179 0.0410959
180 181 0.029703
180 182 0.131313
180 210 0.096
180 211 0.284211
180 212 0.00961538
180 242 0.0925926
180 243 0.0352941
181 118 0.0307692
181 119 0.137931
181 120 0.0526316
181 121 0.00515464
181 148 0.0277778
181 149 0.0422535
181 150 0.08
181 151 0.283784
181 179 0.0128205
181 180 0.029703
181 182 0.0288462
181 211 0.03
181 212 0.0469484
181 213 0.0617978
182 148 0.114286
182 149 0.0144928
182 150 0.0273973
182 151 0.0590909
182 179 0.0657895
182 180 0.131313
182 181 0.0288462
182 210 0.015625
182 211 0.122449
182 212 0.222749
182 213 0.0511364
182 242 0.0540541
182 243 0.0568182
182 244 0.0283019
183 151 0.0113636
183 152 0.0104167
183 184 0.0223881
183 214 0.0707071
184 120 0.00353357
184 121 0.115672
184 151 0.0810811
184 152 0.393519
184 153 0.0551181
184 183 0.0223881
184 212 0.00696864
184 213 0.031746
184 214 0.424658
184 215 0.130435
184 216 0.0685484
185 152 0.00666667
185 153 0.0744681
185 154 0.388535
185 215 0.0213904
185 216 0.126374
185 247 0.0569106
186 124 0.121212
186 155 0.380435
186 156 0.0265487
186 217 0.111111
187 126 0.00561798
187 156 0.134752
187 157 0.167568
187 188 0.0564972
187 217 0.0508475
187 218 0.104167
187 219 0.0228571
187 248 0.129771
188 126 0.0669856
188 127 0.0124224
188 157 0.277778
188 158 0.176829
188 187 0.0564972
188 189 0.0106952
188 218 0.0285714
188 219 0.208738
188 250 0.0105263
189 127 0.00714286
189 158 0.265734
189 159 0.136054
189 188 0.0106952
189 190 0.0526316
189 219 0.0162162
189 220 0.24026
189 250 0.0295858
190 159 0.217105
190 160 0.125874
190 189 0.0526316
190 191 0.352518
190 220 0.0251572
190 221 0.0540541
191 131 0.0273973
191 159 0.00869565
191 160 0.103774
191 161 0.0457516
191 190 0.352518
191 192 0.03125
191 221 0.00900901
191 222 0.0909091
192 161 0.307263
192 191 0.03125
192 193 0.00757576
192 222 0.0789474
192 223 0.164557
192 224 0.0458716
192 253 0.134078
192 254 0.00628931
193 133 0.115108
193 161 0.0636943
193 162 0.122222
193 163 0.286885
193 164 0.0310078
193 192 0.00757576
193 194 0.00740741
193 224 0.206897
194 163 0.278912
194 164 0.0194805
194 193 0.00740741
194 195 0.0473373
194 224 0.0625
194 225 0.167785
194 226 0.101695
194 256 0.0134228
195 164 0.116564
195 166 0.017341
195 194 0.0473373
195 196 0.27027
195 226 0.209677
195 227 0.10596
196 164 0.0294118
196 165 0.0535714
196 166 0.322222
196 195 0.27027
196 197 0.154321
196 227 0.0443038
197 166 0.0666667
197 167 0.152672
197 196 0.154321
197 198 0.165468
197 227 0.164062
197 228 0.0633803
197 229 0.00571429
197 258 0.0078125
198 167 0.0724638
198 197 0.165468
198 199 0.261438
198 228 0.228188
198 229 0.0549451
198 230 0.160839
198 260 0.00578035
199 167 0.165517
199 168 0.124088
199 198 0.261438
199 200 0.100671
199 230 0.28
199 231 0.0228571
200 168 0.0555556
200 169 0.194969
200 199 0.100671
200 201 0.0753425
200 230 0.0143885
200 231 0.256098
201 169 0.0658683
201 200 0.0753425
201 202 0.0813954
201 231 0.30814
201 232 0.151515
201 233 0.0638298
201 262 0.0202703
202 169 0.0108108
202 171 0.0337838
202 172 0.0413793
202 201 0.0813954
202 203 0.451613
202 232 0.00666667
202 233 0.232704
202 234 0.0788177
202 235 0.0102564
203 169 0.0165746
203 171 0.118056
203 172 0.198582
203 202 0.451613
203 204 0.0529101
203 233 0.0387097
203 235 0.0209424
204 172 0.0743243
204 173 0.0982659
204 174 0.00561798
204 203 0.0529101
204 205 0.205263
204 235 0.232323
204 236 0.0368421
205 173 0.011976
205 174 0.209302
205 175 0.0209424
205 204 0.205263
205 206 0.0641026
205 236 0.141304
205 237 0.0328947
206 174 0.0486111
206 175 0.196319
206 205 0.0641026
206 207 0.0425532
206 236 0.0961538
206 237 0.274194
207 175 0.00775194
207 176 0.0153846
207 177 0.159574
207 206 0.0425532
207 237 0.2
207 238 0.285714
207 239 0.0141844
207 241 0.0152672
207 269 0.0153846
207 270 0.021978
208 147 0.0930233
208 177 0.04
208 178 0.0806452
208 209 0.0333333
208 210 0.106195
208 240 0.394366
208 243 0.0410959
208 270 0.0309278
209 146 0.0183486
209 149 0.0196078
209 177 0.0472973
209 208 0.0333333
209 210 0.304348
209 211 0.160305
209 239 0.00512821
209 240 0.0672269
209 241 0.286486
209 243 0.123967
209 270 0.0551724
209 271 0.0122951
209 272 0.0201342
210 146 0.137255
210 147 0.00787402
210 148 0.0208333
210 149 0.0421053
210 150 0.040404
210 178 0.0485437
210 179 0.205882
210 180 0.096
210 182 0.015625
210 208 0.106195
210 209 0.304348
210 211 0.104839
210 240 0.0625
210 241 0.0561798
210 243 0.0964912
210 272 0.0140845
211 146 0.0416667
211 148 0.106061
211 149 0.138462
211 150 0.0724638
211 179 0.125
211 180 0.284211
211 181 0.03
211 182 0.122449
211 209 0.160305
211 210 0.104839
211 240 0.0121951
211 243 0.0238095
212 150 0.00549451
212 151 0.145897
212 180 0.00961538
212 181 0.0469484
212 182 0.222749
212 184 0.00696864
212 213 0.333333
212 214 0.0238095
212 242 0.0227273
212 243 0.0253807
212 244 0.199377
212 245 0.0115385
212 272 0.00444444
213 151 0.0238095
213 181 0.0617978
213 182 0.0511364
213 184 0.031746
213 212 0.333333
213 214 0.133641
213 215 0.0956175
213 244 0.115385
213 245 0.235556
213 275 0.0201342
213 277 0.00411523
214 151 0.0727969
214 152 0.0939227
214 183 0.0707071
214 184 0.424658
214 212 0.0238095
214 213 0.133641
214 215 0.151376
215 152 0.0325581
215 154 0.0045045
215 184 0.130435
215 185 0.0213904
215 213 0.0956175
215 214 0.151376
215 216 0.238866
215 245 0.119469
215 246 0.0600858
215 275 0.0200669
215 277 0.143443
216 152 0.047619
216 153 0.0403226
216 154 0.105991
216 184 0.0685484
216 185 0.126374
216 215 0.238866
216 246 0.149123
216 247 0.153005
216 277 0.0041841
217 155 0.0217391
217 156 0.0973451
217 186 0.111111
217 187 0.0508475
217 218 0.0172414
217 248 0.31068
218 187 0.104167
218 188 0.0285714
218 217 0.0172414
218 219 0.16185
218 248 0.162791
218 249 0.0443038
218 279 0.0909091
218 280 0.109489
219 157 0.0046729
219 187 0.0228571
219 188 0.208738
219 189 0.0162162
219 218 0.16185
219 249 0.0687831
219 250 0.303191
220 159 0.037037
220 189 0.24026
220 190 0.0251572
220 221 0.0610687
220 222 0.0462963
220 250 0.101911
220 251 0.108108
220 281 0.034965
221 190 0.0540541
221 191 0.00900901
221 220 0.0610687
221 222 0.103093
221 251 0.24
221 252 0.263566
221 253 0.00617284
221 281 0.0151515
221 282 0.046729
222 161 0.00719424
222 191 0.0909091
222 192 0.0789474
222 220 0.0462963
222 221 0.103093
222 251 0.012987
222 252 0.0660377
222 253 0.0431655
223 161 0.00546448
223 192 0.164557
223 224 0.0530973
223 225 0.04
223 253 0.278689
223 254 0.177914
223 255 0.140496
224 161 0.00746269
224 163 0.020202
224 192 0.0458716
224 193 0.206897
224 194 0.0625
224 223 0.0530973
224 225 0.158416
224 255 0.0138889
225 194 0.167785
225 223 0.04
225 224 0.158416
225 226 0.060241
225 255 0.0642202
225 256 0.326087
225 257 0.0171429
226 163 0.0121951
226 194 0.101695
226 195 0.209677
226 225 0.060241
226 227 0.106918
226 256 0.0060241
226 257 0.330049
226 258 0.100629
227 195 0.10596
227 196 0.0443038
227 197 0.164062
227 226 0.106918
227 228 0.0724638
227 257 0.0119048
227 258 0.298387
227 289 0.018018
228 197 0.0633803
228 198 0.228188
228 227 0.0724638
228 229 0.0378378
228 230 0.0136986
228 258 0.0289855
228 259 0.258278
228 289 0.008
229 197 0.00571429
229 198 0.0549451
229 228 0.0378378
229 230 0.217877
229 231 0.0294118
229 259 0.00543478
229 260 0.464115
229 261 0.0359281
229 262 0.0277778
229 290 0.00436681
230 198 0.160839
230 199 0.28
230 200 0.0143885
230 228 0.0136986
230 229 0.217877
230 231 0.0242424
230 260 0.00588235
231 199 0.0228571
231 200 0.256098
231 201 0.30814
231 229 0.0294118
231 230 0.0242424
231 232 0.0466667
231 261 0.0522876
231 262 0.186747
231 263 0.0178571
232 201 0.151515
232 202 0.00666667
232 231 0.0466667
232 233 0.243697
232 262 0.00793651
232 263 0.234375
232 264 0.0447761
232 295 0.00671141
233 201 0.0638298
233 202 0.232704
233 203 0.0387097
233 232 0.243697
233 234 0.0813954
233 263 0.00729927
233 264 0.013986
234 202 0.0788177
234 233 0.0813954
234 235 0.288462
234 264 0.245989
234 265 0.0446927
234 266 0.015544
235 202 0.0102564
235 203 0.0209424
235 204 0.232323
235 234 0.288462
235 236 0.09375
235 265 0.0233918
235 266 0.0756757
236 204 0.0368421
236 205 0.141304
236 206 0.0961538
236 235 0.09375
236 237 0.151316
236 265 0.00613497
236 266 0.220339
236 267 0.0325203
237 175 0.0440252
237 176 0.00625
237 177 0.016129
237 205 0.0328947
237 206 0.274194
237 207 0.2
237 236 0.151316
237 238 0.113924
237 267 0.010989
238 207 0.285714
238 237 0.113924
238 239 0.0538462
238 267 0.08
238 268 0.0253165
238 269 0.109244
238 298 0.0540541
239 207 0.0141844
239 209 0.00512821
239 238 0.0538462
239 241 0.0377358
239 269 0.232227
239 270 0.337209
239 271 0.162362
239 298 0.144578
239 300 0.0994764
239 301 0.0209205
239 302 0.0135135
239 303 0.0689655
240 177 0.0808081
240 178 0.114754
240 179 0.0166667
240 208 0.394366
240 209 0.0672269
240 210 0.0625
240 211 0.0121951
240 241 0.0588235
240 243 0.0416667
240 270 0.114583
240 272 0.01
241 177 0.0181818
241 207 0.0152672
241 209 0.286486
241 210 0.0561798
241 239 0.0377358
241 240 0.0588235
241 243 0.0289855
241 270 0.111111
241 271 0.348659
241 272 0.108434
241 303 0.126126
242 180 0.0925926
242 182 0.0540541
242 212 0.0227273
242 243 0.0824742
242 244 0.0497738
242 272 0.224
242 274 0.12844
242 303 0.00552486
242 304 0.0217391
243 179 0.145161
243 180 0.0352941
243 182 0.0568182
243 208 0.0410959
243 209 0.123967
243 210 0.0964912
243 211 0.0238095
243 212 0.0253807
243 240 0.0416667
243 241 0.0289855
243 242 0.0824742
243 244 0.0151515
243 271 0.00507614
243 272 0.137255
244 182 0.0283019
244 212 0.199377
244 213 0.115385
244 242 0.0497738
244 243 0.0151515
244 245 0.0498084
244 274 0.261905
244 275 0.203593
244 305 0.0939597
244 307 0.00436681
245 212 0.0115385
245 213 0.235556
245 215 0.119469
245 244 0.0498084
245 275 0.344322
245 277 0.0779817
246 215 0.0600858
246 216 0.149123
246 247 0.248521
246 277 0.0266667
246 278 0.248148
246 309 0.150943
247 185 0.0569106
247 216 0.153005
247 246 0.248521
247 278 0.00444444
247 309 0.0438596
248 187 0.129771
248 217 0.31068
248 218 0.162791
248 279 0.0824742
249 218 0.0443038
249 219 0.0687831
249 250 0.179191
249 280 0.24183
249 281 0.0188679
249 311 0.240437
249 312 0.00552486
250 188 0.0105263
250 189 0.0295858
250 219 0.303191
250 220 0.101911
250 249 0.179191
250 251 0.00793651
250 281 0.132911
250 311 0.0274725
251 220 0.108108
251 221 0.24
251 222 0.012987
251 250 0.00793651
251 252 0.0550459
251 281 0.0178571
251 282 0.16092
251 283 0.00925926
251 313 0.0173913
252 221 0.263566
252 222 0.0660377
252 251 0.0550459
252 253 0.128655
252 282 0.0172414
252 283 0.145985
252 313 0.0347222
253 192 0.134078
253 221 0.00617284
253 222 0.0431655
253 223 0.278689
253 252 0.128655
253 254 0.282609
253 283 0.0176471
253 284 0.0931677
253 285 0.0259067
254 192 0.00628931
254 223 0.177914
254 253 0.282609
254 255 0.147541
254 284 0.0141844
254 285 0.260116
255 223 0.140496
255 224 0.0138889
255 225 0.0642202
255 254 0.147541
255 256 0.146789
255 285 0.0305344
255 286 0.0352941
255 287 0.00806452
256 194 0.0134228
256 225 0.326087
256 226 0.0060241
256 255 0.146789
256 257 0.0457143
256 286 0.0438596
256 287 0.183007
256 317 0.0218978
257 225 0.0171429
257 226 0.330049
257 227 0.0119048
257 256 0.0457143
257 258 0.0357143
257 287 0.0736842
257 288 0.326733
257 289 0.00645161
258 197 0.0078125
258 226 0.100629
258 227 0.298387
258 228 0.0289855
258 257 0.0357143
258 259 0.0583942
258 288 0.056962
258 289 0.288288
258 290 0.010989
259 228 0.258278
259 229 0.00543478
259 258 0.0583942
259 260 0.0285714
259 289 0.0241935
259 290 0.389744
260 198 0.00578035
260 229 0.464115
260 230 0.00588235
260 259 0.0285714
260 261 0.101266
260 290 0.0636364
260 292 0.184971
261 229 0.0359281
261 231 0.0522876
261 260 0.101266
261 262 0.255814
261 292 0.198473
261 293 0.120301
261 323 0.0189873
262 201 0.0202703
262 229 0.0277778
262 231 0.186747
262 232 0.00793651
262 261 0.255814
262 263 0.0763889
262 293 0.150685
262 295 0.0121212
263 231 0.0178571
263 232 0.234375
263 233 0.00729927
263 262 0.0763889
263 264 0.164474
263 293 0.00675676
263 294 0.0119048
263 295 0.203593
264 232 0.0447761
264 233 0.013986
264 234 0.245989
264 263 0.164474
264 265 0.0666667
264 295 0.0867052
264 296 0.140244
265 234 0.0446927
265 235 0.0233918
265 236 0.00613497
265 264 0.0666667
265 266 0.185897
265 267 0.0490196
265 296 0.185897
265 297 0.104167
266 234 0.015544
266 235 0.0756757
266 236 0.220339
266 265 0.185897
266 267 0.172414
266 297 0.120253
267 236 0.0325203
267 237 0.010989
267 238 0.08
267 265 0.0490196
267 266 0.172414
267 268 0.043956
267 269 0.0152672
267 297 0.0576923
267 298 0.0348837
267 299 0.00819672
267 327 0.2
267 329 0.0396825
267 330 0.0650406
268 238 0.0253165
268 267 0.043956
268 269 0.25
268 298 0.0782609
268 299 0.0993377
268 300 0.0214286
268 301 0.0744681
268 329 0.154839
268 330 0.355263
268 331 0.0295858
268 332 0.0162602
269 207 0.0153846
269 238 0.109244
269 239 0.232227
269 267 0.0152672
269 268 0.25
269 270 0.0186335
269 298 0.316129
269 300 0.277778
269 301 0.149123
269 329 0.00512821
269 330 0.125
269 332 0.0429448
270 207 0.021978
270 208 0.0309278
270 209 0.0551724
270 239 0.337209
270 240 0.114583
270 241 0.111111
270 269 0.0186335
270 271 0.226244
270 298 0.00862069
270 300 0.0425532
270 301 0.00529101
270 303 0.032967
271 209 0.0122951
271 239 0.162362
271 241 0.348659
271 243 0.00507614
271 270 0.226244
271 272 0.111111
271 300 0.0291667
271 301 0.0277778
271 302 0.0922509
271 303 0.359431
271 333 0.0590717
272 209 0.0201342
272 210 0.0140845
272 212 0.00444444
272 240 0.01
272 241 0.108434
272 242 0.224
272 243 0.137255
272 271 0.111111
272 273 0.0162602
272 302 0.0284091
272 303 0.0376344
272 304 0.0309278
272 305 0.00495049
272 333 0.0140845
273 272 0.0162602
273 274 0.0373832
273 302 0.0118343
273 303 0.00558659
273 304 0.411111
273 305 0.0102564
273 336 0.0266667
274 242 0.12844
274 244 0.261905
274 273 0.0373832
274 275 0.00900901
274 304 0.037037
274 305 0.263441
274 336 0.030303
275 213 0.0201342
275 215 0.0200669
275 244 0.203593
275 245 0.344322
275 274 0.00900901
275 277 0.19244
275 278 0.0208333
275 305 0.1
275 307 0.0912863
275 337 0.127796
275 338 0.03125
275 339 0.0031746
276 307 0.173333
276 337 0.00680272
276 338 0.0689655
277 213 0.00411523
277 215 0.143443
277 216 0.0041841
277 245 0.0779817
277 246 0.0266667
277 275 0.19244
277 278 0.370107
277 307 0.0537634
277 308 0.0263158
277 337 0.0155039
278 246 0.248148
278 247 0.00444444
278 275 0.0208333
278 277 0.370107
278 307 0.025974
278 308 0.071066
278 309 0.12093
278 339 0.134426
279 218 0.0909091
279 248 0.0824742
279 280 0.0952381
279 310 0.0985916
279 341 0.0294118
280 218 0.109489
280 249 0.24183
280 279 0.0952381
280 311 0.00617284
280 341 0.0930233
280 342 0.132867
281 220 0.034965
281 221 0.0151515
281 249 0.0188679
281 250 0.132911
281 251 0.0178571
281 282 0.193277
281 311 0.166667
281 312 0.120482
281 313 0.047619
282 221 0.046729
282 251 0.16092
282 252 0.0172414
282 281 0.193277
282 312 0.0141844
282 313 0.286885
282 344 0.00952381
283 251 0.00925926
283 252 0.145985
283 253 0.0176471
283 284 0.0629921
283 313 0.188811
283 314 0.167939
283 344 0.103175
284 253 0.0931677
284 254 0.0141844
284 283 0.0629921
284 285 0.186667
284 314 0.0901639
284 315 0.120968
284 316 0.0172414
285 253 0.0259067
285 254 0.260116
285 255 0.0305344
285 284 0.186667
285 286 0.147059
285 315 0.0384615
285 316 0.195946
285 317 0.0125786
286 255 0.0352941
286 256 0.0438596
286 285 0.147059
286 316 0.0686275
286 317 0.230089
286 348 0.010101
287 255 0.00806452
287 256 0.183007
287 257 0.0736842
287 288 0.0722222
287 317 0.0723684
287 318 0.163158
288 257 0.326733
288 258 0.056962
288 287 0.0722222
288 289 0.282759
288 318 0.143564
288 319 0.0140845
289 227 0.018018
289 228 0.008
289 257 0.00645161
289 258 0.288288
289 259 0.0241935
289 288 0.282759
289 290 0.0295858
289 318 0.0129032
289 319 0.157895
289 320 0.01
289 321 0.00628931
290 229 0.00436681
290 258 0.010989
290 259 0.389744
290 260 0.0636364
290 289 0.0295858
290 291 0.0366492
290 292 0.0518135
290 319 0.0060241
290 320 0.00584795
290 321 0.26087
291 290 0.0366492
291 292 0.201389
291 321 0.149171
291 322 0.108527
291 352 0.0212766
291 353 0.253521
292 260 0.184971
292 261 0.198473
292 290 0.0518135
292 291 0.201389
292 293 0.0202703
292 321 0.00546448
292 322 0.0763359
292 323 0.104046
293 261 0.120301
293 262 0.150685
293 263 0.00675676
293 292 0.0202703
293 294 0.0235294
293 295 0.0710059
293 323 0.297143
293 324 0.0294118
294 263 0.0119048
294 293 0.0235294
294 295 0.343915
294 296 0.00555556
294 323 0.0512821
294 324 0.142105
294 325 0.0909091
294 326 0.00520833
294 356 0.00952381
295 232 0.00671141
295 262 0.0121212
295 263 0.203593
295 264 0.0867052
295 293 0.0710059
295 294 0.343915
295 296 0.0893855
295 324 0.015873
295 325 0.016129
295 326 0.0052356
296 264 0.140244
296 265 0.185897
296 294 0.00555556
296 295 0.0893855
296 297 0.177215
296 325 0.0225989
296 326 0.214286
297 265 0.104167
297 266 0.120253
297 267 0.0576923
297 296 0.177215
297 326 0.141176
297 327 0.0114943
297 357 0.0650406
297 358 0.14433
298 238 0.0540541
298 239 0.144578
298 267 0.0348837
298 268 0.0782609
298 269 0.316129
298 270 0.00862069
298 300 0.162963
298 301 0.196721
298 329 0.0266667
298 330 0.0816327
298 332 0.118644
299 267 0.00819672
299 268 0.0993377
299 327 0.0666667
299 328 0.154839
299 329 0.505376
299 330 0.147541
299 359 0.239024
299 360 0.0930233
299 361 0.0190476
300 239 0.0994764
300 268 0.0214286
300 269 0.277778
300 270 0.0425532
300 271 0.0291667
300 298 0.162963
300 301 0.307692
300 302 0.0157068
300 303 0.00497512
300 330 0.0116279
300 331 0.015873
300 332 0.048951
301 239 0.0209205
301 268 0.0744681
301 269 0.149123
301 270 0.00529101
301 271 0.0277778
301 298 0.196721
301 300 0.307692
301 302 0.0669456
301 303 0.0160643
301 330 0.0318182
301 331 0.189873
301 332 0.235602
301 333 0.0536585
301 334 0.00970874
