0 1 0.0869565
0 31 0.149533
0 32 0.0932203
1 0 0.0869565
1 2 0.121212
1 32 0.258503
1 33 0.0121951
2 1 0.121212
2 3 0.319672
2 33 0.0592105
3 2 0.319672
3 5 0.088
3 33 0.0519481
3 34 0.118644
3 36 0.0564516
3 64 0.0516129
4 34 0.223776
4 35 0.178295
4 36 0.187919
4 65 0.056962
4 66 0.120879
4 67 0.0486111
5 3 0.088
5 6 0.134921
5 36 0.272
5 68 0.153846
6 5 0.134921
6 37 0.0446429
6 38 0.189349
6 68 0.102564
7 38 0.409326
7 39 0.0639535
7 40 0.123288
7 69 0.171779
8 9 0.311594
8 38 0.109195
8 40 0.165354
9 8 0.311594
9 10 0.222222
9 40 0.00775194
9 41 0.0232558
9 42 0.106557
10 9 0.222222
10 11 0.183824
10 42 0.010101
11 10 0.183824
11 12 0.172932
11 42 0.0638298
11 43 0.155844
12 11 0.172932
12 13 0.0947368
12 43 0.100917
12 44 0.0965517
13 12 0.0947368
13 14 0.133929
13 44 0.171053
14 13 0.133929
14 15 0.114286
14 16 0.0505618
14 44 0.0802469
14 45 0.305556
15 14 0.114286
15 16 0.385093
15 17 0.075
15 45 0.032967
16 14 0.0505618
16 15 0.385093
16 17 0.0522876
16 18 0.0547264
16 45 0.00609756
16 46 0.219388
16 47 0.0718232
16 48 0.13089
16 49 0.0162162
16 79 0.040201
17 15 0.075
17 16 0.0522876
17 18 0.275
17 48 0.0818182
17 49 0.0673077
18 16 0.0547264
18 17 0.275
18 19 0.258883
18 20 0.0559006
18 48 0.227848
18 80 0.00483092
19 18 0.258883
19 20 0.210526
19 48 0.128342
19 49 0.0220994
19 51 0.124464
19 79 0.0153846
19 80 0.0635593
19 81 0.0858369
20 18 0.0559006
20 19 0.210526
20 21 0.147619
20 51 0.22335
20 52 0.0194175
21 20 0.147619
21 22 0.09375
21 51 0.150198
21 52 0.305344
21 53 0.010582
21 54 0.263393
21 81 0.00790514
21 84 0.0139535
22 21 0.09375
22 23 0.191781
22 24 0.0340136
22 52 0.0478723
22 54 0.08
22 84 0.0070922
22 85 0.0247934
23 22 0.191781
23 24 0.445714
23 52 0.00462963
23 53 0.020979
23 54 0.0280899
23 55 0.239766
23 56 0.030303
23 84 0.0473373
23 85 0.0939597
24 22 0.0340136
24 23 0.445714
24 25 0.142857
24 26 0.0282486
24 54 0.0111732
24 55 0.0755814
24 56 0.0603015
24 84 0.00588235
24 85 0.04
24 86 0.115854
25 24 0.142857
25 26 0.3125
25 27 0.00621118
25 55 0.0233918
25 56 0.176768
25 57 0.169082
25 86 0.0306748
26 24 0.0282486
26 25 0.3125
26 27 0.134969
26 56 0.155
26 57 0.0334928
26 58 0.029703
26 86 0.00606061
26 88 0.0580645
26 90 0.00485437
27 25 0.00621118
27 26 0.134969
27 28 0.205674
27 29 0.008
27 57 0.0154639
27 58 0.219251
27 88 0.0142857
27 90 0.0104712
28 27 0.205674
28 29 0.237288
28 58 0.0777778
28 59 0.00714286
28 60 0.034965
28 90 0.0652174
29 27 0.008
29 28 0.237288
29 60 0.133858
29 61 0.0275229
29 90 0.047619
29 91 0.0869565
30 61 0.24359
31 0 0.149533
31 32 0.0431655
31 62 0.350649
31 63 0.00666667
32 0 0.0932203
32 1 0.258503
32 31 0.0431655
32 33 0.0898204
32 62 0.0666667
32 63 0.0869565
33 1 0.0121951
33 2 0.0592105
33 3 0.0519481
33 32 0.0898204
33 63 0.134831
33 64 0.405405
34 3 0.118644
34 4 0.223776
34 36 0.127119
34 64 0.0872483
34 65 0.015748
34 66 0.0198676
35 4 0.178295
35 66 0.218978
36 3 0.0564516
36 4 0.187919
36 5 0.272
36 34 0.127119
36 67 0.0504202
36 68 0.0775862
37 6 0.0446429
37 38 0.0580645
37 68 0.184466
37 69 0.16
37 98 0.00970874
37 99 0.0551181
37 100 0.008
38 6 0.189349
38 7 0.409326
38 8 0.109195
38 37 0.0580645
38 40 0.0242424
38 69 0.0274725
39 7 0.0639535
39 40 0.00694444
39 69 0.254658
39 70 0.462857
39 71 0.0218978
40 7 0.123288
40 8 0.165354
40 9 0.00775194
40 38 0.0242424
40 39 0.00694444
40 41 0.110169
40 71 0.108108
40 72 0.0961538
40 73 0.0173913
41 9 0.0232558
41 40 0.110169
41 42 0.315315
41 73 0.147826
42 9 0.106557
42 10 0.010101
42 11 0.0638298
42 41 0.315315
42 43 0.102564
42 73 0.00925926
43 11 0.155844
43 12 0.100917
43 42 0.102564
43 44 0.138554
43 73 0.00826446
43 75 0.08
44 12 0.0965517
44 13 0.171053
44 14 0.0802469
44 43 0.138554
44 45 0.141892
44 74 0.0263158
44 75 0.167702
44 107 0.00689655
44 108 0.00581395
45 14 0.305556
45 15 0.032967
45 16 0.00609756
45 44 0.141892
45 47 0.126126
45 75 0.0186916
45 76 0.0176991
45 106 0.0108696
45 107 0.0659341
45 108 0.0254237
46 16 0.219388
46 47 0.41958
46 48 0.0130719
46 76 0.00689655
46 78 0.033557
46 79 0.173913
46 107 0.0325203
46 108 0.0333333
46 110 0.0125786
47 16 0.0718232
47 45 0.126126
47 46 0.41958
47 76 0.0307692
47 77 0.0130719
47 78 0.201493
47 79 0.0684932
47 107 0.0740741
47 108 0.0592593
48 16 0.13089
48 17 0.0818182
48 18 0.227848
48 19 0.128342
48 46 0.0130719
48 49 0.112676
48 79 0.198718
48 80 0.106599
48 81 0.0309278
49 16 0.0162162
49 17 0.0673077
49 19 0.0220994
49 48 0.112676
49 50 0.046875
49 79 0.18
49 80 0.408377
49 81 0.0478723
49 110 0.0135135
50 49 0.046875
50 51 0.25
50 52 0.015873
50 80 0.174863
50 81 0.0944444
50 82 0.125
50 83 0.00574713
50 111 0.0550459
50 113 0.130435
51 19 0.124464
51 20 0.22335
51 21 0.150198
51 50 0.25
51 52 0.148594
51 80 0.0411523
51 81 0.104167
51 82 0.0333333
51 83 0.042735
51 113 0.0163934
52 20 0.0194175
52 21 0.305344
52 22 0.0478723
52 23 0.00462963
52 50 0.015873
52 51 0.148594
52 53 0.0864865
52 54 0.254545
52 82 0.037037
52 83 0.226337
52 84 0.161137
52 113 0.055336
52 116 0.00888889
53 21 0.010582
53 23 0.020979
53 52 0.0864865
53 54 0.0340136
53 55 0.00714286
53 83 0.0294118
53 84 0.463768
53 85 0.177966
53 86 0.030303
53 115 0.057377
53 116 0.0789474
53 117 0.0350877
54 21 0.263393
54 22 0.08
54 23 0.0280899
54 24 0.0111732
54 52 0.254545
54 53 0.0340136
54 83 0.0536585
54 84 0.16763
54 85 0.0196078
54 86 0.0598802
54 116 0.00534759
55 23 0.239766
55 24 0.0755814
55 25 0.0233918
55 53 0.00714286
55 56 0.2
55 84 0.0120482
55 85 0.369863
55 86 0.06875
55 117 0.056338
56 23 0.030303
56 24 0.0603015
56 25 0.176768
56 26 0.155
56 55 0.2
56 57 0.251082
56 85 0.0809249
56 86 0.0802139
56 87 0.0404624
56 88 0.152542
56 117 0.0591716
56 119 0.0333333
57 25 0.169082
57 26 0.0334928
57 27 0.0154639
57 56 0.251082
57 58 0.107296
57 59 0.0103627
57 86 0.00510204
57 87 0.0384615
57 88 0.247312
57 89 0.00680272
57 90 0.021097
57 118 0.0237154
57 119 0.273973
57 120 0.0311111
58 26 0.029703
58 27 0.219251
58 28 0.0777778
58 57 0.107296
58 59 0.107527
58 88 0.106145
58 89 0.0428571
58 90 0.447826
58 91 0.0112994
58 119 0.00943396
58 120 0.00458716
59 28 0.00714286
59 57 0.0103627
59 58 0.107527
59 60 0.0201342
59 88 0.0215827
59 89 0.17
59 90 0.447368
59 91 0.284672
59 120 0.0449438
59 121 0.0350877
59 122 0.020979
60 28 0.034965
60 29 0.133858
60 59 0.0201342
60 61 0.141791
60 90 0.00518135
60 91 0.121429
60 92 0.120567
61 29 0.0275229
61 30 0.24359
61 60 0.141791
61 92 0.0650406
62 31 0.350649
62 32 0.0666667
62 63 0.170455
62 93 0.111888
63 31 0.00666667
63 32 0.0869565
63 33 0.134831
63 62 0.170455
63 93 0.00719424
63 94 0.195122
63 95 0.130435
63 124 0.00694444
64 3 0.0516129
64 33 0.405405
64 34 0.0872483
64 65 0.0914634
64 95 0.0482759
65 4 0.056962
65 34 0.015748
65 64 0.0914634
65 66 0.0301205
65 95 0.097561
65 96 0.379085
65 97 0.0296296
66 4 0.120879
66 34 0.0198676
66 35 0.218978
66 65 0.0301205
66 96 0.254237
66 97 0.176101
67 4 0.0486111
67 36 0.0504202
67 68 0.117117
67 97 0.239669
67 98 0.162162
68 5 0.153846
68 6 0.102564
68 36 0.0775862
68 37 0.184466
68 67 0.117117
68 98 0.037037
69 7 0.171779
69 37 0.16
69 38 0.0274725
69 39 0.254658
69 70 0.0421687
69 100 0.0263158
69 131 0.0133333
70 39 0.462857
70 69 0.0421687
70 71 0.028169
70 101 0.146853
70 132 0.0443038
71 39 0.0218978
71 40 0.108108
71 70 0.028169
71 72 0.268041
71 101 0.133333
71 102 0.0229008
71 103 0.0689655
72 40 0.0961538
72 71 0.268041
72 73 0.277228
72 103 0.100917
73 40 0.0173913
73 41 0.147826
73 42 0.00925926
73 43 0.00826446
73 72 0.277228
73 74 0.0747664
73 75 0.0258621
73 103 0.05
73 104 0.0273973
73 105 0.045045
73 106 0.00990099
74 44 0.0263158
74 73 0.0747664
74 75 0.27027
74 76 0.00854701
74 106 0.270833
74 108 0.0327869
75 43 0.08
75 44 0.167702
75 45 0.0186916
75 73 0.0258621
75 74 0.27027
75 106 0.0285714
75 108 0.0305344
76 45 0.0176991
76 46 0.00689655
76 47 0.0307692
76 74 0.00854701
76 77 0.296774
76 78 0.0808824
76 106 0.00900901
76 107 0.181818
76 108 0.394161
76 109 0.0129032
76 137 0.0215054
76 138 0.135135
76 139 0.111111
76 140 0.0149254
77 47 0.0130719
77 76 0.296774
77 78 0.27044
77 107 0.0526316
77 108 0.075
77 109 0.0280899
77 138 0.210526
77 139 0.0253165
78 46 0.033557
78 47 0.201493
78 76 0.0808824
78 77 0.27044
78 79 0.0131579
78 107 0.0526316
78 108 0.070922
78 109 0.188679
78 138 0.0131579
78 139 0.00719424
78 140 0.0797101
79 16 0.040201
79 19 0.0153846
79 46 0.173913
79 47 0.0684932
79 48 0.198718
79 49 0.18
79 78 0.0131579
79 80 0.165854
79 81 0.019802
79 109 0.0116959
79 110 0.259259
79 140 0.04
80 18 0.00483092
80 19 0.0635593
80 48 0.106599
80 49 0.408377
80 50 0.174863
80 51 0.0411523
80 79 0.165854
80 81 0.333333
80 110 0.0295567
80 111 0.0232558
80 112 0.0113636
80 113 0.0121457
80 144 0.027907
81 19 0.0858369
81 21 0.00790514
81 48 0.0309278
81 49 0.0478723
81 50 0.0944444
81 51 0.104167
81 79 0.019802
81 80 0.333333
81 82 0.0111111
81 110 0.05
81 111 0.0414201
81 112 0.0867052
81 113 0.221311
81 142 0.00436681
81 144 0.0330189
82 50 0.125
82 51 0.0333333
82 52 0.037037
82 81 0.0111111
82 83 0.0747126
82 111 0.0366972
82 112 0.0176991
82 113 0.418478
82 144 0.0855263
82 145 0.0268456
83 50 0.00574713
83 51 0.042735
83 52 0.226337
83 53 0.0294118
83 54 0.0536585
83 82 0.0747126
83 84 0.0459184
83 113 0.205882
83 114 0.260417
83 115 0.0666667
83 116 0.0380952
83 144 0.0485437
83 145 0.0492611
83 146 0.0142857
84 21 0.0139535
84 22 0.0070922
84 23 0.0473373
84 24 0.00588235
84 52 0.161137
84 53 0.463768
84 54 0.16763
84 55 0.0120482
84 83 0.0459184
84 85 0.125
84 86 0.107595
84 114 0.00625
84 115 0.027027
84 116 0.117978
84 117 0.05
84 147 0.0470588
85 22 0.0247934
85 23 0.0939597
85 24 0.04
85 53 0.177966
85 54 0.0196078
85 55 0.369863
85 56 0.0809249
85 84 0.125
85 86 0.057971
85 87 0.00806452
85 116 0.0126582
85 117 0.175
85 118 0.00512821
86 24 0.115854
86 25 0.0306748
86 26 0.00606061
86 53 0.030303
86 54 0.0598802
86 55 0.06875
86 56 0.0802139
86 57 0.00510204
86 84 0.107595
86 85 0.057971
86 87 0.202899
86 115 0.00704225
86 116 0.0116279
86 117 0.186567
86 118 0.0239234
86 119 0.0457143
86 147 0.0243902
87 56 0.0404624
87 57 0.0384615
87 85 0.00806452
87 86 0.202899
87 88 0.0078125
87 116 0.0253165
87 117 0.0916667
87 118 0.0307692
87 119 0.329193
87 147 0.04
87 148 0.0512821
88 26 0.0580645
88 27 0.0142857
88 56 0.152542
88 57 0.247312
88 58 0.106145
88 59 0.0215827
88 87 0.0078125
88 89 0.150538
88 90 0.0491803
88 118 0.0452261
88 119 0.0363636
88 120 0.111111
88 150 0.0189873
89 57 0.00680272
89 58 0.0428571
89 59 0.17
89 88 0.150538
89 90 0.145833
89 91 0.010989
89 118 0.01875
89 119 0.00793651
89 120 0.0378788
89 122 0.0206186
89 150 0.0168067
90 26 0.00485437
90 27 0.0104712
90 28 0.0652174
90 29 0.047619
90 57 0.021097
90 58 0.447826
90 59 0.447368
90 60 0.00518135
90 88 0.0491803
90 89 0.145833
90 91 0.038674
90 120 0.0315315
90 122 0.0106952
91 29 0.0869565
91 58 0.0112994
91 59 0.284672
91 60 0.121429
91 89 0.010989
91 90 0.038674
91 92 0.0620155
91 121 0.0857143
91 153 0.118182
92 60 0.120567
92 61 0.0650406
92 91 0.0620155
92 121 0.0188679
92 123 0.151163
92 153 0.045045
92 154 0.140741
93 62 0.111888
93 63 0.00719424
93 94 0.206107
93 124 0.108108
94 63 0.195122
94 93 0.206107
94 95 0.0153846
94 124 0.25
94 126 0.267974
95 63 0.130435
95 64 0.0482759
95 65 0.097561
95 94 0.0153846
95 96 0.0223881
95 126 0.0866142
95 127 0.0229885
96 65 0.379085
96 66 0.254237
96 95 0.0223881
96 97 0.0410959
96 127 0.025641
97 65 0.0296296
97 66 0.176101
97 67 0.239669
97 96 0.0410959
97 98 0.0169492
97 127 0.020202
98 37 0.00970874
98 67 0.162162
98 68 0.037037
98 97 0.0169492
98 99 0.151515
98 127 0.0561798
98 128 0.05
99 37 0.0551181
99 98 0.151515
99 100 0.227273
99 128 0.0208333
99 129 0.183206
100 37 0.008
100 69 0.0263158
100 99 0.227273
100 129 0.0232558
100 131 0.346667
100 132 0.00694444
101 70 0.146853
101 71 0.133333
101 102 0.136364
101 103 0.042735
101 132 0.0247934
101 133 0.0394737
102 71 0.0229008
102 101 0.136364
102 103 0.363636
102 104 0.0650888
102 133 0.179775
102 134 0.167785
102 135 0.00515464
103 71 0.0689655
103 72 0.100917
103 73 0.05
103 101 0.042735
103 102 0.363636
103 104 0.0519481
103 133 0.0122699
103 134 0.0149254
104 73 0.0273973
104 102 0.0650888
104 103 0.0519481
104 105 0.117241
104 134 0.20625
104 135 0.214634
104 136 0.0393258
105 73 0.045045
105 104 0.117241
105 106 0.23
105 136 0.132867
105 137 0.0365854
106 45 0.0108696
106 73 0.00990099
106 74 0.270833
106 75 0.0285714
106 76 0.00900901
106 105 0.23
106 107 0.0449438
106 108 0.0258621
106 137 0.111111
107 44 0.00689655
107 45 0.0659341
107 46 0.0325203
107 47 0.0740741
107 76 0.181818
107 77 0.0526316
107 78 0.0526316
107 106 0.0449438
107 108 0.469565
107 109 0.0225564
107 137 0.0140845
107 138 0.0238095
107 139 0.0619469
107 140 0.125
108 44 0.00581395
108 45 0.0254237
108 46 0.0333333
108 47 0.0592593
108 74 0.0327869
108 75 0.0305344
108 76 0.394161
108 77 0.075
108 78 0.070922
108 106 0.0258621
108 107 0.469565
108 137 0.0408163
108 138 0.0130719
108 139 0.0857143
108 140 0.0359712
109 76 0.0129032
109 77 0.0280899
109 78 0.188679
109 79 0.0116959
109 107 0.0225564
109 138 0.0292398
109 139 0.0316456
109 140 0.44586
109 141 0.3
109 142 0.010101
109 170 0.0740741
109 171 0.00485437
109 172 0.121019
109 173 0.048
110 46 0.0125786
110 49 0.0135135
110 79 0.259259
110 80 0.0295567
110 81 0.05
110 111 0.0465116
110 112 0.0075188
110 140 0.0202703
110 142 0.0952381
110 143 0.100592
111 50 0.0550459
111 80 0.0232558
111 81 0.0414201
111 82 0.0366972
111 110 0.0465116
111 112 0.117647
111 113 0.0289017
111 142 0.126582
111 143 0.0217391
111 144 0.106383
111 173 0.117647
111 175 0.0124224
111 176 0.00591716
112 80 0.0113636
112 81 0.0867052
112 82 0.0176991
112 110 0.0075188
112 111 0.117647
112 113 0.0734463
112 142 0.0308642
112 143 0.0774648
112 144 0.234483
112 175 0.133333
112 176 0.00578035
113 50 0.130435
113 51 0.0163934
113 52 0.055336
113 80 0.0121457
113 81 0.221311
113 82 0.418478
113 83 0.205882
113 111 0.0289017
113 112 0.0734463
113 114 0.019802
113 143 0.00938967
113 144 0.208333
113 145 0.00469484
113 146 0.00454545
113 176 0.0368852
114 83 0.260417
114 84 0.00625
114 113 0.019802
114 115 0.0138889
114 116 0.0977011
114 144 0.0117647
114 145 0.107784
114 146 0.287356
114 147 0.0180723
114 175 0.0210526
114 176 0.111111
114 179 0.0828402
115 53 0.057377
115 83 0.0666667
115 84 0.027027
115 86 0.00704225
115 114 0.0138889
115 116 0.259259
115 117 0.0403226
115 145 0.129032
115 146 0.037037
115 147 0.038961
115 176 0.0107527
115 177 0.0863309
115 179 0.10828
116 52 0.00888889
116 53 0.0789474
116 54 0.00534759
116 83 0.0380952
116 84 0.117978
116 85 0.0126582
116 86 0.0116279
116 87 0.0253165
116 114 0.0977011
116 115 0.259259
116 117 0.0649351
116 145 0.027027
116 146 0.0260417
116 147 0.331522
116 148 0.0436681
116 179 0.0106952
116 180 0.00495049
117 53 0.0350877
117 55 0.056338
117 56 0.0591716
117 84 0.05
117 85 0.175
117 86 0.186567
117 87 0.0916667
117 115 0.0403226
117 116 0.0649351
117 118 0.0994764
117 119 0.0191083
117 147 0.0205479
117 148 0.104712
117 180 0.0182927
118 57 0.0237154
118 85 0.00512821
118 86 0.0239234
118 87 0.0307692
118 88 0.0452261
118 89 0.01875
118 117 0.0994764
118 119 0.137931
118 120 0.0882353
118 148 0.296992
118 149 0.228346
118 150 0.164444
118 151 0.016129
118 180 0.0711297
118 182 0.00520833
119 56 0.0333333
119 57 0.273973
119 58 0.00943396
119 86 0.0457143
119 87 0.329193
119 88 0.0363636
119 89 0.00793651
119 117 0.0191083
119 118 0.137931
119 120 0.0882353
119 148 0.0560345
119 150 0.0418848
120 57 0.0311111
120 58 0.00458716
120 59 0.0449438
120 88 0.111111
120 89 0.0378788
120 90 0.0315315
120 118 0.0882353
120 119 0.0882353
120 122 0.177143
120 149 0.0309735
120 150 0.253807
120 151 0.0863636
120 152 0.0862069
120 183 0.0130435
121 59 0.0350877
121 91 0.0857143
121 92 0.0188679
121 122 0.234234
121 152 0.0272727
121 153 0.367816
121 154 0.144144
121 183 0.0481928
121 184 0.119565
122 59 0.020979
122 89 0.0206186
122 90 0.0106952
122 120 0.177143
122 121 0.234234
122 150 0.123457
122 151 0.0756757
122 152 0.18705
122 153 0.0344828
122 181 0.0125
122 183 0.107692
123 92 0.151163
123 154 0.0879121
124 63 0.00694444
124 93 0.108108
124 94 0.25
124 125 0.136364
124 126 0.0676692
124 155 0.105769
125 124 0.136364
125 126 0.261745
125 155 0.0166667
125 156 0.251969
125 157 0.198675
125 186 0.0138889
126 94 0.267974
126 95 0.0866142
126 124 0.0676692
126 125 0.261745
126 127 0.0363636
126 128 0.0212766
126 157 0.0723684
127 95 0.0229885
127 96 0.025641
127 97 0.020202
127 98 0.0561798
127 126 0.0363636
127 128 0.19802
128 98 0.05
128 99 0.0208333
128 126 0.0212766
128 127 0.19802
128 129 0.201681
128 157 0.0839161
128 158 0.16875
129 99 0.183206
129 100 0.0232558
129 128 0.201681
129 130 0.0430108
129 158 0.0340136
129 159 0.27027
130 129 0.0430108
130 131 0.0526316
130 132 0.00925926
130 159 0.163265
130 160 0.10989
130 161 0.00980392
130 162 0.00943396
131 69 0.0133333
131 100 0.346667
131 130 0.0526316
131 132 0.274648
131 133 0.0289017
132 70 0.0443038
132 100 0.00694444
132 101 0.0247934
132 130 0.00925926
132 131 0.274648
132 133 0.287425
132 162 0.0746269
133 101 0.0394737
133 102 0.179775
133 103 0.0122699
133 131 0.0289017
133 132 0.287425
133 134 0.0946746
133 162 0.0363636
133 163 0.0105263
133 164 0.271277
133 165 0.00552486
134 102 0.167785
134 103 0.0149254
134 104 0.20625
134 133 0.0946746
134 135 0.0324324
134 164 0.27673
134 165 0.0657895
135 102 0.00515464
135 104 0.214634
135 134 0.0324324
135 136 0.221675
135 165 0.0406091
135 166 0.229437
135 167 0.0163934
136 104 0.0393258
136 105 0.132867
136 135 0.221675
136 137 0.0521739
136 166 0.00980392
136 167 0.198718
137 76 0.0215054
137 105 0.0365854
137 106 0.111111
137 107 0.0140845
137 108 0.0408163
137 136 0.0521739
137 138 0.0183486
137 139 0.03125
137 167 0.0947368
137 168 0.0776699
137 169 0.0425532
138 76 0.135135
138 77 0.210526
138 78 0.0131579
138 107 0.0238095
138 108 0.0130719
138 109 0.0292398
138 137 0.0183486
138 139 0.225166
138 140 0.00666667
138 169 0.0604027
138 170 0.340659
138 171 0.120603
138 172 0.0266667
139 76 0.111111
139 77 0.0253165
139 78 0.00719424
139 107 0.0619469
139 108 0.0857143
139 109 0.0316456
139 137 0.03125
139 138 0.225166
139 140 0.00729927
139 168 0.0344828
139 169 0.242647
139 170 0.0532544
139 171 0.0806452
140 76 0.0149254
140 78 0.0797101
140 79 0.04
140 107 0.125
140 108 0.0359712
140 109 0.44586
140 110 0.0202703
140 138 0.00666667
140 139 0.00729927
140 141 0.195266
140 172 0.0441176
141 109 0.3
141 140 0.195266
141 142 0.247619
141 143 0.0105263
141 170 0.0248756
141 171 0.00917431
141 172 0.0887574
141 173 0.116788
141 174 0.0333333
141 203 0.0704846
141 204 0.0612245
142 81 0.00436681
142 109 0.010101
142 110 0.0952381
142 111 0.126582
142 112 0.0308642
142 141 0.247619
142 143 0.378788
142 144 0.0199005
142 173 0.0344828
142 174 0.114679
142 175 0.00452489
142 203 0.0212766
142 204 0.0294118
143 110 0.100592
143 111 0.0217391
143 112 0.0774648
143 113 0.00938967
143 141 0.0105263
143 142 0.378788
143 144 0.00552486
143 173 0.008
143 174 0.111111
143 175 0.19403
143 176 0.0143541
143 205 0.00549451
144 80 0.027907
144 81 0.0330189
144 82 0.0855263
144 83 0.0485437
144 111 0.106383
144 112 0.234483
144 113 0.208333
144 114 0.0117647
144 142 0.0199005
144 143 0.00552486
144 145 0.0220994
144 173 0.015625
144 174 0.0199005
144 175 0.147059
144 176 0.207547
145 82 0.0268456
145 83 0.0492611
145 113 0.00469484
145 114 0.107784
145 115 0.129032
145 116 0.027027
145 144 0.0220994
145 146 0.259459
145 147 0.00564972
145 175 0.0149254
145 176 0.253589
145 177 0.0987654
145 179 0.127778
145 206 0.00515464
145 207 0.0454545
145 208 0.04375
146 83 0.0142857
146 113 0.00454545
146 114 0.287356
146 115 0.037037
146 116 0.0260417
146 145 0.259459
146 147 0.0163043
146 175 0.00961538
146 176 0.203704
146 177 0.035503
146 178 0.0994152
146 179 0.229947
146 206 0.0348259
146 207 0.0528634
146 208 0.0419162
146 209 0.00985222
147 84 0.0470588
147 86 0.0243902
147 87 0.04
147 114 0.0180723
147 115 0.038961
147 116 0.331522
147 117 0.0205479
147 145 0.00564972
147 146 0.0163043
147 148 0.0904977
147 177 0.00621118
147 179 0.0893855
147 180 0.0979381
148 87 0.0512821
148 116 0.0436681
148 117 0.104712
148 118 0.296992
148 119 0.0560345
148 147 0.0904977
148 149 0.137795
148 178 0.0144231
148 179 0.0267857
148 180 0.414226
148 210 0.152466
149 118 0.228346
149 120 0.0309735
149 148 0.137795
149 150 0.150235
149 151 0.0423729
149 180 0.167401
149 181 0.170616
149 182 0.0722222
149 210 0.170616
149 211 0.0381356
149 212 0.0590909
149 213 0.015873
150 88 0.0189873
150 89 0.0168067
150 118 0.164444
150 119 0.0418848
150 120 0.253807
150 122 0.123457
150 149 0.150235
150 151 0.130435
150 180 0.010101
150 181 0.0549451
150 182 0.0331126
150 183 0.0184332
151 118 0.016129
151 120 0.0863636
151 122 0.0756757
151 149 0.0423729
151 150 0.130435
151 152 0.168478
151 181 0.126829
151 182 0.212644
151 183 0.3375
151 212 0.0327103
151 213 0.0284553
151 214 0.057971
151 215 0.0546448
152 120 0.0862069
152 121 0.0272727
152 122 0.18705
152 151 0.168478
152 181 0.00628931
152 182 0.101562
152 183 0.324742
152 214 0.00621118
152 215 0.0437956
153 91 0.118182
153 92 0.045045
153 121 0.367816
153 122 0.0344828
153 154 0.0258621
153 183 0.00584795
153 184 0.0206186
154 92 0.140741
154 121 0.144144
154 123 0.0879121
154 153 0.0258621
154 184 0.0413223
154 185 0.111111
155 124 0.105769
155 125 0.0166667
155 156 0.121212
155 186 0.241379
155 217 0.0322581
155 218 0.0350877
156 125 0.251969
156 155 0.121212
156 157 0.192308
156 186 0.0731707
156 187 0.0935252
156 188 0.0691824
157 125 0.198675
157 126 0.0723684
157 128 0.0839161
157 156 0.192308
157 158 0.222222
157 188 0.0546448
158 128 0.16875
158 129 0.0340136
158 157 0.222222
158 159 0.0197368
158 188 0.145
158 189 0.252874
158 219 0.0424528
159 129 0.27027
159 130 0.163265
159 158 0.0197368
159 160 0.0275229
159 189 0.188406
160 130 0.10989
160 159 0.0275229
160 161 0.327434
160 162 0.042735
160 189 0.00763359
160 190 0.0495868
160 192 0.0530303
160 222 0.00847458
161 130 0.00980392
161 160 0.327434
161 162 0.0078125
161 163 0.0196078
161 191 0.141304
161 192 0.160839
161 193 0.0243902
161 222 0.0697674
161 225 0.0482759
162 130 0.00943396
162 132 0.0746269
162 133 0.0363636
162 160 0.042735
162 161 0.0078125
162 163 0.484076
162 164 0.0129032
162 194 0.0324675
162 225 0.0469799
163 133 0.0105263
163 161 0.0196078
163 162 0.484076
163 164 0.0888889
163 193 0.0263158
163 194 0.0782123
163 225 0.149425
164 133 0.271277
164 134 0.27673
164 162 0.0129032
164 163 0.0888889
164 165 0.128655
164 194 0.101695
164 195 0.010989
164 196 0.00714286
165 133 0.00552486
165 134 0.0657895
165 135 0.0406091
165 164 0.128655
165 166 0.19697
165 194 0.0117647
165 196 0.0601504
165 197 0.211111
166 135 0.229437
166 136 0.00980392
166 165 0.19697
166 167 0.206522
166 196 0.0658683
166 197 0.149533
166 228 0.0422535
167 135 0.0163934
167 136 0.198718
167 137 0.0947368
167 166 0.206522
167 168 0.0277778
167 198 0.142857
167 199 0.0328947
167 200 0.0141844
167 228 0.0531915
167 230 0.00884956
168 137 0.0776699
168 139 0.0344828
168 167 0.0277778
168 169 0.265734
168 171 0.0103627
168 198 0.133333
168 199 0.28125
168 200 0.315436
168 202 0.015873
168 230 0.0165289
168 231 0.0178571
168 232 0.0138889
169 137 0.0425532
169 138 0.0604027
169 139 0.242647
169 168 0.265734
169 170 0.0419162
169 171 0.152174
169 198 0.045045
169 199 0.0198676
169 200 0.135714
169 202 0.0611111
170 109 0.0740741
170 138 0.340659
170 139 0.0532544
170 141 0.0248756
170 169 0.0419162
170 171 0.410138
170 172 0.10119
170 200 0.00578035
170 201 0.00684932
170 202 0.0516432
170 203 0.00442478
171 109 0.00485437
171 138 0.120603
171 139 0.0806452
171 141 0.00917431
171 168 0.0103627
171 169 0.152174
171 170 0.410138
171 172 0.027027
171 200 0.0157895
171 201 0.00613497
171 202 0.343478
171 203 0.0123457
171 231 0.0130719
172 109 0.121019
172 138 0.0266667
172 140 0.0441176
172 141 0.0887574
172 170 0.10119
172 171 0.027027
172 173 0.0576923
172 202 0.0220994
172 203 0.28866
172 204 0.159509
173 109 0.048
173 111 0.117647
173 141 0.116788
173 142 0.0344828
173 143 0.008
173 144 0.015625
173 172 0.0576923
173 174 0.137931
173 175 0.0135135
173 203 0.111111
173 205 0.0232558
174 141 0.0333333
174 142 0.114679
174 143 0.111111
174 144 0.0199005
174 173 0.137931
174 175 0.0633484
174 176 0.0611354
174 203 0.0638298
174 204 0.0490196
174 205 0.331683
174 206 0.0046729
174 208 0.0222222
174 236 0.320574
175 111 0.0124224
175 112 0.133333
175 114 0.0210526
175 142 0.00452489
175 143 0.19403
175 144 0.147059
175 145 0.0149254
175 146 0.00961538
175 173 0.0135135
175 174 0.0633484
175 176 0.349138
175 205 0.00487805
175 206 0.110599
175 207 0.0123457
175 208 0.20765
175 236 0.0283019
176 111 0.00591716
176 112 0.00578035
176 113 0.0368852
176 114 0.111111
176 115 0.0107527
176 143 0.0143541
176 144 0.207547
176 145 0.253589
176 146 0.203704
176 174 0.0611354
176 175 0.349138
176 205 0.028169
176 206 0.0444444
176 207 0.0438247
176 208 0.0890052
177 115 0.0863309
177 145 0.0987654
177 146 0.035503
177 147 0.00621118
177 178 0.0675676
177 179 0.25
177 206 0.011236
177 207 0.122549
177 208 0.00694444
177 209 0.144444
177 239 0.0117647
177 240 0.114458
178 146 0.0994152
178 148 0.0144231
178 177 0.0675676
178 179 0.216867
178 180 0.0552486
178 207 0.0873786
178 209 0.241758
178 211 0.0315789
178 239 0.0174419
178 240 0.0238095
179 114 0.0828402
179 115 0.10828
179 116 0.0106952
179 145 0.127778
179 146 0.229947
179 147 0.0893855
179 148 0.0267857
179 177 0.25
179 178 0.216867
179 180 0.0203046
179 207 0.027027
179 209 0.020202
179 211 0.00970874
180 116 0.00495049
180 117 0.0182927
180 118 0.0711297
180 147 0.0979381
180 148 0.414226
180 149 0.167401
180 150 0.010101
180 178 0.0552486
180 179 0.0203046
180 209 0.0798122
180 210 0.0765306
180 211 0.0452489
180 212 0.0195122
181 122 0.0125
181 149 0.170616
181 150 0.0549451
181 151 0.126829
181 152 0.00628931
181 182 0.0469799
181 183 0.0930233
181 210 0.00555556
181 211 0.00487805
181 212 0.126984
181 213 0.239819
181 214 0.0164835
181 242 0.0159574
181 245 0.0258621
182 118 0.00520833
182 149 0.0722222
182 150 0.0331126
182 151 0.212644
182 152 0.101562
182 181 0.0469799
182 183 0.0434783
182 212 0.139241
182 213 0.0684211
182 214 0.0927152
182 245 0.0149254
183 120 0.0130435
183 121 0.0481928
183 122 0.107692
183 150 0.0184332
183 151 0.3375
183 152 0.324742
183 153 0.00584795
183 181 0.0930233
183 182 0.0434783
183 184 0.0113636
183 212 0.0223214
183 213 0.00390625
183 214 0.138249
183 215 0.243523
183 245 0.0149813
184 121 0.119565
184 153 0.0206186
184 154 0.0413223
184 183 0.0113636
184 185 0.11215
184 214 0.00699301
184 215 0.243697
184 216 0.0681818
184 246 0.00943396
185 154 0.111111
185 184 0.11215
185 216 0.268817
185 246 0.00900901
185 247 0.0105263
186 125 0.0138889
186 155 0.241379
186 156 0.0731707
186 187 0.192308
186 218 0.115942
187 156 0.0935252
187 186 0.192308
187 188 0.354167
187 218 0.103896
187 219 0.00980392
187 249 0.00666667
187 250 0.028169
188 156 0.0691824
188 157 0.0546448
188 158 0.145
188 187 0.354167
188 189 0.0645161
188 218 0.132184
188 219 0.174107
188 249 0.00588235
188 250 0.0300429
189 158 0.252874
189 159 0.188406
189 160 0.00763359
189 188 0.0645161
189 190 0.1
189 219 0.050505
189 221 0.0307692
190 160 0.0495868
190 189 0.1
190 192 0.324503
190 221 0.208333
190 222 0.080292
190 254 0.0152672
191 161 0.141304
191 192 0.027027
191 222 0.402062
192 160 0.0530303
192 161 0.160839
192 190 0.324503
192 191 0.027027
192 193 0.0704225
192 221 0.0458015
192 222 0.317568
192 223 0.0833333
192 254 0.0211268
193 161 0.0243902
193 163 0.0263158
193 192 0.0704225
193 222 0.0390625
193 223 0.360294
193 224 0.0325203
193 225 0.159722
194 162 0.0324675
194 163 0.0782123
194 164 0.101695
194 165 0.0117647
194 195 0.298343
194 196 0.100719
194 225 0.0701754
195 164 0.010989
195 194 0.298343
195 196 0.0555556
195 197 0.0418848
195 224 0.0258065
195 225 0.0738636
195 226 0.240964
195 227 0.182432
195 256 0.0126582
196 164 0.00714286
196 165 0.0601504
196 166 0.0658683
196 194 0.100719
196 195 0.0555556
196 197 0.295302
196 227 0.00943396
197 165 0.211111
197 166 0.149533
197 195 0.0418848
197 196 0.295302
197 227 0.222222
197 228 0.0806452
198 167 0.142857
198 168 0.133333
198 169 0.045045
198 199 0.289062
198 200 0.034188
198 228 0.1
198 230 0.123596
198 231 0.175
198 232 0.00892857
198 259 0.00689655
198 262 0.104478
199 167 0.0328947
199 168 0.28125
199 169 0.0198676
199 198 0.289062
199 200 0.044586
199 228 0.0272727
199 229 0.0780488
199 230 0.24031
199 231 0.0166667
199 259 0.0216216
199 261 0.0372671
199 262 0.189655
200 167 0.0141844
200 168 0.315436
200 169 0.135714
200 170 0.00578035
200 171 0.0157895
200 198 0.034188
200 199 0.044586
200 202 0.198925
200 231 0.0550459
200 232 0.141844
200 233 0.021978
200 262 0.0490798
200 264 0.0706522
201 170 0.00684932
201 171 0.00613497
201 202 0.0628931
201 231 0.0121951
201 233 0.0193548
201 235 0.158621
201 263 0.0070922
201 264 0.254777
202 168 0.015873
202 169 0.0611111
202 170 0.0516432
202 171 0.343478
202 172 0.0220994
202 200 0.198925
202 201 0.0628931
202 203 0.0543933
202 204 0.00480769
202 231 0.00671141
202 232 0.0220994
202 233 0.018018
202 234 0.0047619
202 235 0.00471698
202 264 0.200893
203 141 0.0704846
203 142 0.0212766
203 170 0.00442478
203 171 0.0123457
203 172 0.28866
203 173 0.111111
203 174 0.0638298
203 202 0.0543933
203 204 0.533937
203 205 0.0319635
203 234 0.0717489
203 235 0.0355556
203 268 0.010582
204 141 0.0612245
204 142 0.0294118
204 172 0.159509
204 174 0.0490196
204 202 0.00480769
204 203 0.533937
204 205 0.0159574
204 234 0.0260417
204 235 0.00515464
204 236 0.0102564
204 268 0.0316456
205 143 0.00549451
205 173 0.0232558
205 174 0.331683
205 175 0.00487805
205 176 0.028169
205 203 0.0319635
205 204 0.0159574
205 206 0.0252525
205 234 0.0263158
205 235 0.0208333
205 236 0.165803
205 237 0.0213904
205 238 0.013986
205 267 0.16895
205 268 0.128205
205 269 0.0117647
206 145 0.00515464
206 146 0.0348259
206 174 0.0046729
206 175 0.110599
206 176 0.0444444
206 177 0.011236
206 205 0.0252525
206 207 0.411017
206 208 0.323864
206 236 0.0292683
206 237 0.0150754
206 238 0.00645161
206 239 0.0247525
206 267 0.00865801
206 269 0.0659341
206 271 0.00938967
207 145 0.0454545
207 146 0.0528634
207 175 0.0123457
207 176 0.0438247
207 177 0.122549
207 178 0.0873786
207 179 0.027027
207 206 0.411017
207 208 0.143564
207 209 0.012605
207 236 0.004329
207 237 0.0266667
207 239 0.0394737
207 240 0.0401786
207 269 0.0336538
207 271 0.0794979
208 145 0.04375
208 146 0.0419162
208 174 0.0222222
208 175 0.20765
208 176 0.0890052
208 177 0.00694444
208 206 0.323864
208 207 0.143564
208 236 0.0233918
208 239 0.00595238
208 271 0.0111732
209 146 0.00985222
209 177 0.144444
209 178 0.241758
209 179 0.020202
209 180 0.0798122
209 207 0.012605
209 210 0.0761421
209 211 0.364865
209 239 0.0931373
209 240 0.15
209 243 0.0152284
209 271 0.0372093
209 272 0.059761
210 148 0.152466
210 149 0.170616
210 180 0.0765306
210 181 0.00555556
210 209 0.0761421
210 211 0.243902
210 212 0.021164
210 213 0.0226244
210 242 0.0212766
210 243 0.00555556
210 272 0.017094
211 149 0.0381356
211 178 0.0315789
211 179 0.00970874
211 180 0.0452489
211 181 0.00487805
211 209 0.364865
211 210 0.243902
211 212 0.0841122
211 213 0.0609756
211 239 0.00471698
211 240 0.0528846
211 242 0.0234742
211 243 0.126829
211 270 0.00520833
211 271 0.00448431
211 272 0.150579
212 149 0.0590909
212 151 0.0327103
212 180 0.0195122
212 181 0.126984
212 182 0.139241
212 183 0.0223214
212 210 0.021164
212 211 0.0841122
212 213 0.378261
212 214 0.0104712
212 242 0.0406091
212 243 0.0529101
212 244 0.0986842
212 245 0.0290456
212 272 0.0123457
212 274 0.00495049
212 275 0.0273973
213 149 0.015873
213 151 0.0284553
213 181 0.239819
213 182 0.0684211
213 183 0.00390625
213 210 0.0226244
213 211 0.0609756
213 212 0.378261
213 242 0.222707
213 243 0.0950226
213 244 0.0652174
213 272 0.0690909
213 274 0.0641026
213 275 0.10757
214 151 0.057971
214 152 0.00621118
214 181 0.0164835
214 182 0.0927152
214 183 0.138249
214 184 0.00699301
214 212 0.0104712
214 215 0.16875
214 244 0.0551724
214 245 0.269231
214 246 0.0204082
214 275 0.0518868
215 151 0.0546448
215 152 0.0437956
215 183 0.243523
215 184 0.243697
215 214 0.16875
215 245 0.12381
215 246 0.00813008
215 275 0.0159574
216 184 0.0681818
216 185 0.268817
216 246 0.0978261
216 247 0.210526
216 278 0.140187
217 155 0.0322581
217 218 0.182609
217 248 0.138614
217 249 0.0990991
218 155 0.0350877
218 186 0.115942
218 187 0.103896
218 188 0.132184
218 217 0.182609
218 248 0.0819672
218 249 0.212121
218 250 0.0307692
218 280 0.00735294
219 158 0.0424528
219 187 0.00980392
219 188 0.174107
219 189 0.050505
219 220 0.357488
219 221 0.0178571
219 250 0.261224
219 251 0.0679012
219 280 0.0107527
220 219 0.357488
220 221 0.028777
220 250 0.0231481
220 251 0.37594
220 252 0.125
220 282 0.0909091
220 283 0.00641026
221 189 0.0307692
221 190 0.208333
221 192 0.0458015
221 219 0.0178571
221 220 0.028777
221 252 0.180952
221 253 0.133929
221 254 0.00900901
222 160 0.00847458
222 161 0.0697674
222 190 0.080292
222 191 0.402062
222 192 0.317568
222 193 0.0390625
223 192 0.0833333
223 193 0.360294
223 224 0.10219
223 225 0.0126582
223 254 0.0808824
223 255 0.0196078
224 193 0.0325203
224 195 0.0258065
224 223 0.10219
224 225 0.0965517
224 226 0.0740741
224 255 0.335714
225 161 0.0482759
225 162 0.0469799
225 163 0.149425
225 193 0.159722
225 194 0.0701754
225 195 0.0738636
225 223 0.0126582
225 224 0.0965517
225 226 0.00641026
225 255 0.0186335
226 195 0.240964
226 224 0.0740741
226 225 0.00641026
226 227 0.0078125
226 255 0.0794702
226 256 0.405797
226 286 0.00813008
227 195 0.182432
227 196 0.00943396
227 197 0.222222
227 226 0.0078125
227 256 0.0166667
227 257 0.219697
227 258 0.00671141
227 288 0.184783
228 166 0.0422535
228 167 0.0531915
228 197 0.0806452
228 198 0.1
228 199 0.0272727
228 229 0.0272109
228 258 0.0583333
228 259 0.0551181
228 260 0.0121951
228 288 0.111111
229 199 0.0780488
229 228 0.0272109
229 230 0.060241
229 258 0.0511628
229 259 0.337838
229 260 0.079096
229 261 0.439394
229 262 0.151659
229 291 0.0206186
229 293 0.00943396
230 167 0.00884956
230 168 0.0165289
230 198 0.123596
230 199 0.24031
230 229 0.060241
230 231 0.0123457
230 232 0.0884956
230 261 0.213115
230 262 0.155556
231 168 0.0178571
231 171 0.0130719
231 198 0.175
231 199 0.0166667
231 200 0.0550459
231 201 0.0121951
231 202 0.00671141
231 230 0.0123457
231 232 0.0961538
231 233 0.00689655
231 262 0.0952381
231 263 0.0458015
231 264 0.00680272
232 168 0.0138889
232 198 0.00892857
232 200 0.141844
232 202 0.0220994
232 230 0.0884956
232 231 0.0961538
232 233 0.039548
232 261 0.0413793
232 262 0.329114
232 263 0.00613497
232 264 0.0391061
232 293 0.0188679
233 200 0.021978
233 201 0.0193548
233 202 0.018018
233 231 0.00689655
233 232 0.039548
233 234 0.0825243
233 235 0.125
233 263 0.0931373
233 264 0.3
233 265 0.0594595
233 295 0.262443
233 297 0.0535714
234 202 0.0047619
234 203 0.0717489
234 204 0.0260417
234 205 0.0263158
234 233 0.0825243
234 235 0.428571
234 265 0.104046
234 266 0.0114286
234 267 0.00448431
234 268 0.16875
234 295 0.0334928
234 296 0.0666667
234 297 0.0897436
235 201 0.158621
235 202 0.00471698
235 203 0.0355556
235 204 0.00515464
235 205 0.0208333
235 233 0.125
235 234 0.428571
235 264 0.052381
235 265 0.00571429
235 268 0.0246914
235 295 0.00947867
235 296 0.0101523
235 297 0.0253165
236 174 0.320574
236 175 0.0283019
236 204 0.0102564
236 205 0.165803
236 206 0.0292683
236 207 0.004329
236 208 0.0233918
236 237 0.00515464
236 267 0.247788
236 268 0.00613497
236 269 0.0112994
237 205 0.0213904
237 206 0.0150754
237 207 0.0266667
237 236 0.00515464
237 238 0.465278
237 239 0.0418848
237 240 0.026738
237 267 0.109091
237 269 0.444444
237 270 0.0116959
237 271 0.0643564
237 299 0.011236
237 300 0.0298507
237 301 0.00613497
237 302 0.0171429
238 205 0.013986
238 206 0.00645161
238 237 0.465278
238 239 0.00680272
238 267 0.0284091
238 269 0.110236
238 299 0.00746269
238 300 0.044586
239 177 0.0117647
239 178 0.0174419
239 206 0.0247525
239 207 0.0394737
239 208 0.00595238
239 209 0.0931373
239 211 0.00471698
239 237 0.0418848
239 238 0.00680272
239 240 0.347368
239 241 0.0122699
239 269 0.0287356
239 270 0.12069
239 271 0.414634
239 272 0.033195
239 300 0.0196078
239 302 0.011236
240 177 0.114458
240 178 0.0238095
240 207 0.0401786
240 209 0.15
240 211 0.0528846
240 237 0.026738
240 239 0.347368
240 241 0.0251572
240 269 0.0352941
240 270 0.0529412
240 271 0.0945274
240 272 0.0590717
241 239 0.0122699
241 240 0.0251572
241 242 0.0365854
241 243 0.0128205
241 270 0.272727
241 272 0.0619048
241 273 0.008
241 300 0.00578035
241 302 0.0884354
242 181 0.0159574
242 210 0.0212766
242 211 0.0234742
242 212 0.0406091
242 213 0.222707
242 241 0.0365854
242 243 0.18617
242 244 0.0198676
242 272 0.256198
242 273 0.165605
242 274 0.134328
242 275 0.0183486
242 305 0.0344828
243 209 0.0152284
243 210 0.00555556
243 211 0.126829
243 212 0.0529101
243 213 0.0950226
243 241 0.0128205
243 242 0.18617
243 244 0.13986
243 272 0.235043
243 273 0.033557
243 274 0.124352
243 305 0.03125
244 212 0.0986842
244 213 0.0652174
244 214 0.0551724
244 242 0.0198676
244 243 0.13986
244 245 0.0871795
244 274 0.314103
244 275 0.0578035
244 276 0.018018
244 305 0.0320856
244 307 0.00704225
245 181 0.0258621
245 182 0.0149254
245 183 0.0149813
245 212 0.0290456
245 214 0.269231
245 215 0.12381
245 244 0.0871795
245 246 0.035533
245 274 0.106122
245 275 0.435115
245 276 0.015
245 277 0.0473934
245 306 0.0263158
245 307 0.004329
246 184 0.00943396
246 185 0.00900901
246 214 0.0204082
246 215 0.00813008
246 216 0.0978261
246 245 0.035533
246 247 0.138298
246 275 0.00571429
246 277 0.185484
246 278 0.112
246 306 0.0679612
247 185 0.0105263
247 216 0.210526
247 246 0.138298
247 277 0.00925926
247 278 0.220183
247 309 0.1
248 217 0.138614
248 218 0.0819672
248 249 0.059322
248 250 0.00552486
248 279 0.191667
248 280 0.0409836
249 187 0.00666667
249 188 0.00588235
249 217 0.0990991
249 218 0.212121
249 248 0.059322
249 250 0.225131
249 280 0.00757576
250 187 0.028169
250 188 0.0300429
250 218 0.0307692
250 219 0.261224
250 220 0.0231481
250 248 0.00552486
250 249 0.225131
250 251 0.0292398
250 280 0.215385
250 281 0.0660377
250 282 0.048583
251 219 0.0679012
251 220 0.37594
251 250 0.0292398
251 252 0.020202
251 282 0.0304878
251 283 0.00900901
252 220 0.125
252 221 0.180952
252 251 0.020202
252 253 0.239316
252 282 0.0342857
252 283 0.057377
252 285 0.0743243
253 221 0.133929
253 252 0.239316
253 254 0.203252
253 285 0.0516129
253 286 0.00892857
254 190 0.0152672
254 192 0.0211268
254 221 0.00900901
254 223 0.0808824
254 253 0.203252
254 255 0.172662
254 286 0.108108
255 223 0.0196078
255 224 0.335714
255 225 0.0186335
255 226 0.0794702
255 254 0.172662
255 286 0.0078125
256 195 0.0126582
256 226 0.405797
256 227 0.0166667
256 257 0.169014
256 286 0.113043
256 287 0.0152284
257 227 0.219697
257 256 0.169014
257 258 0.00584795
257 286 0.023622
257 287 0.253589
257 288 0.149123
257 318 0.0576923
258 227 0.00671141
258 228 0.0583333
258 229 0.0511628
258 257 0.00584795
258 259 0.435897
258 260 0.0266667
258 261 0.0175439
258 288 0.152672
258 289 0.2
258 291 0.00598802
258 319 0.00909091
258 322 0.0117647
259 198 0.00689655
259 199 0.0216216
259 228 0.0551181
259 229 0.337838
259 258 0.435897
259 260 0.0828025
259 261 0.101124
259 289 0.127358
259 291 0.0114943
259 322 0.0112994
259 323 0.00515464
260 228 0.0121951
260 229 0.079096
260 258 0.0266667
260 259 0.0828025
260 261 0.0902256
260 289 0.0419162
260 291 0.0697674
260 292 0.0518519
260 320 0.0869565
260 321 0.034188
260 322 0.181818
260 323 0.0402685
261 199 0.0372671
261 229 0.439394
261 230 0.213115
261 232 0.0413793
261 258 0.0175439
261 259 0.101124
261 260 0.0902256
261 262 0.0958084
261 293 0.0178571
261 294 0.00543478
261 322 0.0588235
261 323 0.0764706
262 198 0.104478
262 199 0.189655
262 200 0.0490798
262 229 0.151659
262 230 0.155556
262 231 0.0952381
262 232 0.329114
