0 1 0.247934
0 31 0.293478
0 32 0.016129
0 63 0.0155039
1 0 0.247934
1 2 0.264706
1 31 0.0215054
1 32 0.008
1 33 0.00854701
2 1 0.264706
2 3 0.158273
2 32 0.00719424
2 33 0.183206
2 34 0.0571429
3 2 0.158273
3 4 0.0581395
3 33 0.0333333
3 34 0.379845
3 65 0.0277778
4 3 0.0581395
4 5 0.0891089
4 34 0.091954
4 35 0.016129
5 4 0.0891089
5 6 0.0882353
5 34 0.00694444
5 35 0.00840336
5 36 0.1
5 37 0.248447
6 5 0.0882353
6 7 0.177419
6 37 0.114286
7 6 0.177419
7 8 0.424528
7 9 0.039548
7 37 0.010929
7 38 0.0133333
8 7 0.424528
8 9 0.13369
8 38 0.025
8 39 0.0282486
8 40 0.0562771
8 69 0.176471
8 71 0.0259067
9 7 0.039548
9 8 0.13369
9 10 0.17931
9 39 0.0915493
9 40 0.204082
10 9 0.17931
10 11 0.0289855
10 12 0.183432
10 39 0.00740741
10 40 0.126984
10 42 0.0340909
10 72 0.0637255
10 73 0.00598802
11 10 0.0289855
11 12 0.360947
11 42 0.210227
11 43 0.0458015
11 73 0.0299401
12 10 0.183432
12 11 0.360947
12 13 0.0287081
12 14 0.00540541
12 42 0.130435
12 43 0.0493827
12 44 0.0650888
12 72 0.00425532
13 12 0.0287081
13 14 0.536082
13 15 0.0172414
13 43 0.0994152
13 44 0.0561798
13 45 0.331818
13 46 0.0297872
14 12 0.00540541
14 13 0.536082
14 43 0.0272109
14 45 0.0612245
14 46 0.00473934
15 13 0.0172414
15 16 0.12782
15 45 0.176136
15 46 0.0575916
15 47 0.02
15 76 0.0391061
16 15 0.12782
16 17 0.355556
16 47 0.0392157
16 48 0.0650888
16 79 0.00512821
17 16 0.355556
17 18 0.121951
17 48 0.232143
17 79 0.0257732
18 17 0.121951
18 19 0.037037
18 20 0.0869565
18 48 0.0828025
18 49 0.0826446
18 79 0.0765027
19 18 0.037037
19 20 0.276119
19 49 0.0940171
19 50 0.00613497
20 18 0.0869565
20 19 0.276119
20 21 0.184358
20 49 0.0408163
20 50 0.0673575
20 51 0.00641026
20 52 0.0243902
21 20 0.184358
21 22 0.105485
21 50 0.139423
21 51 0.0175439
21 52 0.381818
21 54 0.0140845
22 21 0.105485
22 23 0.02
22 24 0.00425532
22 52 0.228137
22 53 0.170455
22 54 0.34375
22 83 0.046729
22 85 0.00793651
23 22 0.02
23 24 0.114286
23 54 0.0396825
24 22 0.00425532
24 23 0.114286
24 25 0.368421
24 54 0.341232
24 56 0.026738
25 24 0.368421
25 26 0.221053
25 27 0.0481928
25 54 0.00947867
25 56 0.171123
26 25 0.221053
26 27 0.0481928
26 55 0.0558659
26 56 0.283422
26 57 0.184932
26 58 0.0609756
26 89 0.00505051
27 25 0.0481928
27 26 0.0481928
27 28 0.119048
27 58 0.107143
27 59 0.130178
28 27 0.119048
28 29 0.111888
28 59 0.225641
28 60 0.0650888
28 61 0.0243902
28 91 0.0206186
29 28 0.111888
29 30 0.202532
29 60 0.0508475
29 61 0.0707965
30 29 0.202532
30 60 0.180952
30 61 0.03
30 92 0.0416667
31 0 0.293478
31 1 0.0215054
31 32 0.0833333
31 63 0.00990099
31 93 0.0574713
32 0 0.016129
32 1 0.008
32 2 0.00719424
32 31 0.0833333
32 33 0.15
32 62 0.272727
32 63 0.0451128
32 93 0.201681
32 95 0.0075188
33 1 0.00854701
33 2 0.183206
33 3 0.0333333
33 32 0.15
33 34 0.00826446
33 63 0.208
33 64 0.00877193
33 65 0.14
33 66 0.021978
33 93 0.00900901
34 2 0.0571429
34 3 0.379845
34 4 0.091954
34 5 0.00694444
34 33 0.00826446
34 35 0.0571429
34 36 0.0238095
34 65 0.100917
35 4 0.016129
35 5 0.00840336
35 34 0.0571429
35 36 0.247525
35 65 0.202381
35 67 0.0454545
36 5 0.1
36 34 0.0238095
36 35 0.247525
36 37 0.034965
36 67 0.165138
36 68 0.0743243
37 5 0.248447
37 6 0.114286
37 7 0.010929
37 36 0.034965
37 38 0.0229008
37 68 0.177515
38 7 0.0133333
38 8 0.025
38 37 0.0229008
38 68 0.213235
38 69 0.148148
38 99 0.201681
39 8 0.0282486
39 9 0.0915493
39 10 0.00740741
39 40 0.33871
39 41 0.145833
39 69 0.024
39 71 0.108108
39 72 0.144279
40 8 0.0562771
40 9 0.204082
40 10 0.126984
40 39 0.33871
40 41 0.02
40 69 0.027933
40 71 0.222772
40 72 0.180392
40 101 0.005
40 104 0.0207254
41 39 0.145833
41 40 0.02
41 42 0.131387
41 72 0.115152
42 10 0.0340909
42 11 0.210227
42 12 0.130435
42 41 0.131387
42 43 0.230769
42 72 0.177686
42 73 0.156098
42 74 0.0333333
42 104 0.00555556
43 11 0.0458015
43 12 0.0493827
43 13 0.0994152
43 14 0.0272109
43 42 0.230769
43 44 0.312977
43 45 0.0751445
43 73 0.04375
43 74 0.0410256
43 75 0.0133333
44 12 0.0650888
44 13 0.0561798
44 43 0.312977
44 45 0.122222
44 46 0.0871795
44 74 0.0148515
44 75 0.0382166
44 76 0.0546448
45 13 0.331818
45 14 0.0612245
45 15 0.176136
45 43 0.0751445
45 44 0.122222
45 46 0.278481
45 75 0.00502513
45 76 0.04
46 13 0.0297872
46 14 0.00473934
46 15 0.0575916
46 44 0.0871795
46 45 0.278481
46 47 0.161137
46 75 0.0747664
46 76 0.404167
46 78 0.0118577
47 15 0.02
47 16 0.0392157
47 46 0.161137
47 48 0.0483871
47 76 0.0703518
47 78 0.141509
47 79 0.165094
47 80 0.0114286
47 109 0.0730594
47 110 0.027027
48 16 0.0650888
48 17 0.232143
48 18 0.0828025
48 47 0.0483871
48 79 0.45614
48 80 0.0157068
48 81 0.00606061
48 109 0.00425532
49 18 0.0826446
49 19 0.0940171
49 20 0.0408163
49 50 0.00568182
49 79 0.0104167
49 80 0.122581
49 81 0.131783
49 110 0.015625
49 112 0.212121
50 19 0.00613497
50 20 0.0673575
50 21 0.139423
50 49 0.00568182
50 51 0.475676
50 52 0.213675
50 81 0.102857
50 82 0.0346821
50 113 0.028169
51 20 0.00641026
51 21 0.0175439
51 50 0.475676
51 52 0.0101523
51 80 0.0121951
51 81 0.0797101
51 82 0.132353
51 83 0.0135135
51 112 0.0070922
51 113 0.0454545
52 20 0.0243902
52 21 0.381818
52 22 0.228137
52 50 0.213675
52 51 0.0101523
52 53 0.0202429
52 54 0.0711297
52 82 0.0216216
52 83 0.162437
52 113 0.00444444
53 22 0.170455
53 52 0.0202429
53 54 0.0125
53 83 0.252525
53 84 0.280702
53 85 0.122881
53 114 0.0552764
54 21 0.0140845
54 22 0.34375
54 23 0.0396825
54 24 0.341232
54 25 0.00947867
54 52 0.0711297
54 53 0.0125
54 56 0.00961538
54 85 0.00877193
55 26 0.0558659
55 56 0.0511364
55 57 0.17037
55 85 0.147959
55 86 0.154286
55 88 0.0144928
55 117 0.0178571
55 118 0.271084
56 24 0.026738
56 25 0.171123
56 26 0.283422
56 54 0.00961538
56 55 0.0511364
56 57 0.013986
56 85 0.181373
56 86 0.00546448
56 118 0.155172
57 26 0.184932
57 55 0.17037
57 56 0.013986
57 58 0.0166667
57 86 0.028169
57 89 0.0974026
57 118 0.075188
58 26 0.0609756
58 27 0.107143
58 57 0.0166667
58 59 0.0718563
58 87 0.0887097
58 88 0.0833333
58 89 0.30814
58 90 0.00793651
58 118 0.0264901
58 120 0.0120482
59 27 0.130178
59 28 0.225641
59 58 0.0718563
59 90 0.0193548
59 91 0.2
60 28 0.0650888
60 29 0.0508475
60 30 0.180952
60 61 0.122302
60 91 0.183432
60 92 0.0518519
61 28 0.0243902
61 29 0.0707965
61 30 0.03
61 60 0.122302
61 92 0.307692
62 32 0.272727
62 93 0.162602
62 94 0.116667
62 95 0.0437956
63 0 0.0155039
63 31 0.00990099
63 32 0.0451128
63 33 0.208
63 64 0.220472
63 93 0.0967742
63 95 0.0362319
63 126 0.0641026
63 127 0.0352113
64 33 0.00877193
64 63 0.220472
64 66 0.0322581
64 96 0.252252
64 126 0.0551724
65 3 0.0277778
65 33 0.14
65 34 0.100917
65 35 0.202381
65 66 0.278481
65 67 0.0434783
66 33 0.021978
66 64 0.0322581
66 65 0.278481
66 67 0.0240964
66 96 0.125
66 97 0.0458716
66 98 0.0666667
67 35 0.0454545
67 36 0.165138
67 65 0.0434783
67 66 0.0240964
67 68 0.133333
67 97 0.114754
67 128 0.00729927
67 129 0.00877193
67 130 0.0314961
68 36 0.0743243
68 37 0.177515
68 38 0.213235
68 67 0.133333
68 69 0.00684932
68 130 0.060241
69 8 0.176471
69 38 0.148148
69 39 0.024
69 40 0.027933
69 68 0.00684932
69 70 0.0204082
69 71 0.177305
69 99 0.116279
69 101 0.100719
70 69 0.0204082
70 71 0.173554
70 99 0.0458716
70 100 0.465753
70 102 0.0842105
70 131 0.257732
70 132 0.0361446
70 134 0.0258621
71 8 0.0259067
71 39 0.108108
71 40 0.222772
71 69 0.177305
71 70 0.173554
71 72 0.0506912
71 99 0.0131579
71 100 0.00862069
71 101 0.290123
71 102 0.101449
71 104 0.00645161
71 131 0.0642857
71 134 0.00628931
71 135 0.00649351
72 10 0.0637255
72 12 0.00425532
72 39 0.144279
72 40 0.180392
72 41 0.115152
72 42 0.177686
72 71 0.0506912
72 73 0.0171674
72 74 0.0186567
72 101 0.0186047
72 102 0.026178
72 104 0.3125
72 135 0.0193237
72 136 0.0135747
73 10 0.00598802
73 11 0.0299401
73 42 0.156098
73 43 0.04375
73 72 0.0171674
73 74 0.497835
73 75 0.0430108
73 104 0.00584795
73 136 0.0217391
74 42 0.0333333
74 43 0.0410256
74 44 0.0148515
74 72 0.0186567
74 73 0.497835
74 75 0.393665
74 104 0.0145631
74 105 0.0206186
74 106 0.00429185
74 135 0.0097561
74 136 0.105023
75 43 0.0133333
75 44 0.0382166
75 45 0.00502513
75 46 0.0747664
75 73 0.0430108
75 74 0.393665
75 76 0.049505
75 106 0.143617
75 136 0.0747126
76 15 0.0391061
76 44 0.0546448
76 45 0.04
76 46 0.404167
76 47 0.0703518
76 75 0.049505
76 78 0.0207469
76 106 0.214953
76 136 0.005
76 138 0.136095
77 78 0.309645
77 106 0.0176471
77 107 0.0325203
77 108 0.217687
77 109 0.102941
77 139 0.00649351
77 140 0.0610687
78 46 0.0118577
78 47 0.141509
78 76 0.0207469
78 77 0.309645
78 106 0.00440529
78 108 0.117647
78 109 0.394636
79 16 0.00512821
79 17 0.0257732
79 18 0.0765027
79 47 0.165094
79 48 0.45614
79 49 0.0104167
79 80 0.184332
79 81 0.0628272
79 109 0.0114943
80 47 0.0114286
80 48 0.0157068
80 49 0.122581
80 51 0.0121951
80 79 0.184332
80 81 0.168831
80 109 0.125
80 110 0.235294
80 112 0.229299
80 142 0.00515464
81 48 0.00606061
81 49 0.131783
81 50 0.102857
81 51 0.0797101
81 79 0.0628272
81 80 0.168831
81 82 0.0238095
81 110 0.015748
81 112 0.0610687
81 113 0.198795
81 144 0.0409357
82 50 0.0346821
82 51 0.132353
82 52 0.0216216
82 81 0.0238095
82 83 0.0735294
82 113 0.365854
82 144 0.0591716
82 145 0.00507614
83 22 0.046729
83 51 0.0135135
83 52 0.162437
83 53 0.252525
83 82 0.0735294
83 84 0.0330578
83 113 0.0454545
83 114 0.0536913
83 144 0.0110497
83 145 0.00956938
83 146 0.0236686
84 53 0.280702
84 83 0.0330578
84 114 0.0409836
84 146 0.105634
85 22 0.00793651
85 53 0.122881
85 54 0.00877193
85 55 0.147959
85 56 0.181373
85 86 0.00985222
85 114 0.0213904
85 115 0.184615
85 116 0.0666667
85 118 0.00515464
86 55 0.154286
86 56 0.00546448
86 57 0.028169
86 85 0.00985222
86 88 0.00934579
86 116 0.103448
86 117 0.260504
86 118 0.0346821
86 148 0.0637255
86 149 0.139037
87 58 0.0887097
87 88 0.426966
87 89 0.0126582
87 118 0.0510949
87 119 0.0277778
87 151 0.0917431
88 55 0.0144928
88 58 0.0833333
88 86 0.00934579
88 87 0.426966
88 89 0.0973451
88 118 0.273171
88 119 0.216981
88 120 0.00909091
88 148 0.0127119
88 149 0.0410959
88 151 0.141243
89 26 0.00505051
89 57 0.0974026
89 58 0.30814
89 87 0.0126582
89 88 0.0973451
89 90 0.075
89 118 0.0486486
89 119 0.0625
89 120 0.18
90 58 0.00793651
90 59 0.0193548
90 89 0.075
90 91 0.155844
90 92 0.0166667
90 120 0.0909091
90 122 0.0604027
90 123 0.08
90 152 0.083871
91 28 0.0206186
91 59 0.2
91 60 0.183432
91 90 0.155844
91 92 0.08125
91 123 0.0571429
92 30 0.0416667
92 60 0.0518519
92 61 0.307692
92 90 0.0166667
92 91 0.08125
92 123 0.122642
93 31 0.0574713
93 32 0.201681
93 33 0.00900901
93 62 0.162602
93 63 0.0967742
93 95 0.0967742
94 62 0.116667
94 95 0.198347
94 124 0.162393
94 155 0.0409836
94 156 0.0322581
95 32 0.0075188
95 62 0.0437956
95 63 0.0362319
95 93 0.0967742
95 94 0.198347
95 125 0.109489
95 126 0.0128205
95 127 0.161972
95 156 0.0425532
96 64 0.252252
96 66 0.125
96 98 0.154472
96 126 0.107143
97 66 0.0458716
97 67 0.114754
97 98 0.347222
97 127 0.0136054
97 128 0.0490798
97 129 0.0214286
98 66 0.0666667
98 96 0.154472
98 97 0.347222
98 126 0.0127389
98 127 0.020979
98 128 0.00628931
99 38 0.201681
99 69 0.116279
99 70 0.0458716
99 71 0.0131579
99 101 0.0333333
99 130 0.201342
99 131 0.0625
99 134 0.0204082
99 162 0.120253
100 70 0.465753
100 71 0.00862069
100 102 0.0111111
100 131 0.108696
100 132 0.128205
101 40 0.005
101 69 0.100719
101 71 0.290123
101 72 0.0186047
101 99 0.0333333
101 102 0.102941
101 104 0.0457516
101 131 0.0652174
101 134 0.191083
101 135 0.171053
101 162 0.0654762
102 70 0.0842105
102 71 0.101449
102 72 0.026178
102 100 0.0111111
102 101 0.102941
102 103 0.0645161
102 104 0.0930233
102 105 0.017094
102 131 0.0438596
102 132 0.29
102 133 0.159091
102 134 0.218045
102 165 0.0136054
103 102 0.0645161
103 105 0.0816327
103 132 0.0987654
103 133 0.0176991
103 166 0.257143
104 40 0.0207254
104 42 0.00555556
104 71 0.00645161
104 72 0.3125
104 73 0.00584795
104 74 0.0145631
104 101 0.0457516
104 102 0.0930233
104 105 0.134328
104 135 0.310345
104 136 0.0566038
104 166 0.0141844
105 74 0.0206186
105 102 0.017094
105 103 0.0816327
105 104 0.134328
105 135 0.0225564
105 136 0.142857
105 137 0.0451128
105 165 0.0592105
105 166 0.44186
105 167 0.218978
106 74 0.00429185
106 75 0.143617
106 76 0.214953
106 77 0.0176471
106 78 0.00440529
106 107 0.0457516
106 108 0.0960452
106 136 0.172043
106 138 0.251613
106 139 0.0163043
106 167 0.0397727
106 168 0.00613497
106 169 0.00558659
107 77 0.0325203
107 106 0.0457516
107 108 0.0923077
107 136 0.057554
107 137 0.208
107 168 0.310345
107 170 0.106195
108 77 0.217687
108 78 0.117647
108 106 0.0960452
108 107 0.0923077
108 109 0.0473934
108 138 0.0227273
108 139 0.291925
108 140 0.0434783
108 169 0.025641
108 170 0.0364963
108 171 0.015873
109 47 0.0730594
109 48 0.00425532
109 77 0.102941
109 78 0.394636
109 79 0.0114943
109 80 0.125
109 108 0.0473934
109 110 0.126904
109 139 0.0275229
109 140 0.0153846
110 47 0.027027
110 49 0.015625
110 80 0.235294
110 81 0.015748
110 109 0.126904
110 112 0.0692308
110 139 0.00680272
110 140 0.00806452
110 141 0.0431655
110 171 0.0625
110 173 0.152542
111 142 0.458065
111 173 0.0283019
112 49 0.212121
112 51 0.0070922
112 80 0.229299
112 81 0.0610687
112 110 0.0692308
112 113 0.153846
112 142 0.128655
112 143 0.00564972
112 144 0.0804598
112 145 0.00990099
112 173 0.0409836
113 50 0.028169
113 51 0.0454545
113 52 0.00444444
113 81 0.198795
113 82 0.365854
113 83 0.0454545
113 112 0.153846
113 142 0.00970874
113 143 0.00471698
113 144 0.23445
113 145 0.0548523
113 174 0.00568182
114 53 0.0552764
114 83 0.0536913
114 84 0.0409836
114 85 0.0213904
114 115 0.0443038
114 116 0.113924
114 144 0.021978
114 145 0.3
114 146 0.305882
114 177 0.00675676
115 85 0.184615
115 114 0.0443038
115 116 0.493976
115 146 0.011236
115 147 0.20155
115 148 0.0357143
115 178 0.0740741
116 85 0.0666667
116 86 0.103448
116 114 0.113924
116 115 0.493976
116 146 0.0898876
116 147 0.0387597
116 148 0.0255102
116 178 0.015873
117 55 0.0178571
117 86 0.260504
118 55 0.271084
118 56 0.155172
118 57 0.075188
118 58 0.0264901
118 85 0.00515464
118 86 0.0346821
118 87 0.0510949
118 88 0.273171
118 89 0.0486486
118 119 0.0994152
118 149 0.0280899
118 151 0.0147059
119 87 0.0277778
119 88 0.216981
119 89 0.0625
119 118 0.0994152
119 120 0.107527
119 149 0.167568
119 151 0.293706
119 180 0.013986
119 181 0.0170455
119 182 0.0144231
120 58 0.0120482
120 88 0.00909091
120 89 0.18
120 90 0.0909091
120 119 0.107527
120 121 0.263566
120 122 0.0529101
120 151 0.0198676
120 152 0.14359
121 120 0.263566
121 122 0.0322581
121 152 0.0461538
122 90 0.0604027
122 120 0.0529101
122 121 0.0322581
122 152 0.436842
122 153 0.242938
122 154 0.0530303
122 182 0.00947867
122 183 0.0169492
122 184 0.010989
122 185 0.00531915
123 90 0.08
123 91 0.0571429
123 92 0.122642
123 154 0.216867
124 94 0.162393
124 155 0.385185
125 95 0.109489
125 126 0.0258065
125 127 0.0212766
125 156 0.214286
125 157 0.194969
125 187 0.039604
125 189 0.0670391
126 63 0.0641026
126 64 0.0551724
126 95 0.0128205
126 96 0.107143
126 98 0.0127389
126 125 0.0258065
126 127 0.1875
126 157 0.157303
126 158 0.229299
127 63 0.0352113
127 95 0.161972
127 97 0.0136054
127 98 0.020979
127 125 0.0212766
127 126 0.1875
127 128 0.0555556
127 157 0.121951
127 158 0.0629371
127 159 0.00684932
128 67 0.00729927
128 97 0.0490798
128 98 0.00628931
128 127 0.0555556
128 129 0.264516
128 130 0.00595238
128 159 0.17284
128 160 0.221591
128 161 0.00671141
128 190 0.0192308
128 192 0.0191083
129 67 0.00877193
129 97 0.0214286
129 128 0.264516
129 130 0.110345
129 159 0.129496
129 160 0.0196078
129 161 0.0396825
129 190 0.0075188
130 67 0.0314961
130 68 0.060241
130 99 0.201342
130 128 0.00595238
130 129 0.110345
130 161 0.345324
130 162 0.0718563
130 192 0.0272109
131 70 0.257732
131 71 0.0642857
131 99 0.0625
131 100 0.108696
131 101 0.0652174
131 102 0.0438596
131 133 0.0671642
131 134 0.244444
131 162 0.123288
131 163 0.0955882
132 70 0.0361446
132 100 0.128205
132 102 0.29
132 103 0.0987654
132 133 0.241667
133 102 0.159091
133 103 0.0176991
133 131 0.0671642
133 132 0.241667
133 134 0.0326797
133 163 0.162338
133 164 0.159722
133 165 0.209581
133 194 0.0538462
133 195 0.124183
133 196 0.00675676
133 197 0.00636943
134 70 0.0258621
134 71 0.00628931
134 99 0.0204082
134 101 0.191083
134 102 0.218045
134 131 0.244444
134 133 0.0326797
134 135 0.033557
134 162 0.169697
134 163 0.0709677
134 165 0.119048
134 196 0.033557
135 71 0.00649351
135 72 0.0193237
135 74 0.0097561
135 101 0.171053
135 104 0.310345
135 105 0.0225564
135 134 0.033557
135 136 0.0189873
135 167 0.0878378
135 196 0.00694444
136 72 0.0135747
136 73 0.0217391
136 74 0.105023
136 75 0.0747126
136 76 0.005
136 104 0.0566038
136 105 0.142857
136 106 0.172043
136 107 0.057554
136 135 0.0189873
136 138 0.0212766
136 166 0.025974
136 167 0.117284
136 168 0.0201342
136 196 0.0126582
137 105 0.0451128
137 107 0.208
137 166 0.221429
137 168 0.125926
137 170 0.0454545
137 197 0.00653595
137 199 0.00735294
138 76 0.136095
138 106 0.251613
138 108 0.0227273
138 136 0.0212766
138 167 0.0839695
139 77 0.00649351
139 106 0.0163043
139 108 0.291925
139 109 0.0275229
139 110 0.00680272
139 140 0.22069
139 168 0.00680272
139 169 0.128834
139 170 0.0208333
139 171 0.218045
139 199 0.00675676
139 200 0.0214286
139 201 0.112583
139 202 0.00694444
140 77 0.0610687
140 108 0.0434783
140 109 0.0153846
140 110 0.00806452
140 139 0.22069
140 141 0.0364963
140 170 0.0909091
140 171 0.163636
140 172 0.10084
140 173 0.00862069
140 201 0.0390625
140 202 0.0826446
140 203 0.0289855
141 110 0.0431655
141 140 0.0364963
141 142 0.00555556
141 143 0.0376344
141 171 0.08
141 172 0.134328
141 173 0.251908
141 174 0.213333
141 202 0.00735294
141 204 0.0559441
141 205 0.00628931
142 80 0.00515464
142 111 0.458065
142 112 0.128655
142 113 0.00970874
142 141 0.00555556
142 143 0.0607477
142 173 0.283019
142 174 0.011236
142 175 0.0292398
143 112 0.00564972
143 113 0.00471698
143 141 0.0376344
143 142 0.0607477
143 144 0.0138249
143 145 0.146939
143 173 0.0121212
143 174 0.304348
143 175 0.435028
143 204 0.00564972
143 205 0.015544
143 207 0.0141509
144 81 0.0409357
144 82 0.0591716
144 83 0.0110497
144 112 0.0804598
144 113 0.23445
144 114 0.021978
144 143 0.0138249
144 145 0.557851
144 146 0.00495049
144 174 0.0165746
144 175 0.00574713
144 176 0.0223464
145 82 0.00507614
145 83 0.00956938
145 112 0.00990099
145 113 0.0548523
145 114 0.3
145 143 0.146939
145 144 0.557851
145 146 0.0434783
145 175 0.029703
145 176 0.0386473
145 177 0.0288462
145 209 0.00423729
146 83 0.0236686
146 84 0.105634
146 114 0.305882
146 115 0.011236
146 116 0.0898876
146 144 0.00495049
146 145 0.0434783
146 147 0.0070922
146 176 0.00598802
146 177 0.190476
146 178 0.00497512
146 209 0.0459184
147 115 0.20155
147 116 0.0387597
147 146 0.0070922
147 148 0.00628931
147 178 0.263158
147 209 0.0136054
148 86 0.0637255
148 88 0.0127119
148 115 0.0357143
148 116 0.0255102
148 147 0.00628931
148 149 0.320574
148 178 0.196347
148 180 0.0958084
148 209 0.0794393
148 211 0.0826087
149 86 0.139037
149 88 0.0410959
149 118 0.0280899
149 119 0.167568
149 148 0.320574
149 151 0.0266667
149 180 0.226667
149 181 0.0163934
150 151 0.0689655
150 181 0.503356
150 182 0.116022
150 212 0.028169
151 87 0.0917431
151 88 0.141243
151 118 0.0147059
151 119 0.293706
151 120 0.0198676
151 149 0.0266667
151 150 0.0689655
151 152 0.0131579
151 180 0.00925926
151 181 0.0780142
151 182 0.115607
152 90 0.083871
152 120 0.14359
152 121 0.0461538
152 122 0.436842
152 151 0.0131579
152 153 0.00546448
152 182 0.0691244
152 183 0.218579
152 184 0.0212766
152 215 0.0119048
153 122 0.242938
153 152 0.00546448
153 154 0.216
153 184 0.0514286
153 185 0.220994
153 215 0.0193548
154 122 0.0530303
154 123 0.216867
154 153 0.216
154 185 0.0294118
155 94 0.0409836
155 124 0.385185
155 156 0.0633803
155 186 0.144737
156 94 0.0322581
156 95 0.0425532
156 125 0.214286
156 155 0.0633803
156 157 0.0122699
156 186 0.149351
156 187 0.00952381
156 188 0.0530303
156 189 0.10929
156 218 0.0797101
157 125 0.194969
157 126 0.157303
157 127 0.121951
157 156 0.0122699
157 158 0.142857
157 187 0.0806452
157 188 0.00662252
157 189 0.0940594
157 190 0.0949367
157 219 0.0359712
158 126 0.229299
158 127 0.0629371
158 157 0.142857
158 160 0.0127389
158 190 0.153285
159 127 0.00684932
159 128 0.17284
159 129 0.129496
159 160 0.23125
159 189 0.0543478
159 190 0.0642857
159 220 0.056338
159 221 0.0307692
160 128 0.221591
160 129 0.0196078
160 158 0.0127389
160 159 0.23125
160 190 0.207792
160 191 0.0550459
160 192 0.0774194
160 221 0.0208333
161 128 0.00671141
161 129 0.0396825
161 130 0.345324
161 192 0.132812
162 99 0.120253
162 101 0.0654762
162 130 0.0718563
162 131 0.123288
162 134 0.169697
162 163 0.210843
162 165 0.00558659
162 192 0.108974
162 225 0.0266667
163 131 0.0955882
163 133 0.162338
163 134 0.0709677
163 162 0.210843
163 165 0.0236686
163 192 0.0136986
163 193 0.0775194
163 194 0.234848
163 195 0.083871
163 225 0.214286
163 226 0.03125
164 133 0.159722
164 165 0.00628931
164 195 0.255172
164 197 0.0268456
164 228 0.157143
165 102 0.0136054
165 105 0.0592105
165 133 0.209581
165 134 0.119048
165 162 0.00558659
165 163 0.0236686
165 164 0.00628931
165 166 0.00628931
165 195 0.14881
165 196 0.337423
165 197 0.209302
165 198 0.0452261
165 225 0.0653595
165 228 0.0184049
166 103 0.257143
166 104 0.0141844
166 105 0.44186
166 136 0.025974
166 137 0.221429
166 165 0.00628931
166 167 0.0208333
166 168 0.0458015
166 197 0.134228
167 105 0.218978
167 106 0.0397727
167 135 0.0878378
167 136 0.117284
167 138 0.0839695
167 166 0.0208333
167 168 0.100719
167 169 0.0129032
167 196 0.121622
167 197 0.089172
167 198 0.048913
167 199 0.0642857
167 200 0.00757576
168 106 0.00613497
168 107 0.310345
168 136 0.0201342
168 137 0.125926
168 139 0.00680272
168 166 0.0458015
168 167 0.100719
168 169 0.0704225
168 170 0.0243902
168 197 0.00694444
168 198 0.0467836
168 199 0.385827
168 201 0.0307692
168 229 0.0888889
168 231 0.00757576
169 106 0.00558659
169 108 0.025641
169 139 0.128834
169 167 0.0129032
169 168 0.0704225
169 171 0.0703125
169 199 0.391608
169 200 0.288889
169 201 0.109589
169 231 0.00675676
169 233 0.0122699
170 107 0.106195
170 108 0.0364963
170 137 0.0454545
170 139 0.0208333
170 140 0.0909091
170 168 0.0243902
170 171 0.00917431
170 201 0.283465
170 202 0.0666667
170 231 0.0155039
170 232 0.0884956
171 108 0.015873
171 110 0.0625
171 139 0.218045
171 140 0.163636
171 141 0.08
171 169 0.0703125
171 170 0.00917431
171 172 0.00934579
171 173 0.00961538
171 201 0.0689655
171 203 0.015873
171 233 0.037594
172 140 0.10084
172 141 0.134328
172 171 0.00934579
172 174 0.0909091
172 202 0.144068
172 203 0.0296296
172 204 0.272
172 205 0.0141844
172 206 0.0309278
172 234 0.00869565
172 235 0.274336
173 110 0.152542
173 111 0.0283019
173 112 0.0409836
173 140 0.00862069
173 141 0.251908
173 142 0.283019
173 143 0.0121212
173 171 0.00961538
173 174 0.0232558
174 113 0.00568182
174 141 0.213333
174 142 0.011236
174 143 0.304348
174 144 0.0165746
174 172 0.0909091
174 173 0.0232558
174 175 0.0921986
174 203 0.0397351
174 204 0.134752
174 205 0.0509554
174 207 0.0340909
175 142 0.0292398
175 143 0.435028
175 144 0.00574713
175 145 0.029703
175 174 0.0921986
175 176 0.0647482
175 177 0.05
175 205 0.0133333
175 207 0.0710059
175 238 0.0357143
176 144 0.0223464
176 145 0.0386473
176 146 0.00598802
176 175 0.0647482
176 177 0.0344828
176 205 0.00645161
176 207 0.16092
176 208 0.371681
176 209 0.16185
176 238 0.103448
177 114 0.00675676
177 145 0.0288462
177 146 0.190476
177 175 0.05
177 176 0.0344828
177 178 0.0167598
177 207 0.0171429
177 209 0.252874
177 210 0.00689655
177 238 0.0547945
177 240 0.0724638
178 115 0.0740741
178 116 0.015873
178 146 0.00497512
178 147 0.263158
178 148 0.196347
178 177 0.0167598
178 179 0.154321
178 209 0.173913
178 210 0.011236
178 211 0.0986547
178 240 0.0584795
178 242 0.00636943
179 178 0.154321
179 209 0.089172
179 211 0.16763
179 240 0.132231
179 241 0.156716
179 242 0.327103
180 119 0.013986
180 148 0.0958084
180 149 0.226667
180 151 0.00925926
180 181 0.0212766
180 211 0.0467836
180 212 0.0373134
181 119 0.0170455
181 149 0.0163934
181 150 0.503356
181 151 0.0780142
181 180 0.0212766
181 182 0.359223
181 183 0.0116279
181 212 0.0598802
182 119 0.0144231
182 122 0.00947867
182 150 0.116022
182 151 0.115607
182 152 0.0691244
182 181 0.359223
182 183 0.269608
182 212 0.170854
182 214 0.00921659
183 122 0.0169492
183 152 0.218579
183 181 0.0116279
183 182 0.269608
183 212 0.0848485
183 214 0.306011
183 215 0.0193548
183 245 0.01875
184 122 0.010989
184 152 0.0212766
184 153 0.0514286
184 185 0.150538
184 215 0.25625
184 216 0.0890411
184 245 0.0181818
184 246 0.196721
184 247 0.0962567
185 122 0.00531915
185 153 0.220994
185 154 0.0294118
185 184 0.150538
185 215 0.0120482
185 246 0.280423
185 247 0.119171
186 155 0.144737
186 156 0.149351
186 188 0.112676
186 218 0.195946
186 248 0.255474
187 125 0.039604
187 156 0.00952381
187 157 0.0806452
187 217 0.295918
187 218 0.020202
188 156 0.0530303
188 157 0.00662252
188 186 0.112676
188 189 0.122807
188 217 0.024
188 218 0.0714286
188 219 0.0555556
188 248 0.00869565
188 249 0.0364963
188 250 0.118056
189 125 0.0670391
189 156 0.10929
189 157 0.0940594
189 159 0.0543478
189 188 0.122807
189 190 0.11236
189 219 0.207547
189 220 0.155556
189 251 0.00671141
190 128 0.0192308
190 129 0.0075188
190 157 0.0949367
190 158 0.153285
190 159 0.0642857
190 160 0.207792
190 189 0.11236
190 191 0.0674157
190 221 0.0645161
191 160 0.0550459
191 190 0.0674157
191 221 0.0886076
191 222 0.030303
191 253 0.0416667
191 254 0.0470588
192 128 0.0191083
192 130 0.0272109
192 160 0.0774194
192 161 0.132812
192 162 0.108974
192 163 0.0136986
192 193 0.142857
192 223 0.10687
192 254 0.0458015
193 163 0.0775194
193 192 0.142857
193 194 0.00952381
193 223 0.0175439
193 224 0.152381
193 225 0.159292
193 254 0.27193
193 256 0.00943396
194 133 0.0538462
194 163 0.234848
194 193 0.00952381
194 195 0.167939
194 225 0.0431034
194 226 0.0955882
195 133 0.124183
195 163 0.083871
195 164 0.255172
195 165 0.14881
195 194 0.167939
195 197 0.0379747
195 224 0.00763359
195 225 0.0143885
195 226 0.201258
195 227 0.0201342
195 228 0.14094
196 133 0.00675676
196 134 0.033557
196 135 0.00694444
196 136 0.0126582
196 165 0.337423
196 167 0.121622
196 197 0.0326797
196 198 0.155556
197 133 0.00636943
197 137 0.00653595
197 164 0.0268456
197 165 0.209302
197 166 0.134228
197 167 0.089172
197 168 0.00694444
197 195 0.0379747
197 196 0.0326797
197 198 0.296296
197 227 0.00653595
197 228 0.20915
197 229 0.137255
198 165 0.0452261
198 167 0.048913
198 168 0.0467836
198 196 0.155556
198 197 0.296296
198 199 0.0116279
198 200 0.0243902
198 227 0.0944444
198 228 0.05
198 229 0.205556
198 259 0.0877193
198 261 0.12
199 137 0.00735294
199 139 0.00675676
199 167 0.0642857
199 168 0.385827
199 169 0.391608
199 198 0.0116279
199 200 0.116667
199 201 0.137405
199 229 0.0441176
199 231 0.0601504
199 233 0.00675676
199 261 0.0534351
200 139 0.0214286
200 167 0.00757576
200 169 0.288889
200 198 0.0243902
200 199 0.116667
200 230 0.0413793
200 233 0.0357143
200 261 0.178862
200 263 0.0143885
201 139 0.112583
201 140 0.0390625
201 168 0.0307692
201 169 0.109589
201 170 0.283465
201 171 0.0689655
201 199 0.137405
201 230 0.025641
201 231 0.0220588
201 232 0.05
201 233 0.13245
201 263 0.02
201 264 0.0743243
202 139 0.00694444
202 140 0.0826446
202 141 0.00735294
202 170 0.0666667
202 172 0.144068
202 234 0.0683761
202 235 0.173913
202 264 0.0496454
203 140 0.0289855
203 171 0.015873
203 172 0.0296296
203 174 0.0397351
203 204 0.1875
203 233 0.0807453
203 236 0.0229885
203 264 0.227848
203 265 0.124138
203 266 0.0833333
204 141 0.0559441
204 143 0.00564972
204 172 0.272
204 174 0.134752
204 203 0.1875
204 205 0.133333
204 206 0.0377358
204 235 0.188525
204 236 0.0670732
204 264 0.0405405
204 266 0.00684932
205 141 0.00628931
205 143 0.015544
205 172 0.0141844
205 174 0.0509554
205 175 0.0133333
205 176 0.00645161
205 204 0.133333
205 206 0.262295
205 207 0.275676
205 208 0.0322581
205 235 0.123188
205 236 0.111111
205 237 0.108696
205 266 0.0246914
205 267 0.00735294
205 268 0.0614525
206 172 0.0309278
206 204 0.0377358
206 205 0.262295
206 207 0.035461
206 235 0.170213
206 237 0.0212766
206 266 0.00847458
206 267 0.0652174
207 143 0.0141509
207 174 0.0340909
207 175 0.0710059
207 176 0.16092
207 177 0.0171429
207 205 0.275676
207 206 0.035461
207 208 0.048951
207 236 0.19598
207 237 0.0700637
207 238 0.291429
207 268 0.0555556
207 269 0.0121212
207 270 0.00497512
207 271 0.05625
208 176 0.371681
208 205 0.0322581
208 207 0.048951
208 209 0.00704225
208 238 0.00877193
208 271 0.020202
209 145 0.00423729
209 146 0.0459184
209 147 0.0136054
209 148 0.0794393
209 176 0.16185
209 177 0.252874
209 178 0.173913
209 179 0.089172
209 208 0.00704225
209 210 0.0404624
209 238 0.0287356
209 240 0.210843
209 242 0.00657895
209 271 0.0125786
210 177 0.00689655
210 178 0.011236
210 209 0.0404624
210 211 0.031746
210 240 0.328467
210 241 0.126667
210 269 0.0148148
210 270 0.0409357
211 148 0.0826087
211 178 0.0986547
211 179 0.16763
211 180 0.0467836
211 210 0.031746
211 212 0.177665
211 240 0.0549451
211 241 0.117949
211 242 0.10119
211 243 0.102041
211 244 0.00537634
211 273 0.0131579
212 150 0.028169
212 180 0.0373134
212 181 0.0598802
212 182 0.170854
212 183 0.0848485
212 211 0.177665
212 213 0.0258621
212 214 0.0730337
212 242 0.0152672
212 243 0.125786
212 244 0.0604027
212 273 0.0052356
213 212 0.0258621
213 214 0.00746269
213 244 0.247619
213 245 0.135135
213 274 0.0588235
213 275 0.0733333
214 182 0.00921659
214 183 0.306011
214 212 0.0730337
214 213 0.00746269
214 215 0.25
214 243 0.107345
214 244 0.0958084
214 245 0.104046
214 276 0.0102041
214 277 0.00540541
215 152 0.0119048
215 153 0.0193548
215 183 0.0193548
215 184 0.25625
215 185 0.0120482
215 214 0.25
215 244 0.0143885
215 245 0.0965517
215 246 0.0368098
215 276 0.00595238
215 277 0.0191083
216 184 0.0890411
216 245 0.0305344
216 246 0.00671141
216 247 0.150327
216 277 0.041958
216 278 0.204225
217 187 0.295918
217 188 0.024
217 218 0.526718
217 280 0.059322
218 156 0.0797101
218 186 0.195946
218 187 0.020202
218 188 0.0714286
218 217 0.526718
218 248 0.0743802
218 280 0.268908
219 157 0.0359712
219 188 0.0555556
219 189 0.207547
219 220 0.0683761
219 281 0.0818182
219 283 0.0614035
220 159 0.056338
220 189 0.155556
220 219 0.0683761
220 221 0.142857
220 222 0.0353982
220 251 0.299065
220 253 0.0756303
220 283 0.0296296
221 159 0.0307692
221 160 0.0208333
221 190 0.0645161
221 191 0.0886076
221 220 0.142857
221 222 0.049505
221 253 0.299065
222 191 0.030303
222 220 0.0353982
222 221 0.049505
222 223 0.11215
222 251 0.0365854
222 252 0.131148
222 253 0.457447
222 254 0.00934579
222 285 0.00892857
223 192 0.10687
223 193 0.0175439
223 222 0.11215
223 252 0.0212766
223 254 0.238095
223 285 0.0992366
224 193 0.152381
224 195 0.00763359
224 225 0.0258621
224 226 0.102941
224 254 0.102564
224 255 0.01
224 256 0.137615
224 257 0.0438596
224 286 0.180451
224 287 0.268657
225 162 0.0266667
225 163 0.214286
225 165 0.0653595
225 193 0.159292
225 194 0.0431034
225 195 0.0143885
225 224 0.0258621
225 226 0.243056
225 256 0.196581
226 163 0.03125
226 194 0.0955882
226 195 0.201258
226 224 0.102941
226 225 0.243056
226 227 0.142857
226 255 0.0078125
226 256 0.189781
226 257 0.140845
226 287 0.117284
226 288 0.00680272
226 289 0.0169492
227 195 0.0201342
227 197 0.00653595
227 198 0.0944444
227 226 0.142857
227 228 0.0138889
227 256 0.0787402
227 257 0.00757576
227 259 0.162963
227 288 0.0364963
227 289 0.197605
227 290 0.00714286
228 164 0.157143
228 165 0.0184049
228 195 0.14094
228 197 0.20915
228 198 0.05
228 227 0.0138889
228 229 0.138889
228 259 0.00740741
228 260 0.0378788
229 168 0.0888889
229 197 0.137255
229 198 0.205556
229 199 0.0441176
229 228 0.138889
229 230 0.0496894
229 231 0.120567
229 258 0.00787402
229 259 0.0296296
229 260 0.25
229 262 0.0362319
229 291 0.0375
230 200 0.0413793
230 201 0.025641
230 229 0.0496894
230 231 0.43038
230 233 0.109827
230 261 0.391026
230 262 0.0129032
230 263 0.133721
230 291 0.0451977
230 292 0.0429448
230 294 0.0508475
231 168 0.00757576
231 169 0.00675676
231 170 0.0155039
231 199 0.0601504
231 201 0.0220588
231 229 0.120567
231 230 0.43038
231 232 0.237705
231 260 0.0697674
231 261 0.0220588
231 262 0.111111
231 263 0.0723684
231 292 0.027972
232 170 0.0884956
232 201 0.05
232 231 0.237705
232 262 0.0504202
232 263 0.139706
232 264 0.0671642
233 169 0.0122699
233 171 0.037594
233 199 0.00675676
233 200 0.0357143
233 201 0.13245
233 203 0.0807453
233 230 0.109827
233 263 0.185629
233 264 0.0545455
233 294 0.0755814
233 296 0.0299401
234 172 0.00869565
234 202 0.0683761
234 235 0.116071
234 263 0.0142857
234 264 0.304348
234 266 0.125
234 267 0.0545455
234 295 0.0305344
234 297 0.0289855
235 172 0.274336
235 202 0.173913
235 204 0.188525
235 205 0.123188
235 206 0.170213
235 234 0.116071
235 264 0.0367647
235 266 0.0223881
235 267 0.0833333
236 203 0.0229885
236 204 0.0670732
236 205 0.111111
236 207 0.19598
236 238 0.0647059
236 265 0.00606061
236 266 0.0625
236 268 0.145078
236 297 0.0505618
236 298 0.10303
236 299 0.0289855
237 205 0.108696
237 206 0.0212766
237 207 0.0700637
237 239 0.0210526
237 267 0.0925926
237 268 0.225166
237 271 0.0884956
237 299 0.0181818
237 301 0.048951
237 302 0.0344828
238 175 0.0357143
238 176 0.103448
238 177 0.0547945
238 207 0.291429
238 208 0.00877193
238 209 0.0287356
238 236 0.0647059
238 268 0.0236686
238 269 0.0661765
238 270 0.0232558
238 271 0.0839695
239 237 0.0210526
239 270 0.028777
239 271 0.367347
239 272 0.102362
239 302 0.019802
240 177 0.0724638
240 178 0.0584795
240 179 0.132231
240 209 0.210843
240 210 0.328467
240 211 0.0549451
240 241 0.0629371
240 269 0.0390625
240 270 0.0792683
240 271 0.0813008
241 179 0.156716
241 210 0.126667
241 211 0.117949
241 240 0.0629371
241 242 0.0310078
241 243 0.00636943
241 270 0.0508475
241 272 0.0848485
241 273 0.185185
241 274 0.0186335
241 304 0.319018
242 178 0.00636943
242 179 0.327103
242 209 0.00657895
242 211 0.10119
242 212 0.0152672
242 241 0.0310078
242 270 0.00666667
242 272 0.0144928
242 273 0.104938
242 274 0.00746269
243 211 0.102041
243 212 0.125786
243 214 0.107345
243 241 0.00636943
243 244 0.141892
243 273 0.110526
243 274 0.0123457
243 275 0.0829016
243 276 0.0677966
243 304 0.0792683
244 211 0.00537634
244 212 0.0604027
244 213 0.247619
244 214 0.0958084
244 215 0.0143885
244 243 0.141892
244 273 0.0666667
244 274 0.125
244 275 0.174863
244 276 0.0179641
244 304 0.012987
244 305 0.0165289
244 306 0.00613497
245 183 0.01875
245 184 0.0181818
245 213 0.135135
245 214 0.104046
245 215 0.0965517
245 216 0.0305344
245 247 0.0116279
245 275 0.010582
245 276 0.0462428
245 277 0.265432
245 278 0.0496894
245 307 0.0135135
245 308 0.0207254
245 309 0.0108696
246 184 0.196721
246 185 0.280423
246 215 0.0368098
246 216 0.00671141
246 247 0.142105
246 276 0.0052356
246 277 0.0277778
247 184 0.0962567
247 185 0.119171
247 216 0.150327
247 245 0.0116279
247 246 0.142105
247 277 0.130435
247 278 0.15847
247 309 0.00485437
248 186 0.255474
248 188 0.00869565
248 218 0.0743802
248 249 0.0227273
248 279 0.0102041
248 280 0.166667
249 188 0.0364963
249 248 0.0227273
249 250 0.267081
249 279 0.166667
249 280 0.0538462
249 311 0.143713
249 312 0.00684932
250 188 0.118056
250 249 0.267081
250 251 0.0327869
250 280 0.124088
250 281 0.0205479
250 282 0.0571429
250 283 0.14
250 311 0.103448
251 189 0.00671141
251 220 0.299065
251 222 0.0365854
251 250 0.0327869
251 252 0.0431034
251 281 0.01
251 282 0.12766
251 283 0.00961538
252 222 0.131148
252 223 0.0212766
252 251 0.0431034
252 253 0.078125
252 282 0.19403
252 283 0.0694444
252 284 0.0621118
252 285 0.109589
252 314 0.190141
253 191 0.0416667
253 220 0.0756303
253 221 0.299065
253 222 0.457447
253 252 0.078125
253 284 0.0150376
253 285 0.00847458
254 191 0.0470588
254 192 0.0458015
254 193 0.27193
254 222 0.00934579
254 223 0.238095
254 224 0.102564
254 256 0.00847458
254 285 0.0763359
254 286 0.105634
255 224 0.01
255 226 0.0078125
255 257 0.377358
255 287 0.142857
256 193 0.00943396
256 224 0.137615
256 225 0.196581
256 226 0.189781
256 227 0.0787402
256 254 0.00847458
256 286 0.0373134
256 287 0.0148148
257 224 0.0438596
257 226 0.140845
257 227 0.00757576
257 255 0.377358
257 287 0.314286
257 289 0.180645
257 319 0.0165289
258 229 0.00787402
258 260 0.113043
258 289 0.0133333
258 290 0.504065
258 291 0.041958
259 198 0.0877193
259 227 0.162963
259 228 0.00740741
259 229 0.0296296
259 261 0.0769231
259 289 0.0506329
259 290 0.0229008
259 291 0.264901
259 292 0.0656934
259 293 0.0852713
259 320 0.0352113
260 228 0.0378788
260 229 0.25
260 231 0.0697674
260 258 0.113043
260 262 0.150794
260 290 0.09375
260 291 0.0608108
261 198 0.12
261 199 0.0534351
261 200 0.178862
261 230 0.391026
261 231 0.0220588
261 259 0.0769231
261 263 0.00666667
261 291 0.0129032
261 292 0.0141844
262 229 0.0362319
262 230 0.0129032
262 231 0.111111
262 232 0.0504202
262 260 0.150794
262 263 0.0134228
262 291 0.246753
262 292 0.157143
262 325 0.0902778
263 200 0.0143885
263 201 0.02
263 230 0.133721
263 231 0.0723684
263 232 0.139706
263 233 0.185629
263 234 0.0142857
263 261 0.00666667
263 262 0.0134228
263 264 0.097561
263 294 0.187135
263 295 0.0573248
263 296 0.0843373
263 325 0.068323
264 201 0.0743243
264 202 0.0496454
264 203 0.227848
264 204 0.0405405
264 232 0.0671642
264 233 0.0545455
264 234 0.304348
264 235 0.0367647
264 263 0.097561
264 265 0.0134228
264 295 0.0258065
264 296 0.0914634
264 297 0.0246914
265 203 0.124138
265 236 0.00606061
265 264 0.0134228
265 266 0.00680272
265 296 0.231788
265 297 0.147651
265 298 0.154412
265 327 0.0134228
266 203 0.0833333
266 204 0.00684932
266 205 0.0246914
266 206 0.00847458
266 234 0.125
266 235 0.0223881
266 236 0.0625
266 265 0.00680272
266 267 0.310606
266 268 0.08
266 297 0.375
266 298 0.0136054
266 299 0.00529101
266 328 0.0322581
267 205 0.00735294
267 206 0.0652174
267 234 0.0545455
267 235 0.0833333
267 237 0.0925926
267 266 0.310606
267 268 0.033557
267 297 0.00746269
267 299 0.00613497
268 205 0.0614525
268 207 0.0555556
268 236 0.145078
268 237 0.225166
268 238 0.0236686
268 266 0.08
268 267 0.033557
268 269 0.0314465
268 271 0.00649351
268 297 0.00564972
268 298 0.0487805
268 299 0.320388
268 301 0.0271739
268 330 0.0384615
269 207 0.0121212
269 210 0.0148148
269 238 0.0661765
269 240 0.0390625
269 268 0.0314465
269 270 0.271605
269 271 0.0330578
269 299 0.0982659
269 301 0.0397351
269 333 0.0172414
270 207 0.00497512
270 210 0.0409357
270 238 0.0232558
270 239 0.028777
270 240 0.0792683
270 241 0.0508475
270 242 0.00666667
270 269 0.271605
270 271 0.191083
270 272 0.290323
270 301 0.192513
270 302 0.025
270 332 0.0163043
270 333 0.138095
271 207 0.05625
271 208 0.020202
271 209 0.0125786
271 237 0.0884956
271 238 0.0839695
271 239 0.367347
271 240 0.0813008
271 268 0.00649351
271 269 0.0330578
271 270 0.191083
271 272 0.0137931
271 299 0.00595238
271 301 0.0410959
272 239 0.102362
272 241 0.0848485
272 242 0.0144928
272 270 0.290323
272 271 0.0137931
272 273 0.0808081
272 301 0.0114286
272 302 0.0405405
272 303 0.19403
272 304 0.00581395
272 333 0.141414
272 334 0.0266667
273 211 0.0131579
273 212 0.0052356
273 241 0.185185
273 242 0.104938
273 243 0.110526
273 244 0.0666667
273 272 0.0808081
273 274 0.242268
273 275 0.00444444
273 303 0.0253165
273 304 0.244898
273 305 0.0245399
273 306 0.0439024
273 333 0.0225225
273 334 0.0574713
273 335 0.0516432
273 336 0.0101523
274 213 0.0588235
274 241 0.0186335
274 242 0.00746269
274 243 0.0123457
274 244 0.125
274 273 0.242268
274 275 0.172589
274 304 0.0297619
274 305 0.481481
274 306 0.0282486
274 334 0.0410959
274 335 0.0486486
274 336 0.100592
275 213 0.0733333
275 243 0.0829016
275 244 0.174863
275 245 0.010582
275 273 0.00444444
275 274 0.172589
275 276 0.221698
275 277 0.0149254
275 305 0.0060241
275 306 0.221154
275 307 0.15508
275 335 0.00462963
275 336 0.08
275 338 0.0943396
276 214 0.0102041
276 215 0.00595238
276 243 0.0677966
276 244 0.0179641
276 245 0.0462428
276 246 0.0052356
