0 1 0.111842
0 31 0.269231
0 32 0.0884956
0 33 0.024
1 0 0.111842
1 2 0.157895
1 3 0.0201342
1 31 0.0606061
1 32 0.22695
1 33 0.261438
1 34 0.016
2 1 0.157895
2 3 0.207547
2 4 0.00740741
2 32 0.0927152
2 33 0.141104
2 34 0.2
3 1 0.0201342
3 2 0.207547
3 4 0.0319149
3 5 0.0598802
3 32 0.00909091
3 33 0.0163934
3 34 0.0744681
4 2 0.00740741
4 3 0.0319149
4 5 0.118881
4 34 0.214286
4 35 0.287356
4 36 0.0338983
4 65 0.00719424
4 67 0.008
5 3 0.0598802
5 4 0.118881
5 6 0.0248447
5 34 0.013986
5 35 0.19375
5 36 0.361257
6 5 0.0248447
6 7 0.174603
6 36 0.0588235
6 37 0.110294
6 38 0.0227273
6 67 0.020979
7 6 0.174603
7 8 0.151163
7 36 0.025641
7 37 0.147436
7 38 0.0918367
8 7 0.151163
8 9 0.0266667
8 10 0.055
8 37 0.00549451
8 38 0.157658
8 39 0.151832
8 40 0.113208
9 8 0.0266667
9 10 0.157895
9 11 0.0152672
9 39 0.146853
9 40 0.0731707
10 8 0.055
10 9 0.157895
10 11 0.149171
10 12 0.0166667
10 39 0.0207254
10 40 0.196262
10 41 0.0224719
10 42 0.139303
11 9 0.0152672
11 10 0.149171
11 12 0.201258
11 13 0.102857
11 41 0.0828025
11 42 0.0944444
11 43 0.0368098
12 10 0.0166667
12 11 0.201258
12 13 0.109195
12 41 0.025641
12 42 0.027933
12 43 0.185185
12 44 0.04375
12 45 0.0152672
13 11 0.102857
13 12 0.109195
13 14 0.0988372
13 43 0.129213
13 44 0.0568182
13 45 0.00680272
13 46 0.144385
14 13 0.0988372
14 15 0.0833333
14 16 0.235632
14 44 0.0126582
14 46 0.0236686
14 47 0.0545455
15 14 0.0833333
15 16 0.23
15 17 0.00966184
15 44 0.0815217
15 46 0.153846
15 47 0.272251
15 48 0.0824742
15 77 0.0963855
15 78 0.00510204
16 14 0.235632
16 15 0.23
16 17 0.258706
16 47 0.0864865
16 48 0.0106383
17 15 0.00966184
17 16 0.258706
17 18 0.256303
17 47 0.0208333
17 48 0.0461538
17 50 0.010929
17 80 0.0141509
18 17 0.256303
18 19 0.0754717
18 48 0.0755556
18 49 0.126437
18 50 0.201878
18 79 0.0211864
18 80 0.14876
19 18 0.0754717
19 20 0.0121212
19 21 0.0591716
19 50 0.414013
19 51 0.0232558
19 81 0.385621
20 19 0.0121212
20 21 0.606742
20 22 0.175325
20 50 0.0361446
20 53 0.0214286
20 81 0.00617284
20 83 0.0532544
21 19 0.0591716
21 20 0.606742
21 22 0.0189873
21 50 0.0941176
21 53 0.0208333
21 81 0.0240964
21 83 0.0924855
22 20 0.175325
22 21 0.0189873
22 23 0.0175439
22 24 0.190141
22 53 0.25
22 54 0.0145985
22 83 0.0201342
23 22 0.0175439
23 25 0.00787402
23 53 0.03
23 54 0.136752
23 55 0.0707071
23 85 0.169355
23 86 0.00806452
24 22 0.190141
24 25 0.264516
24 54 0.0275862
24 55 0.0551181
24 58 0.0315789
25 23 0.00787402
25 24 0.264516
25 26 0.0324074
25 54 0.00666667
25 55 0.424242
25 56 0.0243902
25 58 0.246154
25 87 0.0266667
25 88 0.0636943
26 25 0.0324074
26 27 0.145374
26 56 0.0837989
26 57 0.280142
26 58 0.501992
26 59 0.0215517
26 88 0.0375587
27 26 0.145374
27 28 0.277533
27 29 0.126761
27 56 0.0223881
27 57 0.0970464
27 58 0.00970874
27 59 0.0481283
27 91 0.0041841
28 27 0.277533
28 29 0.472868
28 30 0.0183486
28 57 0.0106383
28 59 0.12069
28 60 0.112403
28 89 0.00784314
28 90 0.00478469
28 91 0.165493
28 92 0.015625
29 27 0.126761
29 28 0.472868
29 30 0.264706
29 59 0.0137615
29 60 0.0983607
29 61 0.00961538
29 91 0.0222222
29 92 0.0413223
30 28 0.0183486
30 29 0.264706
30 60 0.102941
30 61 0.154762
30 92 0.222772
31 0 0.269231
31 1 0.0606061
31 32 0.0215054
31 33 0.0285714
31 62 0.0795455
31 63 0.0472441
31 64 0.00869565
31 95 0.0165289
32 0 0.0884956
32 1 0.22695
32 2 0.0927152
32 3 0.00909091
32 31 0.0215054
32 33 0.122807
33 0 0.024
33 1 0.261438
33 2 0.141104
33 3 0.0163934
33 31 0.0285714
33 32 0.122807
33 34 0.0408163
33 63 0.0472973
33 64 0.0514706
33 65 0.011976
33 95 0.0352113
34 1 0.016
34 2 0.2
34 3 0.0744681
34 4 0.214286
34 5 0.013986
34 33 0.0408163
34 35 0.0804598
34 64 0.0277778
34 65 0.00719424
35 4 0.287356
35 5 0.19375
35 34 0.0804598
35 36 0.0740741
35 65 0.00641026
36 4 0.0338983
36 5 0.361257
36 6 0.0588235
36 7 0.025641
36 35 0.0740741
36 37 0.10241
36 67 0.0289017
37 6 0.110294
37 7 0.147436
37 8 0.00549451
37 36 0.10241
37 38 0.300971
37 67 0.0462428
37 68 0.0198676
37 69 0.0434783
37 70 0.057971
37 100 0.00621118
38 6 0.0227273
38 7 0.0918367
38 8 0.157658
38 37 0.300971
38 39 0.0930233
38 40 0.0508475
38 69 0.03125
38 70 0.0955056
38 72 0.00492611
38 100 0.0199005
39 8 0.151832
39 9 0.146853
39 10 0.0207254
39 38 0.0930233
39 40 0.356098
39 41 0.0414201
39 42 0.00520833
39 70 0.0136054
39 71 0.00606061
39 100 0.0176471
40 8 0.113208
40 9 0.0731707
40 10 0.196262
40 38 0.0508475
40 39 0.356098
40 41 0.0473684
40 42 0.197183
40 71 0.0483871
40 72 0.00518135
41 10 0.0224719
41 11 0.0828025
41 12 0.025641
41 39 0.0414201
41 40 0.0473684
41 42 0.491525
41 43 0.08125
41 71 0.0466667
41 73 0.08
41 74 0.0340909
42 10 0.139303
42 11 0.0944444
42 12 0.027933
42 39 0.00520833
42 40 0.197183
42 41 0.491525
42 43 0.0491803
42 73 0.0608108
42 74 0.040201
42 104 0.00540541
43 11 0.0368098
43 12 0.185185
43 13 0.129213
43 41 0.08125
43 42 0.0491803
43 44 0.189024
43 45 0.0962963
43 46 0.04
43 73 0.0229008
43 75 0.0208333
43 76 0.0138889
43 105 0.027027
43 106 0.0248447
44 12 0.04375
44 13 0.0568182
44 14 0.0126582
44 15 0.0815217
44 43 0.189024
44 45 0.526316
44 46 0.219653
44 47 0.00591716
44 75 0.00704225
44 76 0.0140845
44 78 0.00574713
45 12 0.0152672
45 13 0.00680272
45 43 0.0962963
45 44 0.526316
45 46 0.0625
45 47 0.0214286
45 76 0.0353982
46 13 0.144385
46 14 0.0236686
46 15 0.153846
46 43 0.04
46 44 0.219653
46 45 0.0625
46 47 0.0555556
46 76 0.0980392
46 77 0.251613
46 78 0.0108108
46 106 0.0235294
47 14 0.0545455
47 15 0.272251
47 16 0.0864865
47 17 0.0208333
47 44 0.00591716
47 45 0.0214286
47 46 0.0555556
47 48 0.128492
47 76 0.0134228
47 77 0.139073
47 78 0.00552486
47 79 0.0684211
47 111 0.00636943
48 15 0.0824742
48 16 0.0106383
48 17 0.0461538
48 18 0.0755556
48 47 0.128492
48 77 0.103896
48 78 0.0217391
48 79 0.295337
48 80 0.0653266
48 110 0.0621118
49 18 0.126437
49 50 0.0336134
49 51 0.032967
49 52 0.00869565
49 79 0.028169
49 80 0.351351
49 110 0.0272727
50 17 0.010929
50 18 0.201878
50 19 0.414013
50 20 0.0361446
50 21 0.0941176
50 49 0.0336134
50 51 0.115385
50 52 0.038961
50 80 0.0213904
50 81 0.233766
50 83 0.0124224
51 19 0.0232558
51 49 0.032967
51 50 0.115385
51 52 0.277778
51 79 0.0588235
51 80 0.150943
51 81 0.0396825
51 82 0.0070922
51 83 0.0300752
51 110 0.00826446
51 112 0.00645161
52 49 0.00869565
52 50 0.038961
52 51 0.277778
52 80 0.0273224
52 81 0.00666667
52 82 0.0424242
52 83 0.242038
52 112 0.0167598
52 113 0.0629921
53 20 0.0214286
53 21 0.0208333
53 22 0.25
53 23 0.03
53 54 0.186992
53 83 0.155556
53 84 0.123188
54 22 0.0145985
54 23 0.136752
54 24 0.0275862
54 25 0.00666667
54 53 0.186992
54 55 0.0655738
54 84 0.129032
54 85 0.217687
54 116 0.00826446
55 23 0.0707071
55 24 0.0551181
55 25 0.424242
55 54 0.0655738
55 56 0.0105263
55 58 0.0419162
55 85 0.0697674
55 86 0.0232558
55 87 0.0901639
56 25 0.0243902
56 26 0.0837989
56 27 0.0223881
56 55 0.0105263
56 57 0.259259
56 58 0.0822785
56 87 0.00884956
56 88 0.191667
56 89 0.037037
56 118 0.0177515
56 119 0.0294118
56 120 0.0559006
57 26 0.280142
57 27 0.0970464
57 28 0.0106383
57 56 0.259259
57 58 0.10728
57 59 0.169421
57 88 0.282511
57 89 0.166038
57 90 0.0182648
57 118 0.00735294
57 120 0.0681818
57 121 0.00359712
58 24 0.0315789
58 25 0.246154
58 26 0.501992
58 27 0.00970874
58 55 0.0419162
58 56 0.0822785
58 57 0.10728
58 88 0.046875
59 26 0.0215517
59 27 0.0481283
59 28 0.12069
59 29 0.0137615
59 57 0.169421
59 60 0.00917431
59 89 0.209302
59 90 0.130178
59 91 0.278689
59 118 0.0045045
59 120 0.00934579
59 121 0.0394737
59 122 0.028169
60 28 0.112403
60 29 0.0983607
60 30 0.102941
60 59 0.00917431
60 61 0.173077
60 90 0.0717949
60 91 0.218519
60 92 0.376033
60 122 0.0753138
60 123 0.0528455
61 29 0.00961538
61 30 0.154762
61 60 0.173077
61 91 0.017094
61 92 0.461165
61 122 0.00985222
61 123 0.0714286
62 31 0.0795455
62 63 0.129771
62 93 0.217687
62 95 0.072
63 31 0.0472441
63 33 0.0472973
63 62 0.129771
63 64 0.335443
63 65 0.031746
63 93 0.00537634
63 95 0.554878
63 96 0.00636943
64 31 0.00869565
64 33 0.0514706
64 34 0.0277778
64 63 0.335443
64 65 0.288136
64 95 0.138158
65 4 0.00719424
65 33 0.011976
65 34 0.00719424
65 35 0.00641026
65 63 0.031746
65 64 0.288136
65 66 0.303419
65 67 0.0257732
65 95 0.0437158
65 96 0.0681818
65 98 0.0151515
66 65 0.303419
66 67 0.0181818
66 68 0.0606061
66 96 0.247525
66 97 0.133333
66 98 0.214286
66 126 0.0186335
66 128 0.00515464
67 4 0.008
67 6 0.020979
67 36 0.0289017
67 37 0.0462428
67 65 0.0257732
67 66 0.0181818
67 68 0.348101
67 69 0.298429
67 70 0.00689655
67 98 0.00543478
68 37 0.0198676
68 66 0.0606061
68 67 0.348101
68 69 0.183432
68 70 0.00813008
68 98 0.0432099
68 100 0.0136986
68 129 0.00806452
68 131 0.0518135
69 37 0.0434783
69 38 0.03125
69 67 0.298429
69 68 0.183432
69 70 0.301282
69 100 0.290503
69 131 0.0176991
70 37 0.057971
70 38 0.0955056
70 39 0.0136054
70 67 0.00689655
70 68 0.00813008
70 69 0.301282
70 71 0.117188
70 72 0.0148148
70 100 0.157895
71 39 0.00606061
71 40 0.0483871
71 41 0.0466667
71 70 0.117188
71 72 0.379085
71 73 0.0247934
71 74 0.0116279
71 100 0.0529801
71 102 0.0258065
71 104 0.0822785
72 38 0.00492611
72 40 0.00518135
72 70 0.0148148
72 71 0.379085
72 73 0.0078125
72 74 0.027933
72 100 0.0632911
72 102 0.302469
72 103 0.020202
72 104 0.175758
72 133 0.0320513
73 41 0.08
73 42 0.0608108
73 43 0.0229008
73 71 0.0247934
73 72 0.0078125
73 74 0.489796
73 75 0.12844
73 104 0.0225564
73 105 0.0442478
74 41 0.0340909
74 42 0.040201
74 71 0.0116279
74 72 0.027933
74 73 0.489796
74 75 0.175
74 103 0.0184332
74 104 0.277174
74 105 0.182927
74 106 0.0112994
74 134 0.00591716
74 135 0.00537634
74 136 0.0138249
74 137 0.010101
75 43 0.0208333
75 44 0.00704225
75 73 0.12844
75 74 0.175
75 76 0.131148
75 105 0.0634921
75 106 0.374101
75 137 0.0125
76 43 0.0138889
76 44 0.0140845
76 45 0.0353982
76 46 0.0980392
76 47 0.0134228
76 75 0.131148
76 77 0.00806452
76 78 0.155844
76 106 0.208633
76 108 0.070922
77 15 0.0963855
77 46 0.251613
77 47 0.139073
77 48 0.103896
77 76 0.00806452
77 78 0.0961538
77 79 0.00606061
77 109 0.00671141
77 110 0.0075188
78 15 0.00510204
78 44 0.00574713
78 46 0.0108108
78 47 0.00552486
78 48 0.0217391
78 76 0.155844
78 77 0.0961538
78 108 0.121387
78 109 0.290503
78 110 0.0613497
78 140 0.031746
79 18 0.0211864
79 47 0.0684211
79 48 0.295337
79 49 0.028169
79 51 0.0588235
79 77 0.00606061
79 80 0.238095
79 109 0.0212766
79 110 0.0872093
79 111 0.0175439
80 17 0.0141509
80 18 0.14876
80 48 0.0653266
80 49 0.351351
80 50 0.0213904
80 51 0.150943
80 52 0.0273224
80 79 0.238095
80 82 0.020202
80 110 0.0561798
80 111 0.00564972
81 19 0.385621
81 20 0.00617284
81 21 0.0240964
81 50 0.233766
81 51 0.0396825
81 52 0.00666667
81 83 0.0509554
82 51 0.0070922
82 52 0.0424242
82 80 0.020202
82 110 0.05
82 111 0.0125786
82 112 0.252577
82 113 0.316901
82 114 0.0842697
83 20 0.0532544
83 21 0.0924855
83 22 0.0201342
83 50 0.0124224
83 51 0.0300752
83 52 0.242038
83 53 0.155556
83 81 0.0509554
83 84 0.0239521
83 113 0.0298507
83 114 0.0117647
83 115 0.0503145
84 53 0.123188
84 54 0.129032
84 83 0.0239521
84 85 0.209877
84 114 0.0231214
84 115 0.197531
84 116 0.0220588
84 148 0.017094
85 23 0.169355
85 54 0.217687
85 55 0.0697674
85 84 0.209877
85 86 0.025974
85 87 0.0408163
85 116 0.195312
85 147 0.00735294
85 149 0.00628931
86 23 0.00806452
86 55 0.0232558
86 85 0.025974
86 87 0.52381
86 88 0.025974
86 116 0.046875
86 117 0.184358
86 118 0.00985222
86 119 0.00980392
86 120 0.00512821
86 147 0.0220588
86 148 0.0733945
86 149 0.106918
86 150 0.00609756
87 25 0.0266667
87 55 0.0901639
87 56 0.00884956
87 85 0.0408163
87 86 0.52381
87 88 0.129252
87 116 0.00826446
87 117 0.0174419
87 118 0.0255102
87 120 0.0106383
87 149 0.0263158
88 25 0.0636943
88 26 0.0375587
88 56 0.191667
88 57 0.282511
88 58 0.046875
88 86 0.025974
88 87 0.129252
88 89 0.0510204
88 118 0.0935961
88 119 0.0392157
88 120 0.235897
89 28 0.00784314
89 56 0.037037
89 57 0.166038
89 59 0.209302
89 88 0.0510204
89 90 0.255208
89 91 0.123596
89 118 0.0489796
89 120 0.0801688
89 121 0.326693
89 151 0.0268199
89 153 0.031746
90 28 0.00478469
90 57 0.0182648
90 59 0.130178
90 60 0.0717949
90 89 0.255208
90 91 0.289593
90 121 0.121951
90 122 0.184211
90 153 0.034965
91 27 0.0041841
91 28 0.165493
91 29 0.0222222
91 59 0.278689
91 60 0.218519
91 61 0.017094
91 89 0.123596
91 90 0.289593
91 92 0.0708955
91 121 0.0571429
91 122 0.207547
91 123 0.00367647
92 28 0.015625
92 29 0.0413223
92 30 0.222772
92 60 0.376033
92 61 0.461165
92 91 0.0708955
92 122 0.0253165
92 123 0.0696721
93 62 0.217687
93 63 0.00537634
93 94 0.313953
93 95 0.122222
93 155 0.0248756
93 156 0.0744681
94 93 0.313953
94 95 0.0533333
94 96 0.118881
94 125 0.0180723
94 126 0.0294118
94 156 0.00632911
94 157 0.00537634
95 31 0.0165289
95 33 0.0352113
95 62 0.072
95 63 0.554878
95 64 0.138158
95 65 0.0437158
95 93 0.122222
95 94 0.0533333
95 96 0.0728477
96 63 0.00636943
96 65 0.0681818
96 66 0.247525
96 94 0.118881
96 95 0.0728477
96 97 0.0108696
96 125 0.011976
96 126 0.0873786
97 66 0.133333
97 96 0.0108696
97 126 0.0784314
97 127 0.0645161
97 128 0.0714286
98 65 0.0151515
98 66 0.214286
98 67 0.00543478
98 68 0.0432099
98 99 0.0075188
98 128 0.0189873
98 129 0.326667
98 130 0.0758621
98 131 0.0639269
99 98 0.0075188
99 100 0.017094
99 101 0.0724638
99 129 0.0947368
99 130 0.133333
99 131 0.25
99 133 0.00869565
100 37 0.00621118
100 38 0.0199005
100 39 0.0176471
100 68 0.0136986
100 69 0.290503
100 70 0.157895
100 71 0.0529801
100 72 0.0632911
100 99 0.017094
100 102 0.125
100 131 0.246305
100 133 0.00649351
101 99 0.0724638
101 102 0.0982143
101 103 0.0202703
101 130 0.0123457
101 131 0.0193548
101 132 0.047619
101 133 0.0943396
101 134 0.07
102 71 0.0258065
102 72 0.302469
102 100 0.125
102 101 0.0982143
102 103 0.08
102 104 0.0239521
102 131 0.0676328
102 132 0.0367647
102 133 0.170886
103 72 0.020202
103 74 0.0184332
103 101 0.0202703
103 102 0.08
103 104 0.1133
103 133 0.170103
103 134 0.191489
103 135 0.273171
103 165 0.092511
103 166 0.0108108
104 42 0.00540541
104 71 0.0822785
104 72 0.175758
104 73 0.0225564
104 74 0.277174
104 102 0.0239521
104 103 0.1133
104 105 0.0133333
104 134 0.0129032
104 135 0.0174419
104 136 0.0394089
104 137 0.00543478
105 43 0.027027
105 73 0.0442478
105 74 0.182927
105 75 0.0634921
105 104 0.0133333
105 106 0.132867
105 107 0.00740741
105 134 0.00740741
105 136 0.213115
105 137 0.22561
106 43 0.0248447
106 46 0.0235294
106 74 0.0112994
106 75 0.374101
106 76 0.208633
106 105 0.132867
106 107 0.0135135
106 108 0.183544
106 136 0.0102041
106 137 0.079096
107 105 0.00740741
107 106 0.0135135
107 108 0.146667
107 136 0.0797872
107 137 0.035503
107 138 0.158416
107 139 0.0531915
107 140 0.192771
107 168 0.0359712
107 169 0.028777
107 171 0.0142857
108 76 0.070922
108 78 0.121387
108 106 0.183544
108 107 0.146667
108 109 0.0120482
108 136 0.0252525
108 137 0.0391061
108 138 0.027027
108 139 0.0480769
108 140 0.142045
108 169 0.033557
109 77 0.00671141
109 78 0.290503
109 79 0.0212766
109 108 0.0120482
109 110 0.0833333
109 111 0.135484
109 140 0.10989
109 141 0.129252
109 170 0.0212766
109 171 0.0128205
109 172 0.028169
110 48 0.0621118
110 49 0.0272727
110 51 0.00826446
110 77 0.0075188
110 78 0.0613497
110 79 0.0872093
110 80 0.0561798
110 82 0.05
110 109 0.0833333
110 111 0.330935
110 112 0.00574713
111 47 0.00636943
111 79 0.0175439
111 80 0.00564972
111 82 0.0125786
111 109 0.135484
111 110 0.330935
111 112 0.132948
111 141 0.0230769
111 170 0.0241935
111 172 0.0306122
111 174 0.00531915
112 51 0.00645161
112 52 0.0167598
112 82 0.252577
112 110 0.00574713
112 111 0.132948
112 113 0.00641026
112 142 0.0227273
112 143 0.00568182
112 144 0.0331126
112 145 0.026455
112 172 0.012987
112 173 0.0186335
112 174 0.233184
112 176 0.0384615
113 52 0.0629921
113 82 0.316901
113 83 0.0298507
113 112 0.00641026
113 114 0.235714
113 115 0.0620155
113 176 0.0192308
114 82 0.0842697
114 83 0.0117647
114 84 0.0231214
114 113 0.235714
114 115 0.315152
114 145 0.0520231
114 146 0.0195122
114 176 0.0260417
115 83 0.0503145
115 84 0.197531
115 113 0.0620155
115 114 0.315152
115 145 0.00617284
115 148 0.0366972
115 176 0.0110497
116 54 0.00826446
116 84 0.0220588
116 85 0.195312
116 86 0.046875
116 87 0.00826446
116 147 0.109091
116 148 0.108434
116 149 0.0150376
117 86 0.184358
117 87 0.0174419
117 118 0.0131579
117 119 0.00787402
117 120 0.00909091
117 147 0.0124224
117 148 0.11194
117 149 0.570652
117 150 0.111111
117 179 0.0276243
117 180 0.05
117 182 0.00462963
118 56 0.0177515
118 57 0.00735294
118 59 0.0045045
118 86 0.00985222
118 87 0.0255102
118 88 0.0935961
118 89 0.0489796
118 117 0.0131579
118 119 0.198675
118 120 0.504098
118 121 0.0232558
118 149 0.0480769
118 150 0.248826
118 151 0.0671642
118 152 0.0130435
118 182 0.0958333
119 56 0.0294118
119 86 0.00980392
119 88 0.0392157
119 117 0.00787402
119 118 0.198675
119 120 0.118881
119 149 0.0934579
119 150 0.0357143
119 182 0.0503597
120 56 0.0559006
120 57 0.0681818
120 59 0.00934579
120 86 0.00512821
120 87 0.0106383
120 88 0.235897
120 89 0.0801688
120 117 0.00909091
120 118 0.504098
120 119 0.118881
120 121 0.04
120 149 0.025
120 150 0.136585
120 151 0.0269231
120 152 0.0135135
120 182 0.0215517
121 57 0.00359712
121 59 0.0394737
121 89 0.326693
121 90 0.121951
121 91 0.0571429
121 118 0.0232558
121 120 0.04
121 122 0.0522088
121 150 0.0136986
121 151 0.266423
121 152 0.144068
121 153 0.143564
121 182 0.0447154
121 183 0.00881057
121 184 0.121569
122 59 0.028169
122 60 0.0753138
122 61 0.00985222
122 90 0.184211
122 91 0.207547
122 92 0.0253165
122 121 0.0522088
122 123 0.278008
122 153 0.160428
122 154 0.0169492
122 184 0.2
122 185 0.0419847
123 60 0.0528455
123 61 0.0714286
123 91 0.00367647
123 92 0.0696721
123 122 0.278008
123 153 0.056701
123 154 0.211957
123 183 0.00913242
123 184 0.0526316
123 185 0.156134
124 125 0.00480769
124 155 0.112676
124 156 0.11
124 186 0.341615
124 187 0.128302
124 188 0.153846
125 94 0.0180723
125 96 0.011976
125 124 0.00480769
125 126 0.396825
125 127 0.0583942
125 155 0.025641
125 156 0.0934066
125 157 0.619048
125 158 0.00578035
125 187 0.0121457
125 188 0.0121951
126 66 0.0186335
126 94 0.0294118
126 96 0.0873786
126 97 0.0784314
126 125 0.396825
126 156 0.00847458
126 157 0.184932
127 97 0.0645161
127 125 0.0583942
127 128 0.0188679
127 157 0.10828
127 158 0.158333
127 159 0.145985
128 66 0.00515464
128 97 0.0714286
128 98 0.0189873
128 127 0.0188679
128 129 0.0333333
128 158 0.0211268
128 159 0.125786
128 160 0.177083
128 161 0.106742
128 162 0.0381679
128 190 0.0414201
128 191 0.354839
128 192 0.015625
128 193 0.00813008
129 68 0.00806452
129 98 0.326667
129 99 0.0947368
129 128 0.0333333
129 130 0.0186916
129 131 0.0773481
129 160 0.147727
129 161 0.00588235
129 162 0.0162602
130 98 0.0758621
130 99 0.133333
130 101 0.0123457
130 129 0.0186916
130 131 0.232955
130 132 0.12381
130 133 0.015748
130 160 0.0120482
130 161 0.00606061
130 162 0.135593
131 68 0.0518135
131 69 0.0176991
131 98 0.0639269
131 99 0.25
131 100 0.246305
131 101 0.0193548
131 102 0.0676328
131 129 0.0773481
131 130 0.232955
131 132 0.0446927
131 133 0.0248756
131 162 0.0260417
132 101 0.047619
132 102 0.0367647
132 130 0.12381
132 131 0.0446927
132 133 0.407692
132 162 0.123967
132 163 0.0718954
132 164 0.00740741
132 165 0.0122699
133 72 0.0320513
133 99 0.00869565
133 100 0.00649351
133 101 0.0943396
133 102 0.170886
133 103 0.170103
133 130 0.015748
133 131 0.0248756
133 132 0.407692
133 162 0.020979
133 163 0.0228571
133 165 0.0162162
134 74 0.00591716
134 101 0.07
134 103 0.191489
134 104 0.0129032
134 105 0.00740741
134 135 0.407643
134 136 0.0159574
135 74 0.00537634
135 103 0.273171
135 104 0.0174419
135 134 0.407643
135 136 0.214634
135 137 0.0537634
135 165 0.00510204
135 166 0.00649351
135 168 0.025641
135 196 0.02
136 74 0.0138249
136 104 0.0394089
136 105 0.213115
136 106 0.0102041
136 107 0.0797872
136 108 0.0252525
136 134 0.0159574
136 135 0.214634
136 137 0.359447
136 168 0.0855615
137 74 0.010101
137 75 0.0125
137 104 0.00543478
137 105 0.22561
137 106 0.079096
137 107 0.035503
137 108 0.0391061
137 135 0.0537634
137 136 0.359447
137 166 0.0120482
137 167 0.0104167
137 168 0.261905
137 169 0.0178571
138 107 0.158416
138 108 0.027027
138 139 0.0181818
138 140 0.0866142
138 141 0.0434783
138 169 0.06
138 170 0.0232558
138 171 0.029703
139 107 0.0531915
139 108 0.0480769
139 138 0.0181818
139 140 0.00833333
139 169 0.0967742
139 170 0.0886076
139 171 0.12766
140 78 0.031746
140 107 0.192771
140 108 0.142045
140 109 0.10989
140 138 0.0866142
140 139 0.00833333
140 141 0.11465
140 169 0.0727273
140 170 0.0198676
140 171 0.192771
140 172 0.00896861
140 199 0.00510204
141 109 0.129252
141 111 0.0230769
141 138 0.0434783
141 140 0.11465
141 142 0.0337079
141 143 0.0075188
141 170 0.0603448
141 171 0.0534351
141 172 0.207447
141 173 0.0423729
142 112 0.0227273
142 141 0.0337079
142 143 0.27
142 144 0.04
142 172 0.0322581
142 173 0.0235294
142 174 0.00680272
143 112 0.00568182
143 141 0.0075188
143 142 0.27
143 144 0.0252101
143 172 0.170854
143 173 0.00775194
143 174 0.282723
144 112 0.0331126
144 142 0.04
144 143 0.0252101
144 145 0.0530303
144 174 0.0843373
144 175 0.0446429
144 176 0.139073
144 177 0.0120482
144 178 0.0775862
144 206 0.011236
144 207 0.0188679
145 112 0.026455
145 114 0.0520231
145 115 0.00617284
145 144 0.0530303
145 146 0.168317
145 174 0.0931373
145 176 0.37037
145 177 0.0413223
146 114 0.0195122
146 145 0.168317
146 147 0.272727
146 148 0.033557
146 176 0.0995475
146 177 0.169935
146 178 0.0215054
146 210 0.0533981
147 85 0.00735294
147 86 0.0220588
147 116 0.109091
147 117 0.0124224
147 146 0.272727
147 148 0.10989
147 177 0.0210526
147 210 0.0135135
148 84 0.017094
148 86 0.0733945
148 115 0.0366972
148 116 0.108434
148 117 0.11194
148 146 0.033557
148 147 0.10989
148 149 0.114035
148 179 0.018018
148 180 0.04
148 210 0.0743802
149 85 0.00628931
149 86 0.106918
149 87 0.0263158
149 116 0.0150376
149 117 0.570652
149 118 0.0480769
149 119 0.0934579
149 120 0.025
149 148 0.114035
149 150 0.0887574
149 179 0.0310559
149 180 0.07
149 181 0.00943396
149 182 0.0204082
149 210 0.134503
150 86 0.00609756
150 117 0.111111
150 118 0.248826
150 119 0.0357143
150 120 0.136585
150 121 0.0136986
150 149 0.0887574
150 151 0.0174672
150 152 0.0157068
150 180 0.0146341
150 181 0.101382
150 182 0.263682
150 210 0.0227273
150 211 0.0673077
151 89 0.0268199
151 118 0.0671642
151 120 0.0269231
151 121 0.266423
151 150 0.0174672
151 152 0.512195
151 153 0.0283019
151 181 0.0625
151 182 0.238281
151 183 0.0801688
151 184 0.0301887
152 118 0.0130435
152 120 0.0135135
152 121 0.144068
152 150 0.0157068
152 151 0.512195
152 153 0.0402299
152 181 0.0897436
152 182 0.100917
152 183 0.100503
152 184 0.0969163
152 213 0.0359712
152 214 0.00454545
153 89 0.031746
153 90 0.034965
153 121 0.143564
153 122 0.160428
153 123 0.056701
153 151 0.0283019
153 152 0.0402299
153 154 0.0538462
153 183 0.193939
153 184 0.367876
153 185 0.0883721
154 122 0.0169492
154 123 0.211957
154 153 0.0538462
154 184 0.0437158
154 185 0.419512
154 215 0.078534
154 216 0.0318182
155 93 0.0248756
155 124 0.112676
155 125 0.025641
155 156 0.534759
155 157 0.055814
155 186 0.00675676
155 187 0.0119048
155 188 0.0118343
155 217 0.0260417
156 93 0.0744681
156 94 0.00632911
156 124 0.11
156 125 0.0934066
156 126 0.00847458
156 155 0.534759
156 157 0.128713
156 186 0.0296296
156 187 0.0167364
156 188 0.0192308
156 217 0.0111732
157 94 0.00537634
157 125 0.619048
157 126 0.184932
157 127 0.10828
157 155 0.055814
157 156 0.128713
157 158 0.0207254
157 186 0.0122699
157 187 0.0486891
157 188 0.0326087
157 190 0.00454545
157 219 0.0313901
158 125 0.00578035
158 127 0.158333
158 128 0.0211268
158 157 0.0207254
158 159 0.439306
158 190 0.0327869
159 127 0.145985
159 128 0.125786
159 158 0.439306
159 160 0.023622
159 190 0.05
159 191 0.083871
160 128 0.177083
160 129 0.147727
160 130 0.0120482
160 159 0.023622
160 161 0.0136986
160 190 0.00729927
160 191 0.0869565
160 192 0.0416667
160 221 0.0172414
160 222 0.0261438
160 223 0.0103093
161 128 0.106742
161 129 0.00588235
161 130 0.00606061
161 160 0.0136986
161 162 0.276243
161 164 0.0461538
161 191 0.109195
161 192 0.219101
161 193 0.202312
161 194 0.071066
161 221 0.0857143
161 222 0.012766
161 223 0.027933
161 224 0.00561798
162 128 0.0381679
162 129 0.0162602
162 130 0.135593
162 131 0.0260417
162 132 0.123967
162 133 0.020979
162 161 0.276243
162 163 0.0120482
162 164 0.027027
162 191 0.015748
162 192 0.00763359
162 193 0.015873
163 132 0.0718954
163 133 0.0228571
163 162 0.0120482
163 164 0.466667
163 165 0.134615
163 193 0.0696203
163 194 0.0934066
163 195 0.0170455
163 196 0.0943396
163 225 0.0131004
164 132 0.00740741
164 161 0.0461538
164 162 0.027027
164 163 0.466667
164 165 0.0210526
164 193 0.321429
164 194 0.0487805
164 195 0.00632911
164 196 0.0463918
164 225 0.0379147
165 103 0.092511
165 132 0.0122699
165 133 0.0162162
165 135 0.00510204
165 163 0.134615
165 164 0.0210526
165 166 0.0568182
165 195 0.16129
165 196 0.387387
165 198 0.00497512
165 225 0.0376569
165 227 0.0253807
166 103 0.0108108
166 135 0.00649351
166 137 0.0120482
166 165 0.0568182
166 167 0.10625
166 168 0.0367647
166 196 0.194444
166 197 0.431373
166 198 0.169811
166 227 0.116129
166 228 0.00990099
167 137 0.0104167
167 166 0.10625
167 168 0.253086
167 169 0.0802469
167 197 0.03125
167 198 0.135135
167 199 0.284974
167 200 0.00409836
167 227 0.0331492
168 107 0.0359712
168 135 0.025641
168 136 0.0855615
168 137 0.261905
168 166 0.0367647
168 167 0.253086
168 169 0.137681
168 197 0.00961538
168 198 0.0124224
168 199 0.0236686
169 107 0.028777
169 108 0.033557
169 137 0.0178571
169 138 0.06
169 139 0.0967742
169 140 0.0727273
169 167 0.0802469
169 168 0.137681
169 171 0.0143885
169 199 0.0591716
169 200 0.177273
169 201 0.108108
169 232 0.0170455
170 109 0.0212766
170 111 0.0241935
170 138 0.0232558
170 139 0.0886076
170 140 0.0198676
170 141 0.0603448
170 171 0.472
170 172 0.021978
170 173 0.0625
170 200 0.0436893
170 201 0.0309278
170 202 0.03
170 203 0.00806452
170 204 0.00854701
170 232 0.0246914
171 107 0.0142857
171 109 0.0128205
171 138 0.029703
171 139 0.12766
171 140 0.192771
171 141 0.0534351
171 169 0.0143885
171 170 0.472
171 172 0.0659898
171 173 0.023622
171 200 0.0180995
171 201 0.00892857
171 232 0.0564972
172 109 0.028169
172 111 0.0306122
172 112 0.012987
172 140 0.00896861
172 141 0.207447
172 142 0.0322581
172 143 0.170854
172 170 0.021978
172 171 0.0659898
172 173 0.451087
172 174 0.0325203
172 202 0.00581395
172 203 0.00510204
172 204 0.015873
173 112 0.0186335
173 141 0.0423729
173 142 0.0235294
173 143 0.00775194
173 170 0.0625
173 171 0.023622
173 172 0.451087
173 174 0.0227273
173 203 0.0555556
173 204 0.092437
173 236 0.00892857
174 111 0.00531915
174 112 0.233184
174 142 0.00680272
174 143 0.282723
174 144 0.0843373
174 145 0.0931373
174 172 0.0325203
174 173 0.0227273
174 175 0.0380435
174 176 0.0852018
174 204 0.038674
174 236 0.0172414
175 144 0.0446429
175 174 0.0380435
175 203 0.104478
175 204 0.102362
175 205 0.125926
175 206 0.0280374
175 207 0.0564516
175 235 0.00704225
175 236 0.358333
176 112 0.0384615
176 113 0.0192308
176 114 0.0260417
176 115 0.0110497
176 144 0.139073
176 145 0.37037
176 146 0.0995475
176 174 0.0852018
176 177 0.0571429
176 178 0.00578035
176 236 0.0188679
177 144 0.0120482
177 145 0.0413223
177 146 0.169935
177 147 0.0210526
177 176 0.0571429
177 178 0.0380952
177 179 0.0347826
177 208 0.064
177 209 0.0107527
177 210 0.024
178 144 0.0775862
178 146 0.0215054
178 176 0.00578035
178 177 0.0380952
178 206 0.018018
178 207 0.25
178 208 0.335443
178 209 0.0555556
178 236 0.00806452
178 238 0.0703125
178 239 0.056
179 117 0.0276243
179 148 0.018018
179 149 0.0310559
179 177 0.0347826
179 180 0.436548
179 208 0.0238095
179 209 0.117647
179 210 0.184524
179 211 0.185
179 241 0.0534351
180 117 0.05
180 148 0.04
180 149 0.07
180 150 0.0146341
180 179 0.436548
180 209 0.0228571
180 210 0.439614
180 211 0.192469
180 241 0.0764706
180 242 0.00520833
180 243 0.00537634
181 149 0.00943396
181 150 0.101382
181 151 0.0625
181 152 0.0897436
181 182 0.258197
181 211 0.326693
181 212 0.0322581
181 213 0.127273
181 214 0.0487805
181 243 0.0252525
181 244 0.00515464
181 245 0.0464286
182 117 0.00462963
182 118 0.0958333
182 119 0.0503597
182 120 0.0215517
182 121 0.0447154
182 149 0.0204082
182 150 0.263682
182 151 0.238281
182 152 0.100917
182 181 0.258197
182 211 0.0382979
182 214 0.00434783
182 245 0.0340909
183 121 0.00881057
183 123 0.00913242
183 151 0.0801688
183 152 0.100503
183 153 0.193939
183 184 0.247706
183 185 0.0458333
183 213 0.0384615
183 214 0.0331754
183 215 0.00442478
183 216 0.0823529
183 245 0.216327
183 246 0.0960699
184 121 0.121569
184 122 0.2
184 123 0.0526316
184 151 0.0301887
184 152 0.0969163
184 153 0.367876
184 154 0.0437158
184 183 0.247706
184 185 0.175373
184 213 0.0126582
184 215 0.015748
184 216 0.0636042
184 245 0.047619
185 122 0.0419847
185 123 0.156134
185 153 0.0883721
185 154 0.419512
185 183 0.0458333
185 184 0.175373
185 215 0.148551
185 216 0.147541
186 124 0.341615
186 155 0.00675676
186 156 0.0296296
186 157 0.0122699
186 187 0.11
186 188 0.273504
186 217 0.121429
186 218 0.0235294
186 219 0.0448718
186 249 0.0070922
187 124 0.128302
187 125 0.0121457
187 155 0.0119048
187 156 0.0167364
187 157 0.0486891
187 186 0.11
187 188 0.321267
187 189 0.104265
187 217 0.00409836
187 218 0.153285
187 219 0.438462
187 220 0.0434783
187 248 0.00363636
187 249 0.0938776
188 124 0.153846
188 125 0.0121951
188 155 0.0118343
188 156 0.0192308
188 157 0.0326087
188 186 0.273504
188 187 0.321267
188 189 0.0546875
188 217 0.0434783
188 218 0.026178
188 219 0.299435
188 249 0.0185185
189 187 0.104265
189 188 0.0546875
189 190 0.0243902
189 218 0.0165746
189 219 0.227545
189 220 0.34375
189 222 0.0111111
189 249 0.00657895
189 250 0.0694444
189 251 0.0217391
189 252 0.00512821
190 128 0.0414201
190 157 0.00454545
190 158 0.0327869
190 159 0.05
190 160 0.00729927
190 189 0.0243902
190 219 0.0187793
190 220 0.271845
190 221 0.00763359
190 222 0.309735
190 251 0.00434783
191 128 0.354839
191 159 0.083871
191 160 0.0869565
191 161 0.109195
191 162 0.015748
191 192 0.00806452
191 193 0.0504202
191 221 0.0232558
191 222 0.116022
192 128 0.015625
192 160 0.0416667
192 161 0.219101
192 162 0.00763359
192 191 0.00806452
192 193 0.0243902
192 194 0.0340136
192 221 0.244444
192 222 0.0162162
192 223 0.162791
192 224 0.0234375
192 254 0.346667
193 128 0.00813008
193 161 0.202312
193 162 0.015873
193 163 0.0696203
193 164 0.321429
193 191 0.0504202
193 192 0.0243902
193 194 0.028169
193 223 0.0241935
193 225 0.00529101
194 161 0.071066
194 163 0.0934066
194 164 0.0487805
194 192 0.0340136
194 193 0.028169
194 195 0.0125
194 223 0.128378
194 224 0.0340136
194 225 0.408451
194 226 0.0601504
194 254 0.035503
194 255 0.025641
194 256 0.04
195 163 0.0170455
195 164 0.00632911
195 165 0.16129
195 194 0.0125
195 196 0.0315789
195 225 0.173913
195 226 0.11811
195 227 0.0363636
195 228 0.045045
195 256 0.0833333
195 257 0.00925926
195 259 0.259259
196 135 0.02
196 163 0.0943396
196 164 0.0463918
196 165 0.387387
196 166 0.194444
196 195 0.0315789
196 197 0.0135135
196 198 0.0926829
196 227 0.129353
196 259 0.0311111
197 166 0.431373
197 167 0.03125
197 168 0.00961538
197 196 0.0135135
197 198 0.141732
197 227 0.00813008
198 165 0.00497512
198 166 0.169811
198 167 0.135135
198 168 0.0124224
198 196 0.0926829
198 197 0.141732
198 199 0.0729167
198 227 0.433333
198 229 0.0333333
198 259 0.0490196
198 260 0.0673575
199 140 0.00510204
199 167 0.284974
199 168 0.0236686
199 169 0.0591716
199 198 0.0729167
199 200 0.250996
199 201 0.119718
199 229 0.0159574
199 231 0.00502513
199 260 0.0895522
200 167 0.00409836
200 169 0.177273
200 170 0.0436893
200 171 0.0180995
200 199 0.250996
200 201 0.139896
200 202 0.0204082
200 231 0.176
200 232 0.236434
200 233 0.109091
200 260 0.0277778
200 263 0.0228311
201 169 0.108108
201 170 0.0309278
201 171 0.00892857
201 199 0.119718
201 200 0.139896
201 202 0.091954
201 231 0.0070922
201 232 0.161074
202 170 0.03
202 172 0.00581395
202 200 0.0204082
202 201 0.091954
202 203 0.0614035
202 204 0.0186916
202 232 0.328947
202 233 0.0473373
202 234 0.0202703
203 170 0.00806452
203 172 0.00510204
203 173 0.0555556
203 175 0.104478
203 202 0.0614035
203 204 0.29771
203 205 0.0143885
203 232 0.0568182
203 234 0.290698
203 268 0.00645161
204 170 0.00854701
204 172 0.015873
204 173 0.092437
204 174 0.038674
204 175 0.102362
204 202 0.0186916
204 203 0.29771
204 205 0.0606061
204 234 0.0545455
204 236 0.034188
204 268 0.00675676
205 175 0.125926
205 203 0.0143885
205 204 0.0606061
205 206 0.294643
205 234 0.0289017
205 235 0.0204082
205 266 0.096
205 268 0.0448718
206 144 0.011236
206 175 0.0280374
206 178 0.018018
206 205 0.294643
206 207 0.039604
206 237 0.0142857
206 238 0.237624
206 239 0.0102041
206 268 0.03125
206 270 0.045977
207 144 0.0188679
207 175 0.0564516
207 178 0.25
207 206 0.039604
207 208 0.175676
207 236 0.140351
207 238 0.0677966
207 270 0.00961538
208 177 0.064
208 178 0.335443
208 179 0.0238095
208 207 0.175676
208 209 0.458904
208 238 0.0135135
208 239 0.00689655
208 240 0.0119048
208 241 0.0141844
209 177 0.0107527
209 178 0.0555556
209 179 0.117647
209 180 0.0228571
209 208 0.458904
209 238 0.0172414
209 239 0.00884956
209 240 0.00735294
209 241 0.00917431
210 146 0.0533981
210 147 0.0135135
210 148 0.0743802
210 149 0.134503
210 150 0.0227273
210 177 0.024
210 179 0.184524
210 180 0.439614
210 211 0.12381
210 241 0.0141844
210 242 0.0306748
211 150 0.0673077
211 179 0.185
211 180 0.192469
211 181 0.326693
211 182 0.0382979
211 210 0.12381
211 241 0.0231214
211 242 0.0205128
211 243 0.026455
212 181 0.0322581
212 213 0.0659341
212 214 0.0348837
212 243 0.0725806
212 244 0.133333
212 275 0.298701
212 276 0.381443
212 277 0.00943396
213 152 0.0359712
213 181 0.127273
213 183 0.0384615
213 184 0.0126582
213 212 0.0659341
213 214 0.165563
213 245 0.2
213 246 0.0236686
213 276 0.0263158
213 277 0.0314136
214 152 0.00454545
214 181 0.0487805
214 182 0.00434783
214 183 0.0331754
214 212 0.0348837
214 213 0.165563
214 245 0.462406
214 246 0.148
214 275 0.0046729
214 276 0.0509554
214 277 0.272059
215 154 0.078534
215 183 0.00442478
215 184 0.015748
215 185 0.148551
215 216 0.618557
215 246 0.14717
215 247 0.118919
215 277 0.00696864
215 278 0.0635452
216 154 0.0318182
216 183 0.0823529
216 184 0.0636042
216 185 0.147541
216 215 0.618557
216 246 0.248299
216 247 0.0420561
216 277 0.0126582
216 278 0.0121951
217 155 0.0260417
217 156 0.0111732
217 186 0.121429
217 187 0.00409836
217 188 0.0434783
217 218 0.0700935
217 248 0.12093
217 249 0.0756757
218 186 0.0235294
218 187 0.153285
218 188 0.026178
218 189 0.0165746
218 217 0.0700935
218 248 0.220408
218 249 0.316279
218 250 0.0241546
218 282 0.216949
219 157 0.0313901
219 186 0.0448718
219 187 0.438462
219 188 0.299435
219 189 0.227545
219 190 0.0187793
219 220 0.143541
219 249 0.00497512
219 250 0.00518135
219 251 0.00858369
219 282 0.00355872
220 187 0.0434783
220 189 0.34375
220 190 0.271845
220 219 0.143541
220 222 0.112613
220 250 0.00537634
220 251 0.137168
220 252 0.021097
220 253 0.00529101
220 282 0.00729927
221 160 0.0172414
221 161 0.0857143
221 190 0.00763359
221 191 0.0232558
221 192 0.244444
221 222 0.108844
221 223 0.010989
221 224 0.0444444
221 253 0.0614035
221 254 0.0535714
222 160 0.0261438
222 161 0.012766
222 189 0.0111111
222 190 0.309735
222 191 0.116022
222 192 0.0162162
222 220 0.112613
222 221 0.108844
222 251 0.0650406
222 252 0.0311284
222 253 0.22488
222 254 0.00966184
223 160 0.0103093
223 161 0.027933
223 192 0.162791
223 193 0.0241935
223 194 0.128378
223 221 0.010989
223 224 0.372093
223 225 0.0358974
223 226 0.00869565
223 253 0.00653595
223 254 0.397351
223 255 0.00724638
223 256 0.00757576
223 285 0.00609756
223 287 0.0145985
224 161 0.00561798
224 192 0.0234375
224 194 0.0340136
224 221 0.0444444
224 223 0.372093
224 225 0.0206186
224 254 0.126667
224 255 0.0218978
224 284 0.0106383
224 285 0.0306748
224 287 0.00735294
225 163 0.0131004
225 164 0.0379147
225 165 0.0376569
225 193 0.00529101
225 194 0.408451
225 195 0.173913
225 223 0.0358974
225 224 0.0206186
225 226 0.211111
225 255 0.00985222
225 256 0.345178
225 259 0.0495868
225 287 0.0841584
225 288 0.00888889
226 194 0.0601504
226 195 0.11811
226 223 0.00869565
226 225 0.211111
226 256 0.452991
226 259 0.0123457
226 287 0.0163934
227 165 0.0253807
227 166 0.116129
227 167 0.0331492
227 195 0.0363636
227 196 0.129353
227 197 0.00813008
227 198 0.433333
227 228 0.0245902
227 229 0.0340909
227 257 0.00840336
227 258 0.00490196
227 259 0.115
227 260 0.010582
228 166 0.00990099
228 195 0.045045
228 227 0.0245902
228 229 0.245902
228 258 0.04
228 259 0.0753425
228 260 0.00740741
228 261 0.025641
228 290 0.019802
228 291 0.0248447
229 198 0.0333333
229 199 0.0159574
229 227 0.0340909
229 228 0.245902
229 230 0.110429
229 258 0.0245098
229 259 0.015
229 260 0.153439
229 261 0.0350877
229 290 0.0580645
229 291 0.330233
230 229 0.110429
230 231 0.178161
230 260 0.119318
230 261 0.310127
230 262 0.062069
230 263 0.0839161
230 291 0.247525
230 292 0.025641
230 293 0.00869565
231 199 0.00502513
231 200 0.176
231 201 0.0070922
231 230 0.178161
231 232 0.00970874
231 233 0.121076
231 260 0.12
231 261 0.010989
231 262 0.0591716
231 263 0.281437
231 265 0.0111732
231 291 0.00884956
231 292 0.0283688
231 293 0.00719424
232 169 0.0170455
232 170 0.0246914
232 171 0.0564972
232 200 0.236434
232 201 0.161074
232 202 0.328947
232 203 0.0568182
232 231 0.00970874
232 233 0.164502
232 234 0.128571
232 235 0.00543478
233 200 0.109091
233 202 0.0473373
233 231 0.121076
233 232 0.164502
233 234 0.202643
233 235 0.039801
233 263 0.046875
233 265 0.215686
233 295 0.00485437
234 202 0.0202703
234 203 0.290698
234 204 0.0545455
234 205 0.0289017
234 232 0.128571
234 233 0.202643
234 235 0.272222
234 265 0.0437158
234 268 0.00529101
235 175 0.00704225
235 205 0.0204082
235 232 0.00543478
235 233 0.039801
235 234 0.272222
235 265 0.210191
235 266 0.0833333
235 268 0.0122699
235 295 0.0188679
235 297 0.108527
235 298 0.00675676
236 173 0.00892857
236 174 0.0172414
236 175 0.358333
236 176 0.0188679
236 178 0.00806452
236 204 0.034188
236 207 0.140351
237 206 0.0142857
237 238 0.0254777
237 266 0.0261438
237 267 0.307143
237 268 0.25
237 269 0.0958904
237 270 0.027972
238 178 0.0703125
238 206 0.237624
238 207 0.0677966
238 208 0.0135135
238 209 0.0172414
238 237 0.0254777
238 239 0.226087
238 240 0.057971
238 267 0.00990099
238 269 0.00934579
238 270 0.211538
238 302 0.00662252
239 178 0.056
239 206 0.0102041
239 208 0.00689655
239 209 0.00884956
239 238 0.226087
239 240 0.111111
239 241 0.00925926
239 270 0.158416
239 271 0.109589
239 301 0.0909091
239 302 0.114865
240 208 0.0119048
240 209 0.00735294
240 238 0.057971
240 239 0.111111
240 241 0.114504
240 242 0.0980392
240 270 0.0645161
240 271 0.189349
240 272 0.0142857
240 273 0.00694444
240 301 0.0075188
240 302 0.0233918
240 303 0.059322
241 179 0.0534351
241 180 0.0764706
241 208 0.0141844
241 209 0.00917431
241 210 0.0141844
241 211 0.0231214
241 239 0.00925926
241 240 0.114504
241 242 0.111111
241 271 0.0633803
242 180 0.00520833
242 210 0.0306748
242 211 0.0205128
242 240 0.0980392
242 241 0.111111
242 243 0.232394
242 244 0.0724638
242 271 0.0121951
242 272 0.00740741
242 273 0.0503597
242 275 0.0174419
243 180 0.00537634
243 181 0.0252525
243 211 0.026455
243 212 0.0725806
243 242 0.232394
243 244 0.287879
243 274 0.0555556
243 275 0.174699
243 276 0.0458716
244 181 0.00515464
244 212 0.133333
244 242 0.0724638
244 243 0.287879
244 273 0.00775194
244 274 0.180328
244 275 0.265432
244 276 0.047619
244 306 0.0592105
245 181 0.0464286
245 182 0.0340909
245 183 0.216327
245 184 0.047619
245 213 0.2
245 214 0.462406
245 246 0.0915493
245 277 0.0294118
246 183 0.0960699
246 213 0.0236686
246 214 0.148
246 215 0.14717
246 216 0.248299
246 245 0.0915493
246 247 0.0904255
246 277 0.224138
246 278 0.195364
246 309 0.0231788
247 215 0.118919
247 216 0.0420561
247 246 0.0904255
247 277 0.0047619
