0 1 0.0625
0 48 0.333333
1 0 0.0625
1 2 0.116129
1 47 0.177143
1 48 0.101124
1 49 0.174359
2 1 0.116129
2 3 0.152941
2 49 0.193548
2 50 0.0429448
3 2 0.152941
3 4 0.189744
3 49 0.0238095
3 50 0.31016
3 51 0.0572917
4 3 0.189744
4 5 0.188571
4 6 0.119048
4 50 0.0265957
4 51 0.129534
4 52 0.088785
5 4 0.188571
5 6 0.0816327
5 7 0.283133
5 52 0.129534
6 4 0.119048
6 5 0.0816327
6 7 0.0880503
6 51 0.0181818
6 52 0.387097
6 53 0.0824742
7 5 0.283133
7 6 0.0880503
7 8 0.227513
7 52 0.0487805
7 53 0.00862069
7 54 0.16
7 55 0.0197044
8 7 0.227513
8 9 0.0833333
8 54 0.111801
8 55 0.261682
8 56 0.121076
9 8 0.0833333
9 10 0.246154
9 11 0.00694444
9 55 0.0189873
9 56 0.0838323
9 57 0.0526316
10 9 0.246154
10 11 0.354839
10 12 0.0613497
10 56 0.00478469
10 57 0.0257732
10 59 0.010989
11 9 0.00694444
11 10 0.354839
11 12 0.293785
11 13 0.0198676
11 57 0.0432692
11 58 0.0113636
11 59 0.0510204
11 60 0.00578035
12 10 0.0613497
12 11 0.293785
12 13 0.03125
12 14 0.102273
12 57 0.00540541
12 59 0.0289017
12 60 0.0933333
13 11 0.0198676
13 12 0.03125
13 14 0.00666667
13 59 0.265306
13 60 0.0645161
13 62 0.0206186
14 12 0.102273
14 13 0.00666667
14 15 0.07
14 60 0.133721
14 61 0.266667
14 62 0.0454545
15 14 0.07
15 16 0.420814
15 61 0.141509
15 62 0.00409836
15 63 0.0765027
16 15 0.420814
16 17 0.184211
16 61 0.004329
16 63 0.173267
16 64 0.0245098
17 16 0.184211
17 18 0.31016
17 63 0.0157895
17 64 0.151042
17 65 0.021978
18 17 0.31016
18 19 0.0970149
18 20 0.0340136
18 64 0.0306748
18 65 0.0980392
18 66 0.0526316
19 18 0.0970149
19 20 0.382114
19 21 0.0944882
19 65 0.00775194
19 66 0.0111111
19 67 0.00645161
19 68 0.00571429
20 18 0.0340136
20 19 0.382114
20 21 0.178571
20 66 0.0582524
20 67 0.0297619
20 68 0.0265957
21 19 0.0944882
21 20 0.178571
21 23 0.119048
21 68 0.177083
21 69 0.0629371
22 23 0.353333
22 24 0.173077
22 69 0.088
22 71 0.00662252
23 21 0.119048
23 22 0.353333
23 24 0.0205479
23 68 0.0231481
23 69 0.131737
23 70 0.0621118
23 71 0.124352
24 22 0.173077
24 23 0.0205479
24 26 0.228814
24 71 0.0340136
24 72 0.0617978
25 27 0.242424
25 28 0.162791
25 74 0.777778
25 75 0.0609756
26 24 0.228814
26 72 0.183673
26 74 0.186047
27 25 0.242424
27 28 0.301724
27 74 0.030303
28 25 0.162791
28 27 0.301724
28 29 0.0731707
28 75 0.227273
29 28 0.0731707
29 30 0.12605
29 75 0.226891
29 77 0.0990991
30 29 0.12605
30 31 0.153285
30 77 0.116667
30 78 0.0962963
31 30 0.153285
31 32 0.237624
31 33 0.141732
31 78 0.159722
32 31 0.237624
32 78 0.020202
33 31 0.141732
33 34 0.112069
33 79 0.144144
34 33 0.112069
34 35 0.166667
34 79 0.151261
34 81 0.25641
35 34 0.166667
35 36 0.23913
35 83 0.0410959
36 35 0.23913
36 37 0.220339
36 83 0.295082
37 36 0.220339
37 38 0.287671
37 83 0.2
37 85 0.00699301
38 37 0.287671
38 39 0.0182927
38 83 0.0266667
38 84 0.0238095
38 85 0.168539
38 86 0.035503
39 38 0.0182927
39 40 0.0530303
39 41 0.181818
39 42 0.00436681
39 85 0.316239
39 86 0.0444444
39 87 0.0886076
40 39 0.0530303
40 41 0.0227273
40 85 0.0479452
40 87 0.0134228
41 39 0.181818
41 40 0.0227273
41 42 0.210811
41 87 0.129534
41 88 0.0165746
41 89 0.0578947
42 39 0.00436681
42 41 0.210811
42 43 0.0773196
42 87 0.097561
42 88 0.192308
42 89 0.26749
43 42 0.0773196
43 44 0.170103
43 45 0.0432432
43 88 0.0210526
43 89 0.241206
43 90 0.0492611
43 91 0.00591716
44 43 0.170103
44 45 0.375546
44 89 0.164609
44 90 0.097166
44 91 0.0892019
44 92 0.19598
45 43 0.0432432
45 44 0.375546
45 46 0.0276498
45 89 0.017094
45 90 0.0630252
45 91 0.0980392
45 92 0.205263
46 45 0.0276498
46 92 0.262032
46 93 0.270742
47 1 0.177143
47 49 0.0291262
47 94 0.145455
47 95 0.191964
48 0 0.333333
48 1 0.101124
49 1 0.174359
49 2 0.193548
49 3 0.0238095
49 47 0.0291262
49 50 0.123153
49 95 0.159836
49 96 0.0515873
49 97 0.0158103
50 2 0.0429448
50 3 0.31016
50 4 0.0265957
50 49 0.123153
50 51 0.172973
50 96 0.131004
50 97 0.0173913
51 3 0.0572917
51 4 0.129534
51 6 0.0181818
51 50 0.172973
51 52 0.127962
51 96 0.123932
51 98 0.00806452
51 99 0.173913
52 4 0.088785
52 5 0.129534
52 6 0.387097
52 7 0.0487805
52 51 0.127962
52 53 0.0909091
52 54 0.0225989
52 99 0.0877193
52 100 0.021097
53 6 0.0824742
53 7 0.00862069
53 52 0.0909091
53 54 0.0909091
53 99 0.0215827
54 7 0.16
54 8 0.111801
54 52 0.0225989
54 53 0.0909091
54 55 0.0742857
54 56 0.00543478
54 100 0.0659341
54 101 0.0338983
54 102 0.0946746
55 7 0.0197044
55 8 0.261682
55 9 0.0189873
55 54 0.0742857
55 56 0.468354
55 57 0.0045045
55 101 0.0130435
55 102 0.0675676
55 104 0.00469484
56 8 0.121076
56 9 0.0838323
56 10 0.00478469
56 54 0.00543478
56 55 0.468354
56 57 0.272727
56 58 0.0100503
56 101 0.0209205
56 102 0.0562771
56 103 0.00904977
56 104 0.0855856
57 9 0.0526316
57 10 0.0257732
57 11 0.0432692
57 12 0.00540541
57 55 0.0045045
57 56 0.272727
57 58 0.342391
57 59 0.0147059
57 103 0.00485437
57 104 0.0676328
58 11 0.0113636
58 56 0.0100503
58 57 0.342391
58 59 0.0755814
58 103 0.0114943
58 104 0.48
58 105 0.0597826
58 106 0.0297619
59 10 0.010989
59 11 0.0510204
59 12 0.0289017
59 13 0.265306
59 57 0.0147059
59 58 0.0755814
59 60 0.272189
59 104 0.00512821
59 105 0.0147059
59 106 0.132979
59 107 0.143617
59 108 0.00561798
60 11 0.00578035
60 12 0.0933333
60 13 0.0645161
60 14 0.133721
60 59 0.272189
60 62 0.0138889
60 106 0.0121212
60 107 0.0363636
60 108 0.122581
61 14 0.266667
61 15 0.141509
61 16 0.004329
61 62 0.385827
61 63 0.0466321
61 110 0.028436
62 13 0.0206186
62 14 0.0454545
62 15 0.00409836
62 60 0.0138889
62 61 0.385827
62 63 0.0133333
62 108 0.2
62 109 0.112033
62 110 0.00411523
63 15 0.0765027
63 16 0.173267
63 17 0.0157895
63 61 0.0466321
63 62 0.0133333
63 64 0.114458
63 109 0.00555556
63 110 0.313187
63 111 0.0186335
64 16 0.0245098
64 17 0.151042
64 18 0.0306748
64 63 0.114458
64 65 0.164557
64 66 0.0336134
64 110 0.048913
64 111 0.233129
64 112 0.00826446
64 113 0.0164835
65 17 0.021978
65 18 0.0980392
65 19 0.00775194
65 64 0.164557
65 66 0.146789
65 111 0.0849673
65 112 0.00900901
65 113 0.360465
65 114 0.0272109
66 18 0.0526316
66 19 0.0111111
66 20 0.0582524
66 64 0.0336134
66 65 0.146789
66 67 0.0296296
66 113 0.0150376
66 114 0.0185185
67 19 0.00645161
67 20 0.0297619
67 66 0.0296296
67 68 0.00909091
67 112 0.00729927
67 113 0.121212
67 114 0.508671
67 115 0.13253
68 19 0.00571429
68 20 0.0265957
68 21 0.177083
68 23 0.0231481
68 67 0.00909091
68 69 0.434555
68 114 0.0673575
68 115 0.397849
68 116 0.025641
68 117 0.01
69 21 0.0629371
69 22 0.088
69 23 0.131737
69 68 0.434555
69 70 0.0294118
69 115 0.116788
69 116 0.00684932
69 117 0.0331126
70 23 0.0621118
70 69 0.0294118
70 71 0.123457
70 116 0.0857143
70 117 0.42069
70 118 0.0580645
70 119 0.0117647
71 22 0.00662252
71 23 0.124352
71 24 0.0340136
71 70 0.123457
71 72 0.222222
71 117 0.0225989
71 119 0.049505
72 24 0.0617978
72 26 0.183673
72 71 0.222222
72 119 0.248927
72 120 0.00966184
72 122 0.0206897
73 74 0.00847458
73 120 0.184358
73 121 0.032
73 122 0.0683761
73 123 0.00877193
74 25 0.777778
74 26 0.186047
74 27 0.030303
74 73 0.00847458
74 122 0.371429
75 25 0.0609756
75 28 0.227273
75 29 0.226891
75 76 0.0864198
75 77 0.141667
75 122 0.0123457
75 123 0.102564
76 75 0.0864198
76 77 0.205479
76 78 0.0113636
76 123 0.354839
76 124 0.0606061
77 29 0.0990991
77 30 0.116667
77 75 0.141667
77 76 0.205479
77 78 0.19685
77 123 0.0142857
78 30 0.0962963
78 31 0.159722
78 32 0.020202
78 76 0.0113636
78 77 0.19685
78 79 0.0703125
78 80 0.0804598
78 124 0.137931
78 126 0.0117647
79 33 0.144144
79 34 0.151261
79 78 0.0703125
79 80 0.191781
79 81 0.0684932
79 126 0.0704225
79 128 0.0136986
80 78 0.0804598
80 79 0.191781
80 81 0.03125
80 124 0.0625
80 125 0.16129
80 126 0.4
80 127 0.0111111
81 34 0.25641
81 79 0.0684932
81 80 0.03125
81 126 0.0333333
81 128 0.59375
81 129 0.0111111
82 83 0.125
82 128 0.144578
82 129 0.177305
82 130 0.145455
82 131 0.156863
83 35 0.0410959
83 36 0.295082
83 37 0.2
83 38 0.0266667
83 82 0.125
83 131 0.0186916
84 38 0.0238095
84 130 0.0078125
84 131 0.0603448
84 132 0.376238
85 37 0.00699301
85 38 0.168539
85 39 0.316239
85 40 0.0479452
85 86 0.188285
85 87 0.0239044
85 135 0.160338
86 38 0.035503
86 39 0.0444444
86 85 0.188285
86 87 0.0661157
86 132 0.0806452
86 133 0.268775
86 134 0.033195
86 135 0.109649
87 39 0.0886076
87 40 0.0134228
87 41 0.129534
87 42 0.097561
87 85 0.0239044
87 86 0.0661157
87 88 0.0578512
87 133 0.0603774
87 134 0.126482
87 135 0.216667
87 136 0.00896861
88 41 0.0165746
88 42 0.192308
88 43 0.0210526
88 87 0.0578512
88 89 0.225941
88 90 0.0987654
88 134 0.0290456
88 136 0.156398
88 137 0.0532787
89 41 0.0578947
89 42 0.26749
89 43 0.241206
89 44 0.164609
89 45 0.017094
89 88 0.225941
89 90 0.0952381
89 91 0.00458716
89 137 0.0197628
90 43 0.0492611
90 44 0.097166
90 45 0.0630252
90 88 0.0987654
90 89 0.0952381
90 91 0.355856
90 92 0.00480769
90 136 0.0357143
90 137 0.163424
90 138 0.04
90 139 0.0539568
91 43 0.00591716
91 44 0.0892019
91 45 0.0980392
91 89 0.00458716
91 90 0.355856
91 92 0.0287356
91 137 0.00896861
91 138 0.0418848
91 139 0.122951
92 44 0.19598
92 45 0.205263
92 46 0.262032
92 90 0.00480769
92 91 0.0287356
92 93 0.00990099
92 138 0.0960452
92 139 0.0956522
93 46 0.270742
93 92 0.00990099
93 138 0.00456621
93 139 0.0441176
93 140 0.423729
94 47 0.145455
94 141 0.0285714
95 47 0.191964
95 49 0.159836
95 96 0.0111111
95 97 0.0553506
95 142 0.29562
96 49 0.0515873
96 50 0.131004
96 51 0.123932
96 95 0.0111111
96 97 0.487455
96 98 0.0119048
96 99 0.00796813
96 142 0.0070922
96 143 0.0135747
96 144 0.0182927
96 145 0.00869565
97 49 0.0158103
97 50 0.0173913
97 95 0.0553506
97 96 0.487455
97 98 0.0177515
97 142 0.102473
97 143 0.0900901
97 144 0.0484848
97 145 0.012987
98 51 0.00806452
98 96 0.0119048
98 97 0.0177515
98 99 0.070922
98 145 0.116667
98 146 0.04
99 51 0.173913
99 52 0.0877193
99 53 0.0215827
99 96 0.00796813
99 98 0.070922
99 100 0.0257511
99 145 0.0689655
99 146 0.333333
99 147 0.055
100 52 0.021097
100 54 0.0659341
100 99 0.0257511
100 101 0.00421941
100 146 0.0416667
100 147 0.578947
100 148 0.0315315
100 149 0.162304
101 54 0.0338983
101 55 0.0130435
101 56 0.0209205
101 100 0.00421941
101 102 0.5625
101 103 0.116822
101 104 0.00465116
101 147 0.0588235
101 149 0.258065
102 54 0.0946746
102 55 0.0675676
102 56 0.0562771
102 101 0.5625
102 103 0.0291262
102 104 0.0144928
102 147 0.0153061
102 148 0.00478469
102 149 0.129213
103 56 0.00904977
103 57 0.00485437
103 58 0.0114943
103 101 0.116822
103 102 0.0291262
103 104 0.213198
103 105 0.00485437
103 150 0.140845
103 151 0.0818713
103 152 0.137931
104 55 0.00469484
104 56 0.0855856
104 57 0.0676328
104 58 0.48
104 59 0.00512821
104 101 0.00465116
104 102 0.0144928
104 103 0.213198
104 105 0.0821256
104 150 0.00699301
104 152 0.0285714
105 58 0.0597826
105 59 0.0147059
105 103 0.00485437
105 104 0.0821256
105 106 0.22
105 107 0.02
105 150 0.00657895
105 151 0.171271
105 152 0.353261
105 153 0.0591716
106 58 0.0297619
106 59 0.132979
106 60 0.0121212
106 105 0.22
106 107 0.315217
106 108 0.0114943
106 152 0.077381
106 153 0.222222
106 154 0.011236
107 59 0.143617
107 60 0.0363636
107 105 0.02
107 106 0.315217
107 108 0.229885
107 153 0.117647
107 154 0.0561798
107 156 0.03
108 59 0.00561798
108 60 0.122581
108 62 0.2
108 106 0.0114943
108 107 0.229885
108 109 0.0111111
108 153 0.013986
108 154 0.0297619
108 156 0.268421
109 62 0.112033
109 63 0.00555556
109 108 0.0111111
109 110 0.146465
109 155 0.00584795
109 156 0.286408
109 157 0.273743
109 158 0.0157895
110 61 0.028436
110 62 0.00411523
110 63 0.313187
110 64 0.048913
110 109 0.146465
110 111 0.150838
110 156 0.00480769
110 157 0.0718232
110 158 0.135417
111 63 0.0186335
111 64 0.233129
111 65 0.0849673
111 110 0.150838
111 112 0.112069
111 113 0.0903955
111 157 0.01875
111 158 0.140351
111 159 0.0518135
112 64 0.00826446
112 65 0.00900901
112 67 0.00729927
112 111 0.112069
112 113 0.125926
112 159 0.0927152
112 160 0.0980392
112 161 0.00675676
113 64 0.0164835
113 65 0.360465
113 66 0.0150376
113 67 0.121212
113 111 0.0903955
113 112 0.125926
113 114 0.105263
113 159 0.0330189
113 160 0.130841
113 161 0.0239234
114 65 0.0272109
114 66 0.0185185
114 67 0.508671
114 68 0.0673575
114 113 0.105263
114 115 0.0215827
114 161 0.0163043
115 67 0.13253
115 68 0.397849
115 69 0.116788
115 114 0.0215827
115 116 0.0283688
115 161 0.00564972
115 163 0.0729927
116 68 0.025641
116 69 0.00684932
116 70 0.0857143
116 115 0.0283688
116 117 0.348387
116 163 0.239726
116 165 0.0408163
117 68 0.01
117 69 0.0331126
117 70 0.42069
117 71 0.0225989
117 116 0.348387
117 118 0.00588235
117 163 0.00662252
117 164 0.0150376
117 165 0.157895
118 70 0.0580645
118 117 0.00588235
118 119 0.0615385
118 164 0.00699301
118 165 0.376543
118 166 0.0573248
119 70 0.0117647
119 71 0.049505
119 72 0.248927
119 118 0.0615385
119 120 0.0108696
119 165 0.0282486
119 166 0.30814
120 72 0.00966184
120 73 0.184358
120 119 0.0108696
120 121 0.0961538
120 166 0.136986
120 167 0.0864198
120 168 0.0697674
121 73 0.032
121 120 0.0961538
121 122 0.0952381
121 166 0.0217391
121 167 0.333333
121 168 0.00847458
122 72 0.0206897
122 73 0.0683761
122 74 0.371429
122 75 0.0123457
122 121 0.0952381
122 123 0.419355
122 167 0.09
122 169 0.0288462
122 170 0.0181818
123 73 0.00877193
123 75 0.102564
123 76 0.354839
123 77 0.0142857
123 122 0.419355
123 170 0.173077
124 76 0.0606061
124 78 0.137931
124 80 0.0625
124 125 0.225806
124 170 0.0185185
124 171 0.0283019
124 173 0.00990099
125 80 0.16129
125 124 0.225806
125 126 0.172414
125 171 0.0571429
125 172 0.00793651
125 173 0.04
126 78 0.0117647
126 79 0.0704225
126 80 0.4
126 81 0.0333333
126 125 0.172414
126 127 0.102273
126 174 0.0326087
127 80 0.0111111
127 126 0.102273
127 129 0.0337838
127 172 0.0108108
127 173 0.188679
127 174 0.184211
127 175 0.040404
128 79 0.0136986
128 81 0.59375
128 82 0.144578
128 129 0.0444444
128 174 0.0744681
129 81 0.0111111
129 82 0.177305
129 127 0.0337838
129 128 0.0444444
129 130 0.151163
129 131 0.03125
129 174 0.217105
129 175 0.050505
129 176 0.0773196
130 82 0.145455
130 84 0.0078125
130 129 0.151163
130 131 0.293478
130 174 0.0397727
130 176 0.114679
130 177 0.0575916
131 82 0.156863
131 83 0.0186916
131 84 0.0603448
131 129 0.03125
131 130 0.293478
131 132 0.0955414
132 84 0.376238
132 86 0.0806452
132 131 0.0955414
132 179 0.0230769
133 86 0.268775
133 87 0.0603774
133 134 0.257576
133 135 0.00796813
133 179 0.0253807
133 180 0.243243
133 181 0.0421053
133 182 0.0141343
134 86 0.033195
134 87 0.126482
134 88 0.0290456
134 133 0.257576
134 135 0.0502092
134 136 0.0765766
134 180 0.048583
134 181 0.0449438
134 182 0.321033
135 85 0.160338
135 86 0.109649
135 87 0.216667
135 133 0.00796813
135 134 0.0502092
135 182 0.00775194
136 87 0.00896861
136 88 0.156398
136 90 0.0357143
136 134 0.0765766
136 137 0.0711111
136 182 0.286307
136 183 0.144737
136 184 0.0171429
136 185 0.0462185
137 88 0.0532787
137 89 0.0197628
137 90 0.163424
137 91 0.00896861
137 136 0.0711111
137 182 0.233577
137 183 0.00540541
137 184 0.0673077
137 185 0.343173
138 90 0.04
138 91 0.0418848
138 92 0.0960452
138 93 0.00456621
138 139 0.449393
138 140 0.00473934
138 184 0.00568182
138 185 0.0125523
138 186 0.031746
138 187 0.0486726
139 90 0.0539568
139 91 0.122951
139 92 0.0956522
139 93 0.0441176
139 138 0.449393
139 140 0.0492424
139 184 0.0349345
139 185 0.0239726
139 186 0.118033
139 187 0.0645161
140 93 0.423729
140 138 0.00473934
140 139 0.0492424
140 186 0.189591
140 187 0.0987654
141 94 0.0285714
141 188 0.0458716
141 189 0.0538462
142 95 0.29562
142 96 0.0070922
142 97 0.102473
142 143 0.0622222
142 188 0.0726496
142 189 0.207843
142 190 0.145038
143 96 0.0135747
143 97 0.0900901
143 142 0.0622222
143 144 0.046729
143 190 0.318408
143 191 0.175532
143 192 0.0104712
144 96 0.0182927
144 97 0.0484848
144 143 0.046729
144 145 0.0344828
144 191 0.0305344
144 192 0.104478
144 193 0.0315789
145 96 0.00869565
145 97 0.012987
145 98 0.116667
145 99 0.0689655
145 144 0.0344828
145 146 0.308642
145 148 0.015625
145 191 0.00507614
145 192 0.31
145 193 0.347826
145 194 0.0424528
146 98 0.04
146 99 0.333333
146 100 0.0416667
146 145 0.308642
146 147 0.00628931
146 148 0.0290698
146 192 0.0333333
146 193 0.198582
146 194 0.0260417
147 99 0.055
147 100 0.578947
147 101 0.0588235
147 102 0.0153061
147 146 0.00628931
147 148 0.015873
147 149 0.056962
147 193 0.00632911
147 195 0.00689655
148 100 0.0315315
148 102 0.00478469
148 145 0.015625
148 146 0.0290698
148 147 0.015873
148 149 0.116959
148 193 0.0818713
148 194 0.396396
148 195 0.0443038
149 100 0.162304
149 101 0.258065
149 102 0.129213
149 147 0.056962
149 148 0.116959
149 194 0.0052356
149 195 0.204724
150 103 0.140845
150 104 0.00699301
150 105 0.00657895
150 151 0.042735
150 152 0.0166667
150 196 0.00840336
150 197 0.112
150 198 0.0701754
150 199 0.0168067
151 103 0.0818713
151 105 0.171271
151 150 0.042735
151 152 0.147651
151 197 0.00649351
151 198 0.048951
151 199 0.283784
151 200 0.0479452
152 103 0.137931
152 104 0.0285714
152 105 0.353261
152 106 0.077381
152 150 0.0166667
152 151 0.147651
152 153 0.00729927
152 197 0.0127389
152 198 0.0958904
152 199 0.0397351
152 200 0.0201342
153 105 0.0591716
153 106 0.222222
153 107 0.117647
153 108 0.013986
153 152 0.00729927
153 154 0.0340136
153 199 0.00735294
153 200 0.223881
154 106 0.011236
154 107 0.0561798
154 108 0.0297619
154 153 0.0340136
154 155 0.0377358
154 156 0.103093
154 200 0.264151
154 201 0.032
154 202 0.262295
155 109 0.00584795
155 154 0.0377358
155 156 0.237569
155 201 0.00892857
155 202 0.183486
155 203 0.028777
155 204 0.128571
156 107 0.03
156 108 0.268421
156 109 0.286408
156 110 0.00480769
156 154 0.103093
156 155 0.237569
156 157 0.021164
156 202 0.0208333
156 203 0.0344828
157 109 0.273743
157 110 0.0718232
157 111 0.01875
157 156 0.021164
157 158 0.300578
157 203 0.115646
157 204 0.101351
157 205 0.035503
158 109 0.0157895
158 110 0.135417
158 111 0.140351
158 157 0.300578
158 159 0.174757
158 203 0.0189873
158 205 0.0611111
159 111 0.0518135
159 112 0.0927152
159 113 0.0330189
159 158 0.174757
159 160 0.243478
159 205 0.381188
159 206 0.0103627
159 207 0.00520833
160 112 0.0980392
160 113 0.130841
160 159 0.243478
160 161 0.110132
160 205 0.0294118
160 206 0.0153846
160 207 0.237113
160 208 0.0195122
161 112 0.00675676
161 113 0.0239234
161 114 0.0163043
161 115 0.00564972
161 160 0.110132
161 162 0.0564103
161 163 0.120879
161 207 0.116402
161 208 0.06
161 209 0.0164835
162 161 0.0564103
162 163 0.122581
162 207 0.0185185
162 208 0.0693642
162 209 0.348387
162 210 0.0457143
163 115 0.0729927
163 116 0.239726
163 117 0.00662252
163 161 0.120879
163 162 0.122581
163 164 0.016129
163 209 0.00704225
163 210 0.0493827
163 211 0.0789474
164 117 0.0150376
164 118 0.00699301
164 163 0.016129
164 165 0.048
164 210 0.194444
164 211 0.410448
164 212 0.0619469
164 213 0.00694444
165 116 0.0408163
165 117 0.157895
165 118 0.376543
165 119 0.0282486
165 164 0.048
165 210 0.00613497
165 211 0.0457516
165 213 0.0122699
166 118 0.0573248
166 119 0.30814
166 120 0.136986
166 121 0.0217391
166 167 0.00666667
166 213 0.0506329
166 214 0.0522876
167 120 0.0864198
167 121 0.333333
167 122 0.09
167 166 0.00666667
167 168 0.00568182
167 169 0.0176471
168 120 0.0697674
168 121 0.00847458
168 167 0.00568182
168 169 0.0111111
168 214 0.206704
168 215 0.262295
168 216 0.201087
169 122 0.0288462
169 167 0.0176471
169 168 0.0111111
169 170 0.152
169 171 0.112994
169 216 0.202247
169 217 0.00578035
170 122 0.0181818
170 123 0.173077
170 124 0.0185185
170 169 0.152
170 171 0.0859375
170 172 0.00671141
171 124 0.0283019
171 125 0.0571429
171 169 0.112994
171 170 0.0859375
171 172 0.323383
171 173 0.00571429
171 217 0.0795455
171 218 0.0961538
172 125 0.00793651
172 127 0.0108108
172 170 0.00671141
172 171 0.323383
172 173 0.0816327
172 218 0.187773
172 219 0.128378
172 220 0.00613497
173 124 0.00990099
173 125 0.04
173 127 0.188679
173 171 0.00571429
173 172 0.0816327
173 175 0.0526316
173 219 0.0245902
173 220 0.167883
173 221 0.0493827
174 126 0.0326087
174 127 0.184211
174 128 0.0744681
174 129 0.217105
174 130 0.0397727
174 175 0.0643564
174 176 0.050505
175 127 0.040404
175 129 0.050505
175 173 0.0526316
175 174 0.0643564
175 176 0.270492
175 220 0.0397727
175 221 0.0995025
175 222 0.0526316
175 223 0.0137615
176 129 0.0773196
176 130 0.114679
176 174 0.050505
176 175 0.270492
176 177 0.187793
176 178 0.00970874
176 223 0.088785
176 224 0.0108108
177 130 0.0575916
177 176 0.187793
177 178 0.217877
177 179 0.125
177 223 0.0106952
177 224 0.113924
178 176 0.00970874
178 177 0.217877
178 223 0.177778
178 224 0.278146
178 225 0.0336134
178 226 0.0384615
179 132 0.0230769
179 133 0.0253807
179 177 0.125
179 180 0.138889
179 181 0.00900901
179 226 0.0776699
180 133 0.243243
180 134 0.048583
180 179 0.138889
180 181 0.196532
180 226 0.0969697
180 227 0.0992908
180 228 0.0878049
180 229 0.0187793
181 133 0.0421053
181 134 0.0449438
181 179 0.00900901
181 180 0.196532
181 182 0.0203046
181 226 0.0208333
181 227 0.0972222
181 228 0.0808824
181 229 0.138889
182 133 0.0141343
182 134 0.321033
182 135 0.00775194
182 136 0.286307
182 137 0.233577
182 181 0.0203046
182 183 0.0298507
182 228 0.104803
182 229 0.105485
182 230 0.0221402
183 136 0.144737
183 137 0.00540541
183 182 0.0298507
183 185 0.00505051
183 229 0.0608108
183 230 0.0769231
184 136 0.0171429
184 137 0.0673077
184 138 0.00568182
184 139 0.0349345
184 185 0.41629
184 230 0.0292683
184 231 0.0466667
184 232 0.0359712
184 233 0.0592105
185 136 0.0462185
185 137 0.343173
185 138 0.0125523
185 139 0.0239726
185 183 0.00505051
185 184 0.41629
185 230 0.13806
185 231 0.084507
185 232 0.0148515
185 233 0.172093
186 138 0.031746
186 139 0.118033
186 140 0.189591
186 187 0.242958
186 232 0.0511628
186 233 0.100877
186 234 0.145695
187 138 0.0486726
187 139 0.0645161
187 140 0.0987654
187 186 0.242958
187 233 0.118812
187 234 0.344203
188 141 0.0458716
188 142 0.0726496
188 189 0.369458
188 190 0.0333333
188 235 0.0560748
188 236 0.276923
189 141 0.0538462
189 142 0.207843
189 188 0.369458
189 190 0.047619
189 236 0.0648148
190 142 0.145038
190 143 0.318408
190 188 0.0333333
190 189 0.047619
190 191 0.0222222
190 236 0.0358744
190 238 0.147679
191 143 0.175532
191 144 0.0305344
191 145 0.00507614
191 190 0.0222222
191 192 0.24186
191 238 0.258929
191 239 0.0776699
192 143 0.0104712
192 144 0.104478
192 145 0.31
192 146 0.0333333
192 191 0.24186
192 193 0.100559
192 194 0.00434783
192 238 0.0220264
192 239 0.172249
193 144 0.0315789
193 145 0.347826
193 146 0.198582
193 147 0.00632911
193 148 0.0818713
193 192 0.100559
193 194 0.151832
193 239 0.0294118
193 240 0.0108108
194 145 0.0424528
194 146 0.0260417
194 148 0.396396
194 149 0.0052356
194 192 0.00434783
194 193 0.151832
194 195 0.00561798
194 239 0.0361991
194 240 0.309322
194 241 0.0484848
195 147 0.00689655
195 148 0.0443038
195 149 0.204724
195 194 0.00561798
195 196 0.174242
195 241 0.128713
195 242 0.0166667
195 244 0.015625
196 150 0.00840336
196 195 0.174242
196 197 0.25641
196 198 0.137931
196 242 0.0217391
196 243 0.047619
196 244 0.253425
197 150 0.112
197 151 0.00649351
197 152 0.0127389
197 196 0.25641
197 198 0.463576
197 199 0.0128205
197 243 0.0151515
197 244 0.0657895
197 245 0.0342466
197 246 0.0108108
198 150 0.0701754
198 151 0.048951
198 152 0.0958904
198 196 0.137931
198 197 0.463576
198 199 0.00689655
198 243 0.00826446
198 244 0.0070922
198 245 0.0222222
198 246 0.0172414
199 150 0.0168067
199 151 0.283784
199 152 0.0397351
199 153 0.00735294
199 197 0.0128205
199 198 0.00689655
199 200 0.0472973
199 201 0.0263158
199 245 0.0357143
199 246 0.47486
199 247 0.0305344
199 248 0.00591716
200 151 0.0479452
200 152 0.0201342
200 153 0.223881
200 154 0.264151
200 199 0.0472973
200 201 0.0178571
200 246 0.0338983
201 154 0.032
201 155 0.00892857
201 199 0.0263158
201 200 0.0178571
201 202 0.08
201 247 0.115789
201 248 0.0827068
201 249 0.0655738
201 250 0.0353982
202 154 0.262295
202 155 0.183486
202 156 0.0208333
202 201 0.08
202 250 0.00909091
203 155 0.028777
203 156 0.0344828
203 157 0.115646
203 158 0.0189873
203 204 0.278196
203 205 0.012987
203 250 0.0214286
203 251 0.121019
203 252 0.0251572
204 155 0.128571
204 157 0.101351
204 203 0.278196
204 205 0.00645161
204 250 0.0283688
204 251 0.0632911
204 252 0.03125
205 157 0.035503
205 158 0.0611111
205 159 0.381188
205 160 0.0294118
205 203 0.012987
205 204 0.00645161
205 206 0.275449
205 251 0.0558659
205 252 0.0110497
205 253 0.0933333
205 254 0.00510204
206 159 0.0103627
206 160 0.0153846
206 205 0.275449
206 207 0.0191083
206 208 0.0595238
206 253 0.141844
206 254 0.304813
207 159 0.00520833
207 160 0.237113
207 161 0.116402
207 162 0.0185185
207 206 0.0191083
207 208 0.353293
207 253 0.00714286
207 254 0.0376344
207 255 0.0559006
208 160 0.0195122
208 161 0.06
208 162 0.0693642
208 206 0.0595238
208 207 0.353293
208 209 0.15625
208 253 0.013245
208 254 0.0152284
208 255 0.133721
209 161 0.0164835
209 162 0.348387
209 163 0.00704225
209 208 0.15625
209 255 0.0324675
209 256 0.033557
209 257 0.195402
210 162 0.0457143
210 163 0.0493827
210 164 0.194444
210 165 0.00613497
210 211 0.395349
210 212 0.00662252
210 256 0.00591716
210 257 0.376289
210 258 0.0491803
210 259 0.00588235
211 163 0.0789474
211 164 0.410448
211 165 0.0457516
211 210 0.395349
211 212 0.0567376
211 213 0.00581395
211 257 0.0217391
211 258 0.0357143
212 164 0.0619469
212 210 0.00662252
212 211 0.0567376
212 213 0.0860927
212 258 0.0659341
212 259 0.438849
212 260 0.038835
213 164 0.00694444
213 165 0.0122699
213 166 0.0506329
213 211 0.00581395
213 212 0.0860927
213 214 0.0734463
213 258 0.0737705
213 260 0.0298507
213 261 0.299435
214 166 0.0522876
214 168 0.206704
214 213 0.0734463
214 215 0.026087
214 261 0.267442
214 262 0.0607735
215 168 0.262295
215 214 0.026087
215 216 0.05
215 261 0.0173913
215 262 0.0645161
215 263 0.0514706
216 168 0.201087
216 169 0.202247
216 215 0.05
216 217 0.146893
216 262 0.0376344
216 263 0.0606061
216 264 0.00561798
217 169 0.00578035
217 171 0.0795455
217 216 0.146893
217 218 0.259804
217 263 0.00518135
217 264 0.242775
217 265 0.026738
218 171 0.0961538
218 172 0.187773
218 217 0.259804
218 220 0.0294118
218 264 0.0682927
218 265 0.219178
218 266 0.0339806
219 172 0.128378
219 173 0.0245902
219 220 0.179775
219 221 0.157895
220 172 0.00613497
220 173 0.167883
220 175 0.0397727
220 218 0.0294118
220 219 0.179775
220 221 0.100775
220 265 0.0196078
220 266 0.05
220 268 0.031746
221 173 0.0493827
221 175 0.0995025
221 219 0.157895
221 220 0.100775
221 222 0.0555556
221 266 0.109091
221 267 0.102041
221 268 0.0331126
222 175 0.0526316
222 221 0.0555556
222 223 0.184358
222 224 0.04
222 267 0.0645161
222 268 0.18239
222 269 0.0347826
223 175 0.0137615
223 176 0.088785
223 177 0.0106952
223 178 0.177778
223 222 0.184358
223 224 0.238994
223 268 0.142857
223 269 0.0564516
223 270 0.0127389
223 271 0.0144928
224 176 0.0108108
224 177 0.113924
224 178 0.278146
224 222 0.04
224 223 0.238994
224 269 0.0105263
224 270 0.0078125
224 271 0.00917431
224 272 0.0353982
225 178 0.0336134
225 226 0.220779
225 227 0.0943396
225 272 0.0246914
225 273 0.114504
225 274 0.0704225
226 178 0.0384615
226 179 0.0776699
226 180 0.0969697
226 181 0.0208333
226 225 0.220779
226 227 0.140625
226 272 0.0869565
226 273 0.232394
226 274 0.169935
227 180 0.0992908
227 181 0.0972222
227 225 0.0943396
227 226 0.140625
227 273 0.00847458
227 274 0.0387597
227 275 0.024
228 180 0.0878049
228 181 0.0808824
228 182 0.104803
228 229 0.284091
228 274 0.0207254
228 275 0.0899471
228 276 0.0568182
228 277 0.0666667
229 180 0.0187793
229 181 0.138889
229 182 0.105485
229 183 0.0608108
229 228 0.284091
229 230 0.00917431
229 273 0.00526316
229 274 0.0248756
229 275 0.233503
229 276 0.0978261
229 277 0.0935961
230 182 0.0221402
230 183 0.0769231
230 184 0.0292683
230 185 0.13806
230 229 0.00917431
230 231 0.279188
230 232 0.00537634
230 276 0.0366972
230 277 0.291139
230 278 0.126168
230 279 0.0583658
231 184 0.0466667
231 185 0.084507
231 230 0.279188
231 232 0.0458015
231 233 0.0763889
231 277 0.021978
231 278 0.0125786
231 279 0.0940594
231 280 0.12381
232 184 0.0359712
232 185 0.0148515
232 186 0.0511628
232 230 0.00537634
232 231 0.0458015
232 233 0.0601504
232 278 0.0405405
232 279 0.34555
232 280 0.0106383
233 184 0.0592105
233 185 0.172093
233 186 0.100877
233 187 0.118812
233 231 0.0763889
233 232 0.0601504
233 234 0.0136364
233 279 0.122549
233 280 0.0654206
234 186 0.145695
234 187 0.344203
234 233 0.0136364
234 279 0.00359712
234 281 0.386454
235 188 0.0560748
235 236 0.0833333
236 188 0.276923
236 189 0.0648148
236 190 0.0358744
236 235 0.0833333
236 237 0.0153846
236 282 0.0673575
236 283 0.274678
237 236 0.0153846
237 238 0.00694444
237 282 0.0347826
237 283 0.0903226
237 284 0.0384615
237 285 0.0402685
238 190 0.147679
238 191 0.258929
238 192 0.0220264
238 237 0.00694444
238 283 0.048583
238 285 0.311203
238 287 0.00947867
239 191 0.0776699
239 192 0.172249
239 193 0.0294118
239 194 0.0361991
239 240 0.0325581
239 285 0.00448431
239 286 0.0197044
239 287 0.341969
240 193 0.0108108
240 194 0.309322
240 239 0.0325581
240 241 0.0314465
240 287 0.110577
240 288 0.25
240 289 0.019802
241 194 0.0484848
241 195 0.128713
241 240 0.0314465
241 242 0.0560748
241 288 0.0177515
241 289 0.0458015
241 290 0.11194
242 195 0.0166667
242 196 0.0217391
242 241 0.0560748
242 243 0.131579
242 244 0.149254
242 288 0.00531915
242 289 0.04
242 290 0.568627
242 291 0.00684932
243 196 0.047619
243 197 0.0151515
243 198 0.00826446
243 242 0.131579
243 244 0.377049
243 289 0.0289855
243 290 0.177305
243 291 0.0895522
243 292 0.0128205
244 195 0.015625
244 196 0.253425
244 197 0.0657895
244 198 0.0070922
244 242 0.149254
244 243 0.377049
244 290 0.0124224
244 291 0.0194805
244 292 0.0170455
245 197 0.0342466
245 198 0.0222222
245 199 0.0357143
245 246 0.213018
245 291 0.108108
245 292 0.3
245 293 0.0769231
245 294 0.0186335
246 197 0.0108108
246 198 0.0172414
246 199 0.47486
246 200 0.0338983
246 245 0.213018
246 247 0.05625
246 248 0.010101
246 292 0.114833
246 293 0.0164835
246 294 0.015
247 199 0.0305344
247 201 0.115789
247 246 0.05625
247 248 0.166667
247 294 0.230263
248 199 0.00591716
248 201 0.0827068
248 246 0.010101
248 247 0.166667
248 249 0.367232
248 294 0.178947
248 295 0.135484
248 296 0.0224719
249 201 0.0655738
249 248 0.367232
249 250 0.044586
249 294 0.00558659
249 295 0.0833333
249 296 0.305389
249 297 0.00621118
250 201 0.0353982
250 202 0.00909091
250 203 0.0214286
250 204 0.0283688
250 249 0.044586
250 251 0.115152
250 252 0.0958084
250 296 0.0886076
250 297 0.296053
251 203 0.121019
251 204 0.0632911
251 205 0.0558659
251 250 0.115152
251 252 0.472826
251 253 0.00653595
251 297 0.0118343
251 299 0.0211268
251 300 0.184713
252 203 0.0251572
252 204 0.03125
252 205 0.0110497
252 250 0.0958084
252 251 0.472826
252 253 0.0129032
252 297 0.0818713
252 298 0.0402299
252 299 0.0416667
252 300 0.0943396
253 205 0.0933333
253 206 0.141844
253 207 0.00714286
253 208 0.013245
253 251 0.00653595
253 252 0.0129032
253 254 0.405882
253 255 0.0551724
253 299 0.0884956
253 300 0.0625
253 301 0.035461
253 302 0.0165289
254 205 0.00510204
254 206 0.304813
254 207 0.0376344
254 208 0.0152284
254 253 0.405882
254 255 0.172775
254 299 0.0188679
254 300 0.12069
254 301 0.0481283
254 302 0.0778443
255 207 0.0559006
255 208 0.133721
255 209 0.0324675
255 253 0.0551724
255 254 0.172775
255 256 0.0124224
255 301 0.0308642
255 302 0.309859
255 303 0.0848485
256 209 0.033557
256 210 0.00591716
256 255 0.0124224
256 257 0.110497
256 302 0.00729927
256 303 0.59375
256 304 0.135294
256 305 0.00724638
257 209 0.195402
257 210 0.376289
257 211 0.0217391
257 256 0.110497
257 258 0.0298507
257 303 0.0864865
257 304 0.102564
257 305 0.0245399
258 210 0.0491803
258 211 0.0357143
258 212 0.0659341
258 213 0.0737705
258 257 0.0298507
258 259 0.0545455
258 304 0.0487805
258 305 0.032967
259 210 0.00588235
259 212 0.438849
259 258 0.0545455
259 260 0.163934
259 304 0.0292398
259 305 0.0431655
259 306 0.0629371
259 307 0.024
260 212 0.038835
260 213 0.0298507
260 259 0.163934
260 261 0.0697674
260 262 0.00724638
260 306 0.0280374
260 307 0.202247
260 308 0.0285714
261 213 0.299435
261 214 0.267442
261 215 0.0173913
261 260 0.0697674
261 262 0.0718232
261 307 0.0757576
261 308 0.00675676
262 214 0.0607735
262 215 0.0645161
262 216 0.0376344
262 260 0.00724638
262 261 0.0718232
262 263 0.262376
262 308 0.254777
262 310 0.00966184
263 215 0.0514706
263 216 0.0606061
263 217 0.00518135
263 262 0.262376
263 264 0.164948
263 308 0.0118343
263 309 0.0518519
263 310 0.210046
263 311 0.0147059
264 216 0.00561798
264 217 0.242775
264 218 0.0682927
264 263 0.164948
264 265 0.239362
264 309 0.0173913
264 310 0.0301508
264 311 0.190217
264 312 0.011976
265 217 0.026738
265 218 0.219178
265 220 0.0196078
265 264 0.239362
265 266 0.280423
265 311 0.0151515
265 312 0.138122
266 218 0.0339806
266 220 0.05
266 221 0.109091
266 265 0.280423
266 267 0.056962
266 268 0.00617284
266 312 0.0297619
266 313 0.148148
267 221 0.102041
267 222 0.0645161
267 266 0.056962
267 268 0.173611
267 270 0.0075188
267 313 0.102564
267 314 0.0543478
267 315 0.00952381
268 220 0.031746
268 221 0.0331126
268 222 0.18239
268 223 0.142857
268 266 0.00617284
268 267 0.173611
268 269 0.0480769
268 270 0.0364963
269 222 0.0347826
269 223 0.0564516
269 224 0.0105263
269 268 0.0480769
269 270 0.397849
269 271 0.027027
269 272 0.0641026
269 316 0.016129
269 318 0.045977
270 223 0.0127389
270 224 0.0078125
270 267 0.0075188
270 268 0.0364963
270 269 0.397849
270 271 0.0747664
270 272 0.00900901
270 315 0.0510204
270 316 0.115789
270 317 0.0833333
270 318 0.208333
271 223 0.0144928
271 224 0.00917431
271 269 0.027027
271 270 0.0747664
271 272 0.0869565
271 317 0.025974
271 318 0.29703
271 319 0.180723
272 224 0.0353982
272 225 0.0246914
272 226 0.0869565
272 269 0.0641026
272 270 0.00900901
272 271 0.0869565
272 273 0.0342466
272 318 0.247619
272 319 0.0689655
273 225 0.114504
273 226 0.232394
273 227 0.00847458
273 229 0.00526316
273 272 0.0342466
273 274 0.400966
273 275 0.00985222
273 320 0.146154
273 321 0.0972222
273 322 0.0190476
274 225 0.0704225
274 226 0.169935
274 227 0.0387597
274 228 0.0207254
274 229 0.0248756
274 273 0.400966
274 275 0.107477
274 276 0.0447761
274 319 0.0405405
274 320 0.0638298
274 321 0.0258065
274 322 0.0633484
275 227 0.024
275 228 0.0899471
275 229 0.233503
275 273 0.00985222
275 274 0.107477
275 276 0.48731
275 277 0.0833333
275 321 0.0264901
275 322 0.248848
275 324 0.0117647
276 228 0.0568182
276 229 0.0978261
276 230 0.0366972
276 274 0.0447761
276 275 0.48731
276 277 0.182266
276 322 0.127451
276 324 0.0700637
277 228 0.0666667
277 229 0.0935961
277 230 0.291139
277 231 0.021978
277 275 0.0833333
277 276 0.182266
277 278 0.135678
277 322 0.0313901
277 323 0.0861244
277 324 0.00568182
278 230 0.126168
278 231 0.0125786
278 232 0.0405405
278 277 0.135678
278 279 0.123288
278 323 0.139785
278 324 0.0980392
278 325 0.0510204
278 326 0.175966
279 230 0.0583658
279 231 0.0940594
279 232 0.34555
279 233 0.122549
279 234 0.00359712
279 278 0.123288
279 280 0.0787879
279 323 0.00436681
279 325 0.041841
279 326 0.137681
279 327 0.156863
280 231 0.12381
280 232 0.0106383
280 233 0.0654206
280 279 0.0787879
280 326 0.0502793
280 327 0.308411
281 234 0.386454
281 328 0.121739
282 236 0.0673575
282 237 0.0347826
282 283 0.114679
282 329 0.0833333
282 330 0.262626
283 236 0.274678
283 237 0.0903226
283 238 0.048583
283 282 0.114679
283 284 0.0171674
283 285 0.0119048
283 330 0.0210084
284 237 0.0384615
284 283 0.0171674
284 285 0.176211
284 286 0.0193237
284 330 0.140845
284 331 0.136585
284 332 0.144105
285 237 0.0402685
285 238 0.311203
285 239 0.00448431
285 283 0.0119048
285 284 0.176211
285 286 0.159292
285 287 0.0972222
285 333 0.00934579
286 239 0.0197044
286 284 0.0193237
286 285 0.159292
286 287 0.0510204
286 332 0.140351
286 333 0.35567
286 334 0.0578947
286 335 0.014218
287 238 0.00947867
287 239 0.341969
287 240 0.110577
287 285 0.0972222
287 286 0.0510204
287 288 0.0137615
287 333 0.217391
287 334 0.0222222
288 240 0.25
288 241 0.0177515
288 242 0.00531915
288 287 0.0137615
288 289 0.367925
288 290 0.0139535
288 333 0.037037
288 334 0.193396
288 335 0.0429185
288 336 0.0211268
289 240 0.019802
289 241 0.0458015
289 242 0.04
289 243 0.0289855
289 288 0.367925
289 290 0.225989
289 335 0.0102564
289 336 0.0961538
289 337 0.0159574
289 338 0.0662651
290 241 0.11194
290 242 0.568627
290 243 0.177305
290 244 0.0124224
290 288 0.0139535
290 289 0.225989
290 338 0.0118343
291 242 0.00684932
291 243 0.0895522
291 244 0.0194805
291 245 0.108108
291 292 0.361702
291 293 0.0434783
291 337 0.0597826
291 338 0.0308642
292 243 0.0128205
292 244 0.0170455
292 245 0.3
292 246 0.114833
292 291 0.361702
292 293 0.245902
292 337 0.00485437
292 339 0.0149254
292 340 0.00537634
293 245 0.0769231
293 246 0.0164835
293 291 0.0434783
293 292 0.245902
293 294 0.0229885
293 339 0.0280374
293 340 0.232704
294 245 0.0186335
294 246 0.015
294 247 0.230263
294 248 0.178947
294 249 0.00558659
294 293 0.0229885
294 340 0.0112994
294 341 0.00735294
294 342 0.043956
295 248 0.135484
295 249 0.0833333
295 296 0.00689655
295 342 0.0884354
295 343 0.376712
296 248 0.0224719
296 249 0.305389
296 250 0.0886076
296 295 0.00689655
296 297 0.17284
296 342 0.0117647
296 343 0.289941
296 344 0.0125
297 249 0.00621118
297 250 0.296053
297 251 0.0118343
297 252 0.0818713
297 296 0.17284
297 298 0.0188679
297 343 0.0122699
297 344 0.136364
298 252 0.0402299
298 297 0.0188679
298 299 0.030303
298 300 0.0204082
298 344 0.178344
298 345 0.194631
298 346 0.1875
298 347 0.0322581
299 251 0.0211268
299 252 0.0416667
299 253 0.0884956
299 254 0.0188679
299 298 0.030303
299 300 0.324786
299 346 0.224719
299 347 0.0128205
300 251 0.184713
300 252 0.0943396
300 253 0.0625
300 254 0.12069
300 298 0.0204082
300 299 0.324786
300 346 0.0518135
300 347 0.00584795
301 253 0.035461
301 254 0.0481283
301 255 0.0308642
301 302 0.347826
301 348 0.238411
301 349 0.228916
301 350 0.0592105
302 253 0.0165289
302 254 0.0778443
302 255 0.309859
302 256 0.00729927
302 301 0.347826
302 303 0.0283688
302 348 0.00763359
302 349 0.0342466
302 350 0.0151515
303 255 0.0848485
303 256 0.59375
303 257 0.0864865
303 302 0.0283688
303 304 0.0517241
303 350 0.0387097
303 351 0.0144928
304 256 0.135294
304 257 0.102564
304 258 0.0487805
304 259 0.0292398
304 303 0.0517241
304 305 0.447368
304 351 0.101351
304 352 0.00487805
305 256 0.00724638
305 257 0.0245399
305 258 0.032967
305 259 0.0431655
305 304 0.447368
305 351 0.00862069
305 352 0.017341
305 353 0.161765
306 259 0.0629371
306 260 0.0280374
306 307 0.0818182
306 352 0.0112994
306 353 0.221429
306 354 0.119403
306 355 0.0915493
307 259 0.024
307 260 0.202247
307 261 0.0757576
307 306 0.0818182
307 308 0.0740741
307 353 0.00819672
307 354 0.0172414
307 355 0.016129
308 260 0.0285714
308 261 0.00675676
308 262 0.254777
308 263 0.0118343
308 307 0.0740741
308 309 0.0333333
308 310 0.0804598
308 354 0.0454545
308 355 0.00714286
308 357 0.0252101
309 263 0.0518519
309 264 0.0173913
309 308 0.0333333
309 310 0.264286
309 311 0.032
309 354 0.0102041
309 356 0.0714286
309 357 0.0705882
310 262 0.00966184
310 263 0.210046
310 264 0.0301508
310 308 0.0804598
310 309 0.264286
310 311 0.267943
310 356 0.0214286
310 357 0.295858
311 263 0.0147059
311 264 0.190217
311 265 0.0151515
311 309 0.032
311 310 0.267943
311 312 0.0960452
311 356 0.008
311 357 0.012987
311 358 0.115854
311 359 0.0205128
312 264 0.011976
312 265 0.138122
312 266 0.0297619
312 311 0.0960452
312 313 0.0787402
312 358 0.102041
312 359 0.129213
312 360 0.0162602
313 266 0.148148
313 267 0.102564
313 312 0.0787402
313 314 0.0724638
313 360 0.155556
314 267 0.0543478
314 313 0.0724638
314 315 0.0350877
314 360 0.0923077
314 361 0.32
314 362 0.113636
314 363 0.015625
315 267 0.00952381
315 270 0.0510204
315 314 0.0350877
315 316 0.0746269
315 317 0.0441176
315 361 0.047619
315 362 0.0701754
316 269 0.016129
316 270 0.115789
316 315 0.0746269
316 318 0.0674157
316 361 0.0166667
317 270 0.0833333
317 271 0.025974
317 315 0.0441176
317 362 0.109091
