0 1 0.283582
0 31 0.24
0 33 0.0141844
0 62 0.294964
1 0 0.283582
1 32 0.0884956
1 33 0.0283688
1 62 0.0791367
2 3 0.0183486
2 4 0.194444
3 2 0.0183486
3 4 0.312925
3 5 0.142077
3 32 0.130435
3 33 0.0481928
3 64 0.00793651
3 66 0.0128205
4 2 0.194444
4 3 0.312925
4 5 0.0205479
4 32 0.108911
4 66 0.00840336
5 3 0.142077
5 4 0.0205479
5 36 0.338624
5 66 0.0129032
5 68 0.0606061
6 7 0.0757576
6 36 0.08
6 39 0.0958904
7 6 0.0757576
7 9 0.0149254
7 10 0.056962
7 36 0.108374
7 37 0.027972
7 38 0.0406977
7 39 0.013245
7 40 0.267943
7 68 0.0558659
8 9 0.44186
8 10 0.0149254
9 7 0.0149254
9 8 0.44186
9 10 0.304878
9 40 0.0150376
9 41 0.025974
10 7 0.056962
10 8 0.0149254
10 9 0.304878
10 11 0.040404
10 40 0.216561
10 41 0.039604
11 10 0.040404
11 12 0.125
11 41 0.202128
11 42 0.0337079
12 11 0.125
12 13 0.0774648
12 42 0.0470588
12 43 0.019802
13 12 0.0774648
13 14 0.0397351
13 15 0.0328947
13 43 0.132075
13 44 0.176829
13 45 0.471503
13 75 0.0207254
13 76 0.00735294
14 13 0.0397351
14 15 0.252427
14 17 0.0672269
14 44 0.0956522
14 45 0.180556
14 46 0.169935
14 75 0.00694444
14 76 0.0114943
15 13 0.0328947
15 14 0.252427
15 16 0.424528
15 17 0.0583333
15 45 0.0206897
15 46 0.149351
15 47 0.0106383
15 48 0.00628931
15 78 0.017094
16 15 0.424528
16 17 0.0327869
16 46 0.211538
16 47 0.0625
16 48 0.10559
17 14 0.0672269
17 15 0.0583333
17 16 0.0327869
17 18 0.0275862
17 45 0.0186335
17 46 0.3
17 48 0.0742857
17 49 0.115152
17 78 0.0150376
18 17 0.0275862
18 19 0.213115
18 46 0.0223464
18 47 0.0252101
18 48 0.179348
18 49 0.0229885
18 50 0.0397727
18 81 0.0108108
19 18 0.213115
19 20 0.223602
19 48 0.00469484
19 49 0.0344828
19 50 0.35122
19 51 0.0204082
19 52 0.0133333
19 81 0.0186916
19 82 0.0275229
20 19 0.223602
20 21 0.0714286
20 50 0.0324675
20 51 0.0758621
20 52 0.178161
20 81 0.00613497
20 82 0.0479042
21 20 0.0714286
21 22 0.0756303
21 23 0.00854701
21 51 0.0680272
21 52 0.392045
22 21 0.0756303
22 23 0.229508
22 24 0.037037
22 52 0.0773481
22 53 0.417219
22 54 0.0994152
22 86 0.00598802
23 21 0.00854701
23 22 0.229508
23 52 0.0223464
23 53 0.0671141
23 54 0.295858
23 86 0.0424242
24 22 0.037037
24 26 0.208092
24 53 0.0246914
24 54 0.0494506
24 55 0.160221
24 86 0.011236
25 26 0.310345
25 27 0.0117647
25 55 0.010989
25 56 0.33908
26 24 0.208092
26 25 0.310345
26 27 0.0612245
26 55 0.100962
26 56 0.275
26 58 0.0320856
27 25 0.0117647
27 26 0.0612245
27 28 0.213636
27 56 0.0204082
27 57 0.432927
27 58 0.114754
27 59 0.0931677
27 91 0.00497512
28 27 0.213636
28 29 0.124402
28 57 0.0885417
28 59 0.417989
28 60 0.00398406
28 90 0.21659
28 91 0.0436681
29 28 0.124402
29 30 0.104478
29 60 0.29717
29 61 0.0639269
29 90 0.162921
30 29 0.104478
30 60 0.0909091
30 61 0.185792
31 0 0.24
31 62 0.152381
32 1 0.0884956
32 3 0.130435
32 4 0.108911
32 33 0.075
33 0 0.0141844
33 1 0.0283688
33 3 0.0481928
33 32 0.075
33 62 0.0753425
33 63 0.00925926
33 65 0.0353982
33 94 0.0215827
33 95 0.231707
34 35 0.0545455
34 63 0.0566038
34 64 0.339623
35 34 0.0545455
35 64 0.0142857
35 66 0.3
35 67 0.150685
35 97 0.00847458
35 99 0.0526316
36 5 0.338624
36 6 0.08
36 7 0.108374
36 38 0.0242424
36 39 0.0277778
36 66 0.0555556
36 68 0.127907
36 99 0.0113636
37 7 0.027972
37 38 0.142857
37 39 0.428571
37 40 0.00704225
37 68 0.00892857
37 69 0.0176991
37 70 0.263158
38 7 0.0406977
38 36 0.0242424
38 37 0.142857
38 39 0.00884956
38 40 0.0584795
38 68 0.120567
38 69 0.105634
38 70 0.2
38 71 0.128378
38 99 0.0413793
38 102 0.0197368
39 6 0.0958904
39 7 0.013245
39 36 0.0277778
39 37 0.428571
39 38 0.00884956
39 68 0.00833333
39 70 0.190476
40 7 0.267943
40 9 0.0150376
40 10 0.216561
40 37 0.00704225
40 38 0.0584795
40 41 0.105263
40 70 0.0492958
40 71 0.0648649
40 72 0.00671141
41 9 0.025974
41 10 0.039604
41 11 0.202128
41 40 0.105263
41 42 0.0769231
41 72 0.0107527
42 11 0.0337079
42 12 0.0470588
42 41 0.0769231
42 43 0.117647
42 72 0.125
42 73 0.00980392
42 74 0.0114943
43 12 0.019802
43 13 0.132075
43 42 0.117647
43 45 0.0197368
43 74 0.0485437
43 75 0.0460526
44 13 0.176829
44 14 0.0956522
44 45 0.242038
44 75 0.248408
44 76 0.13
44 107 0.0140845
45 13 0.471503
45 14 0.180556
45 15 0.0206897
45 17 0.0186335
45 43 0.0197368
45 44 0.242038
45 46 0.0358974
45 75 0.00537634
46 14 0.169935
46 15 0.149351
46 16 0.211538
46 17 0.3
46 18 0.0223464
46 45 0.0358974
46 47 0.0208333
46 48 0.177033
46 49 0.0150754
46 76 0.00724638
46 77 0.0143885
46 78 0.0718563
47 15 0.0106383
47 16 0.0625
47 18 0.0252101
47 46 0.0208333
47 48 0.0604027
47 49 0.00719424
47 77 0.0126582
47 78 0.11215
47 79 0.107595
47 108 0.016
47 111 0.083871
48 15 0.00628931
48 16 0.10559
48 17 0.0742857
48 18 0.179348
48 19 0.00469484
48 46 0.177033
48 47 0.0604027
48 49 0.29902
48 50 0.0291262
48 78 0.0406977
48 79 0.0269058
48 80 0.00653595
48 81 0.0465116
48 108 0.0210526
48 111 0.0227273
49 17 0.115152
49 18 0.0229885
49 19 0.0344828
49 46 0.0150754
49 47 0.00719424
49 48 0.29902
49 50 0.255102
49 78 0.0308642
49 79 0.00938967
49 80 0.013986
49 81 0.0195122
49 82 0.00956938
49 108 0.00555556
49 111 0.0047619
50 18 0.0397727
50 19 0.35122
50 20 0.0324675
50 48 0.0291262
50 49 0.255102
50 51 0.00529101
50 81 0.0724638
50 82 0.199052
50 114 0.00985222
51 19 0.0204082
51 20 0.0758621
51 21 0.0680272
51 50 0.00529101
51 52 0.315789
51 81 0.0151515
51 82 0.049505
51 83 0.0408163
51 112 0.0204082
51 113 0.0571429
51 114 0.257732
52 19 0.0133333
52 20 0.178161
52 21 0.392045
52 22 0.0773481
52 23 0.0223464
52 51 0.315789
52 53 0.0673077
52 54 0.00438596
52 83 0.0852273
52 84 0.00555556
52 113 0.0125523
52 114 0.0224215
52 115 0.0102041
53 22 0.417219
53 23 0.0671141
53 24 0.0246914
53 52 0.0673077
53 54 0.151515
53 83 0.0136986
53 84 0.186667
53 86 0.056701
53 113 0.0143541
53 115 0.150602
54 22 0.0994152
54 23 0.295858
54 24 0.0494506
54 52 0.00438596
54 53 0.151515
54 55 0.105991
54 83 0.0060241
54 84 0.0235294
54 85 0.0894737
54 86 0.331776
54 115 0.0860215
54 117 0.0042735
55 24 0.160221
55 25 0.010989
55 26 0.100962
55 54 0.105991
55 56 0.0432692
55 85 0.026455
55 86 0.126761
55 87 0.0561798
55 88 0.0280899
55 117 0.300429
55 118 0.0197044
56 25 0.33908
56 26 0.275
56 27 0.0204082
56 55 0.0432692
56 58 0.0588235
56 87 0.123529
56 88 0.0588235
56 89 0.00483092
56 117 0.0933333
56 120 0.00480769
57 27 0.432927
57 28 0.0885417
57 58 0.0387097
57 59 0.037594
57 90 0.0496894
57 91 0.017341
57 120 0.0852273
58 26 0.0320856
58 27 0.114754
58 56 0.0588235
58 57 0.0387097
58 59 0.0131579
58 87 0.044586
58 88 0.0254777
58 89 0.0721649
58 120 0.297436
58 121 0.0653266
59 27 0.0931677
59 28 0.417989
59 57 0.037594
59 58 0.0131579
59 90 0.0253165
60 28 0.00398406
60 29 0.29717
60 30 0.0909091
60 61 0.356322
60 90 0.109091
60 91 0.0344828
60 123 0.00423729
61 29 0.0639269
61 30 0.185792
61 60 0.356322
61 90 0.0264317
61 91 0.0585774
61 92 0.0568182
61 122 0.0585586
61 123 0.17284
62 0 0.294964
62 1 0.0791367
62 31 0.152381
62 33 0.0753425
62 93 0.0275229
62 94 0.138686
63 33 0.00925926
63 34 0.0566038
63 64 0.441176
63 65 0.0821918
63 95 0.209677
63 96 0.00847458
63 97 0.0689655
63 125 0.0106383
64 3 0.00793651
64 34 0.339623
64 35 0.0142857
64 63 0.441176
64 66 0.0408163
64 95 0.0725806
64 97 0.0689655
65 33 0.0353982
65 63 0.0821918
65 94 0.0576923
65 95 0.124031
65 96 0.178862
65 97 0.0165289
65 125 0.242424
65 127 0.0222222
66 3 0.0128205
66 4 0.00840336
66 5 0.0129032
66 35 0.3
66 36 0.0555556
66 64 0.0408163
66 67 0.0792079
66 68 0.00724638
66 96 0.00675676
66 97 0.0958904
66 99 0.15493
67 35 0.150685
67 66 0.0792079
67 97 0.00840336
67 98 0.031746
67 99 0.0956522
67 129 0.252747
67 130 0.128205
68 5 0.0606061
68 7 0.0558659
68 36 0.127907
68 37 0.00892857
68 38 0.120567
68 39 0.00833333
68 66 0.00724638
68 69 0.0134228
68 70 0.0446429
68 99 0.177632
69 37 0.0176991
69 38 0.105634
69 68 0.0134228
69 70 0.0176991
69 71 0.0705128
69 99 0.00653595
69 100 0.0819672
69 102 0.0125
69 129 0.0155039
69 131 0.277372
69 132 0.0555556
70 37 0.263158
70 38 0.2
70 39 0.190476
70 40 0.0492958
70 68 0.0446429
70 69 0.0176991
70 71 0.10084
71 38 0.128378
71 40 0.0648649
71 69 0.0705128
71 70 0.10084
71 72 0.015873
71 100 0.046875
71 102 0.349398
72 40 0.00671141
72 41 0.0107527
72 42 0.125
72 71 0.015873
72 73 0.0480769
72 102 0.146154
72 103 0.0114943
73 42 0.00980392
73 72 0.0480769
73 74 0.174757
73 103 0.0891089
73 104 0.0930233
73 105 0.130081
73 137 0.00869565
74 42 0.0114943
74 43 0.0485437
74 73 0.174757
74 75 0.0656934
74 105 0.0277778
74 106 0.0183486
75 13 0.0207254
75 14 0.00694444
75 43 0.0460526
75 44 0.248408
75 45 0.00537634
75 74 0.0656934
75 76 0.00775194
75 106 0.0443038
75 107 0.269006
76 13 0.00735294
76 14 0.0114943
76 44 0.13
76 46 0.00724638
76 75 0.00775194
76 77 0.109589
76 107 0.0964912
76 109 0.141026
76 138 0.0657895
77 46 0.0143885
77 47 0.0126582
77 76 0.109589
77 78 0.22549
77 79 0.0261438
77 108 0.0333333
77 109 0.139241
78 15 0.017094
78 17 0.0150376
78 46 0.0718563
78 47 0.11215
78 48 0.0406977
78 49 0.0308642
78 77 0.22549
78 79 0.0939227
78 108 0.283784
78 109 0.0186916
78 110 0.0670732
78 111 0.0224719
79 47 0.107595
79 48 0.0269058
79 49 0.00938967
79 77 0.0261438
79 78 0.0939227
79 108 0.39196
79 110 0.102326
79 111 0.218341
79 140 0.0127119
79 141 0.0657895
80 48 0.00653595
80 49 0.013986
80 81 0.103896
80 82 0.107595
80 111 0.0251572
80 112 0.0131579
80 142 0.26087
81 18 0.0108108
81 19 0.0186916
81 20 0.00613497
81 48 0.0465116
81 49 0.0195122
81 50 0.0724638
81 51 0.0151515
81 80 0.103896
81 82 0.459091
81 111 0.131222
81 112 0.126168
81 114 0.00471698
81 141 0.0136364
81 142 0.00896861
82 19 0.0275229
82 20 0.0479042
82 49 0.00956938
82 50 0.199052
82 51 0.049505
82 80 0.107595
82 81 0.459091
82 111 0.00444444
82 112 0.0963303
82 113 0.00862069
82 114 0.152778
82 142 0.00440529
82 143 0.021978
83 51 0.0408163
83 52 0.0852273
83 53 0.0136986
83 54 0.0060241
83 84 0.00847458
83 86 0.00617284
83 113 0.361582
83 114 0.0496894
83 115 0.0820896
83 144 0.0643275
83 146 0.043956
84 52 0.00555556
84 53 0.186667
84 54 0.0235294
84 83 0.00847458
84 85 0.028169
84 86 0.0662651
84 113 0.0110497
84 114 0.0242424
84 115 0.434783
84 116 0.03125
84 146 0.0268817
84 148 0.0292398
85 54 0.0894737
85 55 0.026455
85 84 0.028169
85 86 0.209677
85 115 0.0822785
85 116 0.181034
85 117 0.0194175
85 118 0.0113636
85 146 0.0436893
85 147 0.0365854
85 148 0.356021
86 22 0.00598802
86 23 0.0424242
86 24 0.011236
86 53 0.056701
86 54 0.331776
86 55 0.126761
86 83 0.00617284
86 84 0.0662651
86 85 0.209677
86 115 0.0824176
86 116 0.00714286
86 117 0.182609
86 118 0.045
86 148 0.153488
87 55 0.0561798
87 56 0.123529
87 58 0.044586
87 88 0.492857
87 89 0.214689
87 117 0.205128
87 118 0.0606061
87 119 0.0777778
87 149 0.00497512
87 152 0.0422535
88 55 0.0280899
88 56 0.0588235
88 58 0.0254777
88 87 0.492857
88 89 0.231638
88 117 0.117949
88 118 0.0484848
88 119 0.222222
88 149 0.0248756
88 150 0.00740741
88 152 0.0211268
89 56 0.00483092
89 58 0.0721649
89 87 0.214689
89 88 0.231638
89 117 0.0172414
89 118 0.00495049
89 119 0.0629921
89 120 0.0186047
89 121 0.0410959
89 150 0.116279
89 151 0.0046729
89 152 0.26257
90 28 0.21659
90 29 0.162921
90 57 0.0496894
90 59 0.0253165
90 60 0.109091
90 61 0.0264317
90 91 0.29798
90 120 0.0348259
90 121 0.0195122
90 122 0.0165746
90 123 0.00990099
91 27 0.00497512
91 28 0.0436681
91 57 0.017341
91 60 0.0344828
91 61 0.0585774
91 90 0.29798
91 92 0.00680272
91 120 0.192488
91 121 0.147465
91 122 0.0466321
91 123 0.0560748
91 151 0.00471698
91 152 0.00564972
91 153 0.105263
92 61 0.0568182
92 91 0.00680272
92 122 0.00769231
92 123 0.271523
92 153 0.00606061
93 62 0.0275229
93 94 0.196078
93 125 0.0412371
94 33 0.0215827
94 62 0.138686
94 65 0.0576923
94 93 0.196078
94 95 0.16129
94 125 0.016
95 33 0.231707
95 63 0.209677
95 64 0.0725806
95 65 0.124031
95 94 0.16129
95 96 0.00574713
95 97 0.0232558
95 125 0.00666667
96 63 0.00847458
96 65 0.178862
96 66 0.00675676
96 95 0.00574713
96 97 0.385542
96 99 0.0308642
96 125 0.0138889
96 127 0.0666667
96 128 0.0197368
97 35 0.00847458
97 63 0.0689655
97 64 0.0689655
97 65 0.0165289
97 66 0.0958904
97 67 0.00840336
97 95 0.0232558
97 96 0.385542
97 99 0.175
97 129 0.00735294
98 67 0.031746
98 129 0.025
98 130 0.373134
99 35 0.0526316
99 36 0.0113636
99 38 0.0413793
99 66 0.15493
99 67 0.0956522
99 68 0.177632
99 69 0.00653595
99 96 0.0308642
99 97 0.175
99 129 0.151515
99 131 0.0928571
100 69 0.0819672
100 71 0.046875
100 101 0.345238
100 102 0.0681818
100 131 0.0366972
100 132 0.0517241
100 133 0.0288462
101 100 0.345238
101 102 0.0655738
101 133 0.148936
102 38 0.0197368
102 69 0.0125
102 71 0.349398
102 72 0.146154
102 100 0.0681818
102 101 0.0655738
102 103 0.0708661
102 133 0.00704225
103 72 0.0114943
103 73 0.0891089
103 102 0.0708661
103 104 0.0803571
103 133 0.131313
103 134 0.011236
104 73 0.0930233
104 103 0.0803571
104 105 0.0970149
104 134 0.0683761
104 135 0.15
104 137 0.166667
104 166 0.0197368
104 167 0.180645
105 73 0.130081
105 74 0.0277778
105 104 0.0970149
105 106 0.209302
105 137 0.266667
105 167 0.0805369
105 168 0.0133333
106 74 0.0183486
106 75 0.0443038
106 105 0.209302
106 107 0.223776
106 139 0.00704225
106 168 0.0198676
106 169 0.0275862
107 44 0.0140845
107 75 0.269006
107 76 0.0964912
107 106 0.223776
107 138 0.00847458
107 139 0.0258065
107 169 0.202532
108 47 0.016
108 48 0.0210526
108 49 0.00555556
108 77 0.0333333
108 78 0.283784
108 79 0.39196
108 109 0.04
108 110 0.285714
108 111 0.0714286
108 140 0.0197044
108 141 0.0205128
109 76 0.141026
109 77 0.139241
109 78 0.0186916
109 108 0.04
109 110 0.191489
109 138 0.134146
109 139 0.0168067
109 140 0.0493827
110 78 0.0670732
110 79 0.102326
110 108 0.285714
110 109 0.191489
110 111 0.0330189
110 138 0.0143885
110 139 0.00568182
110 140 0.232877
110 141 0.0473934
110 169 0.0111732
110 174 0.00823045
111 47 0.083871
111 48 0.0227273
111 49 0.0047619
111 78 0.0224719
111 79 0.218341
111 80 0.0251572
111 81 0.131222
111 82 0.00444444
111 108 0.0714286
111 110 0.0330189
111 140 0.00429185
111 141 0.262222
111 142 0.0131579
111 174 0.0544747
112 51 0.0204082
112 80 0.0131579
112 81 0.126168
112 82 0.0963303
112 113 0.128319
112 114 0.209524
112 142 0.0723982
112 143 0.352273
112 144 0.00454545
112 175 0.100437
113 51 0.0571429
113 52 0.0125523
113 53 0.0143541
113 82 0.00862069
113 83 0.361582
113 84 0.0110497
113 112 0.128319
113 114 0.285714
113 115 0.0761421
113 142 0.00425532
113 143 0.0473684
113 144 0.102564
113 145 0.0178571
113 146 0.0530612
113 175 0.0329218
114 50 0.00985222
114 51 0.257732
114 52 0.0224215
114 81 0.00471698
114 82 0.152778
114 83 0.0496894
114 84 0.0242424
114 112 0.209524
114 113 0.285714
114 142 0.0136986
114 143 0.0747126
114 144 0.0321101
114 146 0.0174672
115 52 0.0102041
115 53 0.150602
115 54 0.0860215
115 83 0.0820896
115 84 0.434783
115 85 0.0822785
115 86 0.0824176
115 113 0.0761421
115 116 0.0178571
115 146 0.0891089
115 148 0.0748663
116 84 0.03125
116 85 0.181034
116 86 0.00714286
116 115 0.0178571
116 146 0.05
116 147 0.322034
116 148 0.110345
116 149 0.0060241
116 177 0.025641
116 180 0.0206186
117 54 0.0042735
117 55 0.300429
117 56 0.0933333
117 85 0.0194175
117 86 0.182609
117 87 0.205128
117 88 0.117949
117 89 0.0172414
117 118 0.331818
117 119 0.0206897
117 148 0.0595745
117 149 0.0234375
118 55 0.0197044
118 85 0.0113636
118 86 0.045
118 87 0.0606061
118 88 0.0484848
118 89 0.00495049
118 117 0.331818
118 119 0.0521739
118 148 0.0536585
118 149 0.292035
118 179 0.0844444
119 87 0.0777778
119 88 0.222222
119 89 0.0629921
119 117 0.0206897
119 118 0.0521739
119 149 0.00662252
119 150 0.0470588
119 179 0.02
120 56 0.00480769
120 57 0.0852273
120 58 0.297436
120 89 0.0186047
120 90 0.0348259
120 91 0.192488
120 121 0.254545
120 151 0.00465116
120 152 0.0611111
120 153 0.00865801
121 58 0.0653266
121 89 0.0410959
121 90 0.0195122
121 91 0.147465
121 120 0.254545
121 151 0.210046
121 152 0.271739
121 153 0.0851064
121 184 0.019084
122 61 0.0585586
122 90 0.0165746
122 91 0.0466321
122 92 0.00769231
122 123 0.177665
122 153 0.2891
122 154 0.2
122 184 0.0462185
123 60 0.00423729
123 61 0.17284
123 90 0.00990099
123 91 0.0560748
123 92 0.271523
123 122 0.177665
123 153 0.0301724
123 154 0.220994
123 184 0.0540541
124 125 0.09
124 156 0.320755
124 187 0.00869565
125 63 0.0106383
125 65 0.242424
125 93 0.0412371
125 94 0.016
125 95 0.00666667
125 96 0.0138889
125 124 0.09
125 126 0.0218978
125 127 0.0990991
125 156 0.031746
125 157 0.0129032
126 125 0.0218978
126 127 0.148438
126 157 0.302326
126 158 0.0138889
126 159 0.0228571
126 188 0.0188679
127 65 0.0222222
127 96 0.0666667
127 125 0.0990991
127 126 0.148438
127 128 0.109244
127 159 0.00671141
128 96 0.0197368
128 127 0.109244
128 129 0.122951
128 158 0.00740741
128 159 0.186747
128 160 0.00704225
128 161 0.0827586
129 67 0.252747
129 69 0.0155039
129 97 0.00735294
129 98 0.025
129 99 0.151515
129 128 0.122951
129 130 0.178947
129 131 0.137931
129 159 0.0460526
129 161 0.0458015
129 162 0.049505
130 67 0.128205
130 98 0.373134
130 129 0.178947
130 161 0.00847458
130 162 0.159091
131 69 0.277372
131 99 0.0928571
131 100 0.0366972
131 129 0.137931
131 132 0.160305
131 161 0.0647482
131 162 0.00917431
131 193 0.00740741
132 69 0.0555556
132 100 0.0517241
132 131 0.160305
132 133 0.222222
132 161 0.0410959
132 164 0.028777
132 193 0.056338
132 194 0.0384615
133 100 0.0288462
133 101 0.148936
133 102 0.00704225
133 103 0.131313
133 132 0.222222
133 134 0.0673077
133 164 0.102362
134 103 0.011236
134 104 0.0683761
134 133 0.0673077
134 164 0.0769231
134 165 0.140187
134 166 0.0697674
134 197 0.038961
135 104 0.15
135 136 0.155556
135 137 0.209302
135 167 0.0173913
136 135 0.155556
136 137 0.0985916
137 73 0.00869565
137 104 0.166667
137 105 0.266667
137 135 0.209302
137 136 0.0985916
137 167 0.0992908
138 76 0.0657895
138 107 0.00847458
138 109 0.134146
138 110 0.0143885
138 139 0.290598
138 140 0.0125
138 169 0.0166667
138 170 0.0120482
138 202 0.00581395
139 106 0.00704225
139 107 0.0258065
139 109 0.0168067
139 110 0.00568182
139 138 0.290598
139 140 0.0101523
139 169 0.452229
139 201 0.0935252
140 79 0.0127119
140 108 0.0197044
140 109 0.0493827
140 110 0.232877
140 111 0.00429185
140 138 0.0125
140 139 0.0101523
140 141 0.0818966
140 170 0.0122699
140 171 0.0337838
140 174 0.00378788
140 200 0.0126582
140 201 0.0824176
140 202 0.27381
140 203 0.0318725
141 79 0.0657895
141 81 0.0136364
141 108 0.0205128
141 110 0.0473934
141 111 0.262222
141 140 0.0818966
141 142 0.00881057
141 171 0.00714286
141 173 0.0227273
141 174 0.28125
141 202 0.0532787
141 203 0.00411523
142 80 0.26087
142 81 0.00896861
142 82 0.00440529
142 111 0.0131579
142 112 0.0723982
142 113 0.00425532
142 114 0.0136986
142 141 0.00881057
142 143 0.205405
142 174 0.216216
142 175 0.0420168
142 203 0.0162602
143 82 0.021978
143 112 0.352273
143 113 0.0473684
143 114 0.0747126
143 142 0.205405
143 144 0.0108696
143 175 0.284974
144 83 0.0643275
144 112 0.00454545
144 113 0.102564
144 114 0.0321101
144 143 0.0108696
144 145 0.438272
144 146 0.23431
144 175 0.135021
144 177 0.0153061
144 206 0.0926829
144 207 0.0252101
144 208 0.0952381
145 113 0.0178571
145 144 0.438272
145 146 0.0809249
145 175 0.0526316
145 176 0.0458015
145 177 0.00769231
145 206 0.0503597
145 207 0.0232558
145 208 0.0625
146 83 0.043956
146 84 0.0268817
146 85 0.0436893
146 113 0.0530612
146 114 0.0174672
146 115 0.0891089
146 116 0.05
146 144 0.23431
146 145 0.0809249
146 147 0.163462
146 148 0.0468085
146 177 0.275362
146 207 0.00401606
146 208 0.0723982
147 85 0.0365854
147 116 0.322034
147 146 0.163462
147 148 0.139896
147 149 0.0186916
147 177 0.145455
147 178 0.0134228
147 179 0.0140845
147 180 0.213793
147 208 0.0670391
147 210 0.0613497
148 84 0.0292398
148 85 0.356021
148 86 0.153488
148 115 0.0748663
148 116 0.110345
148 117 0.0595745
148 118 0.0536585
148 146 0.0468085
148 147 0.139896
148 149 0.0912863
148 177 0.00520833
148 179 0.05
148 180 0.0232558
149 87 0.00497512
149 88 0.0248756
149 116 0.0060241
149 117 0.0234375
149 118 0.292035
149 119 0.00662252
149 147 0.0186916
149 148 0.0912863
149 150 0.0204082
149 179 0.536398
149 180 0.119171
149 181 0.00364964
149 211 0.0189394
150 88 0.00740741
150 89 0.116279
150 119 0.0470588
150 149 0.0204082
150 179 0.123077
150 180 0.023622
150 181 0.322115
150 182 0.136986
150 211 0.0353535
150 212 0.00952381
151 89 0.0046729
151 91 0.00471698
151 120 0.00465116
151 121 0.210046
151 152 0.122905
151 153 0.26087
151 182 0.0159574
151 183 0.0397727
151 184 0.0428016
151 213 0.158974
152 87 0.0422535
152 88 0.0211268
152 89 0.26257
152 91 0.00564972
152 120 0.0611111
152 121 0.271739
152 151 0.122905
152 182 0.0326797
153 91 0.105263
153 92 0.00606061
153 120 0.00865801
153 121 0.0851064
153 122 0.2891
153 123 0.0301724
153 151 0.26087
153 154 0.0153846
153 183 0.00520833
153 184 0.157509
154 122 0.2
154 123 0.220994
154 153 0.0153846
154 184 0.144144
154 185 0.064
154 215 0.00555556
155 187 0.163043
155 217 0.0491803
156 124 0.320755
156 125 0.031746
156 157 0.0372671
156 186 0.142857
156 187 0.170213
157 125 0.0129032
157 126 0.302326
157 156 0.0372671
157 158 0.0123457
157 187 0.0235294
157 188 0.39548
158 126 0.0138889
158 128 0.00740741
158 157 0.0123457
158 159 0.248485
158 160 0.0567376
158 161 0.00694444
158 188 0.0536913
158 190 0.132812
158 219 0.0134228
159 126 0.0228571
159 127 0.00671141
159 128 0.186747
159 129 0.0460526
159 158 0.248485
159 160 0.0755814
159 161 0.131429
160 128 0.00704225
160 158 0.0567376
160 159 0.0755814
160 161 0.192053
160 190 0.0296296
160 191 0.121547
161 128 0.0827586
161 129 0.0458015
161 130 0.00847458
161 131 0.0647482
161 132 0.0410959
161 158 0.00694444
161 159 0.131429
161 160 0.192053
161 162 0.137097
161 191 0.0597826
161 192 0.010582
161 193 0.146667
162 129 0.049505
162 130 0.159091
162 131 0.00917431
162 161 0.137097
162 193 0.25
163 164 0.107143
163 194 0.039604
164 132 0.028777
164 133 0.102362
164 134 0.0769231
164 163 0.107143
164 192 0.0164835
164 194 0.22293
164 197 0.05
164 225 0.0060241
164 227 0.0552147
165 134 0.140187
165 166 0.176056
165 167 0.062069
165 195 0.0266667
165 196 0.0833333
165 197 0.222222
165 227 0.0522876
165 228 0.0642202
166 104 0.0197368
166 134 0.0697674
166 165 0.176056
166 167 0.317365
166 168 0.0297619
166 198 0.0283019
166 228 0.0458015
167 104 0.180645
167 105 0.0805369
167 135 0.0173913
167 137 0.0992908
167 165 0.062069
167 166 0.317365
167 168 0.0467836
167 198 0.0366972
167 199 0.0408163
168 105 0.0133333
168 106 0.0198676
168 166 0.0297619
168 167 0.0467836
168 169 0.126506
168 199 0.299492
168 231 0.0227273
169 106 0.0275862
169 107 0.202532
169 110 0.0111732
169 138 0.0166667
169 139 0.452229
169 168 0.126506
169 170 0.0243902
169 199 0.0052356
169 201 0.0352113
170 138 0.0120482
170 140 0.0122699
170 169 0.0243902
170 199 0.0194805
170 200 0.296296
170 201 0.27619
170 202 0.0285714
170 232 0.0263158
171 140 0.0337838
171 141 0.00714286
171 200 0.030303
171 202 0.24375
171 233 0.108108
172 173 0.0543478
172 203 0.232704
172 235 0.00649351
172 237 0.0268456
173 141 0.0227273
173 172 0.0543478
173 174 0.100962
173 202 0.0459184
173 203 0.107692
173 204 0.0917431
173 235 0.0368421
173 237 0.151351
174 110 0.00823045
174 111 0.0544747
174 140 0.00378788
174 141 0.28125
174 142 0.216216
174 173 0.100962
174 202 0.076087
174 203 0.141818
174 237 0.0981132
175 112 0.100437
175 113 0.0329218
175 142 0.0420168
175 143 0.284974
175 144 0.135021
175 145 0.0526316
175 206 0.196262
175 207 0.00404858
175 237 0.151639
176 145 0.0458015
176 177 0.0181818
176 205 0.00938967
176 206 0.0229885
176 207 0.468599
176 208 0.0558659
176 238 0.208333
176 239 0.0104712
177 116 0.025641
177 144 0.0153061
177 145 0.00769231
177 146 0.275362
177 147 0.145455
177 148 0.00520833
177 176 0.0181818
177 178 0.121622
177 207 0.0194175
177 208 0.370787
177 209 0.0181818
177 210 0.0123457
177 240 0.00645161
178 147 0.0134228
178 177 0.121622
178 180 0.03125
178 208 0.135802
178 209 0.425532
178 210 0.0821918
178 238 0.00970874
178 239 0.0402299
178 240 0.0863309
178 241 0.180556
179 118 0.0844444
179 119 0.02
179 147 0.0140845
179 148 0.05
179 149 0.536398
179 150 0.123077
179 180 0.171875
179 181 0.0879121
179 182 0.00473934
179 210 0.0190476
179 211 0.110266
180 116 0.0206186
180 147 0.213793
180 148 0.0232558
180 149 0.119171
180 150 0.023622
180 178 0.03125
180 179 0.171875
180 181 0.0195122
180 209 0.0444444
180 210 0.204225
180 211 0.158974
180 240 0.0814815
180 242 0.0241935
181 149 0.00364964
181 150 0.322115
181 179 0.0879121
181 180 0.0195122
181 182 0.290179
181 211 0.15942
181 212 0.0601093
181 242 0.0390244
181 243 0.216216
181 244 0.004329
181 245 0.0585774
182 150 0.136986
182 151 0.0159574
182 152 0.0326797
182 179 0.00473934
182 181 0.290179
182 213 0.112426
182 243 0.0152284
182 245 0.0225989
183 151 0.0397727
183 153 0.00520833
183 184 0.0776256
183 185 0.0327869
183 213 0.210191
183 214 0.382114
183 215 0.254237
183 245 0.0121212
183 246 0.0576923
184 121 0.019084
184 122 0.0462185
184 123 0.0540541
184 151 0.0428016
184 153 0.157509
184 154 0.144144
184 183 0.0776256
184 185 0.147783
184 213 0.00420168
184 215 0.124031
185 154 0.064
185 183 0.0327869
185 184 0.147783
185 215 0.124224
185 216 0.029703
186 156 0.142857
186 187 0.0614035
186 217 0.0208333
186 248 0.0612245
187 124 0.00869565
187 155 0.163043
187 156 0.170213
187 157 0.0235294
187 186 0.0614035
187 188 0.089172
187 217 0.133333
187 219 0.00636943
188 126 0.0188679
188 157 0.39548
188 158 0.0536913
188 187 0.089172
188 219 0.0487805
189 190 0.311828
189 219 0.0614035
189 220 0.0338983
189 221 0.0632911
189 250 0.10101
189 251 0.0215054
189 252 0.0107527
190 158 0.132812
190 160 0.0296296
190 189 0.311828
190 191 0.0595238
190 219 0.048951
190 220 0.125
190 221 0.0925926
190 222 0.036036
190 250 0.0234375
190 251 0.00819672
190 255 0.015748
191 160 0.121547
191 161 0.0597826
191 190 0.0595238
191 192 0.310502
191 193 0.0166667
191 194 0.0103093
191 223 0.0702703
191 224 0.111801
191 255 0.00578035
191 256 0.0190476
192 161 0.010582
192 164 0.0164835
192 191 0.310502
192 193 0.0162162
192 194 0.155779
192 222 0.00617284
192 223 0.0315789
192 224 0.246988
192 225 0.0288462
192 227 0.0487805
192 255 0.011236
192 256 0.274419
193 131 0.00740741
193 132 0.056338
193 161 0.146667
193 162 0.25
193 191 0.0166667
193 192 0.0162162
193 194 0.15625
193 224 0.023622
194 132 0.0384615
194 163 0.039604
194 164 0.22293
194 191 0.0103093
194 192 0.155779
194 193 0.15625
194 195 0.0294118
194 196 0.0487805
194 197 0.00854701
194 224 0.070922
194 227 0.0833333
195 165 0.0266667
195 194 0.0294118
195 196 0.235294
195 227 0.00925926
196 165 0.0833333
196 194 0.0487805
196 195 0.235294
196 197 0.257576
196 227 0.0232558
197 134 0.038961
197 164 0.05
197 165 0.222222
197 194 0.00854701
197 196 0.257576
198 166 0.0283019
198 167 0.0366972
198 199 0.0740741
198 229 0.0619469
198 230 0.0666667
199 167 0.0408163
199 168 0.299492
199 169 0.0052356
199 170 0.0194805
199 198 0.0740741
199 201 0.0462428
199 229 0.06
199 230 0.0606061
199 231 0.248756
199 232 0.0384615
199 261 0.0231214
199 263 0.0114286
200 140 0.0126582
200 170 0.296296
200 171 0.030303
200 201 0.05
200 202 0.0117647
200 233 0.0119048
200 262 0.180723
201 139 0.0935252
201 140 0.0824176
201 169 0.0352113
201 170 0.27619
201 199 0.0462428
201 200 0.05
201 202 0.0257732
201 232 0.0526316
201 233 0.0555556
201 262 0.0280374
202 138 0.00581395
202 140 0.27381
202 141 0.0532787
202 170 0.0285714
202 171 0.24375
202 173 0.0459184
202 174 0.076087
202 200 0.0117647
202 201 0.0257732
202 203 0.148289
202 233 0.134831
202 264 0.076555
202 265 0.108949
203 140 0.0318725
203 141 0.00411523
203 142 0.0162602
203 172 0.232704
203 173 0.107692
203 174 0.141818
203 202 0.148289
203 204 0.0113636
203 205 0.0306513
203 235 0.0155642
203 237 0.103175
203 264 0.00961538
203 265 0.09375
203 267 0.0491803
204 173 0.0917431
204 203 0.0113636
204 205 0.0228571
204 235 0.315789
204 236 0.136364
204 265 0.0529412
204 266 0.03125
204 267 0.0721649
205 176 0.00938967
205 203 0.0306513
205 204 0.0228571
205 206 0.171946
205 207 0.0590551
205 235 0.0859375
205 236 0.0205128
205 237 0.286853
205 267 0.10989
205 268 0.104603
205 269 0.00485437
206 144 0.0926829
206 145 0.0503597
206 175 0.196262
206 176 0.0229885
206 205 0.171946
206 207 0.227907
206 208 0.00534759
206 237 0.0707547
207 144 0.0252101
207 145 0.0232558
207 146 0.00401606
207 175 0.00404858
207 176 0.468599
207 177 0.0194175
207 205 0.0590551
207 206 0.227907
207 208 0.218182
207 238 0.0248447
207 239 0.012931
207 268 0.00858369
207 269 0.075
207 270 0.0128205
208 144 0.0952381
208 145 0.0625
208 146 0.0723982
208 147 0.0670391
208 176 0.0558659
208 177 0.370787
208 178 0.135802
208 206 0.00534759
208 207 0.218182
208 209 0.0403226
208 210 0.0227273
208 238 0.0225564
208 239 0.0245098
208 240 0.00591716
208 241 0.0172414
208 271 0.00729927
209 177 0.0181818
209 178 0.425532
209 180 0.0444444
209 208 0.0403226
209 210 0.101852
209 211 0.0186335
209 241 0.00943396
210 147 0.0613497
210 177 0.0123457
210 178 0.0821918
210 179 0.0190476
210 180 0.204225
210 208 0.0227273
210 209 0.101852
210 211 0.126761
210 239 0.0585106
210 240 0.470588
210 241 0.0253165
210 242 0.190141
210 271 0.107438
210 272 0.0171429
210 274 0.00416667
211 149 0.0189394
211 150 0.0353535
211 179 0.110266
211 180 0.158974
211 181 0.15942
211 209 0.0186335
211 210 0.126761
211 212 0.0231214
211 240 0.0339806
211 241 0.00947867
211 242 0.205128
211 243 0.120482
211 273 0.0373444
211 274 0.0102389
212 150 0.00952381
212 181 0.0601093
212 211 0.0231214
212 242 0.0588235
212 243 0.352564
212 244 0.0546875
212 245 0.0147059
212 273 0.00675676
212 274 0.045
212 275 0.0408163
213 151 0.158974
213 182 0.112426
213 183 0.210191
213 184 0.00420168
213 214 0.056338
213 245 0.141304
214 183 0.382114
214 213 0.056338
214 215 0.0246914
214 245 0.0266667
214 246 0.205674
214 247 0.00657895
215 154 0.00555556
215 183 0.254237
215 184 0.124031
215 185 0.124224
215 214 0.0246914
215 216 0.0833333
215 245 0.0343137
215 246 0.179487
215 247 0.194175
215 277 0.028436
216 185 0.029703
216 215 0.0833333
216 246 0.0222222
216 247 0.0616438
216 277 0.112583
216 278 0.0272727
217 155 0.0491803
217 186 0.0208333
217 187 0.133333
217 218 0.231214
217 219 0.0481283
217 248 0.237805
217 250 0.0174419
218 217 0.231214
218 219 0.00666667
218 248 0.0472441
218 249 0.12
218 250 0.140741
218 279 0.0175439
218 281 0.00684932
219 158 0.0134228
219 187 0.00636943
219 188 0.0487805
219 189 0.0614035
219 190 0.048951
219 217 0.0481283
219 218 0.00666667
219 220 0.0275229
219 221 0.0387597
219 250 0.362416
220 189 0.0338983
220 190 0.125
220 219 0.0275229
220 221 0.27027
220 250 0.0212766
220 252 0.0795455
220 253 0.0116279
220 281 0.00952381
220 282 0.0384615
220 283 0.00833333
221 189 0.0632911
221 190 0.0925926
221 219 0.0387597
221 220 0.27027
221 222 0.0412371
221 250 0.0438596
221 251 0.138889
221 252 0.268519
221 253 0.0471698
221 281 0.016
221 282 0.0204082
221 283 0.05
222 190 0.036036
222 192 0.00617284
222 221 0.0412371
222 223 0.140625
222 251 0.306306
222 253 0.00917431
222 254 0.313131
222 255 0.362069
222 282 0.019802
222 284 0.016129
222 286 0.0243902
222 287 0.0810811
223 191 0.0702703
223 192 0.0315789
223 222 0.140625
223 224 0.151515
223 226 0.109489
223 251 0.00719424
223 253 0.00729927
223 254 0.0866142
223 255 0.284722
223 256 0.0331492
223 284 0.00657895
223 286 0.0198676
223 287 0.3125
223 289 0.00689655
224 191 0.111801
224 192 0.246988
224 193 0.023622
224 194 0.070922
224 223 0.151515
224 226 0.0353982
224 255 0.0666667
224 256 0.159236
224 287 0.0526316
224 289 0.0247934
225 164 0.0060241
225 192 0.0288462
225 226 0.00645161
225 227 0.386243
225 228 0.0827586
225 256 0.175879
225 258 0.0754717
225 289 0.00613497
226 223 0.109489
226 224 0.0353982
226 225 0.00645161
226 227 0.0328947
226 255 0.04
226 256 0.148148
226 257 0.0947368
226 286 0.0454545
226 287 0.299363
226 288 0.0442478
226 289 0.230159
227 164 0.0552147
227 165 0.0522876
227 192 0.0487805
227 194 0.0833333
227 195 0.00925926
227 196 0.0232558
227 225 0.386243
227 226 0.0328947
227 228 0.0211268
227 256 0.204082
227 257 0.0310078
227 289 0.00625
228 165 0.0642202
228 166 0.0458015
228 225 0.0827586
228 227 0.0211268
228 229 0.0724638
228 259 0.0503597
228 290 0.0196078
229 198 0.0619469
229 199 0.06
229 228 0.0724638
229 230 0.181818
229 231 0.117318
229 259 0.027933
229 260 0.142857
229 261 0.0993377
230 198 0.0666667
230 199 0.0606061
230 229 0.181818
231 168 0.0227273
231 199 0.248756
231 229 0.117318
231 261 0.394737
231 263 0.025974
232 170 0.0263158
232 199 0.0384615
232 201 0.0526316
232 233 0.025641
232 261 0.0075188
232 262 0.318966
232 263 0.333333
232 264 0.0202703
232 293 0.14094
232 294 0.00699301
233 171 0.108108
233 200 0.0119048
233 201 0.0555556
233 202 0.134831
233 232 0.025641
233 234 0.0363636
233 263 0.0272727
233 264 0.284553
233 265 0.0526316
233 295 0.0159574
234 233 0.0363636
234 264 0.104651
234 265 0.0149254
234 295 0.0397351
235 172 0.00649351
235 173 0.0368421
235 203 0.0155642
235 204 0.315789
235 205 0.0859375
235 236 0.0575916
235 237 0.0121457
235 265 0.278884
235 266 0.00689655
235 267 0.11236
235 295 0.0634328
235 296 0.0327869
235 297 0.00636943
235 298 0.046729
236 204 0.136364
236 205 0.0205128
236 235 0.0575916
236 267 0.025641
236 268 0.310345
236 298 0.0522876
236 299 0.0282486
236 300 0.0381679
237 172 0.0268456
237 173 0.151351
237 174 0.0981132
237 175 0.151639
237 203 0.103175
237 205 0.286853
237 206 0.0707547
237 235 0.0121457
237 265 0.00406504
237 267 0.0462428
238 176 0.208333
238 178 0.00970874
238 207 0.0248447
238 208 0.0225564
238 269 0.221239
238 270 0.0748299
239 176 0.0104712
239 178 0.0402299
239 207 0.012931
239 208 0.0245098
239 210 0.0585106
239 240 0.0331492
239 241 0.241935
239 269 0.048913
239 270 0.366972
239 271 0.033557
239 272 0.108374
239 299 0.0272727
239 301 0.00662252
239 302 0.0171429
240 177 0.00645161
240 178 0.0863309
240 180 0.0814815
240 208 0.00591716
240 210 0.470588
240 211 0.0339806
240 239 0.0331492
240 241 0.013245
240 242 0.0518519
240 271 0.149123
240 272 0.0416667
241 178 0.180556
241 208 0.0172414
241 209 0.00943396
241 210 0.0253165
241 211 0.00947867
241 239 0.241935
241 240 0.013245
241 242 0.00714286
241 271 0.0756303
241 272 0.277457
241 302 0.00689655
241 303 0.0392157
242 180 0.0241935
242 181 0.0390244
242 210 0.190141
242 211 0.205128
242 212 0.0588235
242 240 0.0518519
242 241 0.00714286
242 243 0.0842697
242 271 0.0291262
242 272 0.0127389
242 273 0.0705882
242 274 0.148649
242 275 0.0177515
243 181 0.216216
243 182 0.0152284
243 211 0.120482
243 212 0.352564
243 242 0.0842697
243 244 0.196078
243 245 0.0141509
243 273 0.03125
243 274 0.0869565
243 275 0.0762332
244 181 0.004329
244 212 0.0546875
244 243 0.196078
244 245 0.206522
244 274 0.0887097
244 275 0.184615
244 276 0.0742857
244 305 0.00518135
244 306 0.0393258
245 181 0.0585774
245 182 0.0225989
245 183 0.0121212
245 212 0.0147059
245 213 0.141304
245 214 0.0266667
245 215 0.0343137
245 243 0.0141509
245 244 0.206522
245 246 0.191257
245 247 0.00515464
245 275 0.00985222
245 276 0.20765
246 183 0.0576923
246 214 0.205674
246 215 0.179487
246 216 0.0222222
246 245 0.191257
246 247 0.0540541
246 276 0.103448
246 277 0.189474
246 308 0.0310559
247 214 0.00657895
247 215 0.194175
247 216 0.0616438
247 245 0.00515464
247 246 0.0540541
247 276 0.0540541
247 277 0.308458
247 307 0.0205128
248 186 0.0612245
248 217 0.237805
248 218 0.0472441
248 279 0.0666667
249 218 0.12
249 279 0.0703125
249 280 0.134615
249 281 0.06875
249 311 0.273256
250 189 0.10101
250 190 0.0234375
250 217 0.0174419
250 218 0.140741
250 219 0.362416
250 220 0.0212766
250 221 0.0438596
250 252 0.015625
250 281 0.0896552
250 283 0.00625
251 189 0.0215054
251 190 0.00819672
251 221 0.138889
251 222 0.306306
251 223 0.00719424
251 252 0.0491803
251 253 0.158333
251 254 0.181818
251 255 0.299213
251 282 0.116071
251 283 0.025974
251 286 0.00746269
251 313 0.00740741
251 316 0.00641026
252 189 0.0107527
252 220 0.0795455
252 221 0.268519
252 250 0.015625
252 251 0.0491803
252 253 0.0166667
252 281 0.0143885
252 282 0.0892857
252 283 0.402597
252 312 0.0583333
252 313 0.0814815
253 220 0.0116279
253 221 0.0471698
253 222 0.00917431
253 223 0.00729927
253 251 0.158333
253 252 0.0166667
253 254 0.0833333
253 282 0.236364
253 283 0.0197368
253 284 0.451128
253 285 0.00847458
253 313 0.0300752
253 316 0.0519481
254 222 0.313131
254 223 0.0866142
254 251 0.181818
254 253 0.0833333
254 255 0.104348
254 282 0.03
254 284 0.0650406
254 285 0.0462963
254 286 0.057377
254 287 0.047619
254 315 0.0555556
254 316 0.125
254 317 0.0272109
255 190 0.015748
255 191 0.00578035
255 192 0.011236
255 222 0.362069
255 223 0.284722
255 224 0.0666667
255 226 0.04
255 251 0.299213
255 254 0.104348
255 286 0.00719424
255 287 0.0853659
256 191 0.0190476
256 192 0.274419
256 223 0.0331492
256 224 0.159236
256 225 0.175879
256 226 0.148148
256 227 0.204082
256 257 0.057554
256 258 0.186747
256 287 0.0447761
256 288 0.0573248
256 289 0.0470588
256 317 0.00497512
257 226 0.0947368
257 227 0.0310078
257 256 0.057554
257 258 0.151515
257 287 0.0223881
257 288 0.0555556
257 289 0.281553
257 290 0.0449438
257 317 0.00746269
257 320 0.0671141
258 225 0.0754717
258 256 0.186747
258 257 0.151515
258 259 0.150327
258 288 0.025641
258 289 0.0461538
258 290 0.0775862
258 320 0.0227273
259 228 0.0503597
259 229 0.027933
259 258 0.150327
259 260 0.0580645
259 290 0.314685
259 291 0.0680272
259 320 0.0246305
259 321 0.028169
260 229 0.142857
260 259 0.0580645
260 261 0.00787402
260 291 0.196721
260 292 0.108333
260 322 0.0277778
261 199 0.0231214
261 229 0.0993377
261 231 0.394737
261 232 0.0075188
261 260 0.00787402
261 263 0.150794
261 292 0.0598291
261 293 0.0214286
262 200 0.180723
262 201 0.0280374
262 232 0.318966
262 263 0.0366972
262 264 0.0327869
262 293 0.0406504
262 294 0.00854701
262 295 0.0106952
263 199 0.0114286
263 231 0.025974
263 232 0.333333
263 233 0.0272727
263 261 0.150794
263 262 0.0366972
263 264 0.0070922
263 293 0.169014
264 202 0.076555
264 203 0.00961538
264 232 0.0202703
264 233 0.284553
264 234 0.104651
264 262 0.0327869
264 263 0.0070922
264 265 0.158416
264 295 0.13242
265 202 0.108949
265 203 0.09375
265 204 0.0529412
265 233 0.0526316
265 234 0.0149254
265 235 0.278884
265 237 0.00406504
265 264 0.158416
265 266 0.0347222
265 267 0.0508475
265 295 0.0337079
265 298 0.00469484
266 204 0.03125
266 235 0.00689655
266 265 0.0347222
266 267 0.169014
266 297 0.2
266 298 0.0654206
266 327 0.0425532
266 329 0.034965
267 203 0.0491803
267 204 0.0721649
267 205 0.10989
267 235 0.11236
267 236 0.025641
267 237 0.0462428
267 265 0.0508475
267 266 0.169014
267 268 0.00621118
267 296 0.00588235
267 297 0.0481928
267 298 0.0714286
267 300 0.00847458
267 329 0.0113636
268 205 0.104603
268 207 0.00858369
268 236 0.310345
268 267 0.00621118
268 269 0.102703
268 270 0.0228311
268 298 0.071066
268 299 0.18552
268 300 0.00571429
268 329 0.00429185
268 330 0.133333
269 205 0.00485437
269 207 0.075
269 238 0.221239
269 239 0.048913
269 268 0.102703
269 270 0.311828
269 299 0.0478723
269 301 0.10084
269 302 0.00699301
269 332 0.0131579
270 207 0.0128205
270 238 0.0748299
270 239 0.366972
270 268 0.0228311
270 269 0.311828
270 272 0.00487805
270 299 0.103604
270 301 0.0588235
270 302 0.0169492
270 332 0.0376344
270 333 0.0647773
271 208 0.00729927
271 210 0.107438
271 239 0.033557
271 240 0.149123
271 241 0.0756303
271 242 0.0291262
271 272 0.308824
271 273 0.0201342
271 302 0.0185185
271 335 0.0130719
272 210 0.0171429
272 239 0.108374
272 240 0.0416667
272 241 0.277457
272 242 0.0127389
272 270 0.00487805
272 271 0.308824
272 273 0.0738916
272 302 0.111111
272 303 0.0294118
272 304 0.0162602
272 305 0.005
272 332 0.0877193
272 333 0.0517241
272 334 0.010101
272 335 0.183575
273 211 0.0373444
273 212 0.00675676
273 242 0.0705882
273 243 0.03125
273 271 0.0201342
273 272 0.0738916
273 274 0.347015
273 275 0.0325581
273 303 0.0491803
273 305 0.131455
273 334 0.00473934
273 335 0.0909091
273 337 0.00564972
274 210 0.00416667
274 211 0.0102389
274 212 0.045
274 242 0.148649
