0 1 0.0666667
0 47 0.153846
0 48 0.373626
0 49 0.0046729
1 0 0.0666667
1 2 0.269663
1 3 0.0129032
1 47 0.0047619
1 48 0.104762
1 49 0.0909091
1 50 0.148325
2 1 0.269663
2 3 0.312
2 5 0.0141509
2 49 0.0283019
2 50 0.027933
2 51 0.0368421
3 1 0.0129032
3 2 0.312
3 4 0.070922
3 5 0.037037
3 49 0.00529101
3 50 0.237179
3 51 0.0179641
4 3 0.070922
4 5 0.447368
4 6 0.0666667
4 50 0.0615385
4 51 0.131068
5 2 0.0141509
5 3 0.037037
5 4 0.447368
5 6 0.147287
5 51 0.30315
6 4 0.0666667
6 5 0.147287
6 7 0.0691489
6 8 0.0412844
6 51 0.0211864
6 52 0.00666667
6 53 0.00609756
6 54 0.294355
6 55 0.00487805
7 6 0.0691489
7 8 0.120482
7 10 0.0685714
7 54 0.47449
8 6 0.0412844
8 7 0.120482
8 9 0.0277778
8 10 0.185366
8 54 0.265487
8 55 0.0655738
8 56 0.170984
8 57 0.04
9 8 0.0277778
9 10 0.391534
9 11 0.0245902
9 56 0.0621469
9 57 0.194969
9 58 0.0310559
10 7 0.0685714
10 8 0.185366
10 9 0.391534
10 11 0.0408163
10 54 0.0382979
10 55 0.0104167
10 56 0.0445545
10 57 0.331522
11 9 0.0245902
11 10 0.0408163
11 12 0.0406504
11 57 0.264957
11 58 0.0756303
11 59 0.128205
11 60 0.011236
12 11 0.0406504
12 13 0.144578
12 57 0.05
12 58 0.17284
12 59 0.301508
12 60 0.162896
13 12 0.144578
13 14 0.176768
13 15 0.13245
13 59 0.0452261
13 60 0.158371
13 61 0.0591133
14 13 0.176768
14 15 0.240437
14 16 0.088785
14 60 0.00395257
14 61 0.365957
14 62 0.0167364
14 63 0.00423729
15 13 0.13245
15 14 0.240437
15 59 0.0326087
15 60 0.0291262
15 61 0.329787
16 14 0.088785
16 17 0.287234
16 18 0.0588235
16 61 0.0502283
16 62 0.058296
16 63 0.113636
16 64 0.033557
16 65 0.00462963
17 16 0.287234
17 18 0.335052
17 63 0.0047619
17 64 0.028777
17 65 0.145631
17 66 0.00483092
18 16 0.0588235
18 17 0.335052
18 19 0.0546448
18 63 0.0132743
18 64 0.00645161
18 65 0.315315
18 66 0.0269058
19 18 0.0546448
19 20 0.335196
19 21 0.00512821
19 65 0.0205128
19 66 0.0102041
20 19 0.335196
20 21 0.211009
20 22 0.0717489
20 66 0.00456621
20 67 0.0139535
20 68 0.0541872
21 19 0.00512821
21 20 0.211009
21 66 0.0468085
21 67 0.541126
21 68 0.0913242
22 20 0.0717489
22 24 0.371728
22 67 0.00847458
22 68 0.241071
22 69 0.0511628
22 70 0.142857
22 71 0.00738007
22 72 0.00411523
23 24 0.156863
23 25 0.0232558
23 70 0.0888889
23 71 0.0274725
24 22 0.371728
24 23 0.156863
24 25 0.0121212
24 69 0.0123457
24 70 0.0643275
24 71 0.00917431
24 72 0.0263158
25 23 0.0232558
25 24 0.0121212
25 26 0.121359
25 27 0.039604
25 71 0.0244898
25 72 0.179724
25 73 0.0588235
25 74 0.181818
26 25 0.121359
26 27 0.560185
26 28 0.019802
26 73 0.0321101
26 74 0.162011
26 75 0.0625
27 25 0.039604
27 26 0.560185
27 28 0.131313
27 73 0.0373832
27 74 0.365714
27 75 0.104545
28 26 0.019802
28 27 0.131313
28 29 0.142857
28 30 0.015544
28 74 0.00621118
28 75 0.26699
28 76 0.450617
29 28 0.142857
29 30 0.275641
29 31 0.0121212
29 75 0.0650888
29 76 0.048
29 77 0.038835
29 78 0.00793651
30 28 0.015544
30 29 0.275641
30 31 0.137441
30 32 0.0360825
30 75 0.00465116
30 76 0.111111
30 78 0.395349
30 79 0.0189573
31 29 0.0121212
31 30 0.137441
31 32 0.364532
31 33 0.0969163
31 77 0.0696203
31 78 0.138122
31 79 0.159091
32 30 0.0360825
32 31 0.364532
32 33 0.0380952
32 77 0.0638298
32 78 0.25
32 79 0.359606
33 31 0.0969163
33 32 0.0380952
33 34 0.0182927
33 79 0.0748899
33 81 0.436567
33 83 0.00787402
34 33 0.0182927
34 35 0.0268456
34 36 0.157895
34 81 0.207071
34 82 0.00961538
34 83 0.108696
35 34 0.0268456
35 36 0.224852
35 37 0.0552486
35 81 0.0948617
35 82 0.0314465
35 83 0.32636
35 84 0.177778
36 34 0.157895
36 35 0.224852
36 37 0.130137
36 81 0.0183486
36 82 0.0403226
36 83 0.0686275
36 84 0.0315789
37 35 0.0552486
37 36 0.130137
37 38 0.216667
37 84 0.262376
37 85 0.0172414
37 86 0.0137615
38 37 0.216667
38 39 0.0777778
38 40 0.130653
38 84 0.09375
38 85 0.0459184
38 86 0.208333
39 38 0.0777778
39 40 0.118644
39 42 0.025641
39 85 0.045977
39 86 0.316514
39 87 0.0628931
39 88 0.05
40 38 0.130653
40 39 0.118644
40 41 0.165775
40 42 0.154286
40 86 0.0886076
40 87 0.00561798
40 88 0.169811
41 40 0.165775
41 42 0.168675
41 43 0.0710383
41 87 0.118343
41 88 0.32
41 89 0.313364
41 90 0.00961538
42 39 0.025641
42 40 0.154286
42 41 0.168675
42 87 0.0573248
42 88 0.0507246
42 89 0.287805
42 90 0.0153061
43 41 0.0710383
43 44 0.335135
43 89 0.283784
43 90 0.028169
44 43 0.335135
44 89 0.123288
44 90 0.0142857
44 91 0.112
44 92 0.0409091
45 46 0.45625
45 91 0.0964912
45 92 0.0478469
45 93 0.0380435
46 45 0.45625
46 92 0.0143541
46 93 0.141304
47 0 0.153846
47 1 0.0047619
47 48 0.495283
47 49 0.045082
47 94 0.0430108
47 95 0.119617
48 0 0.373626
48 1 0.104762
48 47 0.495283
48 49 0.0327869
48 94 0.0430108
48 95 0.0478469
48 96 0.00896861
49 0 0.0046729
49 1 0.0909091
49 2 0.0283019
49 3 0.00529101
49 47 0.045082
49 48 0.0327869
49 50 0.201646
49 94 0.0275229
49 95 0.394191
49 96 0.360784
49 97 0.00364964
50 1 0.148325
50 2 0.027933
50 3 0.237179
50 4 0.0615385
50 49 0.201646
50 51 0.040724
50 95 0.0961538
50 96 0.0630631
50 97 0.033195
51 2 0.0368421
51 3 0.0179641
51 4 0.131068
51 5 0.30315
51 6 0.0211864
51 50 0.040724
51 52 0.0273973
51 97 0.210317
51 99 0.0186047
52 6 0.00666667
52 51 0.0273973
52 53 0.324324
52 99 0.0930233
52 100 0.0571429
52 101 0.00925926
53 6 0.00609756
53 52 0.324324
53 55 0.0697674
53 99 0.0629371
53 100 0.292208
53 101 0.0737705
53 102 0.00763359
54 6 0.294355
54 7 0.47449
54 8 0.265487
54 10 0.0382979
54 55 0.0422535
54 100 0.00420168
55 6 0.00487805
55 8 0.0655738
55 10 0.0104167
55 53 0.0697674
55 54 0.0422535
55 56 0.0333333
55 100 0.14359
55 101 0.0184049
55 102 0.465116
55 103 0.0789474
56 8 0.170984
56 9 0.0621469
56 10 0.0445545
56 55 0.0333333
56 57 0.0348837
56 58 0.00574713
56 102 0.0549451
56 103 0.0185185
56 104 0.311628
56 105 0.0362694
57 8 0.04
57 9 0.194969
57 10 0.331522
57 11 0.264957
57 12 0.05
57 56 0.0348837
57 58 0.102564
57 59 0.015544
57 102 0.0426829
57 103 0.0138889
57 104 0.0507614
57 105 0.0228571
58 9 0.0310559
58 11 0.0756303
58 12 0.17284
58 56 0.00574713
58 57 0.102564
58 59 0.153846
58 60 0.0230415
58 103 0.00684932
58 104 0.135678
58 105 0.20904
59 11 0.128205
59 12 0.301508
59 13 0.0452261
59 15 0.0326087
59 57 0.015544
59 58 0.153846
59 60 0.291339
59 106 0.0144928
60 11 0.011236
60 12 0.162896
60 13 0.158371
60 14 0.00395257
60 15 0.0291262
60 58 0.0230415
60 59 0.291339
60 105 0.0720339
60 106 0.323144
60 107 0.114754
61 13 0.0591133
61 14 0.365957
61 15 0.329787
61 16 0.0502283
61 62 0.0819672
61 63 0.0871369
61 107 0.079646
61 108 0.0153061
61 109 0.033195
62 14 0.0167364
62 16 0.058296
62 61 0.0819672
62 63 0.37551
62 64 0.0172414
62 108 0.045
62 109 0.244898
62 110 0.197044
63 14 0.00423729
63 16 0.113636
63 17 0.0047619
63 18 0.0132743
63 61 0.0871369
63 62 0.37551
63 64 0.327485
63 65 0.0294118
63 108 0.00507614
63 109 0.0619835
63 110 0.09
63 111 0.0045045
64 16 0.033557
64 17 0.028777
64 18 0.00645161
64 62 0.0172414
64 63 0.327485
64 65 0.0299401
64 66 0.0238095
64 110 0.0542636
64 111 0.0993377
64 113 0.0133333
65 16 0.00462963
65 17 0.145631
65 18 0.315315
65 19 0.0205128
65 63 0.0294118
65 64 0.0299401
65 66 0.297872
65 111 0.0229358
65 112 0.00429185
65 113 0.276498
66 17 0.00483092
66 18 0.0269058
66 19 0.0102041
66 20 0.00456621
66 21 0.0468085
66 64 0.0238095
66 65 0.297872
66 67 0.0603448
66 111 0.187215
66 112 0.123932
66 113 0.155963
66 114 0.0640394
67 20 0.0139535
67 21 0.541126
67 22 0.00847458
67 66 0.0603448
67 68 0.162037
67 112 0.0130435
67 113 0.0186916
67 114 0.080402
68 20 0.0541872
68 21 0.0913242
68 22 0.241071
68 67 0.162037
68 69 0.292308
68 70 0.0441176
68 114 0.0641711
68 115 0.010989
68 116 0.0175439
68 117 0.00404858
69 22 0.0511628
69 24 0.0123457
69 68 0.292308
69 70 0.348718
69 71 0.0165289
69 114 0.011236
69 115 0.16185
69 116 0.0617284
69 117 0.0462185
70 22 0.142857
70 23 0.0888889
70 24 0.0643275
70 68 0.0441176
70 69 0.348718
70 71 0.175299
70 72 0.044843
70 115 0.0494506
70 116 0.0818713
70 117 0.0526316
71 22 0.00738007
71 23 0.0274725
71 24 0.00917431
71 25 0.0244898
71 69 0.0165289
71 70 0.175299
71 72 0.518519
71 73 0.151751
71 117 0.0646259
71 118 0.0886699
72 22 0.00411523
72 24 0.0263158
72 25 0.179724
72 70 0.044843
72 71 0.518519
72 73 0.0742358
72 117 0.018797
72 118 0.142857
73 25 0.0588235
73 26 0.0321101
73 27 0.0373832
73 71 0.151751
73 72 0.0742358
73 74 0.039548
73 118 0.00617284
73 119 0.008
73 120 0.0470588
73 121 0.00851064
73 122 0.00956938
74 25 0.181818
74 26 0.162011
74 27 0.365714
74 28 0.00621118
74 73 0.039548
74 75 0.0382514
74 121 0.0357143
74 122 0.0176471
75 26 0.0625
75 27 0.104545
75 28 0.26699
75 29 0.0650888
75 30 0.00465116
75 74 0.0382514
75 76 0.0326087
75 121 0.0954357
75 122 0.297674
75 123 0.0337553
75 124 0.0566038
76 28 0.450617
76 29 0.048
76 30 0.111111
76 75 0.0326087
76 78 0.0283688
76 122 0.00584795
76 124 0.0497738
76 125 0.0191083
77 29 0.038835
77 31 0.0696203
77 32 0.0638298
77 78 0.0168067
77 79 0.21519
77 124 0.0753769
77 125 0.0296296
77 126 0.0612245
77 127 0.00775194
78 29 0.00793651
78 30 0.395349
78 31 0.138122
78 32 0.25
78 76 0.0283688
78 77 0.0168067
78 79 0.0276243
78 124 0.0135135
79 30 0.0189573
79 31 0.159091
79 32 0.359606
79 33 0.0748899
79 77 0.21519
79 78 0.0276243
79 80 0.0196078
79 125 0.0659898
79 126 0.05
79 127 0.0942408
79 128 0.0619469
80 79 0.0196078
80 81 0.0257732
80 82 0.05
80 83 0.0277778
80 127 0.112903
80 128 0.36478
80 129 0.0331492
81 33 0.436567
81 34 0.207071
81 35 0.0948617
81 36 0.0183486
81 80 0.0257732
81 82 0.0336538
81 83 0.236111
81 127 0.0301724
81 128 0.153558
81 129 0.0103806
82 34 0.00961538
82 35 0.0314465
82 36 0.0403226
82 80 0.05
82 81 0.0336538
82 83 0.340206
82 127 0.0289855
82 128 0.115607
82 129 0.0512821
82 130 0.0280899
83 33 0.00787402
83 34 0.108696
83 35 0.32636
83 36 0.0686275
83 80 0.0277778
83 81 0.236111
83 82 0.340206
83 84 0.0192308
83 128 0.0434783
83 129 0.145455
83 130 0.0426357
83 131 0.0407407
84 35 0.177778
84 36 0.0315789
84 37 0.262376
84 38 0.09375
84 83 0.0192308
84 85 0.0137615
84 129 0.00383142
84 131 0.25
84 132 0.00558659
85 37 0.0172414
85 38 0.0459184
85 39 0.045977
85 84 0.0137615
85 86 0.252137
85 131 0.122807
85 132 0.456954
85 133 0.251337
86 37 0.0137615
86 38 0.208333
86 39 0.316514
86 40 0.0886076
86 85 0.252137
86 87 0.0136986
86 88 0.045
86 132 0.117949
86 133 0.147186
86 134 0.0121951
87 39 0.0628931
87 40 0.00561798
87 41 0.118343
87 42 0.0573248
87 86 0.0136986
87 88 0.191489
87 89 0.0144231
87 90 0.0301508
87 133 0.0174419
87 134 0.42246
87 135 0.0310078
87 136 0.05
88 39 0.05
88 40 0.169811
88 41 0.32
88 42 0.0507246
88 86 0.045
88 87 0.191489
88 89 0.031746
88 90 0.0111111
88 133 0.00653595
88 134 0.0833333
88 136 0.0141844
89 41 0.313364
89 42 0.287805
89 43 0.283784
89 44 0.123288
89 87 0.0144231
89 88 0.031746
89 90 0.0850202
89 134 0.00425532
89 136 0.0673077
89 137 0.00961538
89 138 0.00823045
90 41 0.00961538
90 42 0.0153061
90 43 0.028169
90 44 0.0142857
90 87 0.0301508
90 88 0.0111111
90 89 0.0850202
90 134 0.0221239
90 135 0.202381
90 136 0.452261
90 137 0.00502513
90 138 0.294872
91 44 0.112
91 45 0.0964912
91 92 0.0184049
91 137 0.0964912
92 44 0.0409091
92 45 0.0478469
92 46 0.0143541
92 91 0.0184049
92 93 0.184549
92 137 0.105263
92 138 0.0286885
92 139 0.525362
92 140 0.0649351
93 45 0.0380435
93 46 0.141304
93 92 0.184549
93 139 0.0278884
93 140 0.237864
94 47 0.0430108
94 48 0.0430108
94 49 0.0275229
94 95 0.103825
94 141 0.00621118
94 142 0.0872483
95 47 0.119617
95 48 0.0478469
95 49 0.394191
95 50 0.0961538
95 94 0.103825
95 96 0.145455
95 142 0.366279
95 143 0.015544
96 48 0.00896861
96 49 0.360784
96 50 0.0630631
96 95 0.145455
96 97 0.027668
96 98 0.00704225
96 142 0.0645161
96 143 0.270531
96 144 0.00420168
97 49 0.00364964
97 50 0.033195
97 51 0.210317
97 96 0.027668
97 98 0.186335
97 99 0.191489
97 143 0.0265487
97 144 0.0233463
97 145 0.0258065
97 146 0.0900474
98 96 0.00704225
98 97 0.186335
98 143 0.0173913
98 144 0.0410959
99 51 0.0186047
99 52 0.0930233
99 53 0.0629371
99 97 0.191489
99 100 0.105263
99 101 0.146893
99 145 0.118644
99 146 0.287356
99 147 0.00578035
100 52 0.0571429
100 53 0.292208
100 54 0.00420168
100 55 0.14359
100 99 0.105263
100 101 0.31383
100 102 0.035533
100 145 0.0232558
100 147 0.00543478
100 148 0.145161
100 149 0.0738916
101 52 0.00925926
101 53 0.0737705
101 55 0.0184049
101 99 0.146893
101 100 0.31383
101 145 0.0206186
101 146 0.0980392
101 147 0.0855263
101 148 0.25974
101 149 0.0526316
102 53 0.00763359
102 55 0.465116
102 56 0.0549451
102 57 0.0426829
102 100 0.035533
102 103 0.350649
102 104 0.00483092
102 148 0.00613497
102 149 0.0166667
102 150 0.00956938
103 55 0.0789474
103 56 0.0185185
103 57 0.0138889
103 58 0.00684932
103 102 0.350649
103 104 0.0695187
103 149 0.0375
103 150 0.111111
103 151 0.0505618
104 56 0.311628
104 57 0.0507614
104 58 0.135678
104 102 0.00483092
104 103 0.0695187
104 105 0.188073
104 150 0.0454545
104 151 0.0995671
104 153 0.0956175
105 56 0.0362694
105 57 0.0228571
105 58 0.20904
105 60 0.0720339
105 104 0.188073
105 106 0.100529
105 150 0.0136364
105 151 0.0430622
105 152 0.0238095
105 153 0.318777
106 59 0.0144928
106 60 0.323144
106 105 0.100529
106 107 0.172589
106 154 0.00473934
107 60 0.114754
107 61 0.079646
107 106 0.172589
107 108 0.043956
107 109 0.176211
107 154 0.0265487
107 155 0.0232558
107 156 0.00584795
108 61 0.0153061
108 62 0.045
108 63 0.00507614
108 107 0.043956
108 109 0.507614
108 155 0.0486486
108 156 0.0141844
108 157 0.0163934
109 61 0.033195
109 62 0.244898
109 63 0.0619835
109 107 0.176211
109 108 0.507614
109 110 0.05
109 154 0.00414938
109 155 0.0478261
109 156 0.016129
109 157 0.0131579
110 62 0.197044
110 63 0.09
110 64 0.0542636
110 109 0.05
110 111 0.105556
110 156 0.0347222
110 157 0.0913979
110 158 0.10101
111 63 0.0045045
111 64 0.0993377
111 65 0.0229358
111 66 0.187215
111 110 0.105556
111 112 0.147465
111 113 0.00995025
111 157 0.110577
111 158 0.140909
111 159 0.00645161
111 160 0.0424528
112 65 0.00429185
112 66 0.123932
112 67 0.0130435
112 111 0.147465
112 113 0.00462963
112 114 0.0199005
112 157 0.0313901
112 158 0.0851064
112 159 0.388235
112 160 0.277533
112 161 0.105556
112 162 0.0180995
113 64 0.0133333
113 65 0.276498
113 66 0.155963
113 67 0.0186916
113 111 0.00995025
113 112 0.00462963
113 114 0.0108108
114 66 0.0640394
114 67 0.080402
114 68 0.0641711
114 69 0.011236
114 112 0.0199005
114 113 0.0108108
114 115 0.193939
114 160 0.0459184
114 161 0.0671141
114 162 0.231579
114 163 0.0555556
115 68 0.010989
115 69 0.16185
115 70 0.0494506
115 114 0.193939
115 116 0.114094
115 117 0.0355556
115 162 0.0648649
115 163 0.281553
115 164 0.00546448
116 68 0.0175439
116 69 0.0617284
116 70 0.0818713
116 115 0.114094
116 117 0.341121
116 118 0.00813008
116 163 0.0652174
116 164 0.0523256
117 68 0.00404858
117 69 0.0462185
117 70 0.0526316
117 71 0.0646259
117 72 0.018797
117 115 0.0355556
117 116 0.341121
117 118 0.110553
117 163 0.0119048
117 164 0.435484
117 165 0.0555556
117 166 0.0144928
118 71 0.0886699
118 72 0.142857
118 73 0.00617284
118 116 0.00813008
118 117 0.110553
118 119 0.15493
118 120 0.12069
118 164 0.00636943
118 165 0.232
118 166 0.145946
118 167 0.0458716
118 168 0.0131579
119 73 0.008
119 118 0.15493
119 120 0.177215
119 165 0.113636
119 166 0.00675676
119 168 0.0521739
120 73 0.0470588
120 118 0.12069
120 119 0.177215
120 165 0.0601504
120 166 0.0259067
120 167 0.017094
120 168 0.425
120 169 0.118644
121 73 0.00851064
121 74 0.0357143
121 75 0.0954357
121 122 0.469298
121 123 0.16
121 124 0.0467626
121 168 0.0933333
121 169 0.0601093
121 170 0.0536585
122 73 0.00956938
122 74 0.0176471
122 75 0.297674
122 76 0.00584795
122 121 0.469298
122 123 0.102679
122 124 0.0595238
122 168 0.0201005
122 169 0.0127389
122 170 0.00558659
123 75 0.0337553
123 121 0.16
123 122 0.102679
123 124 0.310219
123 125 0.0333333
123 170 0.0547264
123 171 0.107692
124 75 0.0566038
124 76 0.0497738
124 77 0.0753769
124 78 0.0135135
124 121 0.0467626
124 122 0.0595238
124 123 0.310219
124 125 0.214286
124 171 0.0358744
125 76 0.0191083
125 77 0.0296296
125 79 0.0659898
125 123 0.0333333
125 124 0.214286
125 126 0.0145985
125 171 0.226415
125 172 0.0717703
126 77 0.0612245
126 79 0.05
126 125 0.0145985
126 127 0.0458015
126 128 0.0120482
126 171 0.0327869
126 172 0.261628
126 173 0.205479
126 174 0.0162162
127 77 0.00775194
127 79 0.0942408
127 80 0.112903
127 81 0.0301724
127 82 0.0289855
127 126 0.0458015
127 128 0.299492
127 129 0.00913242
127 172 0.103448
127 173 0.282486
127 174 0.00925926
127 175 0.0514019
128 79 0.0619469
128 80 0.36478
128 81 0.153558
128 82 0.115607
128 83 0.0434783
128 126 0.0120482
128 127 0.299492
128 129 0.0433071
128 172 0.00420168
128 173 0.122642
128 175 0.00803213
129 80 0.0331492
129 81 0.0103806
129 82 0.0512821
129 83 0.145455
129 84 0.00383142
129 127 0.00913242
129 128 0.0433071
129 130 0.490348
129 131 0.0405904
129 174 0.025641
129 175 0.0885609
129 176 0.181395
129 177 0.0174419
130 82 0.0280899
130 83 0.0426357
130 129 0.490348
130 131 0.0826772
130 175 0.102362
130 176 0.166667
130 177 0.00645161
131 83 0.0407407
131 84 0.25
131 85 0.122807
131 129 0.0405904
131 130 0.0826772
131 132 0.037037
131 133 0.0177778
131 176 0.0666667
131 177 0.0898204
131 178 0.0186567
131 179 0.0930233
132 84 0.00558659
132 85 0.456954
132 86 0.117949
132 131 0.037037
132 133 0.0337838
132 177 0.0111111
132 179 0.115942
133 85 0.251337
133 86 0.147186
133 87 0.0174419
133 88 0.00653595
133 131 0.0177778
133 132 0.0337838
133 134 0.0150754
133 178 0.00881057
133 179 0.103448
133 180 0.0520231
133 181 0.0990099
134 86 0.0121951
134 87 0.42246
134 88 0.0833333
134 89 0.00425532
134 90 0.0221239
134 133 0.0150754
134 135 0.134615
134 136 0.101604
134 180 0.0478723
134 181 0.133641
134 182 0.107477
135 87 0.0310078
135 90 0.202381
135 134 0.134615
135 136 0.224806
135 180 0.0153846
135 182 0.205128
135 184 0.0126582
136 87 0.05
136 88 0.0141844
136 89 0.0673077
136 90 0.452261
136 134 0.101604
136 135 0.224806
136 138 0.138462
136 182 0.0213904
136 183 0.0245902
136 184 0.010582
137 89 0.00961538
137 90 0.00502513
137 91 0.0964912
137 92 0.105263
137 138 0.0461538
137 139 0.348018
137 184 0.00529101
137 185 0.0052356
138 89 0.00823045
138 90 0.294872
138 92 0.0286885
138 136 0.138462
138 137 0.0461538
138 139 0.0687023
138 182 0.00900901
138 183 0.0127389
138 184 0.09375
138 185 0.0840708
139 92 0.525362
139 93 0.0278884
139 137 0.348018
139 138 0.0687023
139 140 0.0200803
139 184 0.00390625
139 185 0.0387597
140 92 0.0649351
140 93 0.237864
140 139 0.0200803
140 185 0.112676
140 186 0.0116279
140 187 0.321951
141 94 0.00621118
141 142 0.0733333
141 143 0.0116959
141 188 0.0671141
141 189 0.326425
141 190 0.323232
142 94 0.0872483
142 95 0.366279
142 96 0.0645161
142 141 0.0733333
142 143 0.0251572
142 188 0.0145985
142 189 0.0662983
142 190 0.0860215
143 95 0.015544
143 96 0.270531
143 97 0.0265487
143 98 0.0173913
143 141 0.0116959
143 142 0.0251572
143 144 0.0331754
143 189 0.039604
143 190 0.183575
144 96 0.00420168
144 97 0.0233463
144 98 0.0410959
144 143 0.0331754
144 146 0.0714286
144 190 0.00420168
144 191 0.42268
144 192 0.0867347
144 193 0.117155
145 97 0.0258065
145 99 0.118644
145 100 0.0232558
145 101 0.0206186
145 146 0.0212766
145 147 0.0107527
145 192 0.138298
145 193 0.116788
146 97 0.0900474
146 99 0.287356
146 101 0.0980392
146 144 0.0714286
146 145 0.0212766
146 147 0.0201342
146 191 0.0135135
146 192 0.0533333
146 193 0.207254
146 194 0.00657895
147 99 0.00578035
147 100 0.00543478
147 101 0.0855263
147 145 0.0107527
147 146 0.0201342
147 148 0.04
147 149 0.0299401
147 192 0.0268456
147 193 0.046875
147 194 0.417219
147 196 0.0295858
148 100 0.145161
148 101 0.25974
148 102 0.00613497
148 147 0.04
148 149 0.319527
148 194 0.0130719
148 195 0.06875
148 196 0.146199
148 197 0.00621118
149 100 0.0738916
149 101 0.0526316
149 102 0.0166667
149 103 0.0375
149 147 0.0299401
149 148 0.319527
149 150 0.0883721
149 195 0.186441
149 196 0.367021
149 197 0.129213
150 102 0.00956938
150 103 0.111111
150 104 0.0454545
150 105 0.0136364
150 149 0.0883721
150 151 0.356223
150 153 0.0118577
150 195 0.00485437
150 196 0.0230415
150 197 0.0917874
150 198 0.0797872
151 103 0.0505618
151 104 0.0995671
151 105 0.0430622
151 150 0.356223
151 152 0.0662983
151 153 0.107438
151 197 0.0459184
151 198 0.039548
151 200 0.0798122
152 105 0.0238095
152 151 0.0662983
152 153 0.278607
152 154 0.00526316
152 199 0.0447761
152 200 0.244186
152 201 0.00552486
153 104 0.0956175
153 105 0.318777
153 150 0.0118577
153 151 0.107438
153 152 0.278607
153 154 0.00398406
153 199 0.0358974
153 200 0.223176
153 202 0.00448431
154 106 0.00473934
154 107 0.0265487
154 109 0.00414938
154 152 0.00526316
154 153 0.00398406
154 155 0.179039
154 156 0.0108108
154 199 0.0380435
154 200 0.0810811
154 201 0.116883
154 202 0.349057
155 107 0.0232558
155 108 0.0486486
155 109 0.0478261
155 154 0.179039
155 156 0.310345
155 201 0.0136364
155 202 0.0447761
155 203 0.00598802
156 107 0.00584795
156 108 0.0141844
156 109 0.016129
156 110 0.0347222
156 154 0.0108108
156 155 0.310345
156 157 0.0174419
156 158 0.00543478
156 203 0.0243902
156 205 0.104478
157 108 0.0163934
157 109 0.0131579
157 110 0.0913979
157 111 0.110577
157 112 0.0313901
157 156 0.0174419
157 158 0.513274
157 159 0.0434783
157 205 0.0340909
157 206 0.0146341
158 110 0.10101
158 111 0.140909
158 112 0.0851064
158 156 0.00543478
158 157 0.513274
158 159 0.00578035
158 160 0.0130435
158 205 0.159574
158 206 0.0276498
158 207 0.0374332
159 111 0.00645161
159 112 0.388235
159 157 0.0434783
159 158 0.00578035
159 160 0.115152
159 161 0.101695
159 162 0.0125786
159 206 0.00657895
159 207 0.00819672
160 111 0.0424528
160 112 0.277533
160 114 0.0459184
160 158 0.0130435
160 159 0.115152
160 161 0.0628571
160 162 0.152778
160 206 0.076555
160 207 0.106145
160 208 0.0444444
160 209 0.0078125
160 210 0.00492611
161 112 0.105556
161 114 0.0671141
161 159 0.101695
161 160 0.0628571
161 162 0.390533
161 209 0.00478469
161 210 0.0192308
162 112 0.0180995
162 114 0.231579
162 115 0.0648649
162 159 0.0125786
162 160 0.152778
162 161 0.390533
162 163 0.0078125
162 209 0.004
162 210 0.258883
163 114 0.0555556
163 115 0.281553
163 116 0.0652174
163 117 0.0119048
163 162 0.0078125
163 164 0.015873
163 210 0.130435
164 115 0.00546448
164 116 0.0523256
164 117 0.435484
164 118 0.00636943
164 163 0.015873
164 165 0.091954
164 166 0.0940171
164 211 0.0441989
164 213 0.113821
165 117 0.0555556
165 118 0.232
165 119 0.113636
165 120 0.0601504
165 164 0.091954
165 166 0.316832
165 167 0.047619
165 168 0.00591716
165 211 0.0134228
165 213 0.154206
166 117 0.0144928
166 118 0.145946
166 119 0.00675676
166 120 0.0259067
166 164 0.0940171
166 165 0.316832
166 167 0.241935
166 168 0.069869
166 169 0.0374332
166 212 0.00772201
166 213 0.186131
166 214 0.0276498
166 215 0.146939
167 118 0.0458716
167 120 0.017094
167 165 0.047619
167 166 0.241935
167 168 0.0915033
167 169 0.00900901
167 213 0.050505
167 215 0.183432
168 118 0.0131579
168 119 0.0521739
168 120 0.425
168 121 0.0933333
168 122 0.0201005
168 165 0.00591716
168 166 0.069869
168 167 0.0915033
168 169 0.103896
168 170 0.00568182
168 215 0.0801887
169 120 0.118644
169 121 0.0601093
169 122 0.0127389
169 166 0.0374332
169 167 0.00900901
169 168 0.103896
169 170 0.19403
169 214 0.0492958
169 215 0.358824
169 216 0.0222222
170 121 0.0536585
170 122 0.00558659
170 123 0.0547264
170 168 0.00568182
170 169 0.19403
170 171 0.0133333
170 215 0.161458
170 216 0.0700637
170 217 0.0113636
170 218 0.164835
171 123 0.107692
171 124 0.0358744
171 125 0.226415
171 126 0.0327869
171 170 0.0133333
171 172 0.0309278
171 217 0.288235
171 218 0.147727
172 125 0.0717703
172 126 0.261628
172 127 0.103448
172 128 0.00420168
172 171 0.0309278
172 173 0.16055
172 174 0.0505837
172 217 0.0227273
172 218 0.0221239
172 219 0.0119048
172 220 0.158301
172 222 0.0334928
173 126 0.205479
173 127 0.282486
173 128 0.122642
173 172 0.16055
173 174 0.134199
173 175 0.0611354
173 220 0.055794
173 222 0.00546448
174 126 0.0162162
174 127 0.00925926
174 129 0.025641
174 172 0.0505837
174 173 0.134199
174 175 0.492537
174 176 0.00471698
174 220 0.202206
174 221 0.00490196
174 222 0.220721
175 127 0.0514019
175 128 0.00803213
175 129 0.0885609
175 130 0.102362
175 173 0.0611354
175 174 0.492537
175 176 0.0190476
175 220 0.0555556
175 222 0.0863636
175 224 0.0378151
176 129 0.181395
176 130 0.166667
176 131 0.0666667
176 174 0.00471698
176 175 0.0190476
176 177 0.018018
176 178 0.0424528
176 222 0.0182927
176 223 0.0140845
176 224 0.335165
176 225 0.12987
177 129 0.0174419
177 130 0.00645161
177 131 0.0898204
177 132 0.0111111
177 176 0.018018
177 178 0.0591716
177 179 0.0689655
177 224 0.0143885
177 225 0.207207
178 131 0.0186567
178 133 0.00881057
178 176 0.0424528
178 177 0.0591716
178 179 0.0967742
178 224 0.0708333
178 225 0.235849
178 226 0.220657
178 227 0.275
179 131 0.0930233
179 132 0.115942
179 133 0.103448
179 177 0.0689655
179 178 0.0967742
179 180 0.0122699
179 181 0.00520833
179 225 0.157233
179 226 0.025
179 227 0.240642
180 133 0.0520231
180 134 0.0478723
180 135 0.0153846
180 179 0.0122699
180 181 0.617801
180 182 0.0638298
180 226 0.00628931
180 227 0.0107527
180 228 0.0851064
180 229 0.0382166
181 133 0.0990099
181 134 0.133641
181 179 0.00520833
181 180 0.617801
181 182 0.00921659
181 226 0.037234
181 227 0.0418605
181 228 0.105991
181 229 0.00537634
182 134 0.107477
182 135 0.205128
182 136 0.0213904
182 138 0.00900901
182 180 0.0638298
182 181 0.00921659
182 183 0.0469799
182 184 0.0787037
182 228 0.252336
182 229 0.289617
182 230 0.0594059
182 231 0.0610329
183 136 0.0245902
183 138 0.0127389
183 182 0.0469799
183 184 0.0529801
183 228 0.0604027
183 229 0.0762712
183 230 0.357664
183 231 0.0135135
183 232 0.0380952
184 135 0.0126582
184 136 0.010582
184 137 0.00529101
184 138 0.09375
184 139 0.00390625
184 182 0.0787037
184 183 0.0529801
184 185 0.0181818
184 230 0.343137
184 231 0.0232558
184 232 0.25
184 233 0.0149254
185 137 0.0052356
185 138 0.0840708
185 139 0.0387597
185 140 0.112676
185 184 0.0181818
185 186 0.18232
185 187 0.00934579
185 232 0.172414
185 233 0.275862
186 140 0.0116279
186 185 0.18232
186 187 0.202312
186 232 0.0225564
186 233 0.0802469
186 234 0.0691824
187 140 0.321951
187 185 0.00934579
187 186 0.202312
187 233 0.0307692
187 234 0.1875
188 141 0.0671141
188 142 0.0145985
188 189 0.277778
188 190 0.0216216
188 235 0.0681818
189 141 0.326425
189 142 0.0662983
189 143 0.039604
189 188 0.277778
189 190 0.292576
189 235 0.0454545
189 236 0.00581395
189 237 0.00947867
190 141 0.323232
190 142 0.0860215
190 143 0.183575
190 144 0.00420168
190 188 0.0216216
190 189 0.292576
190 191 0.0263158
190 236 0.0451977
190 237 0.208333
190 238 0.0173913
190 239 0.02
191 144 0.42268
191 146 0.0135135
191 190 0.0263158
191 192 0.0945946
191 193 0.0209424
191 237 0.0581395
191 238 0.0376344
191 239 0.0448718
192 144 0.0867347
192 145 0.138298
192 146 0.0533333
192 147 0.0268456
192 191 0.0945946
192 193 0.487047
192 241 0.0320513
193 144 0.117155
193 145 0.116788
193 146 0.207254
193 147 0.046875
193 191 0.0209424
193 192 0.487047
193 194 0.00512821
193 240 0.0526316
193 241 0.180905
194 146 0.00657895
194 147 0.417219
194 148 0.0130719
194 193 0.00512821
194 240 0.120805
194 241 0.0379747
194 242 0.0337079
194 243 0.00598802
195 148 0.06875
195 149 0.186441
195 150 0.00485437
195 196 0.424581
195 197 0.224852
195 243 0.0804598
196 147 0.0295858
196 148 0.146199
196 149 0.367021
196 150 0.0230415
196 195 0.424581
196 197 0.116667
196 243 0.124324
196 244 0.00537634
197 148 0.00621118
197 149 0.129213
197 150 0.0917874
197 151 0.0459184
197 195 0.224852
197 196 0.116667
197 198 0.245033
197 242 0.00537634
197 243 0.182857
197 244 0.0113636
197 245 0.0663507
198 150 0.0797872
198 151 0.039548
198 197 0.245033
198 200 0.047619
198 243 0.0128205
198 244 0.0318471
198 245 0.197917
198 246 0.00512821
198 247 0.263158
199 152 0.0447761
199 153 0.0358974
199 154 0.0380435
199 200 0.114458
199 201 0.0171429
199 202 0.166667
199 247 0.0236686
199 248 0.0108696
200 151 0.0798122
200 152 0.244186
200 153 0.223176
200 154 0.0810811
200 198 0.047619
200 199 0.114458
200 201 0.0234742
200 202 0.0618557
200 245 0.00438596
200 246 0.034632
200 247 0.202899
200 248 0.0585586
201 152 0.00552486
201 154 0.116883
201 155 0.0136364
201 199 0.0171429
201 200 0.0234742
201 202 0.0147783
201 246 0.175
201 247 0.00462963
201 248 0.402597
201 249 0.0777202
202 153 0.00448431
202 154 0.349057
202 155 0.0447761
202 199 0.166667
202 200 0.0618557
202 201 0.0147783
202 248 0.0943396
202 249 0.0804598
202 250 0.00995025
203 155 0.00598802
203 156 0.0243902
203 204 0.22963
203 205 0.00787402
203 250 0.293413
203 251 0.0280374
204 203 0.22963
204 205 0.00684932
204 206 0.00571429
204 250 0.0645161
204 251 0.325397
204 252 0.0849057
204 253 0.0178571
204 254 0.0547945
205 156 0.104478
205 157 0.0340909
205 158 0.159574
205 203 0.00787402
205 204 0.00684932
205 206 0.011976
205 207 0.0729927
205 250 0.106742
205 254 0.00724638
206 157 0.0146341
206 158 0.0276498
206 159 0.00657895
206 160 0.076555
206 204 0.00571429
206 205 0.011976
206 207 0.361446
206 208 0.0299401
206 251 0.0204082
206 253 0.037594
206 254 0.257485
206 255 0.0263158
207 158 0.0374332
207 159 0.00819672
207 160 0.106145
207 205 0.0729927
207 206 0.361446
207 208 0.379562
207 209 0.00938967
207 254 0.0875912
207 255 0.125
208 160 0.0444444
208 206 0.0299401
208 207 0.379562
208 209 0.121495
208 255 0.204969
208 256 0.00689655
209 160 0.0078125
209 161 0.00478469
209 162 0.004
209 207 0.00938967
209 208 0.121495
209 210 0.07173
209 255 0.345992
209 256 0.402715
209 257 0.043771
209 258 0.0301724
210 160 0.00492611
210 161 0.0192308
210 162 0.258883
210 163 0.130435
210 209 0.07173
210 211 0.123529
210 255 0.0652174
210 257 0.114754
210 258 0.00558659
211 164 0.0441989
211 165 0.0134228
211 210 0.123529
211 212 0.0291262
211 213 0.0769231
211 256 0.00649351
211 257 0.378261
211 258 0.0424242
212 166 0.00772201
212 211 0.0291262
212 213 0.225092
212 257 0.107143
212 258 0.172093
212 259 0.341837
213 164 0.113821
213 165 0.154206
213 166 0.186131
213 167 0.050505
213 211 0.0769231
213 212 0.225092
213 214 0.0829694
213 215 0.0233463
213 257 0.00338983
213 258 0.00434783
213 259 0.0900474
213 260 0.00568182
213 261 0.111111
214 166 0.0276498
214 169 0.0492958
214 213 0.0829694
214 215 0.03
214 216 0.00606061
214 259 0.0194805
214 260 0.319328
214 261 0.508475
214 262 0.048913
215 166 0.146939
215 167 0.183432
215 168 0.0801887
215 169 0.358824
215 170 0.161458
215 213 0.0233463
215 214 0.03
215 216 0.0207254
215 261 0.0292683
215 262 0.0613208
216 169 0.0222222
216 170 0.0700637
216 214 0.00606061
216 215 0.0207254
216 218 0.0327869
216 261 0.0705882
216 262 0.288136
216 263 0.0078125
216 264 0.138889
216 265 0.225
217 170 0.0113636
217 171 0.288235
217 172 0.0227273
217 218 0.29703
217 219 0.0789474
217 264 0.165644
217 265 0.195531
217 266 0.0231481
218 170 0.164835
218 171 0.147727
218 172 0.0221239
218 216 0.0327869
218 217 0.29703
218 219 0.106838
218 220 0.00414938
218 264 0.0177515
218 265 0.0216216
218 266 0.0630631
219 172 0.0119048
219 217 0.0789474
219 218 0.106838
219 220 0.11236
219 221 0.100503
219 265 0.0189573
219 266 0.524194
219 267 0.015873
220 172 0.158301
220 173 0.055794
220 174 0.202206
220 175 0.0555556
220 218 0.00414938
220 219 0.11236
220 221 0.0873786
220 222 0.0357143
220 266 0.219608
220 268 0.0772358
221 174 0.00490196
221 219 0.100503
221 220 0.0873786
221 222 0.0641026
221 266 0.0534759
221 267 0.203125
221 268 0.247191
222 172 0.0334928
222 173 0.00546448
222 174 0.220721
222 175 0.0863636
222 176 0.0182927
222 220 0.0357143
222 221 0.0641026
222 223 0.00657895
222 224 0.03125
222 267 0.0342466
222 268 0.316327
222 269 0.0454545
222 270 0.0858586
223 176 0.0140845
223 222 0.00657895
223 224 0.0705882
223 225 0.0633803
223 268 0.0114943
223 269 0.572727
223 270 0.198864
224 175 0.0378151
224 176 0.335165
224 177 0.0143885
224 178 0.0708333
224 222 0.03125
224 223 0.0705882
224 225 0.0989011
224 270 0.0648148
224 272 0.045082
225 176 0.12987
225 177 0.207207
225 178 0.235849
225 179 0.157233
225 223 0.0633803
225 224 0.0989011
225 227 0.0714286
226 178 0.220657
226 179 0.025
226 180 0.00628931
226 181 0.037234
226 227 0.229508
226 272 0.124424
226 273 0.0522388
226 274 0.118919
226 275 0.122549
227 178 0.275
227 179 0.240642
227 180 0.0107527
227 181 0.0418605
227 225 0.0714286
227 226 0.229508
227 272 0.0122951
227 274 0.0235849
227 275 0.147186
228 180 0.0851064
228 181 0.105991
228 182 0.252336
228 183 0.0604027
228 229 0.256831
228 231 0.0375587
228 274 0.0046729
228 275 0.158798
228 276 0.0193548
228 277 0.255411
229 180 0.0382166
229 181 0.00537634
229 182 0.289617
229 183 0.0762712
229 228 0.256831
229 230 0.0526316
229 231 0.0274725
229 275 0.0247525
229 276 0.00806452
229 277 0.06
229 278 0.00515464
230 182 0.0594059
230 183 0.357664
230 184 0.343137
230 229 0.0526316
230 231 0.00497512
230 232 0.101266
230 278 0.028169
231 182 0.0610329
231 183 0.0135135
231 184 0.0232558
231 228 0.0375587
231 229 0.0274725
231 230 0.00497512
231 276 0.272727
231 277 0.3
231 278 0.267857
232 183 0.0380952
232 184 0.25
232 185 0.172414
232 186 0.0225564
232 230 0.101266
232 233 0.0709677
232 278 0.0497238
232 279 0.0304878
233 184 0.0149254
233 185 0.275862
233 186 0.0802469
233 187 0.0307692
233 232 0.0709677
233 234 0.00552486
233 278 0.0190476
233 279 0.145078
233 280 0.151042
234 186 0.0691824
234 187 0.1875
234 233 0.00552486
234 280 0.0634921
234 281 0.252632
235 188 0.0681818
235 189 0.0454545
235 282 0.32
235 283 0.0120482
236 189 0.00581395
236 190 0.0451977
236 238 0.0231214
236 282 0.0273973
236 283 0.41358
236 284 0.189655
237 189 0.00947867
237 190 0.208333
237 191 0.0581395
237 238 0.0471698
237 239 0.153846
237 284 0.0704225
237 286 0.00398406
238 190 0.0173913
238 191 0.0376344
238 236 0.0231214
238 237 0.0471698
238 239 0.193878
238 283 0.0139535
238 284 0.264317
238 285 0.204545
238 286 0.211321
239 190 0.02
239 191 0.0448718
239 237 0.153846
239 238 0.193878
239 284 0.0152284
239 285 0.0410959
239 286 0.221277
239 287 0.0103093
240 193 0.0526316
240 194 0.120805
240 241 0.411765
240 242 0.00578035
240 286 0.107143
240 287 0.0546448
240 288 0.0714286
240 289 0.0338983
240 290 0.00729927
241 192 0.0320513
241 193 0.180905
241 194 0.0379747
241 240 0.411765
241 242 0.010989
241 286 0.0300429
241 287 0.03125
241 288 0.220859
241 289 0.0537634
241 290 0.0136986
242 194 0.0337079
242 197 0.00537634
242 240 0.00578035
242 241 0.010989
242 243 0.109948
242 244 0.15625
242 288 0.0546448
242 289 0.378641
242 290 0.361446
242 291 0.101604
243 194 0.00598802
243 195 0.0804598
243 196 0.124324
243 197 0.182857
243 198 0.0128205
243 242 0.109948
243 244 0.165746
243 245 0.037037
243 289 0.0358974
243 290 0.00645161
243 291 0.130682
243 292 0.00921659
244 196 0.00537634
244 197 0.0113636
244 198 0.0318471
244 242 0.15625
244 243 0.165746
244 245 0.147465
244 289 0.0102041
244 290 0.0192308
244 291 0.265537
244 292 0.0229358
245 197 0.0663507
245 198 0.197917
245 200 0.00438596
245 243 0.037037
245 244 0.147465
245 246 0.117647
245 247 0.17316
245 291 0.0943396
245 292 0.12253
245 293 0.00546448
246 198 0.00512821
246 200 0.034632
246 201 0.175
246 245 0.117647
246 247 0.235043
246 248 0.204819
246 292 0.0429688
246 293 0.0537634
246 294 0.0225989
246 295 0.00495049
247 198 0.263158
247 199 0.0236686
247 200 0.202899
247 201 0.00462963
247 245 0.17316
247 246 0.235043
247 248 0.0222222
247 292 0.00862069
247 293 0.0185185
248 199 0.0108696
248 200 0.0585586
248 201 0.402597
248 202 0.0943396
248 246 0.204819
248 247 0.0222222
248 249 0.0891089
248 295 0.0414508
248 297 0.0851064
249 201 0.0777202
249 202 0.0804598
249 248 0.0891089
249 250 0.0366492
249 297 0.0558376
250 202 0.00995025
250 203 0.293413
250 204 0.0645161
250 205 0.106742
250 249 0.0366492
250 251 0.00632911
250 296 0.0379747
250 297 0.254464
250 299 0.103627
251 203 0.0280374
251 204 0.325397
251 206 0.0204082
251 250 0.00632911
251 252 0.423077
251 253 0.130952
251 254 0.177966
251 298 0.010101
251 299 0.0902256
252 204 0.0849057
252 251 0.423077
252 253 0.140625
252 254 0.0714286
252 300 0.0285714
253 204 0.0178571
253 206 0.037594
253 251 0.130952
253 252 0.140625
253 254 0.269231
253 300 0.118421
253 301 0.0921053
254 204 0.0547945
254 205 0.00724638
254 206 0.257485
254 207 0.0875912
254 251 0.177966
254 252 0.0714286
254 253 0.269231
254 299 0.0588235
254 300 0.236364
254 301 0.0181818
255 206 0.0263158
255 207 0.125
255 208 0.204969
255 209 0.345992
255 210 0.0652174
255 256 0.0119048
255 300 0.0300752
255 301 0.0300752
256 208 0.00689655
256 209 0.402715
256 211 0.00649351
256 255 0.0119048
256 257 0.0219298
256 258 0.128834
256 301 0.00854701
256 302 0.0135135
257 209 0.043771
257 210 0.114754
257 211 0.378261
257 212 0.107143
257 213 0.00338983
257 256 0.0219298
257 258 0.297071
257 303 0.00552486
257 305 0.0680628
257 306 0.00790514
258 209 0.0301724
258 210 0.00558659
258 211 0.0424242
258 212 0.172093
258 213 0.00434783
258 256 0.128834
258 257 0.297071
258 259 0.0129032
258 303 0.00862069
258 305 0.0793651
258 306 0.0585106
259 212 0.341837
259 213 0.0900474
259 214 0.0194805
259 258 0.0129032
259 260 0.029703
259 261 0.00628931
259 306 0.0710059
259 307 0.00877193
259 308 0.0127389
260 213 0.00568182
260 214 0.319328
260 259 0.029703
260 261 0.153226
260 307 0.0379747
260 308 0.0163934
260 309 0.00980392
261 213 0.111111
261 214 0.508475
261 215 0.0292683
261 216 0.0705882
261 259 0.00628931
261 260 0.153226
261 262 0.137566
261 308 0.0777778
262 214 0.048913
262 215 0.0613208
262 216 0.288136
262 261 0.137566
262 263 0.278912
262 265 0.106145
262 308 0.0748663
262 309 0.0718563
263 216 0.0078125
263 262 0.278912
263 265 0.0615385
263 308 0.130435
263 309 0.0423729
263 311 0.0342466
264 216 0.138889
264 217 0.165644
264 218 0.0177515
264 265 0.191781
264 309 0.00746269
264 310 0.163934
264 311 0.00617284
264 312 0.0447761
265 216 0.225
265 217 0.195531
265 218 0.0216216
265 219 0.0189573
265 262 0.106145
265 263 0.0615385
265 264 0.191781
265 266 0.00502513
265 309 0.0266667
265 310 0.0362319
265 311 0.0168539
265 312 0.126667
265 313 0.0357143
266 217 0.0231481
266 218 0.0630631
266 219 0.524194
266 220 0.219608
266 221 0.0534759
266 265 0.00502513
266 267 0.0112994
266 268 0.00440529
266 312 0.0695187
266 313 0.0343348
266 314 0.0046729
267 219 0.015873
267 221 0.203125
267 222 0.0342466
267 266 0.0112994
267 268 0.0535714
267 313 0.0229885
267 314 0.00645161
267 315 0.025
267 316 0.031746
268 220 0.0772358
268 221 0.247191
268 222 0.316327
268 223 0.0114943
268 266 0.00440529
268 267 0.0535714
268 269 0.00649351
268 270 0.1
268 314 0.00487805
268 315 0.217647
268 318 0.010101
269 222 0.0454545
269 223 0.572727
269 268 0.00649351
269 270 0.121795
269 315 0.0188679
269 318 0.00746269
270 222 0.0858586
270 223 0.198864
270 224 0.0648148
270 268 0.1
270 269 0.121795
270 315 0.0116279
270 316 0.123596
270 317 0.214286
270 318 0.17
270 319 0.046729
271 316 0.012987
271 317 0.0650406
271 318 0.030303
271 319 0.0530973
272 224 0.045082
272 226 0.124424
272 227 0.0122951
272 273 0.266667
272 317 0.170635
272 319 0.235537
272 320 0.0769231
272 321 0.0843882
273 226 0.0522388
273 272 0.266667
273 274 0.141104
273 275 0.00549451
273 319 0.00628931
273 320 0.010101
273 321 0.155844
273 322 0.0113636
274 226 0.118919
274 227 0.0235849
274 228 0.0046729
274 273 0.141104
274 275 0.377682
274 320 0.04
274 321 0.0487805
274 322 0.180617
275 226 0.122549
275 227 0.147186
275 228 0.158798
275 229 0.0247525
275 273 0.00549451
275 274 0.377682
275 276 0.00574713
275 277 0.032
275 320 0.0532544
275 321 0.0133929
275 322 0.0121951
276 228 0.0193548
276 229 0.00806452
276 231 0.272727
276 275 0.00574713
276 277 0.226744
276 278 0.0120482
276 323 0.125984
277 228 0.255411
277 229 0.06
277 231 0.3
277 275 0.032
277 276 0.226744
277 278 0.0495868
277 322 0.0122951
277 323 0.17734
277 324 0.0473934
277 325 0.0384615
278 229 0.00515464
278 230 0.028169
278 231 0.267857
278 232 0.0497238
278 233 0.0190476
278 276 0.0120482
278 277 0.0495868
278 279 0.0821918
278 324 0.107317
