0 1 0.0531915
0 31 0.14433
1 0 0.0531915
1 2 0.140496
1 31 0.102564
1 32 0.0982143
1 33 0.0253165
1 34 0.00719424
1 63 0.0258621
2 1 0.140496
2 3 0.0336134
2 4 0.143836
2 5 0.00714286
2 33 0.0348837
2 34 0.267123
2 63 0.00813008
3 2 0.0336134
3 4 0.40146
3 5 0.198473
3 6 0.00884956
3 34 0.0875912
3 35 0.0451128
3 36 0.0344828
3 67 0.00793651
4 2 0.143836
4 3 0.40146
4 5 0.0189873
4 34 0.359756
4 35 0.13125
4 36 0.0877193
4 64 0.00662252
4 65 0.0704225
4 67 0.00653595
5 2 0.00714286
5 3 0.198473
5 4 0.0189873
5 6 0.238806
5 7 0.17
5 35 0.038961
5 37 0.01875
5 67 0.0204082
6 3 0.00884956
6 5 0.238806
6 7 0.247253
6 35 0.0220588
6 36 0.122222
6 37 0.15493
6 67 0.100775
6 68 0.050505
7 5 0.17
7 6 0.247253
7 8 0.292035
7 35 0.00495049
7 37 0.0432692
7 38 0.0121212
7 67 0.0205128
7 68 0.0643939
7 69 0.00487805
8 7 0.292035
8 9 0.132948
8 40 0.0341463
8 68 0.00413223
8 69 0.120219
9 8 0.132948
9 10 0.188312
9 11 0.00606061
9 40 0.0574713
9 69 0.0263158
9 71 0.149351
10 9 0.188312
10 11 0.20339
10 39 0.00813008
10 40 0.0913979
10 42 0.0060241
10 71 0.228916
10 73 0.00609756
11 9 0.00606061
11 10 0.20339
11 12 0.310345
11 42 0.112994
11 43 0.00680272
11 71 0.101695
12 11 0.310345
12 42 0.03125
12 43 0.148148
12 44 0.105882
12 71 0.00520833
13 14 0.1875
13 43 0.02
13 44 0.392405
13 45 0.0674157
13 74 0.00729927
13 76 0.14
14 13 0.1875
14 15 0.28866
14 44 0.139535
14 45 0.203125
14 46 0.00465116
14 47 0.0114286
14 76 0.094697
15 14 0.28866
15 16 0.0536585
15 17 0.122905
15 45 0.128049
15 46 0.101604
15 47 0.204082
15 48 0.0052356
15 76 0.00423729
16 15 0.0536585
16 17 0.550459
16 18 0.0375587
16 46 0.20354
16 47 0.0268817
16 48 0.0652174
16 49 0.166667
16 79 0.0414747
17 15 0.122905
17 16 0.550459
17 18 0.0374332
17 46 0.03
17 47 0.04375
17 48 0.137255
17 49 0.0978261
17 50 0.00757576
17 77 0.00478469
17 79 0.0890052
17 80 0.0170455
18 16 0.0375587
18 17 0.0374332
18 19 0.346154
18 20 0.0635593
18 21 0.0215054
18 48 0.0452261
18 49 0.162011
18 50 0.0551181
18 51 0.0390244
18 79 0.0913979
18 80 0.0350877
18 81 0.0962567
19 18 0.346154
19 20 0.194915
19 21 0.0483871
19 49 0.351955
19 50 0.00787402
19 51 0.0146341
19 79 0.016129
19 80 0.00584795
19 81 0.0427807
19 82 0.00512821
20 18 0.0635593
20 19 0.194915
20 21 0.458333
20 22 0.062963
20 51 0.019305
20 52 0.0169492
20 53 0.12931
20 81 0.0580913
20 82 0.0481928
20 83 0.06639
21 18 0.0215054
21 19 0.0483871
21 20 0.458333
21 22 0.0681818
21 51 0.0382775
21 52 0.00537634
21 53 0.148352
21 81 0.0314136
21 82 0.040201
21 83 0.026178
22 20 0.062963
22 21 0.0681818
22 23 0.266376
22 52 0.180556
22 53 0.433962
22 54 0.00961538
22 82 0.0305677
22 83 0.0226244
22 84 0.0377358
23 22 0.266376
23 24 0.00714286
23 52 0.0410256
23 53 0.0209424
23 54 0.245989
23 84 0.0532787
24 23 0.00714286
24 25 0.0721649
24 54 0.168067
24 55 0.296296
24 85 0.0361446
25 24 0.0721649
25 26 0.163265
25 27 0.105263
25 55 0.0632911
25 56 0.210938
26 25 0.163265
26 27 0.0333333
27 25 0.105263
27 26 0.0333333
27 28 0.19469
27 29 0.0636364
27 56 0.0583333
27 57 0.0512821
28 27 0.19469
28 29 0.111111
28 57 0.0483871
28 58 0.0857143
28 60 0.075188
29 27 0.0636364
29 28 0.111111
29 30 0.146067
29 60 0.0307692
29 61 0.189655
30 29 0.146067
30 61 0.164835
31 0 0.14433
31 1 0.102564
31 32 0.0434783
31 62 0.130435
32 1 0.0982143
32 31 0.0434783
32 62 0.154545
32 63 0.149123
33 1 0.0253165
33 2 0.0348837
33 34 0.0288462
33 63 0.185185
33 64 0.164835
33 94 0.0465116
33 95 0.152174
34 1 0.00719424
34 2 0.267123
34 3 0.0875912
34 4 0.359756
34 33 0.0288462
34 35 0.0875
34 36 0.0614035
34 63 0.0141844
34 64 0.278146
34 65 0.133803
34 66 0.00454545
34 97 0.0126582
35 3 0.0451128
35 4 0.13125
35 5 0.038961
35 6 0.0220588
35 7 0.00495049
35 34 0.0875
35 36 0.0272727
35 37 0.0555556
35 64 0.0136054
35 65 0.137681
35 66 0.0925926
35 67 0.033557
35 96 0.0280899
35 97 0.474026
35 98 0.0577778
36 3 0.0344828
36 4 0.0877193
36 6 0.122222
36 34 0.0614035
36 35 0.0272727
36 37 0.103448
36 67 0.291262
36 97 0.00925926
36 98 0.00558659
37 5 0.01875
37 6 0.15493
37 7 0.0432692
37 35 0.0555556
37 36 0.103448
37 67 0.470968
37 68 0.0580357
37 96 0.0108696
37 97 0.03125
37 98 0.298701
37 99 0.0241935
38 7 0.0121212
38 40 0.00694444
38 68 0.0994475
38 69 0.00819672
38 70 0.327957
38 102 0.0165289
39 10 0.00813008
39 40 0.195804
39 69 0.00826446
39 70 0.0324324
39 71 0.0162602
39 101 0.631579
39 102 0.075
39 103 0.0608108
40 8 0.0341463
40 9 0.0574713
40 10 0.0913979
40 38 0.00694444
40 39 0.195804
40 68 0.0123457
40 69 0.369565
40 70 0.100806
40 71 0.0860215
40 101 0.129496
40 102 0.010929
40 103 0.14218
41 42 0.0183486
41 71 0.00917431
41 72 0.566038
41 73 0.0747664
41 104 0.0183486
42 10 0.0060241
42 11 0.112994
42 12 0.03125
42 41 0.0183486
42 43 0.0735294
42 71 0.144578
42 72 0.0545455
42 73 0.5
42 75 0.0416667
42 103 0.0418848
42 104 0.0963855
42 105 0.0103093
43 11 0.00680272
43 12 0.148148
43 13 0.02
43 42 0.0735294
43 44 0.0350877
43 75 0.255556
43 76 0.0242718
43 105 0.0121951
44 12 0.105882
44 13 0.392405
44 14 0.139535
44 43 0.0350877
44 45 0.0140845
44 76 0.0280374
45 13 0.0674157
45 14 0.203125
45 15 0.128049
45 44 0.0140845
45 46 0.0486486
45 47 0.0137931
45 74 0.0247934
45 76 0.307692
45 77 0.0979381
45 105 0.015625
45 107 0.0114943
46 14 0.00465116
46 15 0.101604
46 16 0.20354
46 17 0.03
46 45 0.0486486
46 47 0.232143
46 48 0.278302
46 76 0.0077821
46 77 0.156682
46 78 0.010582
46 79 0.0150754
46 110 0.0189573
47 14 0.0114286
47 15 0.204082
47 16 0.0268817
47 17 0.04375
47 45 0.0137931
47 46 0.232143
47 48 0.255814
47 76 0.00921659
47 77 0.135593
47 78 0.0402685
47 110 0.0116959
48 15 0.0052356
48 16 0.0652174
48 17 0.137255
48 18 0.0452261
48 46 0.278302
48 47 0.255814
48 49 0.00510204
48 50 0.0625
48 77 0.0180995
48 78 0.0259067
48 79 0.197044
48 80 0.132979
48 109 0.0353982
48 110 0.125581
49 16 0.166667
49 17 0.0978261
49 18 0.162011
49 19 0.351955
49 48 0.00510204
49 50 0.00806452
49 79 0.0491803
50 17 0.00757576
50 18 0.0551181
50 19 0.00787402
50 48 0.0625
50 49 0.00806452
50 51 0.0866667
50 79 0.0381679
50 80 0.310345
50 81 0.136364
50 110 0.00699301
50 111 0.00826446
51 18 0.0390244
51 19 0.0146341
51 20 0.019305
51 21 0.0382775
51 50 0.0866667
51 79 0.00956938
51 80 0.0773196
51 81 0.347619
51 82 0.252294
51 83 0.0142857
51 111 0.0201005
51 112 0.0372093
51 113 0.0921659
51 114 0.0677966
52 20 0.0169492
52 21 0.00537634
52 22 0.180556
52 23 0.0410256
52 53 0.11236
52 82 0.0717949
52 83 0.427807
52 84 0.255411
52 113 0.00515464
52 114 0.0516432
53 20 0.12931
53 21 0.148352
53 22 0.433962
53 23 0.0209424
53 52 0.11236
53 82 0.026178
53 83 0.0437158
53 84 0.0352423
54 22 0.00961538
54 23 0.245989
54 24 0.168067
54 84 0.0986547
54 85 0.161538
55 24 0.296296
55 25 0.0632911
55 56 0.0470588
55 85 0.107692
55 86 0.333333
55 87 0.0238095
56 25 0.210938
56 27 0.0583333
56 55 0.0470588
56 57 0.21374
56 86 0.105882
56 87 0.0827068
56 118 0.00746269
57 27 0.0512821
57 28 0.0483871
57 56 0.21374
57 58 0.00917431
57 87 0.223077
58 28 0.0857143
58 57 0.00917431
58 59 0.12844
58 60 0.059322
58 87 0.00900901
58 88 0.0483871
58 89 0.021978
59 58 0.12844
59 60 0.226277
59 89 0.127273
59 91 0.209677
59 123 0.00884956
60 28 0.075188
60 29 0.0307692
60 58 0.059322
60 59 0.226277
60 61 0.128788
60 91 0.0150376
60 92 0.147826
60 123 0.0327869
61 29 0.189655
61 30 0.164835
61 60 0.128788
61 92 0.0990099
62 31 0.130435
62 32 0.154545
62 63 0.00877193
62 93 0.112245
62 94 0.0252101
62 124 0.201342
63 1 0.0258621
63 2 0.00813008
63 32 0.149123
63 33 0.185185
63 34 0.0141844
63 62 0.00877193
63 64 0.03125
63 94 0.170732
63 95 0.0481928
63 124 0.0588235
64 4 0.00662252
64 33 0.164835
64 34 0.278146
64 35 0.0136054
64 63 0.03125
64 65 0.248062
64 66 0.057971
64 94 0.0075188
64 95 0.150538
64 126 0.0409836
65 4 0.0704225
65 34 0.133803
65 35 0.137681
65 64 0.248062
65 66 0.29798
65 96 0.025
65 97 0.0367647
65 127 0.0119048
66 34 0.00454545
66 35 0.0925926
66 64 0.057971
66 65 0.29798
66 67 0.0143541
66 96 0.298319
66 97 0.0841122
66 98 0.0105263
66 99 0.011236
66 127 0.0246914
66 128 0.15102
66 129 0.00588235
67 3 0.00793651
67 4 0.00653595
67 5 0.0204082
67 6 0.100775
67 7 0.0205128
67 35 0.033557
67 36 0.291262
67 37 0.470968
67 66 0.0143541
67 68 0.00947867
67 96 0.0116959
67 97 0.0272109
67 98 0.087156
68 6 0.050505
68 7 0.0643939
68 8 0.00413223
68 37 0.0580357
68 38 0.0994475
68 40 0.0123457
68 67 0.00947867
68 69 0.158371
68 70 0.34386
68 98 0.205575
68 102 0.0363636
68 130 0.115108
69 7 0.00487805
69 8 0.120219
69 9 0.0263158
69 38 0.00819672
69 39 0.00826446
69 40 0.369565
69 68 0.158371
69 70 0.0176991
69 101 0.00854701
69 103 0.00529101
70 38 0.327957
70 39 0.0324324
70 40 0.100806
70 68 0.34386
70 69 0.0176991
70 98 0.010274
70 100 0.00373134
70 102 0.124444
70 103 0.0118577
70 130 0.159011
70 131 0.0187793
70 132 0.0298507
70 133 0.0107914
70 134 0.00854701
71 9 0.149351
71 10 0.228916
71 11 0.101695
71 12 0.00520833
71 39 0.0162602
71 40 0.0860215
71 41 0.00917431
71 42 0.144578
71 72 0.00909091
71 73 0.0731707
71 103 0.246073
71 104 0.0060241
71 133 0.0231481
72 41 0.566038
72 42 0.0545455
72 71 0.00909091
72 73 0.203704
72 103 0.0444444
72 104 0.0272727
72 105 0.00724638
72 106 0.0181818
72 133 0.025
73 10 0.00609756
73 41 0.0747664
73 42 0.5
73 71 0.0731707
73 72 0.203704
73 75 0.0169492
73 103 0.0582011
73 104 0.109756
73 105 0.015625
73 133 0.102804
74 13 0.00729927
74 45 0.0247934
74 75 0.0519481
74 76 0.170984
74 105 0.15894
74 106 0.411765
74 107 0.0601504
74 108 0.0268456
74 136 0.0466667
75 42 0.0416667
75 43 0.255556
75 73 0.0169492
75 74 0.0519481
75 76 0.00526316
75 104 0.0333333
75 105 0.317568
75 106 0.0615385
75 107 0.0230769
75 108 0.0136986
75 136 0.0136054
76 13 0.14
76 14 0.094697
76 15 0.00423729
76 43 0.0242718
76 44 0.0280374
76 45 0.307692
76 46 0.0077821
76 47 0.00921659
76 74 0.170984
76 75 0.00526316
76 77 0.210526
76 105 0.128788
76 106 0.0110497
76 107 0.101626
76 108 0.00763359
76 139 0.0132159
77 17 0.00478469
77 45 0.0979381
77 46 0.156682
77 47 0.135593
77 48 0.0180995
77 76 0.210526
77 78 0.0757576
77 107 0.0145631
77 108 0.0720721
77 109 0.0692641
77 138 0.142857
77 139 0.224599
78 46 0.010582
78 47 0.0402685
78 48 0.0259067
78 77 0.0757576
78 108 0.0103093
78 109 0.561576
78 110 0.0625
78 111 0.0235294
78 138 0.077381
78 139 0.100629
78 140 0.0188679
78 141 0.0185185
78 142 0.0629921
79 16 0.0414747
79 17 0.0890052
79 18 0.0913979
79 19 0.016129
79 46 0.0150754
79 48 0.197044
79 49 0.0491803
79 50 0.0381679
79 51 0.00956938
79 80 0.102857
79 81 0.146597
79 109 0.0234742
79 110 0.188119
79 141 0.0290698
79 143 0.0133929
80 17 0.0170455
80 18 0.0350877
80 19 0.00584795
80 48 0.132979
80 50 0.310345
80 51 0.0773196
80 79 0.102857
80 81 0.119318
80 110 0.13369
80 111 0.0666667
80 112 0.0110497
80 141 0.0254777
80 143 0.0717703
81 18 0.0962567
81 19 0.0427807
81 20 0.0580913
81 21 0.0314136
81 50 0.136364
81 51 0.347619
81 79 0.146597
81 80 0.119318
81 82 0.04
81 110 0.044335
81 112 0.0152284
81 113 0.110553
81 143 0.0533333
82 19 0.00512821
82 20 0.0481928
82 21 0.040201
82 22 0.0305677
82 51 0.252294
82 52 0.0717949
82 53 0.026178
82 81 0.04
82 83 0.27
82 112 0.0097561
82 113 0.115942
82 114 0.314159
82 115 0.0292887
82 143 0.0171674
82 146 0.00406504
83 20 0.06639
83 21 0.026178
83 22 0.0226244
83 51 0.0142857
83 52 0.427807
83 53 0.0437158
83 82 0.27
83 84 0.122881
83 113 0.0603015
83 114 0.123853
83 115 0.0562771
83 116 0.0103093
83 146 0.012605
84 22 0.0377358
84 23 0.0532787
84 52 0.255411
84 53 0.0352423
84 54 0.0986547
84 83 0.122881
84 85 0.0534759
84 114 0.0687023
84 115 0.0654545
84 116 0.117647
84 146 0.0248227
85 24 0.0361446
85 54 0.161538
85 55 0.107692
85 84 0.0534759
85 86 0.184615
85 116 0.0689655
85 118 0.0263158
85 147 0.012987
86 55 0.333333
86 56 0.105882
86 85 0.184615
86 87 0.107143
86 118 0.0705882
87 55 0.0238095
87 56 0.0827068
87 57 0.223077
87 58 0.00900901
87 86 0.107143
87 88 0.0827586
87 117 0.018018
87 118 0.233083
88 58 0.0483871
88 87 0.0827586
88 89 0.088
88 118 0.184932
88 119 0.34
89 58 0.021978
89 59 0.127273
89 88 0.088
89 90 0.0571429
89 91 0.0283019
89 119 0.0239521
89 120 0.178947
89 150 0.00724638
90 89 0.0571429
90 91 0.226891
90 120 0.0555556
90 122 0.252033
90 154 0.102804
91 59 0.209677
91 60 0.0150376
91 89 0.0283019
91 90 0.226891
91 123 0.165138
91 154 0.0740741
92 60 0.147826
92 61 0.0990099
92 123 0.164835
93 62 0.112245
93 94 0.00934579
93 124 0.277372
93 155 0.0165289
94 33 0.0465116
94 62 0.0252101
94 63 0.170732
94 64 0.0075188
94 93 0.00934579
94 95 0.102273
94 124 0.126582
94 125 0.193548
94 126 0.034188
94 155 0.00704225
95 33 0.152174
95 63 0.0481928
95 64 0.150538
95 94 0.102273
95 125 0.0714286
95 126 0.155844
95 127 0.0208333
96 35 0.0280899
96 37 0.0108696
96 65 0.025
96 66 0.298319
96 67 0.0116959
96 97 0.147727
96 98 0.202429
96 99 0.0571429
96 100 0.0179372
96 128 0.120773
96 129 0.030303
96 158 0.0121951
97 34 0.0126582
97 35 0.474026
97 36 0.00925926
97 37 0.03125
97 65 0.0367647
97 66 0.0841122
97 67 0.0272109
97 96 0.147727
97 98 0.0538117
98 35 0.0577778
98 36 0.00558659
98 37 0.298701
98 66 0.0105263
98 67 0.087156
98 68 0.205575
98 70 0.010274
98 96 0.202429
98 97 0.0538117
98 99 0.026738
98 100 0.174074
98 129 0.0111732
98 130 0.105263
99 37 0.0241935
99 66 0.011236
99 96 0.0571429
99 98 0.026738
99 100 0.245399
99 128 0.0340136
99 129 0.541667
99 130 0.0280899
99 160 0.0483871
99 161 0.00684932
100 70 0.00373134
100 96 0.0179372
100 98 0.174074
100 99 0.245399
100 129 0.0645161
100 130 0.229885
100 159 0.0333333
100 160 0.111111
100 161 0.240175
100 163 0.0137615
101 39 0.631579
101 40 0.129496
101 69 0.00854701
101 102 0.0517241
101 103 0.00694444
101 132 0.076087
102 38 0.0165289
102 39 0.075
102 40 0.010929
102 68 0.0363636
102 70 0.124444
102 101 0.0517241
102 103 0.0585106
102 132 0.477941
102 133 0.164319
102 134 0.147929
102 163 0.04
102 164 0.0549451
102 165 0.0135747
103 39 0.0608108
103 40 0.14218
103 42 0.0418848
103 69 0.00529101
103 70 0.0118577
103 71 0.246073
103 72 0.0444444
103 73 0.0582011
103 101 0.00694444
103 102 0.0585106
103 104 0.0157068
103 133 0.377593
103 134 0.0456853
103 167 0.0466926
104 41 0.0183486
104 42 0.0963855
104 71 0.0060241
104 72 0.0272727
104 73 0.109756
104 75 0.0333333
104 103 0.0157068
104 105 0.0154639
104 133 0.00462963
104 135 0.165714
104 136 0.015544
104 137 0.00740741
104 167 0.413793
104 168 0.0149254
105 42 0.0103093
105 43 0.0121951
105 45 0.015625
105 72 0.00724638
105 73 0.015625
105 74 0.15894
105 75 0.317568
105 76 0.128788
105 104 0.0154639
105 106 0.0863309
105 107 0.254902
105 108 0.0363636
105 136 0.190045
105 137 0.0368098
105 167 0.00384615
106 72 0.0181818
106 74 0.411765
106 75 0.0615385
106 76 0.0110497
106 105 0.0863309
106 107 0.0826446
107 45 0.0114943
107 74 0.0601504
107 75 0.0230769
107 76 0.101626
107 77 0.0145631
107 105 0.254902
107 106 0.0826446
107 108 0.227723
107 136 0.310345
107 137 0.103448
107 138 0.0397727
107 168 0.0379147
107 170 0.00492611
108 74 0.0268456
108 75 0.0136986
108 76 0.00763359
108 77 0.0720721
108 78 0.0103093
108 105 0.0363636
108 107 0.227723
108 109 0.00440529
108 136 0.16895
108 138 0.484375
108 139 0.0218579
108 168 0.0264317
108 170 0.0639269
108 171 0.015748
109 48 0.0353982
109 77 0.0692641
109 78 0.561576
109 79 0.0234742
109 108 0.00440529
109 110 0.173333
109 111 0.0246305
109 138 0.0497512
109 139 0.140625
109 140 0.0989583
109 141 0.0666667
109 142 0.05625
109 170 0.127193
109 171 0.0418251
109 172 0.0116279
110 46 0.0189573
110 47 0.0116959
110 48 0.125581
110 50 0.00699301
110 78 0.0625
110 79 0.188119
110 80 0.13369
110 81 0.044335
110 109 0.173333
110 111 0.171875
110 140 0.0110497
110 141 0.288043
110 143 0.0127119
111 50 0.00826446
111 51 0.0201005
111 78 0.0235294
111 80 0.0666667
111 109 0.0246305
111 110 0.171875
111 112 0.0967742
111 113 0.0159574
111 140 0.0754717
111 141 0.148148
111 142 0.188976
111 143 0.200935
111 144 0.0157068
111 172 0.0488889
111 173 0.0773196
112 51 0.0372093
112 80 0.0110497
112 81 0.0152284
112 82 0.0097561
112 111 0.0967742
112 113 0.186275
112 114 0.0493274
112 143 0.513043
112 144 0.0434783
112 145 0.0486486
112 172 0.00414938
112 173 0.052381
112 174 0.0171429
112 175 0.0904762
113 51 0.0921659
113 52 0.00515464
113 81 0.110553
113 82 0.115942
113 83 0.0603015
113 111 0.0159574
113 112 0.186275
113 114 0.191111
113 115 0.0588235
113 143 0.176724
113 144 0.0191388
113 145 0.0160428
113 173 0.00943396
113 175 0.0330189
114 51 0.0677966
114 52 0.0516432
114 82 0.314159
114 83 0.123853
114 84 0.0687023
114 112 0.0493274
114 113 0.191111
114 115 0.140078
114 143 0.0199203
114 146 0.0871212
115 82 0.0292887
115 83 0.0562771
115 84 0.0654545
115 113 0.0588235
115 114 0.140078
115 116 0.133047
115 144 0.0165975
115 145 0.0410959
115 146 0.361011
115 175 0.045082
115 177 0.00387597
116 83 0.0103093
116 84 0.117647
116 85 0.0689655
116 115 0.133047
116 146 0.279167
116 147 0.179688
116 148 0.00909091
116 177 0.0226244
117 87 0.018018
117 118 0.232143
117 119 0.0361446
117 148 0.0350877
117 149 0.0785714
117 179 0.113402
117 180 0.0775194
118 56 0.00746269
118 85 0.0263158
118 86 0.0705882
118 87 0.233083
118 88 0.184932
118 117 0.232143
118 119 0.0957447
118 147 0.0515464
118 180 0.00662252
119 88 0.34
119 89 0.0239521
119 117 0.0361446
119 118 0.0957447
119 149 0.0509259
119 150 0.178404
119 180 0.0780488
120 89 0.178947
120 90 0.0555556
120 121 0.123967
120 122 0.0530973
120 150 0.0567376
120 151 0.076087
121 120 0.123967
121 122 0.0955882
121 151 0.191304
121 152 0.320988
121 153 0.0212766
121 182 0.0176991
122 90 0.252033
122 120 0.0530973
122 121 0.0955882
122 152 0.00649351
122 153 0.12782
122 154 0.0892857
123 59 0.00884956
123 60 0.0327869
123 91 0.165138
123 92 0.164835
123 154 0.154639
124 62 0.201342
124 63 0.0588235
124 93 0.277372
124 94 0.126582
124 155 0.145349
125 94 0.193548
125 95 0.0714286
125 126 0.0530973
125 155 0.181159
125 156 0.133333
126 64 0.0409836
126 94 0.034188
126 95 0.155844
126 125 0.0530973
126 127 0.220779
126 156 0.0176991
126 157 0.0131579
126 158 0.102564
126 189 0.0680272
127 65 0.0119048
127 66 0.0246914
127 95 0.0208333
127 126 0.220779
127 128 0.0687023
127 157 0.0638298
127 158 0.318182
127 159 0.0141844
128 66 0.15102
128 96 0.120773
128 99 0.0340136
128 127 0.0687023
128 129 0.00719424
128 157 0.00769231
128 158 0.192982
128 159 0.366071
128 160 0.026178
129 66 0.00588235
129 96 0.030303
129 98 0.0111732
129 99 0.541667
129 100 0.0645161
129 128 0.00719424
129 160 0.0172414
129 161 0.00724638
130 68 0.115108
130 70 0.159011
130 98 0.105263
130 99 0.0280899
130 100 0.229885
130 131 0.0194175
130 160 0.0045045
130 161 0.0860656
130 163 0.175966
130 192 0.0635593
131 70 0.0187793
131 130 0.0194175
131 134 0.00636943
131 162 0.0580645
131 163 0.539877
131 164 0.0411765
131 192 0.060241
132 70 0.0298507
132 101 0.076087
132 102 0.477941
132 133 0.047619
132 134 0.0827586
132 163 0.0397351
133 70 0.0107914
133 71 0.0231481
133 72 0.025
133 73 0.102804
133 102 0.164319
133 103 0.377593
133 104 0.00462963
133 132 0.047619
133 134 0.166667
133 164 0.0212766
133 165 0.0182482
133 167 0.120567
134 70 0.00854701
134 102 0.147929
134 103 0.0456853
134 131 0.00636943
134 132 0.0827586
134 133 0.166667
134 162 0.0397727
134 163 0.0163043
134 164 0.21466
134 165 0.217391
134 167 0.0294118
134 194 0.097561
134 195 0.005
135 104 0.165714
135 136 0.029703
135 137 0.0138889
135 165 0.0257511
135 166 0.304094
135 167 0.327801
135 168 0.0238095
135 197 0.0502283
135 198 0.0658683
136 74 0.0466667
136 75 0.0136054
136 104 0.015544
136 105 0.190045
136 107 0.310345
136 108 0.16895
136 135 0.029703
136 137 0.117284
136 138 0.0414508
136 166 0.00529101
136 168 0.188596
137 104 0.00740741
137 105 0.0368098
137 107 0.103448
137 135 0.0138889
137 136 0.117284
137 167 0.00995025
137 168 0.247059
137 169 0.0482759
137 200 0.0204082
138 77 0.142857
138 78 0.077381
138 107 0.0397727
138 108 0.484375
138 109 0.0497512
138 136 0.0414508
138 139 0.191083
138 168 0.00497512
138 170 0.145078
138 171 0.0394737
138 201 0.0120482
139 76 0.0132159
139 77 0.224599
139 78 0.100629
139 108 0.0218579
139 109 0.140625
139 138 0.191083
139 170 0.13587
139 171 0.00456621
140 78 0.0188679
140 109 0.0989583
140 110 0.0110497
140 111 0.0754717
140 141 0.231788
140 142 0.0862069
140 170 0.0869565
140 171 0.127854
140 172 0.191589
140 173 0.0819672
140 202 0.02
140 203 0.152542
141 78 0.0185185
141 79 0.0290698
141 80 0.0254777
141 109 0.0666667
141 110 0.288043
141 111 0.148148
141 140 0.231788
141 142 0.0168067
141 143 0.038835
141 170 0.00534759
141 171 0.00900901
141 172 0.0414747
141 173 0.145161
141 174 0.013245
142 78 0.0629921
142 109 0.05625
142 111 0.188976
142 140 0.0862069
142 141 0.0168067
142 143 0.0233918
142 172 0.181319
142 173 0.0463576
142 174 0.0431034
142 203 0.0137931
142 205 0.0122699
143 79 0.0133929
143 80 0.0717703
143 81 0.0533333
143 82 0.0171674
143 110 0.0127119
143 111 0.200935
143 112 0.513043
143 113 0.176724
143 114 0.0199203
143 141 0.038835
143 142 0.0233918
143 144 0.012766
143 145 0.00938967
143 172 0.00371747
143 173 0.0546218
143 174 0.00985222
143 175 0.0504202
144 111 0.0157068
144 112 0.0434783
144 113 0.0191388
144 115 0.0165975
144 143 0.012766
144 145 0.147368
144 173 0.153488
144 174 0.0777778
144 175 0.334884
144 176 0.156098
144 204 0.00497512
144 205 0.0220264
144 206 0.0220994
144 207 0.0140845
145 112 0.0486486
145 113 0.0160428
145 115 0.0410959
145 143 0.00938967
145 144 0.147368
145 146 0.0707965
145 174 0.0126582
145 175 0.367876
145 176 0.114754
145 177 0.0144928
145 207 0.0104712
145 208 0.102804
146 82 0.00406504
146 83 0.012605
146 84 0.0248227
146 114 0.0871212
146 115 0.361011
146 116 0.279167
146 145 0.0707965
146 147 0.0290698
146 175 0.0119522
146 176 0.0207469
146 177 0.124528
146 208 0.0698529
147 85 0.012987
147 116 0.179688
147 118 0.0515464
147 146 0.0290698
147 148 0.190476
147 177 0.124183
147 178 0.0652174
147 180 0.0175439
147 208 0.00625
148 116 0.00909091
148 117 0.0350877
148 147 0.190476
148 149 0.0373832
148 177 0.0296296
148 178 0.107143
148 179 0.046875
148 180 0.0208333
148 210 0.12
148 211 0.015625
149 117 0.0785714
149 119 0.0509259
149 148 0.0373832
149 150 0.0748663
149 178 0.018018
149 179 0.108844
149 180 0.547486
149 181 0.0603015
149 211 0.0758294
150 89 0.00724638
150 119 0.178404
150 120 0.0567376
150 149 0.0748663
150 151 0.0444444
150 180 0.113636
150 181 0.173469
151 120 0.076087
151 121 0.191304
151 150 0.0444444
151 152 0.0075188
151 181 0.0544218
151 182 0.119048
152 121 0.320988
152 122 0.00649351
152 151 0.0075188
152 153 0.0314465
152 182 0.0610687
152 183 0.17801
152 213 0.0410959
153 121 0.0212766
153 122 0.12782
153 152 0.0314465
153 154 0.017094
153 183 0.1
153 215 0.0520231
153 216 0.137405
154 90 0.102804
154 91 0.0740741
154 122 0.0892857
154 123 0.154639
154 153 0.017094
154 185 0.0454545
154 216 0.263636
155 93 0.0165289
155 94 0.00704225
155 124 0.145349
155 125 0.181159
155 156 0.0362319
155 186 0.156463
156 125 0.133333
156 126 0.0176991
156 155 0.0362319
156 157 0.108434
156 186 0.0620155
156 187 0.0987654
156 189 0.0714286
156 217 0.0827586
156 218 0.00909091
157 126 0.0131579
157 127 0.0638298
157 128 0.00769231
157 156 0.108434
157 158 0.0229885
157 187 0.136364
157 188 0.0543478
157 189 0.247863
157 220 0.11828
158 96 0.0121951
158 126 0.102564
158 127 0.318182
158 128 0.192982
158 157 0.0229885
158 159 0.21547
158 188 0.0075188
158 189 0.0253165
158 220 0.00746269
159 100 0.0333333
159 127 0.0141844
159 128 0.366071
159 158 0.21547
159 160 0.273632
159 161 0.00896861
159 188 0.0268817
159 189 0.00473934
159 193 0.02
159 219 0.00462963
159 222 0.0277778
160 99 0.0483871
160 100 0.111111
160 128 0.026178
160 129 0.0172414
160 130 0.0045045
160 159 0.273632
160 161 0.0631579
160 189 0.0168539
160 190 0.0645161
160 191 0.00609756
160 193 0.078341
160 219 0.00546448
160 222 0.0958904
160 223 0.0172414
161 99 0.00684932
161 100 0.240175
161 129 0.00724638
161 130 0.0860656
161 159 0.00896861
161 160 0.0631579
161 162 0.00518135
161 163 0.00497512
161 192 0.284314
161 193 0.280335
161 222 0.00414938
161 223 0.0867347
162 131 0.0580645
162 134 0.0397727
162 161 0.00518135
162 163 0.0879121
162 164 0.137566
162 165 0.0131579
162 192 0.0756757
162 193 0.0181818
162 194 0.115702
162 195 0.353535
162 196 0.0144231
162 223 0.0282486
162 224 0.0504587
162 225 0.0283019
162 226 0.0445545
163 100 0.0137615
163 102 0.04
163 130 0.175966
163 131 0.539877
163 132 0.0397351
163 134 0.0163043
163 161 0.00497512
163 162 0.0879121
163 164 0.0507614
163 192 0.233161
163 194 0.0310078
163 195 0.00485437
164 102 0.0549451
164 131 0.0411765
164 133 0.0212766
164 134 0.21466
164 162 0.137566
164 163 0.0507614
164 165 0.374486
164 167 0.00398406
164 194 0.0441176
164 195 0.0610329
164 198 0.0112994
164 225 0.00826446
164 226 0.0829493
165 102 0.0135747
165 133 0.0182482
165 134 0.217391
165 135 0.0257511
165 162 0.0131579
165 164 0.374486
165 167 0.144828
165 195 0.00396825
165 197 0.0186567
165 198 0.157407
165 226 0.132812
165 227 0.0205128
166 135 0.304094
166 136 0.00529101
166 167 0.0350877
166 168 0.0152284
166 197 0.38835
166 198 0.0519481
166 228 0.0217391
167 103 0.0466926
167 104 0.413793
167 105 0.00384615
167 133 0.120567
167 134 0.0294118
167 135 0.327801
167 137 0.00995025
167 164 0.00398406
167 165 0.144828
167 166 0.0350877
167 198 0.0133929
168 104 0.0149254
168 107 0.0379147
168 108 0.0264317
168 135 0.0238095
168 136 0.188596
168 137 0.247059
168 138 0.00497512
168 166 0.0152284
168 169 0.151659
168 197 0.0285714
168 200 0.240458
168 201 0.0248756
169 137 0.0482759
169 168 0.151659
169 197 0.00454545
169 199 0.123596
169 200 0.455696
169 201 0.0170455
169 228 0.00505051
169 229 0.182609
169 230 0.102564
169 231 0.0449438
170 107 0.00492611
170 108 0.0639269
170 109 0.127193
170 138 0.145078
170 139 0.13587
170 140 0.0869565
170 141 0.00534759
170 171 0.427451
170 200 0.00393701
170 201 0.0466321
170 202 0.0268817
170 203 0.00469484
171 108 0.015748
171 109 0.0418251
171 138 0.0394737
171 139 0.00456621
171 140 0.127854
171 141 0.00900901
171 170 0.427451
171 172 0.0105263
171 200 0.00346021
171 201 0.241228
171 202 0.199095
171 203 0.108871
171 231 0.00434783
171 233 0.0873016
172 109 0.0116279
172 111 0.0488889
172 112 0.00414938
172 140 0.191589
172 141 0.0414747
172 142 0.181319
172 143 0.00371747
172 171 0.0105263
172 173 0.176707
172 174 0.0841122
172 202 0.12963
172 203 0.230453
172 204 0.0340426
172 205 0.183908
172 233 0.0323887
172 234 0.0170213
173 111 0.0773196
173 112 0.052381
173 113 0.00943396
173 140 0.0819672
173 141 0.145161
173 142 0.0463576
173 143 0.0546218
173 144 0.153488
173 172 0.176707
173 174 0.15847
173 175 0.00917431
173 203 0.0377358
173 205 0.13913
173 206 0.00543478
174 112 0.0171429
174 141 0.013245
174 142 0.0431034
174 143 0.00985222
174 144 0.0777778
174 145 0.0126582
174 172 0.0841122
174 173 0.15847
174 175 0.142077
174 176 0.00578035
174 204 0.035503
174 205 0.153846
174 206 0.120805
174 236 0.0314961
174 237 0.010989
175 112 0.0904762
175 113 0.0330189
175 115 0.045082
175 143 0.0504202
175 144 0.334884
175 145 0.367876
175 146 0.0119522
175 173 0.00917431
175 174 0.142077
175 176 0.149038
175 206 0.0380435
175 207 0.00462963
175 208 0.0251046
175 237 0.0138249
176 144 0.156098
176 145 0.114754
176 146 0.0207469
176 174 0.00578035
176 175 0.149038
176 206 0.0229885
176 207 0.165049
176 208 0.235808
176 236 0.00657895
176 237 0.31401
176 239 0.012
177 115 0.00387597
177 116 0.0226244
177 145 0.0144928
177 146 0.124528
177 147 0.124183
177 148 0.0296296
177 178 0.151079
177 207 0.00434783
177 208 0.3083
177 209 0.00729927
177 210 0.0147059
177 239 0.0912409
177 240 0.0259067
178 147 0.0652174
178 148 0.107143
178 149 0.018018
178 177 0.151079
178 208 0.0205479
178 209 0.0333333
178 210 0.241379
178 211 0.0227273
178 239 0.00598802
178 240 0.0116279
179 117 0.113402
179 148 0.046875
179 149 0.108844
179 180 0.0220588
179 210 0.0461538
179 211 0.184524
179 241 0.0925926
180 117 0.0775194
180 118 0.00662252
180 119 0.0780488
180 147 0.0175439
180 148 0.0208333
180 149 0.547486
180 150 0.113636
180 179 0.0220588
180 181 0.037234
180 211 0.02
181 149 0.0603015
181 150 0.173469
181 151 0.0544218
181 180 0.037234
181 182 0.0137931
181 211 0.263636
181 212 0.129032
182 121 0.0176991
182 151 0.119048
182 152 0.0610687
182 181 0.0137931
182 212 0.0650406
182 213 0.154639
182 243 0.0681818
183 152 0.17801
183 153 0.1
183 184 0.339535
183 213 0.11465
183 214 0.00480769
183 215 0.0097561
184 183 0.339535
184 213 0.0647059
184 214 0.253394
184 215 0.0779817
184 244 0.0111732
184 245 0.00469484
184 246 0.0110497
185 154 0.0454545
185 216 0.2875
185 247 0.00877193
186 155 0.156463
186 156 0.0620155
186 217 0.253247
186 248 0.0824742
187 156 0.0987654
187 157 0.136364
187 188 0.0222222
187 189 0.0173913
187 217 0.160377
187 218 0.169014
187 219 0.00833333
187 220 0.0549451
187 250 0.00757576
188 157 0.0543478
188 158 0.0075188
188 159 0.0268817
188 187 0.0222222
188 189 0.269939
188 191 0.033557
188 218 0.117647
188 219 0.261905
188 220 0.388489
188 250 0.0388889
188 251 0.00769231
188 253 0.0740741
189 126 0.0680272
189 156 0.0714286
189 157 0.247863
189 158 0.0253165
189 159 0.00473934
189 160 0.0168539
189 187 0.0173913
189 188 0.269939
189 191 0.0402299
189 218 0.0138889
189 219 0.0362694
189 220 0.304878
189 253 0.0481283
190 160 0.0645161
190 191 0.25
190 193 0.0289017
190 221 0.0196078
190 222 0.302857
190 223 0.00769231
190 252 0.00684932
190 253 0.037594
191 160 0.00609756
191 188 0.033557
191 189 0.0402299
191 190 0.25
191 219 0.0949721
191 220 0.0333333
191 221 0.0769231
191 222 0.0372093
191 251 0.12766
191 252 0.0591398
191 253 0.294798
192 130 0.0635593
192 131 0.060241
192 161 0.284314
192 162 0.0756757
192 163 0.233161
192 193 0.030303
192 194 0.0606061
192 195 0.0334928
192 223 0.0638298
192 225 0.00854701
193 159 0.02
193 160 0.078341
193 161 0.280335
193 162 0.0181818
193 190 0.0289017
193 192 0.030303
193 222 0.171642
193 223 0.434978
193 224 0.0378788
193 254 0.00934579
193 255 0.0258303
193 256 0.00380228
194 134 0.097561
194 162 0.115702
194 163 0.0310078
194 164 0.0441176
194 192 0.0606061
194 195 0.110345
194 224 0.030303
194 225 0.415094
194 256 0.00609756
195 134 0.005
195 162 0.353535
195 163 0.00485437
195 164 0.0610329
195 165 0.00396825
195 192 0.0334928
195 194 0.110345
195 196 0.12931
195 224 0.0909091
195 225 0.107692
195 226 0.137168
195 227 0.0424242
195 255 0.0401606
195 256 0.0912863
195 257 0.00943396
195 258 0.00921659
196 162 0.0144231
196 195 0.12931
196 198 0.0102041
196 226 0.305085
196 227 0.148571
196 256 0.0717131
196 257 0.175676
196 258 0.321586
197 135 0.0502283
197 165 0.0186567
197 166 0.38835
197 168 0.0285714
197 169 0.00454545
197 198 0.193069
197 226 0.00413223
197 227 0.0110497
197 228 0.25
197 229 0.0134228
197 230 0.0131004
198 135 0.0658683
198 164 0.0112994
198 165 0.157407
198 166 0.0519481
198 167 0.0133929
198 196 0.0102041
198 197 0.193069
198 226 0.136842
198 227 0.139535
198 228 0.05
199 169 0.123596
199 200 0.0436681
199 228 0.0368421
199 229 0.11215
199 230 0.347594
199 232 0.0927835
199 260 0.017094
199 261 0.240602
199 262 0.138554
200 137 0.0204082
200 168 0.240458
200 169 0.455696
200 170 0.00393701
200 171 0.00346021
200 199 0.0436681
200 201 0.14978
200 229 0.0481928
200 230 0.134146
200 231 0.113537
200 232 0.0118577
200 262 0.0133333
201 138 0.0120482
201 168 0.0248756
201 169 0.0170455
201 170 0.0466321
201 171 0.241228
201 200 0.14978
201 202 0.113208
201 230 0.0108108
201 231 0.357143
201 232 0.015625
201 233 0.105263
201 262 0.0182927
201 263 0.0363636
202 140 0.02
202 170 0.0268817
202 171 0.199095
202 172 0.12963
202 201 0.113208
202 203 0.26257
202 205 0.00507614
202 231 0.068323
202 233 0.262295
202 234 0.0701754
202 235 0.0479042
202 263 0.00632911
202 266 0.00584795
203 140 0.152542
203 142 0.0137931
203 170 0.00469484
203 171 0.108871
203 172 0.230453
203 173 0.0377358
203 202 0.26257
203 205 0.0401786
203 233 0.309524
203 234 0.171717
203 235 0.0463918
204 144 0.00497512
204 172 0.0340426
204 174 0.035503
204 205 0.402778
204 206 0.135294
204 234 0.0736842
204 235 0.0268817
204 236 0.0472973
204 237 0.00492611
204 266 0.105263
204 267 0.152381
205 142 0.0122699
205 144 0.0220264
205 172 0.183908
205 173 0.13913
205 174 0.153846
205 202 0.00507614
205 203 0.0401786
205 204 0.402778
205 206 0.117347
205 234 0.0740741
205 235 0.0566038
205 236 0.172414
205 237 0.00436681
205 266 0.00925926
205 267 0.029661
206 144 0.0220994
206 173 0.00543478
206 174 0.120805
206 175 0.0380435
206 176 0.0229885
206 204 0.135294
206 205 0.117347
206 207 0.159341
206 236 0.335938
206 237 0.180328
206 238 0.00574713
206 267 0.0947368
206 268 0.0695652
206 269 0.0229885
207 144 0.0140845
207 145 0.0104712
207 175 0.00462963
207 176 0.165049
207 177 0.00434783
207 206 0.159341
207 208 0.092827
207 236 0.08125
207 237 0.474419
207 238 0.092233
207 239 0.0930233
207 240 0.0112994
207 267 0.0045045
207 268 0.0408163
207 269 0.00970874
207 270 0.00478469
208 145 0.102804
208 146 0.0698529
208 147 0.00625
208 175 0.0251046
208 176 0.235808
208 177 0.3083
208 178 0.0205479
208 207 0.092827
208 237 0.0294118
208 239 0.120996
208 240 0.035
209 177 0.00729927
209 178 0.0333333
209 210 0.185185
209 239 0.0242424
209 240 0.130952
209 241 0.128571
209 271 0.037037
209 272 0.0606061
210 148 0.12
210 177 0.0147059
210 178 0.241379
210 179 0.0461538
210 209 0.185185
210 211 0.0310078
210 240 0.0240964
210 241 0.115942
211 148 0.015625
211 149 0.0758294
211 178 0.0227273
211 179 0.184524
211 180 0.02
211 181 0.263636
211 210 0.0310078
211 212 0.161616
211 241 0.0523256
211 242 0.154206
212 181 0.129032
212 182 0.0650406
212 211 0.161616
212 242 0.205556
212 243 0.108527
212 273 0.0176991
213 152 0.0410959
213 182 0.154639
213 183 0.11465
213 184 0.0647059
213 243 0.0485437
213 244 0.115702
214 183 0.00480769
214 184 0.253394
214 215 0.00947867
214 244 0.0697674
214 245 0.398058
214 246 0.0517241
214 275 0.010929
215 153 0.0520231
215 183 0.0097561
215 184 0.0779817
215 214 0.00947867
215 216 0.0180723
215 246 0.216374
215 247 0.385
215 277 0.025974
216 153 0.137405
216 154 0.263636
216 185 0.2875
216 215 0.0180723
216 247 0.196203
217 156 0.0827586
217 186 0.253247
217 187 0.160377
217 218 0.037037
217 220 0.00645161
217 248 0.079646
217 249 0.0442478
217 279 0.153333
218 156 0.00909091
218 187 0.169014
218 188 0.117647
218 189 0.0138889
218 217 0.037037
218 219 0.0201342
218 220 0.233333
218 249 0.0128205
218 250 0.111801
218 251 0.027027
218 253 0.013986
218 279 0.0347826
218 280 0.00847458
218 281 0.122302
218 282 0.00675676
219 159 0.00462963
219 160 0.00546448
219 187 0.00833333
219 188 0.261905
219 189 0.0362694
219 191 0.0949721
219 218 0.0201342
219 220 0.171598
219 250 0.266667
219 253 0.0364583
219 281 0.0159574
219 282 0.00507614
220 157 0.11828
220 158 0.00746269
220 187 0.0549451
220 188 0.388489
220 189 0.304878
220 191 0.0333333
220 217 0.00645161
220 218 0.233333
220 219 0.171598
220 250 0.0165746
220 253 0.0184049
221 190 0.0196078
221 191 0.0769231
221 251 0.0277778
221 253 0.0769231
222 159 0.0277778
222 160 0.0958904
222 161 0.00414938
222 190 0.302857
222 191 0.0372093
222 193 0.171642
222 223 0.115556
222 252 0.00829876
222 253 0.00438596
222 254 0.208333
222 255 0.03663
222 283 0.0117647
223 160 0.0172414
223 161 0.0867347
223 162 0.0282486
223 190 0.00769231
223 192 0.0638298
223 193 0.434978
223 222 0.115556
223 224 0.0180995
223 254 0.0175439
223 255 0.122807
223 256 0.00454545
224 162 0.0504587
224 193 0.0378788
224 194 0.030303
224 195 0.0909091
224 223 0.0180995
224 225 0.0133333
224 254 0.141509
224 255 0.271375
224 256 0.306513
224 257 0.0172414
224 286 0.0528846
225 162 0.0283019
225 164 0.00826446
225 192 0.00854701
225 194 0.415094
225 195 0.107692
225 224 0.0133333
225 255 0.00636943
226 162 0.0445545
226 164 0.0829493
226 165 0.132812
226 195 0.137168
226 196 0.305085
226 197 0.00413223
226 198 0.136842
226 227 0.0887574
226 228 0.00909091
226 257 0.00925926
226 258 0.0316742
227 165 0.0205128
227 195 0.0424242
227 196 0.148571
227 197 0.0110497
227 198 0.139535
227 226 0.0887574
227 228 0.0314465
227 258 0.225
227 259 0.00543478
227 290 0.056
228 166 0.0217391
228 169 0.00505051
228 197 0.25
228 198 0.05
228 199 0.0368421
228 226 0.00909091
228 227 0.0314465
228 230 0.0434783
228 258 0.014218
228 259 0.319149
228 260 0.00729927
228 261 0.0196078
228 289 0.00534759
228 290 0.0681818
229 169 0.182609
229 197 0.0134228
229 199 0.11215
229 200 0.0481928
229 230 0.0322581
230 169 0.102564
230 197 0.0131004
230 199 0.347594
230 200 0.134146
230 201 0.0108108
230 228 0.0434783
230 229 0.0322581
230 232 0.14218
230 260 0.104478
230 261 0.106667
230 262 0.0983607
230 291 0.00555556
230 292 0.0204082
230 293 0.0333333
231 169 0.0449438
231 171 0.00434783
231 200 0.113537
231 201 0.357143
231 202 0.068323
231 232 0.268041
231 233 0.046875
231 262 0.0963855
231 263 0.209581
231 264 0.00552486
231 294 0.0314136
232 199 0.0927835
232 200 0.0118577
232 201 0.015625
232 230 0.14218
232 231 0.268041
232 262 0.484211
232 263 0.125654
232 291 0.00534759
232 292 0.00985222
232 293 0.0645161
232 294 0.213953
232 295 0.0141509
233 171 0.0873016
233 172 0.0323887
233 201 0.105263
233 202 0.262295
233 203 0.309524
233 231 0.046875
233 234 0.247525
233 235 0.156566
233 263 0.142857
233 264 0.0689655
233 265 0.0229885
233 266 0.0148515
234 172 0.0170213
234 202 0.0701754
234 203 0.171717
234 204 0.0736842
234 205 0.0740741
234 233 0.247525
234 235 0.247312
234 263 0.0169492
234 264 0.104712
234 265 0.0493827
234 266 0.157895
234 296 0.0350877
234 297 0.00558659
235 202 0.0479042
235 203 0.0463918
235 204 0.0268817
235 205 0.0566038
235 233 0.156566
235 234 0.247312
235 263 0.0289017
235 264 0.235294
235 265 0.056962
235 266 0.252688
235 295 0.0257732
235 296 0.11976
235 297 0.00571429
235 298 0.0238095
236 174 0.0314961
236 176 0.00657895
236 204 0.0472973
236 205 0.172414
236 206 0.335938
236 207 0.08125
236 237 0.0745342
236 238 0.0263158
236 267 0.142857
236 268 0.0430108
236 269 0.0460526
236 297 0.00729927
237 174 0.010989
237 175 0.0138249
237 176 0.31401
237 204 0.00492611
237 205 0.00436681
237 206 0.180328
237 207 0.474419
237 208 0.0294118
237 236 0.0745342
237 238 0.0531401
237 239 0.015444
237 267 0.0493274
237 268 0.0135135
237 269 0.0386473
238 206 0.00574713
238 207 0.092233
238 236 0.0263158
238 237 0.0531401
238 239 0.044
238 240 0.00591716
238 267 0.0046729
238 268 0.28777
238 269 0.247475
238 270 0.0597015
238 299 0.282209
238 300 0.0782609
238 301 0.0374332
239 176 0.012
239 177 0.0912409
239 178 0.00598802
239 207 0.0930233
239 208 0.120996
239 209 0.0242424
239 237 0.015444
239 238 0.044
239 240 0.357466
239 270 0.185771
239 301 0.0585774
240 177 0.0259067
240 178 0.0116279
240 207 0.0112994
240 208 0.035
240 209 0.130952
240 210 0.0240964
240 238 0.00591716
240 239 0.357466
240 241 0.00793651
240 270 0.0581395
240 271 0.0722892
240 301 0.0886076
241 179 0.0925926
241 209 0.128571
241 210 0.115942
241 211 0.0523256
241 240 0.00793651
241 242 0.0714286
241 272 0.157407
241 273 0.05
242 211 0.154206
242 212 0.205556
242 241 0.0714286
242 243 0.00689655
242 273 0.305785
242 303 0.0143541
243 182 0.0681818
243 212 0.108527
243 213 0.0485437
243 242 0.00689655
243 244 0.0803571
243 273 0.0942408
243 274 0.0967742
243 303 0.00632911
244 184 0.0111732
244 213 0.115702
244 214 0.0697674
244 243 0.0803571
244 274 0.126126
244 275 0.163121
244 305 0.0965517
245 184 0.00469484
245 214 0.398058
245 246 0.0301205
245 275 0.12
245 276 0.175824
245 308 0.136905
246 184 0.0110497
246 214 0.0517241
246 215 0.216374
246 245 0.0301205
246 277 0.17094
246 308 0.242647
247 185 0.00877193
247 215 0.385
247 216 0.196203
247 277 0.0342466
247 278 0.0551181
248 186 0.0824742
248 217 0.079646
248 279 0.0967742
249 217 0.0442478
249 218 0.0128205
249 279 0.0537634
249 280 0.125
249 281 0.025641
249 311 0.350877
250 187 0.00757576
250 188 0.0388889
250 218 0.111801
250 219 0.266667
250 220 0.0165746
250 251 0.110465
250 253 0.0343137
250 280 0.0670391
250 281 0.255
250 282 0.186603
250 311 0.0142857
250 312 0.027907
