0 31 0.05
1 2 0.0280374
1 31 0.293578
1 32 0.186441
1 62 0.0636364
2 1 0.0280374
2 3 0.0784314
2 32 0.191304
2 33 0.110092
2 63 0.0521739
3 2 0.0784314
3 4 0.237705
3 33 0.102804
3 64 0.0283019
4 3 0.237705
4 5 0.0806452
4 34 0.171642
4 35 0.126984
4 64 0.015625
5 4 0.0806452
5 6 0.0306122
5 35 0.00943396
5 36 0.260163
5 37 0.151515
6 5 0.0306122
6 7 0.0704225
6 36 0.017094
6 37 0.25
6 38 0.159091
6 68 0.0421053
7 6 0.0704225
7 8 0.299492
7 9 0.0732984
7 38 0.0144928
7 39 0.0903955
7 40 0.0118343
7 69 0.0613497
7 70 0.133333
7 72 0.0135135
8 7 0.299492
8 9 0.122449
8 10 0.0471698
8 38 0.00699301
8 39 0.258242
8 40 0.0574713
8 69 0.0357143
8 70 0.1
8 72 0.0528634
9 7 0.0732984
9 8 0.122449
9 10 0.359223
9 39 0.0284091
9 40 0.279762
9 72 0.040724
10 8 0.0471698
10 9 0.359223
10 11 0.113095
10 12 0.0656566
10 39 0.0208333
10 40 0.152174
10 41 0.0689655
10 43 0.0206186
10 72 0.0675105
11 10 0.113095
11 12 0.236111
11 41 0.0134228
11 42 0.0662252
11 43 0.185714
11 44 0.0746269
11 74 0.0290698
12 10 0.0656566
12 11 0.236111
12 13 0.202381
12 41 0.00558659
12 43 0.182353
12 44 0.207317
12 74 0.10396
12 75 0.0255102
13 12 0.202381
13 15 0.0491803
13 43 0.0243902
13 44 0.436709
13 74 0.239796
13 75 0.0473684
14 15 0.00847458
14 16 0.030303
14 45 0.455621
14 46 0.117647
14 47 0.0166667
14 77 0.0625
15 13 0.0491803
15 14 0.00847458
15 44 0.127119
15 45 0.278196
15 74 0.0384615
15 75 0.0133333
15 77 0.00641026
16 14 0.030303
16 17 0.213836
16 18 0.04
16 45 0.0444444
16 47 0.0534351
16 48 0.137755
16 49 0.335052
16 80 0.00537634
17 16 0.213836
17 18 0.432692
17 19 0.0240964
17 48 0.0502793
17 49 0.118644
17 50 0.251429
17 80 0.0118343
18 16 0.04
18 17 0.432692
18 19 0.189655
18 48 0.0367347
18 49 0.246914
18 50 0.178423
18 80 0.0595745
18 81 0.0218341
18 82 0.037594
19 17 0.0240964
19 18 0.189655
19 20 0.305732
19 21 0.0636943
19 50 0.316583
19 51 0.104046
19 52 0.102326
19 53 0.00552486
19 81 0.0106952
19 82 0.174107
19 83 0.00578035
20 19 0.305732
20 21 0.282258
20 50 0.138554
20 51 0.121429
20 52 0.0824176
20 53 0.101351
20 81 0.00649351
20 82 0.0157068
20 83 0.05
21 19 0.0636943
21 20 0.282258
21 22 0.0909091
21 23 0.016
21 51 0.00714286
21 52 0.368132
21 53 0.385135
21 54 0.0320513
21 82 0.026178
21 83 0.0142857
22 21 0.0909091
22 23 0.0301205
22 25 0.00507614
22 52 0.116592
22 53 0.0634921
22 54 0.329949
22 55 0.0769231
22 83 0.038674
22 84 0.0343137
22 85 0.100962
23 21 0.016
23 22 0.0301205
23 24 0.135593
23 25 0.044586
23 53 0.107383
23 54 0.350318
23 55 0.00704225
23 86 0.0597015
24 23 0.135593
24 25 0.0671141
24 56 0.301724
24 57 0.181034
24 86 0.00793651
24 87 0.00769231
25 22 0.00507614
25 23 0.044586
25 24 0.0671141
25 26 0.176471
25 54 0.0691489
25 55 0.236994
25 56 0.148387
25 57 0.0322581
25 84 0.00512821
25 87 0.0177515
25 88 0.0427807
26 25 0.176471
26 27 0.0273973
26 28 0.0409357
26 55 0.00581395
26 56 0.0974026
26 57 0.285714
26 58 0.147727
26 59 0.0703518
26 87 0.00595238
26 88 0.0376344
27 26 0.0273973
27 28 0.198473
27 57 0.236842
27 58 0.0441176
27 60 0.0727273
27 89 0.0508475
28 26 0.0409357
28 27 0.198473
28 58 0.15528
28 59 0.0271739
28 60 0.148148
28 89 0.00699301
28 90 0.109756
29 30 0.406504
29 60 0.037037
29 61 0.0252101
29 90 0.097561
29 92 0.116788
30 29 0.406504
30 60 0.127451
30 61 0.0697674
31 0 0.05
31 1 0.293578
31 62 0.174312
32 1 0.186441
32 2 0.191304
32 62 0.101695
32 63 0.111111
33 2 0.110092
33 3 0.102804
33 63 0.116667
33 64 0.115044
33 94 0.15625
33 95 0.0416667
34 4 0.171642
34 35 0.112069
34 64 0.186441
34 65 0.219512
34 66 0.0275229
35 4 0.126984
35 5 0.00943396
35 34 0.112069
35 36 0.12
35 66 0.049505
35 67 0.185714
36 5 0.260163
36 6 0.017094
36 35 0.12
36 37 0.0823529
36 67 0.184713
36 68 0.0666667
37 5 0.151515
37 6 0.25
37 36 0.0823529
37 68 0.015873
38 6 0.159091
38 7 0.0144928
38 8 0.00699301
38 39 0.0162602
38 68 0.186813
38 69 0.0183486
38 70 0.12766
38 100 0.0794702
39 7 0.0903955
39 8 0.258242
39 9 0.0284091
39 10 0.0208333
39 38 0.0162602
39 40 0.025974
39 69 0.0608108
39 70 0.138889
39 71 0.0181818
39 72 0.164251
39 100 0.0894737
39 102 0.0101523
40 7 0.0118343
40 8 0.0574713
40 9 0.279762
40 10 0.152174
40 39 0.025974
40 41 0.0242424
40 69 0.0142857
40 71 0.107843
40 72 0.271357
40 100 0.00549451
40 102 0.010582
41 10 0.0689655
41 11 0.0134228
41 12 0.00558659
41 40 0.0242424
41 42 0.112903
41 43 0.102857
41 72 0.197248
41 73 0.0243902
41 102 0.00480769
41 103 0.142157
42 11 0.0662252
42 41 0.112903
42 43 0.175141
42 72 0.0136364
42 73 0.400966
42 74 0.0239234
42 103 0.0776699
42 104 0.0533981
42 105 0.00606061
43 10 0.0206186
43 11 0.185714
43 12 0.182353
43 13 0.0243902
43 41 0.102857
43 42 0.175141
43 44 0.0375
43 73 0.0357143
43 74 0.212121
43 75 0.00520833
43 105 0.00649351
44 11 0.0746269
44 12 0.207317
44 13 0.436709
44 15 0.127119
44 43 0.0375
44 74 0.130208
44 75 0.016129
45 14 0.455621
45 15 0.278196
45 16 0.0444444
45 48 0.01
45 76 0.0174419
45 77 0.0724638
46 14 0.117647
46 47 0.0294118
46 76 0.028777
46 77 0.298851
46 79 0.00869565
46 107 0.059322
46 109 0.0108108
47 14 0.0166667
47 16 0.0534351
47 46 0.0294118
47 48 0.205298
47 49 0.00671141
47 77 0.0316456
47 78 0.0402685
47 79 0.111111
47 109 0.0473373
47 111 0.00714286
48 16 0.137755
48 17 0.0502793
48 18 0.0367347
48 45 0.01
48 47 0.205298
48 49 0.313084
48 77 0.0134529
48 78 0.271028
48 79 0.0121951
48 80 0.0873786
48 109 0.111111
48 110 0.0319149
48 111 0.0243902
49 16 0.335052
49 17 0.118644
49 18 0.246914
49 47 0.00671141
49 48 0.313084
49 50 0.1
49 78 0.0849057
49 80 0.166667
49 81 0.030303
49 109 0.00431034
49 110 0.0752688
49 111 0.00985222
50 17 0.251429
50 18 0.178423
50 19 0.316583
50 20 0.138554
50 49 0.1
50 51 0.137363
50 78 0.0047619
50 80 0.019802
50 81 0.0765306
50 82 0.0772532
50 110 0.0108696
51 19 0.104046
51 20 0.121429
51 21 0.00714286
51 50 0.137363
51 52 0.010101
51 53 0.0609756
51 81 0.282353
51 82 0.169082
51 83 0.262821
51 110 0.101266
51 112 0.00540541
51 113 0.048913
51 115 0.044586
52 19 0.102326
52 20 0.0824176
52 21 0.368132
52 22 0.116592
52 51 0.010101
52 53 0.106796
52 54 0.0046729
52 81 0.00471698
52 82 0.108434
52 83 0.151515
52 85 0.0355556
53 19 0.00552486
53 20 0.101351
53 21 0.385135
53 22 0.0634921
53 23 0.107383
53 51 0.0609756
53 52 0.106796
53 54 0.116667
53 83 0.207317
53 84 0.0160428
53 86 0.00636943
53 115 0.0969697
54 21 0.0320513
54 22 0.329949
54 23 0.350318
54 25 0.0691489
54 52 0.0046729
54 53 0.116667
54 55 0.0520231
54 56 0.00645161
54 84 0.0871795
54 85 0.0201005
54 86 0.163636
55 22 0.0769231
55 23 0.00704225
55 25 0.236994
55 26 0.00581395
55 54 0.0520231
55 84 0.0722222
55 85 0.0217391
55 86 0.02
55 87 0.123377
55 88 0.0697674
55 117 0.0580645
56 24 0.301724
56 25 0.148387
56 26 0.0974026
56 54 0.00645161
56 57 0.106557
56 86 0.106061
56 87 0.294118
56 88 0.00649351
56 119 0.0909091
57 24 0.181034
57 25 0.0322581
57 26 0.285714
57 27 0.236842
57 56 0.106557
57 58 0.0972222
57 87 0.0220588
57 89 0.031746
58 26 0.147727
58 27 0.0441176
58 28 0.15528
58 57 0.0972222
58 59 0.312169
58 60 0.0214286
58 87 0.0126582
58 88 0.113636
58 89 0.141892
58 90 0.035503
58 91 0.0137931
58 119 0.038961
59 26 0.0703518
59 28 0.0271739
59 58 0.312169
59 88 0.100503
59 89 0.105263
59 90 0.09375
59 119 0.00564972
59 121 0.00512821
60 27 0.0727273
60 28 0.148148
60 29 0.037037
60 30 0.127451
60 58 0.0214286
60 61 0.0408163
60 89 0.00819672
60 90 0.020979
61 29 0.0252101
61 30 0.0697674
61 60 0.0408163
61 90 0.015748
61 91 0.0679612
61 92 0.11
61 122 0.00714286
62 1 0.0636364
62 31 0.174312
62 32 0.101695
62 63 0.0169492
62 93 0.12037
63 2 0.0521739
63 32 0.111111
63 33 0.116667
63 62 0.0169492
63 93 0.0775862
63 94 0.141791
63 124 0.0162602
64 3 0.0283019
64 4 0.015625
64 33 0.115044
64 34 0.186441
64 65 0.102564
64 94 0.00787402
64 95 0.109244
65 34 0.219512
65 64 0.102564
65 66 0.148148
65 95 0.0322581
65 96 0.102362
65 126 0.0409836
66 34 0.0275229
66 35 0.049505
66 65 0.148148
66 67 0.112782
66 96 0.0265487
66 97 0.0740741
66 98 0.00840336
66 127 0.0373832
66 130 0.0172414
67 35 0.185714
67 36 0.184713
67 66 0.112782
67 68 0.0592593
67 98 0.0443038
67 130 0.193548
68 6 0.0421053
68 36 0.0666667
68 37 0.015873
68 38 0.186813
68 67 0.0592593
68 100 0.00632911
68 130 0.0254237
68 131 0.123711
69 7 0.0613497
69 8 0.0357143
69 38 0.0183486
69 39 0.0608108
69 40 0.0142857
69 70 0.253012
69 71 0.0729167
69 72 0.0414508
69 100 0.113636
69 102 0.0437158
70 7 0.133333
70 8 0.1
70 38 0.12766
70 39 0.138889
70 69 0.253012
70 72 0.04
70 100 0.201923
70 101 0.0157895
70 102 0.0139535
71 39 0.0181818
71 40 0.107843
71 69 0.0729167
71 72 0.0903226
71 102 0.158621
71 103 0.035461
72 7 0.0135135
72 8 0.0528634
72 9 0.040724
72 10 0.0675105
72 39 0.164251
72 40 0.271357
72 41 0.197248
72 42 0.0136364
72 69 0.0414508
72 70 0.04
72 71 0.0903226
72 100 0.0340426
72 101 0.0184332
72 102 0.227273
72 103 0.0378151
73 41 0.0243902
73 42 0.400966
73 43 0.0357143
73 74 0.00877193
73 103 0.102222
73 104 0.288889
73 105 0.0326087
73 135 0.0186047
74 11 0.0290698
74 12 0.10396
74 13 0.239796
74 15 0.0384615
74 42 0.0239234
74 43 0.212121
74 44 0.130208
74 73 0.00877193
74 75 0.410714
74 76 0.0461538
74 77 0.00434783
74 105 0.0645161
74 106 0.00985222
75 12 0.0255102
75 13 0.0473684
75 15 0.0133333
75 43 0.00520833
75 44 0.016129
75 74 0.410714
75 105 0.211111
75 106 0.324873
75 136 0.0162162
76 45 0.0174419
76 46 0.028777
76 74 0.0461538
76 77 0.374359
76 105 0.0529801
76 107 0.0791367
76 108 0.103659
77 14 0.0625
77 15 0.00641026
77 45 0.0724638
77 46 0.298851
77 47 0.0316456
77 48 0.0134529
77 74 0.00434783
77 76 0.374359
77 79 0.00584795
77 107 0.137931
77 109 0.0165975
78 47 0.0402685
78 48 0.271028
78 49 0.0849057
78 50 0.0047619
78 79 0.0308642
78 80 0.230392
78 81 0.00505051
78 109 0.267241
78 110 0.150538
78 111 0.221675
78 140 0.0497238
78 141 0.0815217
78 142 0.00913242
78 143 0.0216216
79 46 0.00869565
79 47 0.111111
79 48 0.0121951
79 77 0.00584795
79 78 0.0308642
79 107 0.026087
79 109 0.379121
79 111 0.00653595
79 139 0.0574713
79 140 0.0610687
79 141 0.0223881
80 16 0.00537634
80 17 0.0118343
80 18 0.0595745
80 48 0.0873786
80 49 0.166667
80 50 0.019802
80 78 0.230392
80 81 0.184211
80 82 0.0440529
80 109 0.00892857
80 110 0.202247
80 111 0.271795
80 112 0.0390244
80 140 0.00578035
80 141 0.0340909
80 143 0.0169492
81 18 0.0218341
81 19 0.0106952
81 20 0.00649351
81 49 0.030303
81 50 0.0765306
81 51 0.282353
81 52 0.00471698
81 78 0.00505051
81 80 0.184211
81 82 0.239819
81 83 0.00588235
81 110 0.343023
81 111 0.0687831
81 112 0.19598
81 114 0.00537634
81 143 0.0116959
81 144 0.128492
82 18 0.037594
82 19 0.174107
82 20 0.0157068
82 21 0.026178
82 50 0.0772532
82 51 0.169082
82 52 0.108434
82 80 0.0440529
82 81 0.239819
82 83 0.154589
82 110 0.0574163
82 112 0.0805085
82 113 0.0510638
82 115 0.00480769
83 19 0.00578035
83 20 0.05
83 21 0.0142857
83 22 0.038674
83 51 0.262821
83 52 0.151515
83 53 0.207317
83 81 0.00588235
83 82 0.154589
83 85 0.0765027
83 112 0.027027
83 113 0.119565
83 114 0.0116279
83 115 0.210191
83 144 0.0424242
84 22 0.0343137
84 25 0.00512821
84 53 0.0160428
84 54 0.0871795
84 55 0.0722222
84 85 0.300971
84 86 0.0755814
84 113 0.00483092
84 115 0.138889
84 116 0.105263
84 117 0.141243
84 118 0.025
84 146 0.0284091
84 147 0.0597015
85 22 0.100962
85 52 0.0355556
85 54 0.0201005
85 55 0.0217391
85 83 0.0765027
85 84 0.300971
85 86 0.00568182
85 113 0.113744
85 114 0.0201005
85 115 0.0163043
85 117 0.0165746
85 146 0.00555556
85 147 0.0829268
85 148 0.0106383
86 23 0.0597015
86 24 0.00793651
86 53 0.00636943
86 54 0.163636
86 55 0.02
86 56 0.106061
86 84 0.0755814
86 85 0.00568182
86 87 0.130137
86 115 0.0133333
86 116 0.219858
86 117 0.0884354
87 24 0.00769231
87 25 0.0177515
87 26 0.00595238
87 55 0.123377
87 56 0.294118
87 57 0.0220588
87 58 0.0126582
87 86 0.130137
87 88 0.238095
87 117 0.112583
87 118 0.0172414
87 119 0.136986
87 150 0.0282486
88 25 0.0427807
88 26 0.0376344
88 55 0.0697674
88 56 0.00649351
88 58 0.113636
88 59 0.100503
88 87 0.238095
88 117 0.0473373
88 118 0.0677083
88 119 0.0243902
88 120 0.00657895
88 150 0.0666667
89 27 0.0508475
89 28 0.00699301
89 57 0.031746
89 58 0.141892
89 59 0.105263
89 60 0.00819672
89 91 0.133858
89 119 0.110294
89 120 0.112903
89 121 0.00649351
89 150 0.00598802
90 28 0.109756
90 29 0.097561
90 58 0.035503
90 59 0.09375
90 60 0.020979
90 61 0.015748
90 91 0.0945946
90 92 0.0965517
90 122 0.0594595
90 152 0.0197044
91 58 0.0137931
91 61 0.0679612
91 89 0.133858
91 90 0.0945946
91 120 0.157025
91 122 0.0745342
91 152 0.0726257
92 29 0.116788
92 61 0.11
92 90 0.0965517
92 122 0.189873
92 123 0.114286
93 62 0.12037
93 63 0.0775862
93 124 0.185841
93 155 0.06
94 33 0.15625
94 63 0.141791
94 64 0.00787402
94 95 0.223881
94 124 0.175573
94 125 0.037594
95 33 0.0416667
95 64 0.109244
95 65 0.0322581
95 94 0.223881
95 125 0.056
95 126 0.129032
96 65 0.102362
96 66 0.0265487
96 97 0.00787402
96 126 0.023622
96 127 0.325397
96 157 0.0862069
96 158 0.036036
97 66 0.0740741
97 96 0.00787402
97 98 0.12782
97 127 0.0743802
97 128 0.173554
97 159 0.00854701
97 160 0.142857
98 66 0.00840336
98 67 0.0443038
98 97 0.12782
98 129 0.0915493
98 130 0.29078
98 160 0.104167
99 129 0.107143
99 130 0.0722892
99 131 0.129032
100 38 0.0794702
100 39 0.0894737
100 40 0.00549451
100 68 0.00632911
100 69 0.113636
100 70 0.201923
100 72 0.0340426
100 101 0.22
100 102 0.0355556
100 131 0.044586
100 132 0.08
100 162 0.138554
101 70 0.0157895
101 72 0.0184332
101 100 0.22
101 102 0.120773
101 103 0.0394089
101 132 0.208791
101 133 0.0604396
101 134 0.031746
101 162 0.0337838
101 163 0.0297619
101 164 0.0416667
102 39 0.0101523
102 40 0.010582
102 41 0.00480769
102 69 0.0437158
102 70 0.0139535
102 71 0.158621
102 72 0.227273
102 100 0.0355556
102 101 0.120773
102 103 0.236842
102 132 0.0483092
102 133 0.135266
102 134 0.0420561
102 162 0.0346821
102 164 0.147929
103 41 0.142157
103 42 0.0776699
103 71 0.035461
103 72 0.0378151
103 73 0.102222
103 101 0.0394089
103 102 0.236842
103 104 0.0491071
103 133 0.0591133
103 134 0.138095
103 135 0.0186916
103 164 0.0121212
103 165 0.101604
104 42 0.0533981
104 73 0.288889
104 103 0.0491071
104 105 0.0218579
104 134 0.0333333
104 135 0.392523
104 136 0.00531915
104 137 0.0101523
104 165 0.0427807
104 166 0.010929
104 167 0.0280899
105 42 0.00606061
105 43 0.00649351
105 73 0.0326087
105 74 0.0645161
105 75 0.211111
105 76 0.0529801
105 104 0.0218579
105 106 0.188679
105 108 0.0580645
105 135 0.0346821
105 136 0.258503
105 137 0.00641026
106 74 0.00985222
106 75 0.324873
106 105 0.188679
106 136 0.347561
106 137 0.184971
106 168 0.00574713
107 46 0.059322
107 76 0.0791367
107 77 0.137931
107 79 0.026087
107 108 0.13986
107 109 0.0486486
107 138 0.0884956
108 76 0.103659
108 105 0.0580645
108 107 0.13986
108 136 0.0625
108 137 0.0295858
108 138 0.188406
108 168 0.00588235
108 169 0.116129
108 171 0.010929
109 46 0.0108108
109 47 0.0473373
109 48 0.111111
109 49 0.00431034
109 77 0.0165975
109 78 0.267241
109 79 0.379121
109 80 0.00892857
109 107 0.0486486
109 110 0.00485437
109 111 0.0358744
109 138 0.00555556
109 139 0.0127389
109 140 0.263682
109 141 0.0784314
109 142 0.0041841
109 170 0.0684211
109 172 0.038835
110 48 0.0319149
110 49 0.0752688
110 50 0.0108696
110 51 0.101266
110 78 0.150538
110 80 0.202247
110 81 0.343023
110 82 0.0574163
110 109 0.00485437
110 111 0.0508475
110 112 0.0802139
110 140 0.00645161
110 141 0.0443038
110 143 0.0628931
110 144 0.0658683
111 47 0.00714286
111 48 0.0243902
111 49 0.00985222
111 78 0.221675
111 79 0.00653595
111 80 0.271795
111 81 0.0687831
111 109 0.0358744
111 110 0.0508475
111 112 0.210784
111 140 0.0406977
111 141 0.108571
111 142 0.195238
111 172 0.039548
111 175 0.00934579
112 51 0.00540541
112 80 0.0390244
112 81 0.19598
112 82 0.0805085
112 83 0.027027
112 110 0.0802139
112 111 0.210784
112 113 0.0422535
112 114 0.0845771
112 141 0.0216216
112 142 0.0681818
112 143 0.22043
112 144 0.0670103
112 175 0.03125
113 51 0.048913
113 82 0.0510638
113 83 0.119565
113 84 0.00483092
113 85 0.113744
113 112 0.0422535
113 114 0.33
113 115 0.0918919
113 143 0.00540541
113 144 0.233161
113 145 0.0632184
113 146 0.0718232
113 147 0.0485437
113 175 0.0313901
114 81 0.00537634
114 83 0.0116279
114 85 0.0201005
114 112 0.0845771
114 113 0.33
114 143 0.0231214
114 144 0.038674
114 146 0.0295858
114 147 0.0309278
114 175 0.113744
114 176 0.0679012
115 51 0.044586
115 53 0.0969697
115 82 0.00480769
115 83 0.210191
115 84 0.138889
115 85 0.0163043
115 86 0.0133333
115 113 0.0918919
115 116 0.134228
115 144 0.0843373
115 145 0.0816327
115 146 0.11039
115 147 0.0167598
116 84 0.105263
116 86 0.219858
116 115 0.134228
116 117 0.19863
116 145 0.0724638
116 146 0.158621
116 147 0.00588235
116 179 0.0714286
117 55 0.0580645
117 84 0.141243
117 85 0.0165746
117 86 0.0884354
117 87 0.112583
117 88 0.0473373
117 116 0.19863
117 118 0.337143
117 119 0.0136054
117 146 0.00662252
117 147 0.0795455
117 148 0.0251572
117 149 0.0555556
117 179 0.0205479
118 84 0.025
118 87 0.0172414
118 88 0.0677083
118 117 0.337143
118 148 0.181319
118 149 0.0538922
118 150 0.119403
118 151 0.0378378
118 179 0.0118343
118 180 0.0585106
119 56 0.0909091
119 58 0.038961
119 59 0.00564972
119 87 0.136986
119 88 0.0243902
119 89 0.110294
119 117 0.0136054
119 120 0.1
119 149 0.122302
119 150 0.0578035
120 88 0.00657895
120 89 0.112903
120 91 0.157025
120 119 0.1
120 121 0.027027
120 150 0.21118
120 152 0.0681818
120 182 0.112069
120 183 0.104478
121 59 0.00512821
121 89 0.00649351
121 120 0.027027
121 150 0.109948
121 151 0.0857143
121 152 0.300971
121 181 0.00546448
121 183 0.0426829
121 184 0.0289017
122 61 0.00714286
122 90 0.0594595
122 91 0.0745342
122 92 0.189873
122 123 0.172414
122 152 0.185185
122 153 0.0202703
122 154 0.0342466
123 92 0.114286
123 122 0.172414
123 153 0.0947368
123 154 0.0430108
124 63 0.0162602
124 93 0.185841
124 94 0.175573
124 125 0.0983607
124 155 0.233645
125 94 0.037594
125 95 0.056
125 124 0.0983607
125 126 0.0162602
125 155 0.0550459
125 156 0.25
125 186 0.0825688
126 65 0.0409836
126 95 0.129032
126 96 0.023622
126 125 0.0162602
126 156 0.0866142
126 157 0.234234
126 187 0.0243902
127 66 0.0373832
127 96 0.325397
127 97 0.0743802
127 128 0.2
127 158 0.0380952
128 97 0.173554
128 127 0.2
128 158 0.12381
128 159 0.146552
128 160 0.030303
128 190 0.102362
129 98 0.0915493
129 99 0.107143
129 130 0.223022
129 160 0.197183
129 161 0.0519481
129 191 0.0608108
129 192 0.0243902
130 66 0.0172414
130 67 0.193548
130 68 0.0254237
130 98 0.29078
130 99 0.0722892
130 129 0.223022
130 131 0.017094
130 192 0.00819672
131 68 0.123711
131 99 0.129032
131 100 0.044586
131 130 0.017094
131 132 0.100719
131 192 0.118812
132 100 0.08
132 101 0.208791
132 102 0.0483092
132 131 0.100719
132 133 0.0274725
132 162 0.304054
132 163 0.0892857
132 164 0.0208333
132 192 0.0486111
132 193 0.0617284
132 194 0.0211268
133 101 0.0604396
133 102 0.135266
133 103 0.0591133
133 132 0.0274725
133 134 0.26455
133 162 0.0135135
133 163 0.0595238
133 164 0.229167
133 165 0.138554
133 193 0.00617284
133 194 0.0140845
133 195 0.035503
133 196 0.0100503
134 101 0.031746
134 102 0.0420561
134 103 0.138095
134 104 0.0333333
134 133 0.26455
134 135 0.035
134 163 0.00571429
134 164 0.0794702
134 165 0.381503
134 166 0.0118343
134 195 0.0568182
134 196 0.0436893
135 73 0.0186047
135 103 0.0186916
135 104 0.392523
135 105 0.0346821
135 134 0.035
135 136 0.011236
135 137 0.00534759
135 165 0.0734463
135 166 0.184971
135 167 0.208333
135 168 0.0159574
135 199 0.00595238
136 75 0.0162162
136 104 0.00531915
136 105 0.258503
136 106 0.347561
136 108 0.0625
136 135 0.011236
136 137 0.242236
136 167 0.028169
136 168 0.0493827
137 104 0.0101523
137 105 0.00641026
137 106 0.184971
137 108 0.0295858
137 135 0.00534759
137 136 0.242236
137 168 0.421053
137 199 0.00662252
138 107 0.0884956
138 108 0.188406
138 109 0.00555556
138 139 0.0235294
138 169 0.16
138 170 0.059322
138 171 0.00653595
138 200 0.0225564
139 79 0.0574713
139 109 0.0127389
139 138 0.0235294
139 140 0.0188679
139 170 0.378947
139 171 0.0692308
139 172 0.027027
139 201 0.0151515
139 202 0.046875
140 78 0.0497238
140 79 0.0610687
140 80 0.00578035
140 109 0.263682
140 110 0.00645161
140 111 0.0406977
140 139 0.0188679
140 141 0.228758
140 142 0.0425532
140 170 0.0863309
140 171 0.201149
140 172 0.193548
140 173 0.0123457
140 202 0.151163
140 204 0.00571429
141 78 0.0815217
141 79 0.0223881
141 80 0.0340909
141 109 0.0784314
141 110 0.0443038
141 111 0.108571
141 112 0.0216216
141 140 0.228758
141 142 0.26178
141 143 0.216561
141 171 0.0508475
141 172 0.0822785
141 173 0.0121212
141 174 0.0520231
141 202 0.0228571
142 78 0.00913242
142 109 0.0041841
142 111 0.195238
142 112 0.0681818
142 140 0.0425532
142 141 0.26178
142 143 0.151042
142 171 0.0283019
142 172 0.196891
142 173 0.075
142 174 0.105769
142 175 0.134783
142 204 0.0985916
142 205 0.0186047
143 78 0.0216216
143 80 0.0169492
143 81 0.0116959
143 110 0.0628931
143 112 0.22043
143 113 0.00540541
143 114 0.0231214
143 141 0.216561
143 142 0.151042
143 144 0.343374
143 174 0.0689655
143 175 0.163265
143 176 0.0204082
143 207 0.0451613
144 81 0.128492
144 83 0.0424242
144 110 0.0658683
144 112 0.0670103
144 113 0.233161
144 114 0.038674
144 115 0.0843373
144 143 0.343374
144 145 0.193548
144 174 0.010989
144 175 0.0490196
144 176 0.0709677
145 113 0.0632184
145 115 0.0816327
145 116 0.0724638
145 144 0.193548
145 146 0.307692
145 176 0.0882353
145 177 0.100719
145 179 0.00724638
145 207 0.104167
146 84 0.0284091
146 85 0.00555556
146 113 0.0718232
146 114 0.0295858
146 115 0.11039
146 116 0.158621
146 117 0.00662252
146 145 0.307692
146 147 0.411429
146 148 0.0126582
146 176 0.013986
146 178 0.0123457
146 179 0.2
146 208 0.0677966
146 209 0.0335196
147 84 0.0597015
147 85 0.0829268
147 113 0.0485437
147 114 0.0309278
147 115 0.0167598
147 116 0.00588235
147 117 0.0795455
147 146 0.411429
147 148 0.251366
147 178 0.128342
147 179 0.0294118
147 208 0.039604
147 209 0.0490196
148 85 0.0106383
148 117 0.0251572
148 118 0.181319
148 146 0.0126582
148 147 0.251366
148 178 0.0647059
148 180 0.0581395
148 209 0.0909091
148 211 0.116022
149 117 0.0555556
149 118 0.0538922
149 119 0.122302
149 150 0.158824
149 151 0.012987
149 179 0.0434783
149 180 0.152866
149 181 0.0185185
150 87 0.0282486
150 88 0.0666667
150 89 0.00598802
150 118 0.119403
150 119 0.0578035
150 120 0.21118
150 121 0.109948
150 149 0.158824
150 151 0.170213
150 180 0.0366492
150 181 0.0102041
150 182 0.0314465
151 118 0.0378378
151 121 0.0857143
151 149 0.012987
151 150 0.170213
151 180 0.04
151 181 0.233333
151 183 0.0372671
151 211 0.0380435
151 213 0.0416667
152 90 0.0197044
152 91 0.0726257
152 120 0.0681818
152 121 0.300971
152 122 0.185185
152 153 0.0301205
152 183 0.078125
153 122 0.0202703
153 123 0.0947368
153 152 0.0301205
153 154 0.03125
153 182 0.0660377
153 183 0.0887097
153 184 0.0225564
153 214 0.015625
154 122 0.0342466
154 123 0.0430108
154 153 0.03125
154 184 0.0916031
154 185 0.155556
154 216 0.0560748
155 93 0.06
155 124 0.233645
155 125 0.0550459
155 186 0.12766
156 125 0.25
156 126 0.0866142
156 186 0.0619469
156 187 0.15625
156 217 0.03125
156 218 0.0451128
157 96 0.0862069
157 126 0.234234
157 158 0.0736842
157 188 0.12844
157 219 0.0983607
158 96 0.036036
158 127 0.0380952
158 128 0.12381
158 157 0.0736842
158 188 0.115385
158 189 0.0681818
158 190 0.0267857
158 220 0.0808081
159 97 0.00854701
159 128 0.146552
159 160 0.140625
159 190 0.0894309
159 191 0.0820896
159 221 0.0645161
160 97 0.142857
160 98 0.104167
160 128 0.030303
160 129 0.197183
160 159 0.140625
160 191 0.0533333
161 129 0.0519481
161 191 0.0235294
161 192 0.0833333
161 222 0.0677966
161 223 0.0666667
162 100 0.138554
162 101 0.0337838
162 102 0.0346821
162 132 0.304054
162 133 0.0135135
162 163 0.0597015
162 164 0.0454545
162 193 0.0625
162 194 0.0462963
162 224 0.0299401
163 101 0.0297619
163 132 0.0892857
163 133 0.0595238
163 134 0.00571429
163 162 0.0597015
163 164 0.0538462
163 193 0.0608108
163 194 0.0390625
163 195 0.0322581
163 196 0.0540541
163 224 0.368984
163 227 0.0909091
164 101 0.0416667
164 102 0.147929
164 103 0.0121212
164 132 0.0208333
164 133 0.229167
164 134 0.0794702
164 162 0.0454545
164 163 0.0538462
164 165 0.0546875
164 195 0.0381679
164 196 0.00621118
164 224 0.0122699
165 103 0.101604
165 104 0.0427807
165 133 0.138554
165 134 0.381503
165 135 0.0734463
165 164 0.0546875
165 166 0.0205479
165 195 0.0130719
165 196 0.0382514
165 227 0.00657895
166 104 0.010929
166 134 0.0118343
166 135 0.184971
166 165 0.0205479
166 167 0.218978
166 196 0.0391061
166 197 0.188976
166 198 0.0242424
166 227 0.0743243
167 104 0.0280899
167 135 0.208333
167 136 0.028169
167 166 0.218978
167 168 0.0328947
167 197 0.0327869
167 198 0.15
167 199 0.0227273
168 106 0.00574713
168 108 0.00588235
168 135 0.0159574
168 136 0.0493827
168 137 0.421053
168 167 0.0328947
168 169 0.0127389
168 198 0.00555556
168 199 0.335526
168 200 0.0363636
168 230 0.00689655
169 108 0.116129
169 138 0.16
169 168 0.0127389
169 170 0.00740741
169 200 0.313333
169 201 0.0283019
169 202 0.0357143
169 231 0.0078125
169 232 0.00666667
169 233 0.0110497
170 109 0.0684211
170 138 0.059322
170 139 0.378947
170 140 0.0863309
170 169 0.00740741
170 171 0.208589
170 172 0.0277778
170 201 0.020202
170 202 0.192547
170 203 0.0178571
171 108 0.010929
171 138 0.00653595
171 139 0.0692308
171 140 0.201149
171 141 0.0508475
171 142 0.0283019
171 170 0.208589
171 172 0.284916
171 173 0.129032
171 202 0.484694
171 203 0.0837438
171 204 0.0100503
171 232 0.011236
171 233 0.0287081
172 109 0.038835
172 111 0.039548
172 139 0.027027
172 140 0.193548
172 141 0.0822785
172 142 0.196891
172 170 0.0277778
172 171 0.284916
172 173 0.107784
172 202 0.19209
172 203 0.0163043
172 204 0.15
173 140 0.0123457
173 141 0.0121212
173 142 0.075
173 171 0.129032
173 172 0.107784
173 174 0.269231
173 202 0.119565
173 203 0.151832
173 204 0.256684
173 205 0.026455
173 232 0.0301205
173 233 0.071066
173 234 0.226415
173 235 0.0233645
173 236 0.0119048
174 141 0.0520231
174 142 0.105769
174 143 0.0689655
174 144 0.010989
174 173 0.269231
174 175 0.103774
174 176 0.0368098
174 204 0.0307692
174 205 0.213198
174 206 0.0621469
174 207 0.134503
174 234 0.125749
174 236 0.0227273
175 111 0.00934579
175 112 0.03125
175 113 0.0313901
175 114 0.113744
175 142 0.134783
175 143 0.163265
175 144 0.0490196
175 174 0.103774
175 176 0.151351
175 204 0.0737327
175 205 0.100457
175 206 0.0351759
175 207 0.0207254
175 208 0.0730594
176 114 0.0679012
176 143 0.0204082
176 144 0.0709677
176 145 0.0882353
176 146 0.013986
176 174 0.0368098
176 175 0.151351
176 177 0.0215827
176 205 0.0588235
176 206 0.0866667
176 207 0.472222
176 208 0.217647
176 238 0.0115607
176 240 0.0144928
177 145 0.100719
177 176 0.0215827
177 179 0.0567376
177 206 0.00653595
177 207 0.0884354
177 208 0.0751445
177 209 0.0628571
177 240 0.432624
177 241 0.150327
178 146 0.0123457
178 147 0.128342
178 148 0.0647059
178 208 0.380952
178 209 0.188482
178 211 0.0162162
178 238 0.0260417
178 239 0.015873
178 240 0.0573248
179 116 0.0714286
179 117 0.0205479
179 118 0.0118343
179 145 0.00724638
179 146 0.2
179 147 0.0294118
179 149 0.0434783
179 177 0.0567376
179 180 0.125786
179 209 0.132184
179 210 0.114504
179 240 0.0785714
179 241 0.00657895
180 118 0.0585106
180 148 0.0581395
180 149 0.152866
180 150 0.0366492
180 151 0.04
180 179 0.125786
180 181 0.103825
180 182 0.0205479
180 209 0.124352
180 210 0.146667
180 211 0.171123
180 212 0.0860927
180 213 0.0116959
181 121 0.00546448
181 149 0.0185185
181 150 0.0102041
181 151 0.233333
181 180 0.103825
181 182 0.145695
181 183 0.12426
181 211 0.0260417
181 212 0.0641026
181 213 0.232955
181 214 0.0289017
181 242 0.0552764
181 243 0.039548
182 120 0.112069
182 150 0.0314465
182 153 0.0660377
182 180 0.0205479
182 181 0.145695
182 183 0.0833333
182 212 0.0252101
182 214 0.0808824
182 244 0.0363636
183 120 0.104478
183 121 0.0426829
183 151 0.0372671
183 152 0.078125
183 153 0.0887097
183 181 0.12426
183 182 0.0833333
183 184 0.0943396
183 214 0.0194805
184 121 0.0289017
184 153 0.0225564
184 154 0.0916031
184 183 0.0943396
184 214 0.239264
184 215 0.037037
184 216 0.0555556
184 246 0.0236686
185 154 0.155556
185 215 0.170213
185 216 0.0873786
185 246 0.0078125
186 125 0.0825688
186 155 0.12766
186 156 0.0619469
186 217 0.137615
187 126 0.0243902
187 156 0.15625
187 218 0.20155
187 219 0.126866
187 249 0.0133333
187 250 0.0546875
188 157 0.12844
188 158 0.115385
188 189 0.156863
188 219 0.381679
188 251 0.10084
189 158 0.0681818
189 188 0.156863
189 220 0.195876
189 251 0.174757
190 128 0.102362
190 158 0.0267857
190 159 0.0894309
190 220 0.206612
190 221 0.37037
190 252 0.013986
191 129 0.0608108
191 159 0.0820896
191 160 0.0533333
191 161 0.0235294
191 221 0.0410959
191 222 0.476923
191 223 0.0229008
191 253 0.135484
192 129 0.0243902
192 130 0.00819672
192 131 0.118812
192 132 0.0486111
192 161 0.0833333
192 223 0.198113
192 224 0.0552147
193 132 0.0617284
193 133 0.00617284
193 162 0.0625
193 163 0.0608108
193 194 0.368852
193 195 0.00671141
193 224 0.187845
193 225 0.0402685
193 226 0.0295858
193 255 0.0759494
194 132 0.0211268
194 133 0.0140845
194 162 0.0462963
194 163 0.0390625
194 193 0.368852
194 195 0.124031
194 196 0.0251572
194 224 0.167702
194 225 0.0852713
194 226 0.0268456
194 227 0.0234375
194 255 0.00724638
194 258 0.0127389
195 133 0.035503
195 134 0.0568182
195 163 0.0322581
195 164 0.0381679
195 165 0.0130719
195 193 0.00671141
195 194 0.124031
195 196 0.204301
195 224 0.0159574
195 225 0.141026
195 226 0.0113636
195 227 0.0516129
195 256 0.00917431
195 258 0.0815217
196 133 0.0100503
196 134 0.0436893
196 163 0.0540541
196 164 0.00621118
196 165 0.0382514
196 166 0.0391061
196 194 0.0251572
196 195 0.204301
196 197 0.0304878
196 224 0.0229358
196 225 0.016129
196 226 0.00970874
196 227 0.405405
196 256 0.00719424
196 258 0.121495
197 166 0.188976
197 167 0.0327869
197 196 0.0304878
197 198 0.113333
197 227 0.0451128
197 229 0.00613497
197 259 0.169811
198 166 0.0242424
198 167 0.15
198 168 0.00555556
198 197 0.113333
198 199 0.03125
198 228 0.235294
198 229 0.248756
198 230 0.0653595
198 259 0.0416667
199 135 0.00595238
199 137 0.00662252
199 167 0.0227273
199 168 0.335526
199 198 0.03125
199 200 0.062069
199 228 0.008
199 230 0.2
199 231 0.0162602
200 138 0.0225564
200 168 0.0363636
200 169 0.313333
200 199 0.062069
200 231 0.102941
200 232 0.0316456
200 233 0.031746
201 139 0.0151515
201 169 0.0283019
201 170 0.020202
201 202 0.0454545
201 203 0.115108
201 232 0.236842
201 233 0.0896552
201 264 0.0212766
202 139 0.046875
202 140 0.151163
202 141 0.0228571
202 169 0.0357143
202 170 0.192547
202 171 0.484694
202 172 0.19209
202 173 0.119565
202 201 0.0454545
202 203 0.189055
202 204 0.0101523
202 232 0.0454545
202 233 0.0724638
202 234 0.035503
203 170 0.0178571
203 171 0.0837438
203 172 0.0163043
203 173 0.151832
203 201 0.115108
203 202 0.189055
203 204 0.0833333
203 232 0.213115
203 233 0.415888
203 234 0.0625
203 235 0.125541
203 263 0.0165746
203 265 0.0251256
204 140 0.00571429
204 142 0.0985916
204 171 0.0100503
204 172 0.15
204 173 0.256684
204 174 0.0307692
204 175 0.0737327
204 202 0.0101523
204 203 0.0833333
204 205 0.188119
204 234 0.0988372
204 235 0.0484582
204 236 0.0994475
205 142 0.0186047
205 173 0.026455
205 174 0.213198
205 175 0.100457
205 176 0.0588235
205 204 0.188119
205 206 0.195652
205 234 0.0689655
205 235 0.0567686
205 236 0.20765
205 238 0.057971
205 266 0.0388889
205 267 0.107955
206 174 0.0621469
206 175 0.0351759
206 176 0.0866667
206 177 0.00653595
206 205 0.195652
206 207 0.189873
206 208 0.125
206 236 0.00613497
206 237 0.0180723
206 238 0.299465
206 240 0.0197368
206 267 0.0897436
206 268 0.138158
206 269 0.0454545
206 270 0.0377358
207 143 0.0451613
207 145 0.104167
207 174 0.134503
207 175 0.0207254
207 176 0.472222
207 177 0.0884354
207 206 0.189873
207 208 0.0168539
207 240 0.0136986
207 268 0.0821918
207 270 0.00653595
208 146 0.0677966
208 147 0.039604
208 175 0.0730594
208 176 0.217647
208 177 0.0751445
208 178 0.380952
208 206 0.125
208 207 0.0168539
208 209 0.0242718
208 238 0.0724638
208 239 0.00980392
208 240 0.197674
208 270 0.00558659
209 146 0.0335196
209 147 0.0490196
209 148 0.0909091
209 177 0.0628571
209 178 0.188482
209 179 0.132184
209 180 0.124352
209 208 0.0242718
209 211 0.237624
209 239 0.00970874
209 240 0.091954
209 241 0.123656
209 242 0.0287081
209 272 0.0259067
210 179 0.114504
210 180 0.146667
210 212 0.300813
210 241 0.265734
210 242 0.0240964
210 243 0.00694444
210 273 0.0384615
210 274 0.00943396
211 148 0.116022
211 151 0.0380435
211 178 0.0162162
211 180 0.171123
211 181 0.0260417
211 209 0.237624
211 212 0.01875
211 239 0.015
211 242 0.167488
211 272 0.00534759
212 180 0.0860927
212 181 0.0641026
212 182 0.0252101
212 210 0.300813
212 211 0.01875
212 242 0.0838323
212 243 0.151724
212 244 0.0695652
212 273 0.0916031
212 274 0.0186916
213 151 0.0416667
213 180 0.0116959
213 181 0.232955
213 214 0.130435
213 242 0.0748663
213 243 0.151515
213 245 0.00581395
214 153 0.015625
214 181 0.0289017
214 182 0.0808824
214 183 0.0194805
214 184 0.239264
214 213 0.130435
214 215 0.0615385
214 243 0.0617284
214 244 0.0909091
214 245 0.0473373
214 246 0.115854
214 274 0.016129
215 184 0.037037
215 185 0.170213
215 214 0.0615385
215 216 0.108108
215 244 0.221154
215 245 0.0070922
216 154 0.0560748
216 184 0.0555556
216 185 0.0873786
216 215 0.108108
216 246 0.193103
216 278 0.0610687
217 156 0.03125
217 186 0.137615
217 218 0.0310078
217 248 0.235294
217 279 0.106195
218 156 0.0451128
218 187 0.20155
218 217 0.0310078
218 248 0.16129
218 249 0.148387
218 280 0.0152672
219 157 0.0983607
219 187 0.126866
219 188 0.381679
219 250 0.0434783
219 251 0.0757576
220 158 0.0808081
220 189 0.195876
220 190 0.206612
220 221 0.00819672
220 251 0.0175439
220 252 0.0769231
220 282 0.015748
221 159 0.0645161
221 190 0.37037
221 191 0.0410959
221 220 0.00819672
221 252 0.104167
221 253 0.110345
221 283 0.0357143
222 161 0.0677966
222 191 0.476923
222 223 0.114286
222 253 0.0697674
222 284 0.016
222 285 0.015625
223 161 0.0666667
223 191 0.0229008
223 192 0.198113
223 222 0.114286
223 224 0.0368098
223 254 0.0660377
223 255 0.0214286
224 162 0.0299401
224 163 0.368984
224 164 0.0122699
224 192 0.0552147
224 193 0.187845
224 194 0.167702
224 195 0.0159574
224 196 0.0229358
224 223 0.0368098
224 225 0.0106383
224 226 0.0673077
224 227 0.0106952
224 255 0.00507614
225 193 0.0402685
225 194 0.0852713
225 195 0.141026
225 196 0.016129
225 224 0.0106383
225 226 0.136364
225 227 0.0193548
225 255 0.121212
225 256 0.201835
225 258 0.25
225 287 0.0220994
225 289 0.0695652
226 193 0.0295858
226 194 0.0268456
226 195 0.0113636
226 196 0.00970874
226 224 0.0673077
226 225 0.136364
226 227 0.0228571
226 254 0.0264901
226 255 0.351351
226 256 0.00775194
226 257 0.05
226 258 0.112745
226 287 0.0298507
226 288 0.0183486
227 163 0.0909091
227 165 0.00657895
227 166 0.0743243
227 194 0.0234375
227 195 0.0516129
227 196 0.405405
227 197 0.0451128
227 224 0.0106952
227 225 0.0193548
227 226 0.0228571
227 258 0.0874317
227 289 0.0614035
228 198 0.235294
228 199 0.008
228 229 0.313253
228 230 0.00847458
228 259 0.0825688
228 290 0.0235294
228 291 0.105769
229 197 0.00613497
229 198 0.248756
229 228 0.313253
229 230 0.0120482
229 259 0.0191083
229 260 0.0615385
229 290 0.197248
229 291 0.0526316
230 168 0.00689655
230 198 0.0653595
230 199 0.2
230 228 0.00847458
230 229 0.0120482
230 231 0.0862069
230 260 0.0365854
230 261 0.125984
230 262 0.030303
230 293 0.0325203
231 169 0.0078125
231 199 0.0162602
231 200 0.102941
231 230 0.0862069
231 232 0.00735294
231 233 0.0239521
231 262 0.237113
231 263 0.0149254
231 264 0.0431034
231 295 0.0294118
232 169 0.00666667
232 171 0.011236
232 173 0.0301205
232 200 0.0316456
232 201 0.236842
232 202 0.0454545
232 203 0.213115
232 231 0.00735294
232 233 0.407407
232 234 0.00662252
232 235 0.0339806
232 263 0.121795
232 264 0.137681
232 265 0.0747126
232 295 0.0949367
233 169 0.0110497
233 171 0.0287081
233 173 0.071066
233 200 0.031746
233 201 0.0896552
233 202 0.0724638
233 203 0.415888
233 231 0.0239521
233 232 0.407407
233 234 0.120879
233 235 0.0295359
233 263 0.0748663
233 264 0.0236686
233 265 0.097561
233 295 0.047619
234 173 0.226415
234 174 0.125749
234 202 0.035503
234 203 0.0625
234 204 0.0988372
234 205 0.0689655
234 232 0.00662252
234 233 0.120879
234 235 0.19598
234 236 0.0261438
234 265 0.0239521
234 266 0.133333
234 267 0.0753425
234 297 0.01875
235 173 0.0233645
235 203 0.125541
235 204 0.0484582
235 205 0.0567686
235 232 0.0339806
235 233 0.0295359
235 234 0.19598
235 236 0.100962
235 263 0.00980392
235 265 0.193694
235 266 0.156098
235 267 0.0149254
235 296 0.143478
235 297 0.251163
235 298 0.00540541
236 173 0.0119048
236 174 0.0227273
236 204 0.0994475
236 205 0.20765
236 206 0.00613497
236 234 0.0261438
236 235 0.100962
236 237 0.181818
236 238 0.112903
236 266 0.0880503
236 267 0.0580645
236 269 0.00653595
236 296 0.00543478
236 297 0.112426
236 300 0.0166667
237 206 0.0180723
237 236 0.181818
237 238 0.0899471
237 267 0.0443038
237 269 0.00641026
237 297 0.139535
237 298 0.0492958
237 300 0.273224
237 301 0.0471204
238 176 0.0115607
238 178 0.0260417
238 205 0.057971
238 206 0.299465
238 208 0.0724638
238 236 0.112903
238 237 0.0899471
238 239 0.0772947
238 240 0.0228571
238 267 0.00558659
238 268 0.00571429
238 269 0.0508475
238 270 0.0769231
238 300 0.112745
239 178 0.015873
239 208 0.00980392
239 209 0.00970874
239 211 0.015
239 238 0.0772947
239 240 0.0581395
239 269 0.0517241
239 270 0.312849
239 271 0.0406977
239 272 0.167539
239 300 0.0199005
239 301 0.0287081
239 303 0.0205128
240 176 0.0144928
240 177 0.432624
240 178 0.0573248
240 179 0.0785714
240 206 0.0197368
240 207 0.0136986
240 208 0.197674
240 209 0.091954
240 238 0.0228571
240 239 0.0581395
240 241 0.0921053
240 268 0.0285714
240 269 0.0140845
240 270 0.122449
240 271 0.0142857
240 272 0.0440252
241 177 0.150327
241 179 0.00657895
241 209 0.123656
241 210 0.265734
241 240 0.0921053
241 242 0.0748663
241 270 0.0125786
241 271 0.0921053
241 272 0.140351
241 273 0.0993377
241 304 0.0116959
242 181 0.0552764
242 209 0.0287081
242 210 0.0240964
242 211 0.167488
242 212 0.0838323
242 213 0.0748663
242 241 0.0748663
242 243 0.117021
242 272 0.103093
242 273 0.0689655
242 275 0.0114943
242 303 0.030303
242 304 0.159794
243 181 0.039548
243 210 0.00694444
243 212 0.151724
243 213 0.151515
243 214 0.0617284
243 242 0.117021
243 244 0.0441176
243 245 0.0462428
243 273 0.00657895
243 274 0.109375
243 275 0.0460526
243 276 0.0254777
243 304 0.139535
244 182 0.0363636
244 212 0.0695652
244 214 0.0909091
244 215 0.221154
244 243 0.0441176
244 246 0.0217391
244 274 0.122449
244 276 0.102362
245 213 0.00581395
245 214 0.0473373
245 215 0.0070922
245 243 0.0462428
245 246 0.325714
245 275 0.188679
245 276 0.286585
245 306 0.00775194
245 308 0.0177515
246 184 0.0236686
246 185 0.0078125
246 214 0.115854
246 216 0.193103
246 244 0.0217391
246 245 0.325714
246 276 0.100629
246 277 0.015873
246 278 0.0833333
247 277 0.123288
247 278 0.038835
248 217 0.235294
248 218 0.16129
248 279 0.0833333
248 280 0.0826446
248 310 0.0676692
249 187 0.0133333
249 218 0.148387
249 250 0.318182
249 280 0.151316
249 311 0.0745342
249 312 0.00595238
250 187 0.0546875
250 219 0.0434783
250 249 0.318182
250 251 0.103175
250 281 0.117647
250 311 0.0719424
250 312 0.0136986
251 188 0.10084
251 189 0.174757
251 219 0.0757576
251 220 0.0175439
251 250 0.103175
251 252 0.0147059
251 281 0.0884956
251 282 0.218045
252 190 0.013986
252 220 0.0769231
252 221 0.104167
252 251 0.0147059
252 282 0.187919
252 283 0.25
252 313 0.0138889
252 314 0.0307692
253 191 0.135484
253 221 0.110345
253 222 0.0697674
253 254 0.00769231
253 283 0.100671
253 284 0.38
253 285 0.011236
253 315 0.0503145
254 223 0.0660377
254 226 0.0264901
254 253 0.00769231
254 255 0.0785714
254 284 0.0238095
254 285 0.169231
254 286 0.165049
254 317 0.0397351
255 193 0.0759494
255 194 0.00724638
255 223 0.0214286
255 224 0.00507614
255 225 0.121212
