0 1 0.276596
0 31 0.176136
0 32 0.0508475
1 0 0.276596
1 2 0.0670732
1 32 0.174419
1 33 0.0839695
2 1 0.0670732
2 3 0.338798
2 32 0.12
2 33 0.0125786
2 34 0.1125
3 2 0.338798
3 4 0.132075
3 5 0.0263158
3 34 0.0927152
3 36 0.0170455
3 65 0.0135135
4 3 0.132075
4 5 0.0457143
4 34 0.0441176
4 35 0.327161
4 36 0.0496894
4 65 0.0601504
4 66 0.0116959
5 3 0.0263158
5 4 0.0457143
5 6 0.0731707
5 7 0.00492611
5 36 0.515625
5 37 0.025641
6 5 0.0731707
6 7 0.248447
6 8 0.0372671
6 36 0.0133333
6 37 0.0526316
7 5 0.00492611
7 6 0.248447
7 8 0.35
7 36 0.00529101
7 37 0.0915033
7 38 0.0955056
7 39 0.0280899
8 6 0.0372671
8 7 0.35
8 9 0.239362
8 38 0.0280899
8 39 0.146067
8 40 0.0226244
9 8 0.239362
9 10 0.20904
9 39 0.0843373
9 40 0.210526
9 41 0.00540541
10 9 0.20904
10 40 0.0952381
10 41 0.0268817
10 42 0.132231
10 43 0.0327869
10 73 0.10989
11 12 0.17
11 42 0.175676
11 43 0.466667
11 44 0.00740741
12 11 0.17
12 13 0.181818
12 42 0.0777778
12 43 0.241758
12 44 0.198675
12 73 0.0794702
12 75 0.0282486
13 12 0.181818
13 15 0.0294118
13 44 0.0535714
13 45 0.025974
13 46 0.0298507
14 15 0.376
14 16 0.0860215
14 45 0.41
14 46 0.433333
14 47 0.0350877
14 76 0.056
14 77 0.0192308
15 13 0.0294118
15 14 0.376
15 16 0.0746269
15 45 0.468085
15 46 0.0992366
15 47 0.00645161
15 76 0.0180723
16 14 0.0860215
16 15 0.0746269
16 17 0.0223881
16 18 0.0891089
16 45 0.0642202
16 46 0.131313
16 47 0.186992
16 48 0.114286
16 49 0.0434783
16 77 0.0176991
16 79 0.0291971
17 16 0.0223881
17 18 0.157895
17 19 0.0708661
17 20 0.0588235
17 47 0.00645161
17 48 0.00483092
17 49 0.451613
17 50 0.0854701
17 80 0.0186916
18 16 0.0891089
18 17 0.157895
18 20 0.0116279
18 47 0.0737705
18 48 0.0287356
18 49 0.472527
18 50 0.047619
18 80 0.0276243
18 81 0.0728477
19 17 0.0708661
19 20 0.275
19 21 0.0117647
19 50 0.474359
19 51 0.0434783
19 81 0.00689655
20 17 0.0588235
20 18 0.0116279
20 19 0.275
20 21 0.012987
20 50 0.342857
20 51 0.149533
20 52 0.0166667
20 81 0.218978
21 19 0.0117647
21 20 0.012987
21 22 0.321839
21 51 0.25
21 52 0.032
21 53 0.0633803
21 54 0.0263158
22 21 0.321839
22 24 0.0956522
22 51 0.017094
22 52 0.00769231
22 53 0.0816327
22 54 0.0588235
23 24 0.55
23 25 0.319444
23 26 0.0567376
23 54 0.138889
23 55 0.0917431
23 56 0.00458716
23 57 0.0134228
23 88 0.00584795
24 22 0.0956522
24 23 0.55
24 25 0.126761
24 26 0.028777
24 53 0.0117647
24 54 0.140845
24 55 0.121495
24 56 0.0138889
25 23 0.319444
25 24 0.126761
25 26 0.0559441
25 54 0.0958904
25 55 0.018018
25 56 0.0863636
25 57 0.0596026
25 58 0.00558659
25 85 0.00609756
25 88 0.0635838
26 23 0.0567376
26 24 0.028777
26 25 0.0559441
26 27 0.0687023
26 56 0.00921659
26 57 0.304054
26 58 0.159091
26 88 0.0294118
27 26 0.0687023
27 28 0.280702
27 29 0.013986
27 57 0.179856
27 58 0.0538922
27 59 0.0462428
27 60 0.00900901
27 88 0.0124224
27 90 0.04
28 27 0.280702
28 29 0.0592593
28 57 0.0381679
28 58 0.0377358
28 59 0.0424242
28 60 0.174757
28 90 0.011976
29 27 0.013986
29 28 0.0592593
29 30 0.178295
29 59 0.0154639
29 60 0.55303
29 61 0.0320513
29 90 0.122449
29 92 0.123377
30 29 0.178295
30 60 0.113402
30 61 0.280992
30 92 0.0252101
31 0 0.176136
31 32 0.0966184
31 62 0.384181
31 63 0.00588235
31 64 0.0152284
32 0 0.0508475
32 1 0.174419
32 2 0.12
32 31 0.0966184
32 33 0.221557
32 34 0.0178571
32 62 0.011236
32 64 0.0959596
33 1 0.0839695
33 2 0.0125786
33 32 0.221557
33 34 0.0629921
33 64 0.159236
34 2 0.1125
34 3 0.0927152
34 4 0.0441176
34 32 0.0178571
34 33 0.0629921
34 35 0.012987
34 64 0.107595
34 65 0.096
34 66 0.0429448
34 95 0.033557
35 4 0.327161
35 34 0.012987
35 36 0.0335196
35 37 0.00699301
35 65 0.172185
35 66 0.042328
35 67 0.116564
35 68 0.0379747
35 98 0.0352941
36 3 0.0170455
36 4 0.0496894
36 5 0.515625
36 6 0.0133333
36 7 0.00529101
36 35 0.0335196
36 37 0.0422535
36 68 0.00636943
37 5 0.025641
37 6 0.0526316
37 7 0.0915033
37 35 0.00699301
37 36 0.0422535
37 38 0.0763359
37 68 0.272727
38 7 0.0955056
38 8 0.0280899
38 37 0.0763359
38 39 0.378205
38 68 0.0616438
38 69 0.0608108
38 70 0.0877193
38 71 0.00694444
39 7 0.0280899
39 8 0.146067
39 9 0.0843373
39 38 0.378205
39 40 0.0904523
39 68 0.00684932
39 70 0.105263
39 71 0.0138889
40 8 0.0226244
40 9 0.210526
40 10 0.0952381
40 39 0.0904523
40 41 0.233945
40 42 0.00653595
40 70 0.0318471
40 71 0.251337
40 73 0.0327103
41 9 0.00540541
41 10 0.0268817
41 40 0.233945
41 71 0.0920245
41 72 0.0214286
41 73 0.215789
41 74 0.0052356
41 103 0.0376344
41 104 0.190217
42 10 0.132231
42 11 0.175676
42 12 0.0777778
42 40 0.00653595
42 43 0.4
42 73 0.04
43 10 0.0327869
43 11 0.466667
43 12 0.241758
43 42 0.4
43 44 0.015873
43 73 0.015873
44 11 0.00740741
44 12 0.198675
44 13 0.0535714
44 43 0.015873
44 45 0.0331126
44 46 0.0496454
44 73 0.00537634
44 75 0.132075
44 76 0.255682
45 13 0.025974
45 14 0.41
45 15 0.468085
45 16 0.0642202
45 44 0.0331126
45 46 0.198113
45 47 0.0230769
45 76 0.0496454
46 13 0.0298507
46 14 0.433333
46 15 0.0992366
46 16 0.131313
46 44 0.0496454
46 45 0.198113
46 47 0.0333333
46 76 0.175573
46 77 0.0272727
46 79 0.00746269
46 109 0.0283688
47 14 0.0350877
47 15 0.00645161
47 16 0.186992
47 17 0.00645161
47 18 0.0737705
47 45 0.0230769
47 46 0.0333333
47 48 0.158163
47 49 0.00884956
47 77 0.0373134
47 79 0.0696203
48 16 0.114286
48 17 0.00483092
48 18 0.0287356
48 47 0.158163
48 49 0.0121212
48 77 0.0107527
48 78 0.0289855
48 79 0.285714
48 80 0.203922
48 109 0.0138249
48 110 0.03861
49 16 0.0434783
49 17 0.451613
49 18 0.472527
49 47 0.00884956
49 48 0.0121212
49 80 0.0174419
49 81 0.028169
50 17 0.0854701
50 18 0.047619
50 19 0.474359
50 20 0.342857
50 51 0.0571429
50 80 0.00606061
50 81 0.111111
51 19 0.0434783
51 20 0.149533
51 21 0.25
51 22 0.017094
51 50 0.0571429
51 52 0.232258
51 53 0.122093
51 81 0.00581395
52 20 0.0166667
52 21 0.032
52 22 0.00769231
52 51 0.232258
52 53 0.0918919
52 81 0.0486486
52 82 0.107981
52 83 0.0258065
52 85 0.00571429
53 21 0.0633803
53 22 0.0816327
53 24 0.0117647
53 51 0.122093
53 52 0.0918919
53 54 0.247126
53 83 0.0465116
53 85 0.208333
54 21 0.0263158
54 22 0.0588235
54 23 0.138889
54 24 0.140845
54 25 0.0958904
54 53 0.247126
54 55 0.0810811
54 56 0.0272727
54 85 0.103659
55 23 0.0917431
55 24 0.121495
55 25 0.018018
55 54 0.0810811
55 56 0.167568
55 87 0.0126582
56 23 0.00458716
56 24 0.0138889
56 25 0.0863636
56 26 0.00921659
56 54 0.0272727
56 55 0.167568
56 57 0.00444444
56 58 0.0158103
56 85 0.0504202
56 86 0.00985222
56 87 0.0319149
56 88 0.129555
56 89 0.0276498
56 117 0.010989
56 118 0.318898
57 23 0.0134228
57 25 0.0596026
57 26 0.304054
57 27 0.179856
57 28 0.0381679
57 56 0.00444444
57 58 0.168478
57 59 0.00526316
57 88 0.196629
58 25 0.00558659
58 26 0.159091
58 27 0.0538922
58 28 0.0377358
58 56 0.0158103
58 57 0.168478
58 59 0.307339
58 87 0.0612245
58 88 0.242718
58 89 0.1875
58 91 0.00512821
58 119 0.0140845
58 120 0.0163043
59 27 0.0462428
59 28 0.0424242
59 29 0.0154639
59 57 0.00526316
59 58 0.307339
59 87 0.00653595
59 88 0.0235849
59 89 0.0604396
59 90 0.123894
59 91 0.079602
59 119 0.00913242
59 120 0.0421053
59 122 0.199095
60 27 0.00900901
60 28 0.174757
60 29 0.55303
60 30 0.113402
60 61 0.00806452
60 92 0.0737705
61 29 0.0320513
61 30 0.280992
61 60 0.00806452
61 90 0.0638298
61 92 0.171233
61 122 0.0163934
61 123 0.0140845
62 31 0.384181
62 32 0.011236
62 63 0.0851064
62 64 0.0119048
62 93 0.0718563
62 125 0.00448431
63 31 0.00588235
63 62 0.0851064
63 64 0.267081
63 93 0.08125
63 94 0.150685
63 95 0.0263158
64 31 0.0152284
64 32 0.0959596
64 33 0.159236
64 34 0.107595
64 62 0.0119048
64 63 0.267081
64 66 0.00518135
64 95 0.173184
65 3 0.0135135
65 4 0.0601504
65 34 0.096
65 35 0.172185
65 66 0.11875
65 67 0.00746269
65 95 0.00684932
65 97 0.0130719
66 4 0.0116959
66 34 0.0429448
66 35 0.042328
66 64 0.00518135
66 65 0.11875
66 67 0.0465116
66 95 0.0706522
66 96 0.00507614
66 97 0.319372
66 98 0.0614525
67 35 0.116564
67 65 0.00746269
67 66 0.0465116
67 68 0.0567376
67 98 0.411765
67 99 0.0387597
67 130 0.00740741
68 35 0.0379747
68 36 0.00636943
68 37 0.272727
68 38 0.0616438
68 39 0.00684932
68 67 0.0567376
68 69 0.057971
68 98 0.0202703
68 99 0.169355
68 100 0.0318471
69 38 0.0608108
69 68 0.057971
69 70 0.0471698
69 71 0.0808824
69 99 0.031746
69 100 0.163522
69 101 0.0466667
69 102 0.119718
70 38 0.0877193
70 39 0.105263
70 40 0.0318471
70 69 0.0471698
70 71 0.176471
70 72 0.0506329
70 102 0.0555556
71 38 0.00694444
71 39 0.0138889
71 40 0.251337
71 41 0.0920245
71 69 0.0808824
71 70 0.176471
71 72 0.0825688
71 102 0.0144928
71 103 0.00645161
72 41 0.0214286
72 70 0.0506329
72 71 0.0825688
72 102 0.26087
72 103 0.227273
72 104 0.00769231
72 134 0.0258621
73 10 0.10989
73 12 0.0794702
73 40 0.0327103
73 41 0.215789
73 42 0.04
73 43 0.015873
73 44 0.00537634
73 74 0.0534759
73 75 0.117925
73 104 0.00555556
74 41 0.0052356
74 73 0.0534759
74 75 0.15493
74 104 0.110497
74 105 0.39645
74 106 0.034188
74 136 0.0121212
74 137 0.015544
75 12 0.0282486
75 44 0.132075
75 73 0.117925
75 74 0.15493
75 76 0.0792079
75 105 0.0154639
75 106 0.208494
75 107 0.00440529
76 14 0.056
76 15 0.0180723
76 44 0.255682
76 45 0.0496454
76 46 0.175573
76 75 0.0792079
76 77 0.131034
76 106 0.0762332
76 107 0.0471204
76 109 0.125
77 14 0.0192308
77 16 0.0176991
77 46 0.0272727
77 47 0.0373134
77 48 0.0107527
77 76 0.131034
77 78 0.0137931
77 79 0.222973
77 106 0.0148515
77 107 0.0352941
77 108 0.00617284
77 109 0.225806
78 48 0.0289855
78 77 0.0137931
78 79 0.171598
78 108 0.0163934
78 109 0.125
78 110 0.0688073
78 140 0.216561
79 16 0.0291971
79 46 0.00746269
79 47 0.0696203
79 48 0.285714
79 77 0.222973
79 78 0.171598
79 80 0.00460829
79 109 0.139665
79 110 0.0271493
80 17 0.0186916
80 18 0.0276243
80 48 0.203922
80 49 0.0174419
80 50 0.00606061
80 79 0.00460829
80 81 0.336207
80 82 0.138462
80 110 0.0300752
80 111 0.0292887
80 112 0.0318182
81 18 0.0728477
81 19 0.00689655
81 20 0.218978
81 49 0.028169
81 50 0.111111
81 51 0.00581395
81 52 0.0486486
81 80 0.336207
81 82 0.0956522
82 52 0.107981
82 80 0.138462
82 81 0.0956522
82 83 0.25
82 84 0.0107527
82 112 0.188073
82 144 0.0172414
83 52 0.0258065
83 53 0.0465116
83 82 0.25
83 84 0.09375
83 85 0.0679012
83 113 0.0104167
83 114 0.157407
83 144 0.0402299
84 82 0.0107527
84 83 0.09375
84 85 0.0337838
84 113 0.280488
84 114 0.606383
84 115 0.0869565
84 116 0.0131579
84 144 0.125
84 145 0.0632184
84 146 0.00956938
84 147 0.0261438
85 25 0.00609756
85 52 0.00571429
85 53 0.208333
85 54 0.103659
85 56 0.0504202
85 83 0.0679012
85 84 0.0337838
85 113 0.00862069
85 114 0.015625
85 116 0.0727273
85 117 0.015873
85 118 0.0353535
85 147 0.0320856
86 56 0.00985222
86 87 0.0824742
86 116 0.0266667
86 117 0.296703
86 118 0.257669
86 119 0.0306748
86 147 0.0197368
86 148 0.194915
86 149 0.285714
87 55 0.0126582
87 56 0.0319149
87 58 0.0612245
87 59 0.00653595
87 86 0.0824742
87 88 0.0638298
87 89 0.315315
87 117 0.0131579
87 118 0.0472973
87 119 0.155405
87 120 0.0588235
87 149 0.0900901
87 150 0.02
87 151 0.0506329
88 23 0.00584795
88 25 0.0635838
88 26 0.0294118
88 27 0.0124224
88 56 0.129555
88 57 0.196629
88 58 0.242718
88 59 0.0235849
88 87 0.0638298
88 89 0.164706
88 118 0.00966184
89 56 0.0276498
89 58 0.1875
89 59 0.0604396
89 87 0.315315
89 88 0.164706
89 118 0.00564972
89 119 0.152542
89 120 0.027027
89 149 0.0142857
89 150 0.00558659
89 151 0.101852
89 152 0.0138889
90 27 0.04
90 28 0.011976
90 29 0.122449
90 59 0.123894
90 61 0.0638298
90 91 0.0492611
90 92 0.107527
90 120 0.03125
90 122 0.367713
90 123 0.0164835
91 58 0.00512821
91 59 0.079602
91 90 0.0492611
91 119 0.0102041
91 120 0.0838323
91 121 0.104712
91 122 0.242424
91 123 0.0127389
91 151 0.0551181
91 152 0.0368098
91 153 0.159794
92 29 0.123377
92 30 0.0252101
92 60 0.0737705
92 61 0.171233
92 90 0.107527
92 122 0.143646
92 123 0.0214286
93 62 0.0718563
93 63 0.08125
93 94 0.0872093
93 125 0.429752
94 63 0.150685
94 93 0.0872093
94 95 0.128049
94 96 0.0564972
94 125 0.171053
94 126 0.0981595
95 34 0.033557
95 63 0.0263158
95 64 0.173184
95 65 0.00684932
95 66 0.0706522
95 94 0.128049
95 96 0.322404
95 97 0.0338983
95 126 0.00591716
96 66 0.00507614
96 94 0.0564972
96 95 0.322404
96 97 0.194737
96 126 0.137363
96 127 0.114458
96 128 0.05
97 65 0.0130719
97 66 0.319372
97 95 0.0338983
97 96 0.194737
97 98 0.0813954
97 128 0.126866
97 129 0.00740741
97 130 0.0194805
98 35 0.0352941
98 66 0.0614525
98 67 0.411765
98 68 0.0202703
98 97 0.0813954
98 99 0.0808824
98 129 0.00813008
98 130 0.147887
99 67 0.0387597
99 68 0.169355
99 69 0.031746
99 98 0.0808824
99 100 0.296552
99 101 0.00735294
99 130 0.0932203
99 131 0.015873
100 68 0.0318471
100 69 0.163522
100 99 0.296552
100 101 0.284024
100 102 0.0124224
100 130 0.0463576
100 131 0.0566038
101 69 0.0466667
101 99 0.00735294
101 100 0.284024
101 102 0.151316
101 130 0.0211268
101 131 0.133333
101 132 0.0366972
101 162 0.0125786
101 163 0.0253165
102 69 0.119718
102 70 0.0555556
102 71 0.0144928
102 72 0.26087
102 100 0.0124224
102 101 0.151316
102 103 0.068323
102 132 0.0594059
102 133 0.0833333
102 134 0.0413793
102 163 0.0266667
103 41 0.0376344
103 71 0.00645161
103 72 0.227273
103 102 0.068323
103 104 0.176136
103 133 0.0404624
103 134 0.401235
103 135 0.00578035
104 41 0.190217
104 72 0.00769231
104 73 0.00555556
104 74 0.110497
104 103 0.176136
104 105 0.234568
104 134 0.0375
104 135 0.0760234
104 136 0.0189873
104 137 0.00537634
105 74 0.39645
105 75 0.0154639
105 104 0.234568
105 106 0.00465116
105 135 0.0125786
105 136 0.226027
105 137 0.0517241
106 74 0.034188
106 75 0.208494
106 76 0.0762332
106 77 0.0148515
106 105 0.00465116
106 107 0.314516
106 108 0.00416667
106 109 0.0171674
106 137 0.117155
107 75 0.00440529
107 76 0.0471204
107 77 0.0352941
107 106 0.314516
107 108 0.264423
107 109 0.119403
107 137 0.0628019
107 138 0.00473934
107 139 0.0366492
108 77 0.00617284
108 78 0.0163934
108 106 0.00416667
108 107 0.264423
108 109 0.0777202
108 137 0.00502513
108 138 0.0689655
108 139 0.437158
108 140 0.0574713
108 169 0.00495049
108 170 0.00452489
109 46 0.0283688
109 48 0.0138249
109 76 0.125
109 77 0.225806
109 78 0.125
109 79 0.139665
109 106 0.0171674
109 107 0.119403
109 108 0.0777202
109 140 0.0239521
110 48 0.03861
110 78 0.0688073
110 79 0.0271493
110 80 0.0300752
110 111 0.481481
110 112 0.0535714
110 140 0.0861244
110 142 0.00473934
110 143 0.010101
111 80 0.0292887
111 110 0.481481
111 112 0.0406091
111 140 0.0549451
111 141 0.043956
111 142 0.076087
111 143 0.0467836
112 80 0.0318182
112 82 0.188073
112 110 0.0535714
112 111 0.0406091
112 142 0.030303
112 143 0.0592105
112 144 0.182292
113 83 0.0104167
113 84 0.280488
113 85 0.00862069
113 114 0.16129
113 115 0.405405
113 116 0.0227273
113 144 0.046875
113 145 0.00704225
113 146 0.00564972
114 83 0.157407
114 84 0.606383
114 85 0.015625
114 113 0.16129
114 115 0.102041
114 116 0.0178571
114 144 0.0714286
114 145 0.0584416
114 146 0.037037
114 147 0.0827068
115 84 0.0869565
115 113 0.405405
115 114 0.102041
115 144 0.0173913
115 145 0.0155039
115 146 0.0182927
116 84 0.0131579
116 85 0.0727273
116 86 0.0266667
116 113 0.0227273
116 114 0.0178571
116 117 0.185185
116 118 0.0634921
116 147 0.0608696
116 148 0.037037
117 56 0.010989
117 85 0.015873
117 86 0.296703
117 87 0.0131579
117 116 0.185185
117 118 0.15493
117 147 0.00763359
117 148 0.113402
117 149 0.152381
117 179 0.010101
118 56 0.318898
118 85 0.0353535
118 86 0.257669
118 87 0.0472973
118 88 0.00966184
118 89 0.00564972
118 116 0.0634921
118 117 0.15493
118 147 0.137931
118 148 0.12426
118 149 0.0451977
118 178 0.00598802
118 179 0.0409357
119 58 0.0140845
119 59 0.00913242
119 86 0.0306748
119 87 0.155405
119 89 0.152542
119 91 0.0102041
119 120 0.324324
119 149 0.112994
119 150 0.25
119 151 0.0965517
119 152 0.0994475
119 153 0.0377358
119 180 0.00546448
119 182 0.0210526
120 58 0.0163043
120 59 0.0421053
120 87 0.0588235
120 89 0.027027
120 90 0.03125
120 91 0.0838323
120 119 0.324324
120 121 0.0388889
120 122 0.026738
120 150 0.0695187
120 151 0.0603448
120 152 0.0460526
120 153 0.174863
121 91 0.104712
121 120 0.0388889
121 122 0.028436
121 123 0.123529
121 152 0.0568182
121 153 0.323671
121 154 0.01875
121 183 0.0233645
121 184 0.248945
122 59 0.199095
122 61 0.0163934
122 90 0.367713
122 91 0.242424
122 92 0.143646
122 120 0.026738
122 121 0.028436
122 123 0.0338983
122 151 0.00680272
122 153 0.00934579
123 61 0.0140845
123 90 0.0164835
123 91 0.0127389
123 92 0.0214286
123 121 0.123529
123 122 0.0338983
123 154 0.0555556
123 184 0.17734
124 125 0.0446927
124 155 0.211009
124 156 0.0336134
124 186 0.247059
124 187 0.191304
124 189 0.0131579
125 62 0.00448431
125 93 0.429752
125 94 0.171053
125 124 0.0446927
125 126 0.0515021
125 155 0.0219298
125 156 0.285714
125 187 0.0213675
126 94 0.0981595
126 95 0.00591716
126 96 0.137363
126 125 0.0515021
126 127 0.0394737
126 156 0.242775
126 158 0.0978261
127 96 0.114458
127 126 0.0394737
127 128 0.209091
127 158 0.184524
127 160 0.186667
127 190 0.0228571
128 96 0.05
128 97 0.126866
128 127 0.209091
128 129 0.164706
128 161 0.0241935
129 97 0.00740741
129 98 0.00813008
129 128 0.164706
129 130 0.314286
129 131 0.00884956
129 161 0.056
130 67 0.00740741
130 97 0.0194805
130 98 0.147887
130 99 0.0932203
130 100 0.0463576
130 101 0.0211268
130 129 0.314286
130 131 0.113636
130 161 0.0277778
131 99 0.015873
131 100 0.0566038
131 101 0.133333
131 129 0.00884956
131 130 0.113636
131 161 0.230263
131 162 0.0805369
131 163 0.0405405
131 194 0.0245399
132 101 0.0366972
132 102 0.0594059
132 133 0.274336
132 163 0.046729
132 196 0.010989
133 102 0.0833333
133 103 0.0404624
133 132 0.274336
133 134 0.133758
133 163 0.12963
133 165 0.140741
133 166 0.0659341
133 194 0.0112994
133 196 0.0684932
134 72 0.0258621
134 102 0.0413793
134 103 0.401235
134 104 0.0375
134 133 0.133758
134 135 0.0955414
135 103 0.00578035
135 104 0.0760234
135 105 0.0125786
135 134 0.0955414
135 136 0.154839
135 165 0.0148148
135 166 0.291209
135 167 0.0208333
136 74 0.0121212
136 104 0.0189873
136 105 0.226027
136 135 0.154839
136 137 0.152941
136 138 0.0344828
136 166 0.00591716
136 167 0.160305
137 74 0.015544
137 104 0.00537634
137 105 0.0517241
137 106 0.117155
137 107 0.0628019
137 108 0.00502513
137 136 0.152941
137 138 0.237624
137 167 0.00628931
137 168 0.00454545
138 107 0.00473934
138 108 0.0689655
138 136 0.0344828
138 137 0.237624
138 139 0.0215054
138 167 0.0674847
138 168 0.147321
138 169 0.160976
138 198 0.00966184
139 107 0.0366492
139 108 0.437158
139 138 0.0215054
139 140 0.0700637
139 169 0.0648649
139 170 0.112745
139 172 0.01
140 78 0.216561
140 108 0.0574713
140 109 0.0239521
140 110 0.0861244
140 111 0.0549451
140 139 0.0700637
140 141 0.0945946
140 142 0.02
140 170 0.00512821
140 172 0.0575916
141 111 0.043956
141 140 0.0945946
141 142 0.54
141 143 0.0583942
141 172 0.0314136
142 110 0.00473934
142 111 0.076087
142 112 0.030303
142 140 0.02
142 141 0.54
142 143 0.0935252
142 172 0.124352
142 173 0.00555556
143 110 0.010101
143 111 0.0467836
143 112 0.0592105
143 141 0.0583942
143 142 0.0935252
143 144 0.0843373
143 172 0.00555556
143 173 0.113772
143 174 0.010582
143 175 0.0839161
144 82 0.0172414
144 83 0.0402299
144 84 0.125
144 112 0.182292
144 113 0.046875
144 114 0.0714286
144 115 0.0173913
144 143 0.0843373
144 145 0.181818
144 146 0.00392157
144 175 0.0163934
145 84 0.0632184
145 113 0.00704225
145 114 0.0584416
145 115 0.0155039
145 144 0.181818
145 146 0.524164
145 147 0.0140845
145 174 0.00823045
145 175 0.0964467
146 84 0.00956938
146 113 0.00564972
146 114 0.037037
146 115 0.0182927
146 144 0.00392157
146 145 0.524164
146 147 0.173387
146 175 0.0172414
146 176 0.0684932
146 177 0.0146341
146 207 0.0114068
146 208 0.0515464
146 209 0.0740741
147 84 0.0261438
147 85 0.0320856
147 86 0.0197368
147 114 0.0827068
147 116 0.0608696
147 117 0.00763359
147 118 0.137931
147 145 0.0140845
147 146 0.173387
147 178 0.00641026
147 179 0.0125
147 209 0.106952
148 86 0.194915
148 116 0.037037
148 117 0.113402
148 118 0.12426
148 149 0.189394
148 150 0.0175439
148 177 0.0782609
148 178 0.295082
148 179 0.301587
148 180 0.0289855
148 208 0.0192308
148 209 0.0718954
149 86 0.285714
149 87 0.0900901
149 89 0.0142857
149 117 0.152381
149 118 0.0451977
149 119 0.112994
149 148 0.189394
149 150 0.117318
149 178 0.184615
149 179 0.0447761
149 180 0.0616438
150 87 0.02
150 89 0.00558659
150 119 0.25
150 120 0.0695187
150 148 0.0175439
150 149 0.117318
150 151 0.0204082
150 152 0.0928962
150 180 0.0216216
150 182 0.265625
150 211 0.00561798
150 212 0.0175439
150 213 0.242604
150 214 0.00534759
151 87 0.0506329
151 89 0.101852
151 91 0.0551181
151 119 0.0965517
151 120 0.0603448
151 122 0.00680272
151 150 0.0204082
151 152 0.214286
151 153 0.0629371
151 182 0.00826446
151 213 0.122449
152 89 0.0138889
152 91 0.0368098
152 119 0.0994475
152 120 0.0460526
152 121 0.0568182
152 150 0.0928962
152 151 0.214286
152 153 0.268156
152 182 0.0191083
152 183 0.0967742
152 184 0.0239234
152 213 0.0820896
153 91 0.159794
153 119 0.0377358
153 120 0.174863
153 121 0.323671
153 122 0.00934579
153 151 0.0629371
153 152 0.268156
153 182 0.0212766
153 183 0.0645161
153 184 0.0875
153 213 0.0909091
154 121 0.01875
154 123 0.0555556
154 184 0.145078
154 185 0.116883
154 215 0.16568
154 216 0.0162162
155 124 0.211009
155 125 0.0219298
155 156 0.00595238
155 186 0.574627
155 187 0.268293
155 189 0.016
155 217 0.0151515
155 218 0.0420168
155 219 0.0949367
156 124 0.0336134
156 125 0.285714
156 126 0.242775
156 155 0.00595238
156 157 0.151899
156 158 0.0793651
156 187 0.045977
156 188 0.113043
156 189 0.0444444
157 156 0.151899
157 158 0.313609
157 159 0.162791
157 188 0.136842
157 190 0.0568182
158 126 0.0978261
158 127 0.184524
158 156 0.0793651
158 157 0.313609
158 159 0.1125
158 160 0.0494506
158 188 0.0396825
158 190 0.00966184
159 157 0.162791
159 158 0.1125
159 160 0.0422535
159 188 0.139535
159 190 0.143713
159 221 0.013245
159 222 0.193878
160 127 0.186667
160 158 0.0494506
160 159 0.0422535
160 161 0.0731707
160 190 0.253968
160 191 0.102151
160 192 0.0909091
161 128 0.0241935
161 129 0.056
161 130 0.0277778
161 131 0.230263
161 160 0.0731707
161 162 0.0496894
161 191 0.16129
161 193 0.0994475
162 101 0.0125786
162 131 0.0805369
162 161 0.0496894
162 163 0.0318471
162 193 0.140449
162 194 0.447674
162 195 0.00793651
162 225 0.0471204
163 101 0.0253165
163 102 0.0266667
163 131 0.0405405
163 132 0.046729
163 133 0.12963
163 162 0.0318471
163 194 0.304094
163 195 0.048
163 196 0.00714286
164 165 0.0245902
164 196 0.270677
164 197 0.0481928
164 226 0.23125
164 227 0.0882353
164 228 0.0981595
165 133 0.140741
165 135 0.0148148
165 164 0.0245902
165 166 0.281879
165 196 0.106195
165 197 0.0273973
165 227 0.0487805
166 133 0.0659341
166 135 0.291209
166 136 0.00591716
166 165 0.281879
166 167 0.0189873
166 196 0.025
166 197 0.217617
167 135 0.0208333
167 136 0.160305
167 137 0.00628931
167 138 0.0674847
167 166 0.0189873
167 168 0.0552486
167 197 0.0903226
167 198 0.219512
167 228 0.00657895
168 137 0.00454545
168 138 0.147321
168 167 0.0552486
168 169 0.156951
168 198 0.32
168 200 0.203704
169 108 0.00495049
169 138 0.160976
169 139 0.0648649
169 168 0.156951
169 170 0.224215
169 171 0.0102041
169 200 0.0913706
169 201 0.00684932
169 202 0.00769231
169 232 0.0149254
169 233 0.0275862
170 108 0.00452489
170 139 0.112745
170 140 0.00512821
170 169 0.224215
170 171 0.32093
170 172 0.222689
170 200 0.106481
170 201 0.0121212
170 202 0.0201342
170 203 0.00714286
170 233 0.0426829
171 169 0.0102041
171 170 0.32093
171 172 0.270142
171 173 0.0151515
171 200 0.0529101
171 201 0.00724638
171 202 0.0163934
171 203 0.185841
171 204 0.00934579
171 232 0.031746
171 233 0.116788
171 234 0.0424242
171 235 0.0101523
172 139 0.01
172 140 0.0575916
172 141 0.0314136
172 142 0.124352
172 143 0.00555556
172 170 0.222689
172 171 0.270142
172 173 0.122172
172 203 0.0294118
173 142 0.00555556
173 143 0.113772
173 171 0.0151515
173 172 0.122172
173 174 0.347826
173 175 0.0217391
173 203 0.0813008
173 204 0.025641
173 205 0.078125
173 234 0.0114286
173 235 0.00966184
174 143 0.010582
174 145 0.00823045
174 173 0.347826
174 175 0.252427
174 203 0.0137931
174 205 0.0866667
174 206 0.104839
174 207 0.00421941
174 237 0.00719424
175 143 0.0839161
175 144 0.0163934
175 145 0.0964467
175 146 0.0172414
175 173 0.0217391
175 174 0.252427
175 176 0.0136054
175 206 0.0742574
175 207 0.0209424
176 146 0.0684932
176 175 0.0136054
176 177 0.141667
176 206 0.026455
176 207 0.275281
176 208 0.110092
176 209 0.196203
176 240 0.0647059
177 146 0.0146341
177 148 0.0782609
177 176 0.141667
177 178 0.0530973
177 179 0.017094
177 207 0.0121951
177 208 0.505263
177 209 0.354167
177 210 0.0153846
177 240 0.0128205
178 118 0.00598802
178 147 0.00641026
178 148 0.295082
178 149 0.184615
178 177 0.0530973
178 179 0.193548
178 180 0.0441176
178 208 0.127451
178 209 0.0794702
178 210 0.0583942
178 242 0.127517
179 117 0.010101
179 118 0.0409357
179 147 0.0125
179 148 0.301587
179 149 0.0447761
179 177 0.017094
179 178 0.193548
179 180 0.0428571
179 208 0.00943396
179 209 0.193548
179 210 0.0212766
179 211 0.0451128
179 212 0.00793651
179 242 0.150327
180 119 0.00546448
180 148 0.0289855
180 149 0.0616438
180 150 0.0216216
180 178 0.0441176
180 179 0.0428571
180 182 0.0943396
180 210 0.117647
180 211 0.0275862
180 212 0.144928
180 242 0.0606061
181 182 0.034188
181 183 0.0273973
181 211 0.0873786
181 212 0.0208333
181 213 0.0851064
181 214 0.178571
181 244 0.262626
181 245 0.383721
182 119 0.0210526
182 150 0.265625
182 151 0.00826446
182 152 0.0191083
182 153 0.0212766
182 180 0.0943396
182 181 0.034188
182 183 0.0615385
182 211 0.0526316
182 212 0.0827586
182 213 0.195804
182 214 0.068323
182 242 0.0872093
182 244 0.0540541
182 245 0.00740741
183 121 0.0233645
183 152 0.0967742
183 153 0.0645161
183 181 0.0273973
183 182 0.0615385
183 184 0.125506
183 213 0.0581395
183 214 0.173684
183 215 0.0269058
183 216 0.0334728
183 244 0.0677966
183 245 0.0243902
183 246 0.144144
184 121 0.248945
184 123 0.17734
184 152 0.0239234
184 153 0.0875
184 154 0.145078
184 183 0.125506
184 215 0.109756
184 216 0.019084
185 154 0.116883
185 215 0.0923077
185 216 0.0342466
186 124 0.247059
186 155 0.574627
186 187 0.0785714
186 217 0.00925926
186 219 0.00746269
187 124 0.191304
187 125 0.0213675
187 155 0.268293
187 156 0.045977
187 186 0.0785714
187 188 0.018018
187 189 0.290076
187 217 0.00724638
187 218 0.048
187 219 0.390244
187 220 0.00689655
187 249 0.00518135
187 250 0.00961538
188 156 0.113043
188 157 0.136842
188 158 0.0396825
188 159 0.139535
188 187 0.018018
188 189 0.194444
188 190 0.0075188
188 219 0.0190476
188 221 0.017094
188 250 0.0444444
189 124 0.0131579
189 155 0.016
189 156 0.0444444
189 187 0.290076
189 188 0.194444
189 219 0.28
189 220 0.0188679
189 221 0.124088
189 250 0.0923077
190 127 0.0228571
190 157 0.0568182
190 158 0.00966184
190 159 0.143713
190 160 0.253968
190 188 0.0075188
190 191 0.00947867
190 192 0.126531
190 221 0.0252525
190 222 0.248276
191 160 0.102151
191 161 0.16129
191 190 0.00947867
191 192 0.46281
191 193 0.172414
191 222 0.0704225
191 224 0.0273973
192 160 0.0909091
192 190 0.126531
192 191 0.46281
192 193 0.109705
192 222 0.125
192 223 0.0460526
192 224 0.0711462
193 161 0.0994475
193 162 0.140449
193 191 0.172414
193 192 0.109705
193 194 0.0104167
193 224 0.200935
193 225 0.0473934
194 131 0.0245399
194 133 0.0112994
194 162 0.447674
194 163 0.304094
194 193 0.0104167
194 195 0.0642857
195 162 0.00793651
195 163 0.048
195 194 0.0642857
195 196 0.146789
195 225 0.176101
195 226 0.0147059
195 227 0.0641026
196 132 0.010989
196 133 0.0684932
196 163 0.00714286
196 164 0.270677
196 165 0.106195
196 166 0.025
196 195 0.146789
196 225 0.0114943
196 226 0.013245
196 227 0.150538
197 164 0.0481928
197 165 0.0273973
197 166 0.217617
197 167 0.0903226
197 198 0.150754
197 199 0.0666667
197 227 0.0714286
197 228 0.0855615
197 229 0.0588235
197 230 0.00775194
197 258 0.00460829
197 260 0.00970874
198 138 0.00966184
198 167 0.219512
198 168 0.32
198 197 0.150754
198 199 0.0232558
198 200 0.0954774
198 228 0.0969388
198 229 0.171875
198 231 0.00704225
198 260 0.0186047
198 261 0.00595238
199 197 0.0666667
199 198 0.0232558
199 229 0.204082
199 230 0.322034
199 231 0.0793651
199 260 0.0441176
199 261 0.202247
200 168 0.203704
200 169 0.0913706
200 170 0.106481
200 171 0.0529101
200 198 0.0954774
200 201 0.0215827
200 202 0.097561
200 229 0.0252101
200 231 0.037594
200 232 0.00787402
200 233 0.224638
200 261 0.0125786
200 262 0.0276243
201 169 0.00684932
201 170 0.0121212
201 171 0.00724638
201 200 0.0215827
201 202 0.347222
201 232 0.381579
201 233 0.0229885
201 234 0.104348
201 262 0.0230769
201 263 0.0224719
201 264 0.00694444
202 169 0.00769231
202 170 0.0201342
202 171 0.0163934
202 200 0.097561
202 201 0.347222
202 203 0.0638298
202 232 0.266667
202 233 0.338028
202 234 0.0606061
202 235 0.00763359
202 262 0.00877193
202 263 0.0136986
202 264 0.0625
202 265 0.00934579
203 170 0.00714286
203 171 0.185841
203 172 0.0294118
203 173 0.0813008
203 174 0.0137931
203 202 0.0638298
203 204 0.21875
203 205 0.0232558
203 232 0.0196078
203 233 0.016129
203 234 0.0555556
204 171 0.00934579
204 173 0.025641
204 203 0.21875
204 205 0.0540541
204 234 0.0357143
204 235 0.0603448
204 236 0.0533333
204 267 0.0571429
204 269 0.0645161
205 173 0.078125
205 174 0.0866667
205 203 0.0232558
205 204 0.0540541
205 206 0.0890411
205 237 0.432432
205 267 0.0431034
205 269 0.0410959
206 174 0.104839
206 175 0.0742574
206 176 0.026455
206 205 0.0890411
206 207 0.386266
206 237 0.0148148
206 238 0.125828
206 239 0.0567376
207 146 0.0114068
207 174 0.00421941
207 175 0.0209424
207 176 0.275281
207 177 0.0121951
207 206 0.386266
207 208 0.0457516
207 238 0.0285714
207 240 0.126168
208 146 0.0515464
208 148 0.0192308
208 176 0.110092
208 177 0.505263
208 178 0.127451
208 179 0.00943396
208 207 0.0457516
208 209 0.105263
208 210 0.0252101
208 240 0.0137931
209 146 0.0740741
209 147 0.106952
209 148 0.0718954
209 176 0.196203
209 177 0.354167
209 178 0.0794702
209 179 0.193548
209 208 0.105263
209 210 0.00595238
209 240 0.0206186
209 242 0.0166667
210 177 0.0153846
210 178 0.0583942
210 179 0.0212766
210 180 0.117647
210 208 0.0252101
210 209 0.00595238
210 211 0.0753425
210 212 0.143885
210 240 0.0333333
210 241 0.025641
210 242 0.313253
210 272 0.0920245
210 273 0.00515464
211 150 0.00561798
211 179 0.0451128
211 180 0.0275862
211 181 0.0873786
211 182 0.0526316
211 210 0.0753425
211 212 0.19084
211 213 0.0310078
211 214 0.0748299
211 241 0.128378
211 242 0.240506
211 243 0.122302
211 244 0.0298507
211 245 0.0413223
211 272 0.0645161
211 274 0.0487805
212 150 0.0175439
212 179 0.00793651
212 180 0.144928
212 181 0.0208333
212 182 0.0827586
212 210 0.143885
212 211 0.19084
212 213 0.0327869
212 214 0.0857143
212 242 0.13245
212 243 0.0606061
212 244 0.015748
212 272 0.0743243
213 150 0.242604
213 151 0.122449
213 152 0.0820896
213 153 0.0909091
213 181 0.0851064
213 182 0.195804
213 183 0.0581395
213 211 0.0310078
213 212 0.0327869
213 214 0.108696
213 242 0.0201342
213 244 0.064
213 245 0.0178571
214 150 0.00534759
214 181 0.178571
214 182 0.068323
214 183 0.173684
214 211 0.0748299
214 212 0.0857143
214 213 0.108696
214 243 0.0945946
214 244 0.342657
214 245 0.130769
214 246 0.0159574
214 276 0.0595238
215 154 0.16568
215 183 0.0269058
215 184 0.109756
215 185 0.0923077
215 216 0.273109
215 246 0.0180995
215 247 0.0452261
216 154 0.0162162
216 183 0.0334728
216 184 0.019084
216 185 0.0342466
216 215 0.273109
216 246 0.219409
216 247 0.265116
216 278 0.189189
217 155 0.0151515
217 186 0.00925926
217 187 0.00724638
217 218 0.408602
217 248 0.113095
217 249 0.118012
218 155 0.0420168
218 187 0.048
218 217 0.408602
218 219 0.00840336
218 248 0.0580645
218 249 0.236486
218 250 0.0677966
218 281 0.0192308
219 155 0.0949367
219 186 0.00746269
219 187 0.390244
219 188 0.0190476
219 189 0.28
219 218 0.00840336
219 220 0.158273
219 221 0.0941176
219 249 0.0320856
219 250 0.0102041
219 281 0.0102564
220 187 0.00689655
220 189 0.0188679
220 219 0.158273
220 221 0.397351
220 249 0.0119048
220 250 0.0126582
220 251 0.00595238
220 252 0.0123457
220 253 0.132353
220 281 0.0170455
220 282 0.0625
220 283 0.0131579
221 159 0.013245
221 188 0.017094
221 189 0.124088
221 190 0.0252525
221 219 0.0941176
221 220 0.397351
221 222 0.00775194
221 250 0.0272727
221 252 0.00892857
221 253 0.215569
221 281 0.0144928
221 282 0.362205
221 283 0.010929
221 285 0.00540541
222 159 0.193878
222 190 0.248276
222 191 0.0704225
222 192 0.125
222 221 0.00775194
222 223 0.0384615
222 253 0.0175439
222 282 0.175676
222 285 0.00757576
222 286 0.00909091
223 192 0.0460526
223 222 0.0384615
223 224 0.00775194
223 252 0.142857
223 253 0.0222222
223 254 0.0117647
223 255 0.0961538
223 284 0.03125
223 285 0.0833333
223 286 0.0930233
224 191 0.0273973
224 192 0.0711462
224 193 0.200935
224 223 0.00775194
224 225 0.167401
224 254 0.00537634
224 255 0.281046
224 256 0.0152672
224 257 0.0358744
224 286 0.0106952
225 162 0.0471204
225 193 0.0473934
225 195 0.176101
225 196 0.0114943
225 224 0.167401
225 226 0.139303
225 256 0.046875
225 257 0.0909091
225 258 0.0128205
226 164 0.23125
226 195 0.0147059
226 196 0.013245
226 225 0.139303
226 227 0.2
226 228 0.0220994
226 257 0.0761421
226 258 0.109005
227 164 0.0882353
227 165 0.0487805
227 195 0.0641026
227 196 0.150538
227 197 0.0714286
227 226 0.2
227 228 0.00813008
227 258 0.00653595
228 164 0.0981595
228 167 0.00657895
228 197 0.0855615
228 198 0.0969388
228 226 0.0220994
228 227 0.00813008
228 229 0.0344828
228 258 0.0981308
228 259 0.0751174
228 260 0.231527
229 197 0.0588235
229 198 0.171875
229 199 0.204082
229 200 0.0252101
229 228 0.0344828
229 231 0.145161
229 260 0.148148
229 261 0.0113636
229 293 0.0263158
230 197 0.00775194
230 199 0.322034
230 231 0.125
230 261 0.336735
230 262 0.0416667
230 263 0.0126582
230 293 0.0465116
231 198 0.00704225
231 199 0.0793651
231 200 0.037594
231 229 0.145161
231 230 0.125
231 233 0.0123457
231 260 0.0268456
231 261 0.0686275
231 262 0.016129
231 263 0.0240964
231 291 0.0333333
231 293 0.477778
231 295 0.0387597
232 169 0.0149254
232 171 0.031746
232 200 0.00787402
232 201 0.381579
232 202 0.266667
232 203 0.0196078
232 233 0.186667
232 234 0.106796
232 262 0.0847458
232 263 0.0779221
232 264 0.0454545
232 294 0.00862069
232 295 0.0813008
233 169 0.0275862
233 170 0.0426829
233 171 0.116788
233 200 0.224638
233 201 0.0229885
233 202 0.338028
233 203 0.016129
233 231 0.0123457
233 232 0.186667
233 263 0.0113636
233 264 0.153846
233 265 0.0163934
233 294 0.023622
233 295 0.0223881
234 171 0.0424242
234 173 0.0114286
234 201 0.104348
234 202 0.0606061
234 203 0.0555556
234 204 0.0357143
234 232 0.106796
234 235 0.425287
234 236 0.0075188
234 264 0.0350877
234 265 0.0333333
234 266 0.0163934
234 267 0.116564
234 297 0.0636364
235 171 0.0101523
235 173 0.00966184
235 202 0.00763359
235 204 0.0603448
235 234 0.425287
235 236 0.181818
235 264 0.00492611
235 265 0.00549451
235 267 0.353846
235 269 0.0263158
235 299 0.00526316
236 204 0.0533333
236 234 0.0075188
236 235 0.181818
236 237 0.0266667
236 267 0.233766
236 268 0.266667
236 269 0.333333
236 297 0.00990099
236 299 0.0738255
236 301 0.0168067
237 174 0.00719424
237 205 0.432432
237 206 0.0148148
237 236 0.0266667
237 238 0.0952381
237 267 0.0952381
237 268 0.0140845
237 269 0.112903
237 301 0.1
238 206 0.125828
238 207 0.0285714
238 237 0.0952381
238 239 0.354167
238 240 0.174242
238 270 0.027027
238 271 0.0421053
238 301 0.0116279
239 206 0.0567376
239 238 0.354167
239 240 0.00819672
239 268 0.025974
239 270 0.15625
239 271 0.0352941
239 300 0.00724638
239 301 0.0526316
239 302 0.184615
240 176 0.0647059
240 177 0.0128205
240 207 0.126168
240 208 0.0137931
240 209 0.0206186
240 210 0.0333333
240 238 0.174242
240 239 0.00819672
240 241 0.032967
240 270 0.0202703
240 271 0.242604
240 302 0.00671141
241 210 0.025641
241 211 0.128378
241 240 0.032967
241 242 0.125
241 243 0.0201342
241 271 0.0965517
241 272 0.212121
241 273 0.112245
241 274 0.149425
241 304 0.0580645
242 178 0.127517
242 179 0.150327
242 180 0.0606061
242 182 0.0872093
242 209 0.0166667
242 210 0.313253
242 211 0.240506
242 212 0.13245
242 213 0.0201342
242 241 0.125
242 243 0.0188679
242 272 0.04
242 273 0.00485437
243 211 0.122302
243 212 0.0606061
243 214 0.0945946
243 241 0.0201342
243 242 0.0188679
243 244 0.0296296
243 272 0.025641
243 273 0.0962567
243 274 0.0909091
243 275 0.00666667
243 276 0.05625
243 305 0.027972
243 306 0.196629
244 181 0.262626
244 182 0.0540541
244 183 0.0677966
244 211 0.0298507
244 212 0.015748
244 213 0.064
244 214 0.342657
244 243 0.0296296
244 245 0.393162
244 246 0.0114286
244 275 0.0551724
244 276 0.135484
244 306 0.017341
245 181 0.383721
245 182 0.00740741
245 183 0.0243902
245 211 0.0413223
245 213 0.0178571
245 214 0.130769
245 244 0.393162
245 275 0.0757576
245 276 0.105634
245 306 0.03125
246 183 0.144144
246 214 0.0159574
246 215 0.0180995
246 216 0.219409
246 244 0.0114286
246 247 0.136364
246 275 0.0789474
246 276 0.16
246 277 0.0243902
246 278 0.0195122
246 306 0.00458716
246 308 0.151659
247 215 0.0452261
247 216 0.265116
247 246 0.136364
247 277 0.131148
247 278 0.344262
247 308 0.015873
247 309 0.0179372
248 217 0.113095
248 218 0.0580645
248 249 0.174888
248 279 0.444444
248 310 0.0105263
248 311 0.00411523
249 187 0.00518135
249 217 0.118012
249 218 0.236486
249 219 0.0320856
249 220 0.0119048
249 248 0.174888
249 250 0.0787402
249 279 0.114537
249 280 0.0121951
249 281 0.401786
249 311 0.0211864
250 187 0.00961538
250 188 0.0444444
250 189 0.0923077
250 218 0.0677966
250 219 0.0102041
250 220 0.0126582
250 221 0.0272727
250 249 0.0787402
250 281 0.155556
250 282 0.0181818
250 283 0.036036
251 220 0.00595238
251 252 0.0232558
251 280 0.128049
251 281 0.191964
251 282 0.00694444
251 283 0.21
251 311 0.0169492
251 312 0.0130719
251 313 0.208955
251 314 0.0269058
252 220 0.0123457
252 221 0.00892857
252 223 0.142857
252 251 0.0232558
252 282 0.0526316
252 283 0.115044
252 284 0.179487
252 285 0.026087
252 286 0.0215054
252 313 0.00877193
252 314 0.0808824
252 315 0.0446927
253 220 0.132353
253 221 0.215569
253 222 0.0175439
253 223 0.0222222
253 254 0.0408163
253 282 0.223214
253 283 0.0119048
253 284 0.0319149
253 285 0.270588
253 286 0.00675676
254 223 0.0117647
254 224 0.00537634
254 253 0.0408163
254 284 0.0337079
254 285 0.284848
254 286 0.342657
254 287 0.0519481
254 315 0.00436681
254 316 0.0180723
254 318 0.147239
255 223 0.0961538
255 224 0.281046
255 256 0.277778
255 257 0.0273973
255 285 0.00757576
255 286 0.1
255 287 0.00826446
255 288 0.0416667
255 317 0.0175439
255 318 0.0153846
256 224 0.0152672
256 225 0.046875
256 255 0.277778
256 257 0.0806452
256 286 0.0113636
256 287 0.020202
256 288 0.06
256 317 0.114286
256 318 0.037037
257 224 0.0358744
257 225 0.0909091
257 226 0.0761421
257 255 0.0273973
257 256 0.0806452
257 258 0.204348
257 287 0.0052356
257 288 0.260563
257 290 0.0307692
257 318 0.01
258 197 0.00460829
258 225 0.0128205
258 226 0.109005
258 227 0.00653595
258 228 0.0981308
258 257 0.204348
258 259 0.17284
258 260 0.0128755
258 288 0.025641
258 289 0.0268817
258 290 0.124402
259 228 0.0751174
259 258 0.17284
259 260 0.521552
259 289 0.0486486
259 290 0.0769231
259 291 0.0520231
259 293 0.0115607
259 321 0.00947867
260 197 0.00970874
260 198 0.0186047
260 199 0.0441176
260 228 0.231527
260 229 0.148148
260 231 0.0268456
260 258 0.0128755
260 259 0.521552
260 261 0.00571429
260 289 0.0342857
260 291 0.0122699
260 293 0.0122699
261 198 0.00595238
261 199 0.202247
261 200 0.0125786
261 229 0.0113636
261 230 0.336735
261 231 0.0686275
261 260 0.00571429
261 262 0.0866667
261 263 0.0275229
261 291 0.215517
261 292 0.102564
261 293 0.181034
261 295 0.0322581
261 322 0.027027
262 200 0.0276243
262 201 0.0230769
262 202 0.00877193
262 230 0.0416667
262 231 0.016129
262 232 0.0847458
262 261 0.0866667
262 263 0.251908
262 292 0.028777
262 293 0.0362319
262 294 0.258824
262 295 0.468927
262 324 0.0305344
262 325 0.0116959
262 326 0.0260417
263 201 0.0224719
263 202 0.0136986
263 230 0.0126582
263 231 0.0240964
