0 1 0.0956522
0 31 0.0875
0 32 0.163934
1 0 0.0956522
1 2 0.263158
1 31 0.102564
1 32 0.125786
1 33 0.0245399
1 34 0.0402685
1 64 0.0143885
2 1 0.263158
2 3 0.136364
2 32 0.0280899
2 33 0.225275
2 34 0.22619
2 35 0.0255102
3 2 0.136364
3 4 0.192771
3 33 0.0725806
3 34 0.00909091
4 3 0.192771
4 5 0.188976
4 33 0.0150376
4 34 0.0672269
4 35 0.00680272
5 4 0.188976
5 6 0.149068
5 34 0.0584416
5 35 0.010989
5 36 0.0347222
5 37 0.11976
5 38 0.0441989
6 5 0.149068
6 7 0.137143
6 38 0.0277778
6 39 0.222826
7 6 0.137143
7 8 0.329341
7 9 0.013986
7 38 0.0153846
7 39 0.407035
7 68 0.0102041
7 69 0.038674
8 7 0.329341
8 9 0.025
8 10 0.10119
8 38 0.0348837
8 39 0.0738636
8 40 0.166667
8 69 0.120253
8 71 0.0208333
9 7 0.013986
9 8 0.025
9 10 0.25
9 39 0.223684
9 41 0.010989
10 8 0.10119
10 9 0.25
10 11 0.227513
10 39 0.055
10 40 0.117647
10 41 0.028777
10 42 0.0315315
10 71 0.0119048
10 72 0.012605
11 10 0.227513
11 14 0.101796
11 41 0.227941
11 42 0.118721
11 43 0.00641026
11 44 0.0655738
11 72 0.00851064
11 74 0.0217391
12 13 0.01875
12 14 0.320312
12 43 0.350427
12 45 0.0116959
12 74 0.124138
12 77 0.0294118
13 12 0.01875
13 14 0.166667
13 15 0.0765306
13 43 0.035503
13 44 0.0255102
13 45 0.41704
13 46 0.0315315
13 74 0.111675
13 77 0.0478723
14 11 0.101796
14 12 0.320312
14 13 0.166667
14 42 0.015
14 43 0.19708
14 44 0.0914634
14 45 0.078534
14 74 0.145455
15 13 0.0765306
15 16 0.176136
15 17 0.0102041
15 45 0.241546
15 46 0.135922
15 47 0.175
15 48 0.02
15 78 0.00492611
16 15 0.176136
16 17 0.359375
16 18 0.101266
16 19 0.0176471
16 46 0.029703
16 47 0.0663265
16 48 0.232877
16 78 0.00502513
16 80 0.00568182
17 15 0.0102041
17 16 0.359375
17 18 0.286517
17 19 0.142105
17 47 0.175926
17 48 0.150602
17 49 0.0657895
17 80 0.0255102
18 16 0.101266
18 17 0.286517
18 19 0.121795
18 20 0.0723684
18 47 0.032967
18 49 0.154639
18 51 0.0157068
18 80 0.0246914
19 16 0.0176471
19 17 0.142105
19 18 0.121795
19 20 0.292683
19 48 0.0208333
19 49 0.276699
19 50 0.00680272
19 51 0.0492611
19 79 0.00657895
19 80 0.00574713
20 18 0.0723684
20 19 0.292683
20 21 0.0344828
20 22 0.0759494
20 49 0.123762
20 50 0.041958
20 51 0.246231
20 52 0.0180723
20 82 0.0304878
21 20 0.0344828
21 22 0.284884
21 23 0.0430108
21 50 0.00636943
21 51 0.0516432
21 52 0.283333
21 53 0.12
21 54 0.21164
21 82 0.146067
21 83 0.117949
21 85 0.0497238
22 20 0.0759494
22 21 0.284884
22 23 0.00588235
22 50 0.0496454
22 51 0.218274
22 52 0.134146
22 53 0.186567
22 54 0.132948
22 82 0.0308642
23 21 0.0430108
23 22 0.00588235
23 24 0.0705128
23 26 0.00591716
23 53 0.0540541
23 54 0.256684
23 55 0.0694444
23 56 0.284314
23 85 0.0167598
23 87 0.0972973
24 23 0.0705128
24 25 0.0695652
24 26 0.255319
24 28 0.0325203
24 55 0.0258621
24 56 0.193182
24 57 0.00806452
24 58 0.22449
24 87 0.101911
25 24 0.0695652
25 26 0.507812
25 28 0.172727
25 55 0.0291262
25 56 0.0184049
25 58 0.0820896
25 87 0.0347222
26 23 0.00591716
26 24 0.255319
26 25 0.507812
26 28 0.102941
26 55 0.0620155
26 56 0.142857
26 57 0.0291971
26 58 0.225
26 87 0.147059
26 88 0.005
27 28 0.164286
27 29 0.122449
27 57 0.0283688
27 58 0.189024
27 59 0.297297
27 88 0.00980392
27 90 0.0139535
28 24 0.0325203
28 25 0.172727
28 26 0.102941
28 27 0.164286
28 57 0.00840336
28 58 0.429577
28 59 0.174603
28 88 0.00549451
29 27 0.122449
29 30 0.033557
29 59 0.233083
29 61 0.114754
29 90 0.035
30 29 0.033557
30 60 0.172897
30 61 0.065
30 92 0.317073
31 0 0.0875
31 1 0.102564
31 32 0.193548
32 0 0.163934
32 1 0.125786
32 2 0.0280899
32 31 0.193548
32 33 0.0294118
32 62 0.0769231
32 93 0.0538462
32 94 0.0324675
33 1 0.0245399
33 2 0.225275
33 3 0.0725806
33 4 0.0150376
33 32 0.0294118
33 34 0.0875
33 35 0.143617
33 62 0.0544218
33 63 0.04
33 64 0.14
33 65 0.0675676
33 95 0.0123457
34 1 0.0402685
34 2 0.22619
34 3 0.00909091
34 4 0.0672269
34 5 0.0584416
34 33 0.0875
34 35 0.0402299
34 36 0.161765
35 2 0.0255102
35 4 0.00680272
35 5 0.010989
35 33 0.143617
35 34 0.0402299
35 36 0.0365854
35 64 0.0731707
35 65 0.320988
35 66 0.20339
35 97 0.152632
36 5 0.0347222
36 34 0.161765
36 35 0.0365854
36 37 0.241611
36 66 0.0143885
36 67 0.510204
36 98 0.00990099
37 5 0.11976
37 36 0.241611
37 38 0.225806
37 67 0.0495868
37 68 0.0802139
37 98 0.146667
37 100 0.0106383
38 5 0.0441989
38 6 0.0277778
38 7 0.0153846
38 8 0.0348837
38 37 0.225806
38 68 0.253731
38 69 0.0537634
38 70 0.122137
38 98 0.0753138
38 100 0.049505
39 6 0.222826
39 7 0.407035
39 8 0.0738636
39 9 0.223684
39 10 0.055
39 69 0.121053
40 8 0.166667
40 10 0.117647
40 69 0.154639
40 70 0.115108
40 71 0.316667
40 72 0.112
40 102 0.0144928
41 9 0.010989
41 10 0.028777
41 11 0.227941
41 42 0.0177515
41 44 0.0526316
41 72 0.140541
42 10 0.0315315
42 11 0.118721
42 14 0.015
42 41 0.0177515
42 44 0.180556
42 71 0.040404
42 72 0.291045
42 73 0.127907
42 74 0.00460829
42 75 0.00414938
42 106 0.005
43 11 0.00641026
43 12 0.350427
43 13 0.035503
43 14 0.19708
43 44 0.137255
43 74 0.428571
43 75 0.00561798
43 77 0.00689655
44 11 0.0655738
44 13 0.0255102
44 14 0.0914634
44 41 0.0526316
44 42 0.180556
44 43 0.137255
44 72 0.0172414
44 73 0.0147059
44 74 0.375691
44 75 0.0878049
44 76 0.00526316
44 106 0.0304878
45 12 0.0116959
45 13 0.41704
45 14 0.078534
45 15 0.241546
45 46 0.158798
45 47 0.00881057
45 74 0.00480769
45 75 0.012931
45 76 0.0184332
45 77 0.0703518
45 78 0.0217391
46 13 0.0315315
46 15 0.135922
46 16 0.029703
46 45 0.158798
46 47 0.185841
46 48 0.0113636
46 75 0.004329
46 76 0.0462963
46 77 0.141414
46 78 0.266376
46 79 0.00543478
46 107 0.0688259
47 15 0.175
47 16 0.0663265
47 17 0.175926
47 18 0.032967
47 45 0.00881057
47 46 0.185841
47 48 0.0294118
47 77 0.0208333
47 78 0.26009
47 79 0.011236
47 80 0.02
47 107 0.0165975
47 111 0.0128755
48 15 0.02
48 16 0.232877
48 17 0.150602
48 19 0.0208333
48 46 0.0113636
48 47 0.0294118
48 49 0.0274725
48 78 0.0693642
48 79 0.164062
48 80 0.00666667
48 111 0.0163934
49 17 0.0657895
49 18 0.154639
49 19 0.276699
49 20 0.123762
49 48 0.0274725
49 50 0.124324
49 51 0.120332
49 79 0.00526316
49 80 0.0660377
49 81 0.111628
49 82 0.092233
49 111 0.171429
49 113 0.0726496
50 19 0.00680272
50 20 0.041958
50 21 0.00636943
50 22 0.0496454
50 49 0.124324
50 51 0.423077
50 52 0.0604027
50 81 0.115385
50 82 0.0272109
50 111 0.00537634
50 113 0.0228571
51 18 0.0157068
51 19 0.0492611
51 20 0.246231
51 21 0.0516432
51 22 0.218274
51 49 0.120332
51 50 0.423077
51 52 0.131707
51 81 0.0188679
51 82 0.0935961
51 83 0.00454545
52 20 0.0180723
52 21 0.283333
52 22 0.134146
52 50 0.0604027
52 51 0.131707
52 53 0.0422535
52 54 0.0441989
52 81 0.0167598
52 82 0.276471
52 83 0.101604
52 85 0.0520231
52 113 0.030303
52 115 0.0116279
52 116 0.00636943
52 117 0.0872093
53 21 0.12
53 22 0.186567
53 23 0.0540541
53 52 0.0422535
53 54 0.397351
53 55 0.0833333
53 82 0.00714286
53 85 0.041958
53 87 0.033557
53 117 0.0140845
54 21 0.21164
54 22 0.132948
54 23 0.256684
54 52 0.0441989
54 53 0.397351
54 55 0.0408163
54 56 0.0338164
54 83 0.00510204
54 85 0.0604396
54 87 0.0851064
54 116 0.0060241
54 117 0.0773481
55 23 0.0694444
55 24 0.0258621
55 25 0.0291262
55 26 0.0620155
55 53 0.0833333
55 54 0.0408163
55 56 0.054878
55 84 0.037594
55 85 0.172662
55 87 0.234483
55 116 0.0325203
55 117 0.123188
55 118 0.0322581
56 23 0.284314
56 24 0.193182
56 25 0.0184049
56 26 0.142857
56 54 0.0338164
56 55 0.054878
56 57 0.0406977
56 58 0.00512821
56 85 0.0251256
56 86 0.0216216
56 87 0.4
56 116 0.0218579
56 117 0.040404
56 118 0.0837209
56 119 0.00840336
57 24 0.00806452
57 26 0.0291971
57 27 0.0283688
57 28 0.00840336
57 56 0.0406977
57 58 0.034965
57 86 0.0526316
57 87 0.0457516
57 88 0.136612
57 118 0.104294
57 119 0.0752688
58 24 0.22449
58 25 0.0820896
58 26 0.225
58 27 0.189024
58 28 0.429577
58 56 0.00512821
58 57 0.034965
58 59 0.0133333
58 88 0.0339806
59 27 0.297297
59 28 0.174603
59 29 0.233083
59 58 0.0133333
59 61 0.152174
59 90 0.0149254
60 30 0.172897
60 61 0.245968
60 89 0.0484582
60 90 0.0113208
60 91 0.287554
60 92 0.264151
60 121 0.0273224
60 123 0.0586081
61 29 0.114754
61 30 0.065
61 59 0.152174
61 60 0.245968
61 89 0.0985916
61 90 0.187251
61 91 0.0182648
62 32 0.0769231
62 33 0.0544218
62 63 0.285714
62 64 0.0162602
62 94 0.167939
62 95 0.0814815
63 33 0.04
63 62 0.285714
63 95 0.0884956
63 96 0.00884956
64 1 0.0143885
64 33 0.14
64 35 0.0731707
64 62 0.0162602
64 66 0.00719424
64 94 0.0223881
64 95 0.195652
64 97 0.0460526
65 33 0.0675676
65 35 0.320988
65 66 0.00729927
65 96 0.0367647
65 97 0.12
66 35 0.20339
66 36 0.0143885
66 64 0.00719424
66 65 0.00729927
66 68 0.0112994
66 96 0.00662252
66 97 0.151515
66 98 0.232558
66 99 0.00628931
67 36 0.510204
67 37 0.0495868
68 7 0.0102041
68 37 0.0802139
68 38 0.253731
68 66 0.0112994
68 69 0.106952
68 98 0.158333
68 99 0.076087
68 100 0.0788177
68 129 0.0127389
69 7 0.038674
69 8 0.120253
69 38 0.0537634
69 39 0.121053
69 40 0.154639
69 68 0.106952
69 70 0.025641
69 71 0.0506329
69 100 0.037234
69 101 0.0150376
69 102 0.124324
70 38 0.122137
70 40 0.115108
70 69 0.025641
70 71 0.106796
70 100 0.0075188
71 8 0.0208333
71 10 0.0119048
71 40 0.316667
71 42 0.040404
71 69 0.0506329
71 70 0.106796
71 72 0.116822
71 102 0.0233918
72 10 0.012605
72 11 0.00851064
72 40 0.112
72 41 0.140541
72 42 0.291045
72 44 0.0172414
72 71 0.116822
72 73 0.101064
72 102 0.0373444
72 104 0.0333333
73 42 0.127907
73 44 0.0147059
73 72 0.101064
73 75 0.0124224
73 104 0.184211
74 11 0.0217391
74 12 0.124138
74 13 0.111675
74 14 0.145455
74 42 0.00460829
74 43 0.428571
74 44 0.375691
74 45 0.00480769
74 75 0.0728155
74 76 0.0104712
74 77 0.0462428
75 42 0.00414938
75 43 0.00561798
75 44 0.0878049
75 45 0.012931
75 46 0.004329
75 73 0.0124224
75 74 0.0728155
75 76 0.353488
75 77 0.137056
75 104 0.00546448
75 106 0.026455
75 107 0.0853659
75 136 0.107345
75 137 0.0909091
75 138 0.126214
76 44 0.00526316
76 45 0.0184332
76 46 0.0462963
76 74 0.0104712
76 75 0.353488
76 77 0.021978
76 107 0.25974
76 136 0.00617284
76 137 0.0206186
76 138 0.0104712
77 12 0.0294118
77 13 0.0478723
77 43 0.00689655
77 45 0.0703518
77 46 0.141414
77 47 0.0208333
77 74 0.0462428
77 75 0.137056
77 76 0.021978
77 78 0.0358974
77 107 0.248826
77 109 0.126904
78 15 0.00492611
78 16 0.00502513
78 45 0.0217391
78 46 0.266376
78 47 0.26009
78 48 0.0693642
78 77 0.0358974
78 79 0.127072
78 80 0.0541872
78 107 0.045082
78 108 0.0105263
78 109 0.144737
78 111 0.0338983
79 19 0.00657895
79 46 0.00543478
79 47 0.011236
79 48 0.164062
79 49 0.00526316
79 78 0.127072
79 80 0.0759494
79 108 0.186207
79 109 0.0928962
79 110 0.0416667
79 111 0.141361
79 142 0.0497512
79 143 0.0104712
80 16 0.00568182
80 17 0.0255102
80 18 0.0246914
80 19 0.00574713
80 47 0.02
80 48 0.00666667
80 49 0.0660377
80 78 0.0541872
80 79 0.0759494
80 81 0.136612
80 110 0.0315789
80 111 0.511737
80 112 0.0133333
80 113 0.0247525
80 141 0.00666667
80 142 0.0269058
80 143 0.00469484
81 49 0.111628
81 50 0.115385
81 51 0.0188679
81 52 0.0167598
81 80 0.136612
81 82 0.00564972
81 111 0.134259
81 112 0.0326797
81 113 0.302439
81 141 0.00653595
81 143 0.0231481
81 144 0.195238
82 20 0.0304878
82 21 0.146067
82 22 0.0308642
82 49 0.092233
82 50 0.0272109
82 51 0.0935961
82 52 0.276471
82 53 0.00714286
82 81 0.00564972
82 83 0.32973
82 113 0.0612245
82 115 0.0294118
82 117 0.0117647
82 144 0.00995025
83 21 0.117949
83 51 0.00454545
83 52 0.101604
83 54 0.00510204
83 82 0.32973
83 85 0.0212766
83 113 0.0751174
83 114 0.112994
83 115 0.0588235
83 116 0.0406977
83 117 0.0588235
83 144 0.0183486
84 55 0.037594
84 85 0.0654762
84 114 0.140127
84 115 0.431138
84 116 0.0131579
84 117 0.00598802
84 144 0.040404
84 145 0.0141844
84 146 0.02
84 147 0.0568182
85 21 0.0497238
85 23 0.0167598
85 52 0.0520231
85 53 0.041958
85 54 0.0604396
85 55 0.172662
85 56 0.0251256
85 83 0.0212766
85 84 0.0654762
85 86 0.05625
85 87 0.0444444
85 114 0.0368098
85 115 0.0520231
85 116 0.253165
85 117 0.421965
85 147 0.0879121
86 56 0.0216216
86 57 0.0526316
86 85 0.05625
86 87 0.0060241
86 116 0.152778
86 117 0.0628931
86 118 0.147727
86 119 0.0150754
86 146 0.0211268
86 147 0.184524
87 23 0.0972973
87 24 0.101911
87 25 0.0347222
87 26 0.147059
87 53 0.033557
87 54 0.0851064
87 55 0.234483
87 56 0.4
87 57 0.0457516
87 85 0.0444444
87 86 0.0060241
87 116 0.0243902
87 117 0.0391061
87 118 0.0969388
87 119 0.0456621
88 26 0.005
88 27 0.00980392
88 28 0.00549451
88 57 0.136612
88 58 0.0339806
88 89 0.00913242
88 90 0.245136
88 119 0.216867
88 120 0.10728
88 152 0.00913242
89 60 0.0484582
89 61 0.0985916
89 88 0.00913242
89 90 0.230435
89 91 0.010101
89 120 0.0854701
89 121 0.121622
89 122 0.140845
89 151 0.0106383
89 152 0.15625
90 27 0.0139535
90 29 0.035
90 59 0.0149254
90 60 0.0113208
90 61 0.187251
90 88 0.245136
90 89 0.230435
90 91 0.0169492
90 120 0.0220588
90 121 0.016129
90 152 0.0478261
91 60 0.287554
91 61 0.0182648
91 89 0.010101
91 90 0.0169492
91 92 0.0491803
91 121 0.0584416
91 122 0.100457
91 123 0.233607
91 152 0.0606061
91 154 0.00613497
92 30 0.317073
92 60 0.264151
92 91 0.0491803
92 123 0.00896861
92 154 0.0422535
93 32 0.0538462
93 94 0.211864
93 124 0.191919
94 32 0.0324675
94 62 0.167939
94 64 0.0223881
94 93 0.211864
94 95 0.0958904
94 124 0.0487805
94 125 0.0201342
94 155 0.0438596
94 157 0.0243902
95 33 0.0123457
95 62 0.0814815
95 63 0.0884956
95 64 0.195652
95 94 0.0958904
95 96 0.0333333
95 97 0.0182927
95 157 0.165354
95 158 0.0816327
96 63 0.00884956
96 65 0.0367647
96 66 0.00662252
96 95 0.0333333
96 97 0.109756
96 127 0.409091
96 128 0.0251256
96 157 0.133858
96 158 0.0612245
96 159 0.04
96 160 0.00555556
97 35 0.152632
97 64 0.0460526
97 65 0.12
97 66 0.151515
97 95 0.0182927
97 96 0.109756
97 98 0.0175439
97 128 0.0187793
97 129 0.0206897
98 36 0.00990099
98 37 0.146667
98 38 0.0753138
98 66 0.232558
98 68 0.158333
98 97 0.0175439
98 99 0.0495495
98 100 0.0290456
98 129 0.225641
99 66 0.00628931
99 68 0.076087
99 98 0.0495495
99 100 0.0972973
99 129 0.0503597
99 130 0.204225
99 131 0.00714286
99 160 0.00531915
99 161 0.181287
99 162 0.00666667
99 163 0.0131579
100 37 0.0106383
100 38 0.049505
100 68 0.0788177
100 69 0.037234
100 70 0.0075188
100 98 0.0290456
100 99 0.0972973
100 101 0.00671141
100 102 0.0597015
100 132 0.303797
100 161 0.0368421
100 163 0.105263
101 69 0.0150376
101 100 0.00671141
101 102 0.383562
101 103 0.04
101 134 0.00694444
101 163 0.0172414
101 166 0.0337838
102 40 0.0144928
102 69 0.124324
102 71 0.0233918
102 72 0.0373444
102 100 0.0597015
102 101 0.383562
102 133 0.0493827
102 134 0.0918367
102 163 0.0654762
102 166 0.02
103 101 0.04
103 104 0.0247934
103 105 0.0330578
103 135 0.0220588
103 165 0.028169
103 166 0.461039
103 168 0.0130719
104 72 0.0333333
104 73 0.184211
104 75 0.00546448
104 103 0.0247934
104 105 0.0147059
104 106 0.133803
104 135 0.0662252
104 136 0.292308
104 137 0.0185185
104 138 0.0251572
104 166 0.136095
104 167 0.0277778
104 168 0.0416667
105 103 0.0330578
105 104 0.0147059
105 106 0.401408
105 136 0.153846
105 137 0.00617284
105 138 0.0314465
105 166 0.0591716
105 168 0.14881
106 42 0.005
106 44 0.0304878
106 75 0.026455
106 104 0.133803
106 105 0.401408
106 136 0.338235
106 137 0.0119048
106 138 0.139394
106 166 0.0114286
106 168 0.0172414
107 46 0.0688259
107 47 0.0165975
107 75 0.0853659
107 76 0.25974
107 77 0.248826
107 78 0.045082
107 108 0.0432692
107 109 0.264228
107 137 0.0666667
107 138 0.0315315
107 139 0.0470085
107 140 0.0763359
108 78 0.0105263
108 79 0.186207
108 107 0.0432692
108 109 0.359375
108 110 0.0508475
108 111 0.005
108 139 0.00555556
108 140 0.0480769
108 141 0.138686
108 142 0.047619
108 171 0.00769231
108 172 0.00552486
109 77 0.126904
109 78 0.144737
109 79 0.0928962
109 107 0.264228
109 108 0.359375
109 110 0.125581
109 139 0.0229358
109 140 0.154472
109 141 0.0114286
109 142 0.0524194
109 172 0.00456621
110 79 0.0416667
110 80 0.0315789
110 108 0.0508475
110 109 0.125581
110 111 0.0269058
110 139 0.00985222
110 140 0.103896
110 141 0.075
110 142 0.369099
110 143 0.0627803
110 171 0.0392157
110 172 0.166667
111 47 0.0128755
111 48 0.0163934
111 49 0.171429
111 50 0.00537634
111 78 0.0338983
111 79 0.141361
111 80 0.511737
111 81 0.134259
111 108 0.005
111 110 0.0269058
111 112 0.0710383
111 113 0.0553191
111 141 0.0163934
111 142 0.078125
111 143 0.0406504
112 80 0.0133333
112 81 0.0326797
112 111 0.0710383
112 113 0.209302
112 141 0.0833333
112 142 0.0310881
112 143 0.0928962
112 144 0.0734463
112 145 0.0333333
112 175 0.0140845
112 177 0.0136986
113 49 0.0726496
113 50 0.0228571
113 52 0.030303
113 80 0.0247525
113 81 0.302439
113 82 0.0612245
113 83 0.0751174
113 111 0.0553191
113 112 0.209302
113 114 0.0106383
113 115 0.0151515
113 143 0.0468085
113 144 0.340611
113 145 0.0116279
113 175 0.0206186
113 177 0.0151515
114 83 0.112994
114 84 0.140127
114 85 0.0368098
114 113 0.0106383
114 115 0.382716
114 116 0.0272109
114 117 0.00617284
114 144 0.0673575
114 145 0.0735294
114 146 0.234483
114 147 0.0116959
114 177 0.117284
114 178 0.0205128
115 52 0.0116279
115 82 0.0294118
115 83 0.0588235
115 84 0.431138
115 85 0.0520231
115 113 0.0151515
115 114 0.382716
115 116 0.00636943
115 117 0.0639535
115 144 0.157635
115 145 0.0205479
115 146 0.0709677
115 147 0.038674
115 177 0.0116279
116 52 0.00636943
116 54 0.0060241
116 55 0.0325203
116 56 0.0218579
116 83 0.0406977
116 84 0.0131579
116 85 0.253165
116 86 0.152778
116 87 0.0243902
116 114 0.0272109
116 115 0.00636943
116 117 0.382166
116 146 0.0214286
116 147 0.0903614
117 52 0.0872093
117 53 0.0140845
117 54 0.0773481
117 55 0.123188
117 56 0.040404
117 82 0.0117647
117 83 0.0588235
117 84 0.00598802
117 85 0.421965
117 86 0.0628931
117 87 0.0391061
117 114 0.00617284
117 115 0.0639535
117 116 0.382166
117 147 0.00552486
118 55 0.0322581
118 56 0.0837209
118 57 0.104294
118 86 0.147727
118 87 0.0969388
118 119 0.344978
118 147 0.121212
118 148 0.0762712
118 150 0.00434783
119 56 0.00840336
119 57 0.0752688
119 86 0.0150754
119 87 0.0456621
119 88 0.216867
119 118 0.344978
119 120 0.0871212
119 148 0.0926641
119 149 0.00826446
119 150 0.0988142
120 88 0.10728
120 89 0.0854701
120 90 0.0220588
120 119 0.0871212
120 122 0.0196078
120 148 0.00738007
120 149 0.0472441
120 150 0.309434
120 151 0.265217
120 152 0.0598291
120 182 0.0134529
120 183 0.00909091
121 60 0.0273224
121 89 0.121622
121 90 0.016129
121 91 0.0584416
121 122 0.0532544
121 123 0.21134
121 152 0.027027
121 154 0.0707965
121 183 0.0447761
122 89 0.140845
122 91 0.100457
122 120 0.0196078
122 121 0.0532544
122 123 0.0810811
122 151 0.062201
122 152 0.380282
122 182 0.0891089
122 183 0.231156
122 184 0.0286885
122 185 0.0386473
123 60 0.0586081
123 91 0.233607
123 92 0.00896861
123 121 0.21134
123 122 0.0810811
123 152 0.0252101
123 154 0.320197
123 183 0.00892857
123 185 0.0948276
124 93 0.191919
124 94 0.0487805
124 155 0.0210526
124 186 0.275229
125 94 0.0201342
125 155 0.206612
125 156 0.343195
125 157 0.169231
125 158 0.0466667
126 128 0.0432099
126 158 0.2
126 159 0.152174
126 188 0.01
126 189 0.00917431
127 96 0.409091
127 128 0.00628931
127 158 0.00934579
127 159 0.0148148
128 96 0.0251256
128 97 0.0187793
128 126 0.0432099
128 127 0.00628931
128 159 0.303571
128 160 0.31441
128 161 0.00471698
128 189 0.107692
128 191 0.0102564
129 68 0.0127389
129 97 0.0206897
129 98 0.225641
129 99 0.0503597
129 160 0.173913
129 161 0.00694444
130 99 0.204225
130 131 0.0344828
130 160 0.0121951
130 161 0.0748299
130 162 0.18254
130 163 0.0078125
130 191 0.0153846
130 192 0.297468
131 99 0.00714286
131 130 0.0344828
131 162 0.483871
131 163 0.0238095
131 164 0.0472973
131 194 0.185185
132 100 0.303797
132 133 0.0672269
132 134 0.00653595
132 163 0.184
132 164 0.0136054
133 102 0.0493827
133 132 0.0672269
133 134 0.36875
133 135 0.0205479
133 163 0.121212
133 165 0.0263158
134 101 0.00694444
134 102 0.0918367
134 132 0.00653595
134 133 0.36875
134 135 0.127778
134 163 0.0120482
134 164 0.0691489
134 165 0.284946
134 166 0.0353535
134 194 0.0202703
134 195 0.03125
134 196 0.0177515
135 103 0.0220588
135 104 0.0662252
135 133 0.0205479
135 134 0.127778
135 165 0.343023
135 166 0.271739
135 167 0.0251572
135 168 0.153005
135 196 0.083871
135 197 0.00653595
135 198 0.0125
135 199 0.0120482
136 75 0.107345
136 76 0.00617284
136 104 0.292308
136 105 0.153846
136 106 0.338235
136 137 0.0705128
136 138 0.130719
136 166 0.0122699
136 167 0.0289855
136 168 0.0617284
137 75 0.0909091
137 76 0.0206186
137 104 0.0185185
137 105 0.00617284
137 106 0.0119048
137 107 0.0666667
137 136 0.0705128
137 138 0.318919
137 139 0.142132
137 140 0.0311111
137 167 0.0470588
137 168 0.0103093
137 169 0.0939227
137 170 0.0934066
137 199 0.0677966
138 75 0.126214
138 76 0.0104712
138 104 0.0251572
138 105 0.0314465
138 106 0.139394
138 107 0.0315315
138 136 0.130719
138 137 0.318919
138 139 0.0103093
138 140 0.00900901
138 167 0.0359281
138 168 0.0680628
138 169 0.0168539
138 170 0.117318
138 199 0.0517241
139 107 0.0470085
139 108 0.00555556
139 109 0.0229358
139 110 0.00985222
139 137 0.142132
139 138 0.0103093
139 140 0.405983
139 169 0.157895
139 170 0.0418848
139 171 0.025641
139 200 0.0150754
139 201 0.10241
139 202 0.0178571
140 107 0.0763359
140 108 0.0480769
140 109 0.154472
140 110 0.103896
140 137 0.0311111
140 138 0.00900901
140 139 0.405983
140 169 0.0412844
140 170 0.136986
140 171 0.146739
140 172 0.0595745
140 201 0.0206186
140 202 0.0119048
140 204 0.0133333
141 80 0.00666667
141 81 0.00653595
141 108 0.138686
141 109 0.0114286
141 110 0.075
141 111 0.0163934
141 112 0.0833333
141 142 0.378238
141 143 0.120219
141 171 0.00884956
141 172 0.00609756
141 174 0.00588235
141 204 0.0909091
141 205 0.0162602
142 79 0.0497512
142 80 0.0269058
142 108 0.047619
142 109 0.0524194
142 110 0.369099
142 111 0.078125
142 112 0.0310881
142 141 0.378238
142 143 0.1875
142 171 0.0483871
142 172 0.101266
142 204 0.0704846
143 79 0.0104712
143 80 0.00469484
143 81 0.0231481
143 110 0.0627803
143 111 0.0406504
143 112 0.0928962
143 113 0.0468085
143 141 0.120219
143 142 0.1875
143 144 0.0208333
143 172 0.0396476
143 173 0.0486726
143 174 0.0429185
143 175 0.146341
143 204 0.0599078
143 205 0.0268817
143 207 0.0358974
144 81 0.195238
144 82 0.00995025
144 83 0.0183486
144 84 0.040404
144 112 0.0734463
144 113 0.340611
144 114 0.0673575
144 115 0.157635
144 143 0.0208333
144 145 0.0282486
144 175 0.115578
144 177 0.128079
144 207 0.126984
145 84 0.0141844
145 112 0.0333333
145 113 0.0116279
145 114 0.0735294
145 115 0.0205479
145 144 0.0282486
145 146 0.0542636
145 174 0.0294118
145 176 0.172131
145 177 0.212329
145 205 0.0731707
145 206 0.0167598
145 207 0.431818
145 208 0.0275862
146 84 0.02
146 86 0.0211268
146 114 0.234483
146 115 0.0709677
146 116 0.0214286
146 145 0.0542636
146 147 0.109756
146 176 0.0992366
146 177 0.0193548
146 178 0.0319149
146 180 0.0151515
146 207 0.0283688
146 208 0.0584416
147 84 0.0568182
147 85 0.0879121
147 86 0.184524
147 114 0.0116959
147 115 0.038674
147 116 0.0903614
147 117 0.00552486
147 118 0.121212
147 146 0.109756
147 148 0.0745614
147 178 0.0140187
147 180 0.129464
148 118 0.0762712
148 119 0.0926641
148 120 0.00738007
148 147 0.0745614
148 149 0.381526
148 150 0.0807692
148 178 0.00793651
148 180 0.28626
148 211 0.0502283
149 119 0.00826446
149 120 0.0472441
149 148 0.381526
149 150 0.333333
149 151 0.00961538
149 179 0.0208333
149 180 0.0408163
149 181 0.0412844
149 210 0.00952381
149 211 0.227723
150 118 0.00434783
150 119 0.0988142
150 120 0.309434
150 148 0.0807692
150 149 0.333333
150 151 0.114155
150 181 0.0742358
150 182 0.0188679
150 211 0.00938967
151 89 0.0106383
151 120 0.265217
151 122 0.062201
151 149 0.00961538
151 150 0.114155
151 152 0.00531915
151 181 0.103093
151 182 0.310734
151 183 0.114943
151 184 0.0136986
151 212 0.0372093
151 215 0.0853081
152 88 0.00913242
152 89 0.15625
152 90 0.0478261
152 91 0.0606061
152 120 0.0598291
152 121 0.027027
152 122 0.380282
152 123 0.0252101
152 151 0.00531915
152 183 0.0224719
153 185 0.150442
153 216 0.0142857
154 91 0.00613497
154 92 0.0422535
154 121 0.0707965
154 123 0.320197
154 185 0.0927152
155 94 0.0438596
155 124 0.0210526
155 125 0.206612
155 156 0.0149254
155 186 0.29
155 218 0.0526316
156 125 0.343195
156 155 0.0149254
156 157 0.00699301
156 158 0.0245399
156 187 0.283784
156 188 0.0588235
156 218 0.00699301
157 94 0.0243902
157 95 0.165354
157 96 0.133858
157 125 0.169231
157 156 0.00699301
157 158 0.330645
157 159 0.00657895
158 95 0.0816327
158 96 0.0612245
158 125 0.0466667
158 126 0.2
158 127 0.00934579
158 156 0.0245399
158 157 0.330645
158 159 0.174419
158 188 0.0298507
158 219 0.00581395
159 96 0.04
159 126 0.152174
159 127 0.0148148
159 128 0.303571
159 157 0.00657895
159 158 0.174419
159 160 0.00487805
159 188 0.0308642
159 189 0.0233918
159 219 0.17
159 220 0.0479042
160 96 0.00555556
160 99 0.00531915
160 128 0.31441
160 129 0.173913
160 130 0.0121951
160 159 0.00487805
160 161 0.15544
160 189 0.0284091
160 191 0.176136
160 192 0.00490196
160 193 0.0463918
160 219 0.00487805
161 99 0.181287
161 100 0.0368421
161 128 0.00471698
161 129 0.00694444
161 130 0.0748299
161 160 0.15544
161 162 0.00645161
161 163 0.0127389
161 192 0.320856
161 193 0.0564972
162 99 0.00666667
162 130 0.18254
162 131 0.483871
162 161 0.00645161
162 163 0.00735294
162 164 0.158228
162 192 0.186747
162 194 0.177966
162 224 0.0290698
162 225 0.00628931
163 99 0.0131579
163 100 0.105263
163 101 0.0172414
163 102 0.0654762
163 130 0.0078125
163 131 0.0238095
163 132 0.184
163 133 0.121212
163 134 0.0120482
163 161 0.0127389
163 162 0.00735294
163 164 0.2
163 192 0.0297619
163 194 0.0833333
163 225 0.0434783
164 131 0.0472973
164 132 0.0136054
164 134 0.0691489
164 162 0.158228
164 163 0.2
164 192 0.0210526
164 194 0.422535
164 195 0.012987
164 224 0.0102041
164 225 0.284153
164 226 0.0782123
165 103 0.028169
165 133 0.0263158
165 134 0.284946
165 135 0.343023
165 166 0.0526316
165 167 0.10303
165 168 0.037037
165 195 0.0131579
165 196 0.167702
165 197 0.0125786
165 198 0.0060241
165 199 0.0116279
165 226 0.039548
166 101 0.0337838
166 102 0.02
166 103 0.461039
166 104 0.136095
166 105 0.0591716
166 106 0.0114286
166 134 0.0353535
166 135 0.271739
166 136 0.0122699
166 165 0.0526316
166 168 0.0248756
167 104 0.0277778
167 135 0.0251572
167 136 0.0289855
167 137 0.0470588
167 138 0.0359281
167 165 0.10303
167 168 0.119318
167 169 0.0920245
167 196 0.00675676
167 198 0.00653595
167 199 0.427673
168 103 0.0130719
168 104 0.0416667
168 105 0.14881
168 106 0.0172414
168 135 0.153005
168 136 0.0617284
168 137 0.0103093
168 138 0.0680628
168 165 0.037037
168 166 0.0248756
168 167 0.119318
168 196 0.0232558
168 197 0.147059
168 198 0.19209
168 199 0.256831
169 137 0.0939227
169 138 0.0168539
169 139 0.157895
169 140 0.0412844
169 167 0.0920245
169 170 0.211429
169 198 0.00609756
169 199 0.117647
169 200 0.273224
169 201 0.00666667
169 230 0.0538922
169 231 0.0706522
169 232 0.0306122
170 137 0.0934066
170 138 0.117318
170 139 0.0418848
170 140 0.136986
170 169 0.211429
170 198 0.0121212
170 199 0.0760234
170 200 0.0217391
170 201 0.00662252
170 202 0.0956938
170 230 0.0416667
170 231 0.0540541
170 232 0.0609137
171 108 0.00769231
171 110 0.0392157
171 139 0.025641
171 140 0.146739
171 141 0.00884956
171 142 0.0483871
171 172 0.044586
171 201 0.0172414
171 202 0.0977011
171 203 0.0070922
171 204 0.272109
171 232 0.0432099
171 233 0.0174419
171 235 0.0127389
172 108 0.00552486
172 109 0.00456621
172 110 0.166667
172 140 0.0595745
172 141 0.00609756
172 142 0.101266
172 143 0.0396476
172 171 0.044586
172 173 0.0483092
172 201 0.0419162
172 202 0.0533333
172 203 0.197917
172 204 0.338384
172 232 0.0140845
172 233 0.044843
172 235 0.00480769
173 143 0.0486726
173 172 0.0483092
173 174 0.328638
173 175 0.0756757
173 203 0.319372
173 204 0.035533
173 205 0.0421687
173 207 0.00571429
173 235 0.193237
173 236 0.0849673
174 141 0.00588235
174 143 0.0429185
174 145 0.0294118
174 173 0.328638
174 175 0.130208
174 176 0.00581395
174 177 0.0255102
174 203 0.0707071
174 204 0.0392157
174 205 0.427746
174 206 0.00436681
174 207 0.043956
174 235 0.0654206
174 236 0.16875
174 237 0.00552486
175 112 0.0140845
175 113 0.0206186
175 143 0.146341
175 144 0.115578
175 173 0.0756757
175 174 0.130208
175 177 0.208333
175 205 0.0551724
175 207 0.038961
176 145 0.172131
176 146 0.0992366
176 174 0.00581395
176 177 0.00675676
176 206 0.171271
176 207 0.0671642
176 208 0.102041
176 237 0.278196
177 112 0.0136986
177 113 0.0151515
177 114 0.117284
177 115 0.0116279
177 144 0.128079
177 145 0.212329
177 146 0.0193548
177 174 0.0255102
177 175 0.208333
177 176 0.00675676
177 205 0.0604027
177 206 0.00487805
177 207 0.297468
177 208 0.0116959
178 114 0.0205128
178 146 0.0319149
178 147 0.0140187
178 148 0.00793651
178 179 0.00512821
178 180 0.342742
178 208 0.284314
178 210 0.028169
178 239 0.0628019
178 240 0.1
179 149 0.0208333
179 178 0.00512821
179 180 0.0097561
179 209 0.118182
179 210 0.441176
179 211 0.0555556
179 240 0.0621469
179 241 0.0985222
179 242 0.0227273
179 243 0.0502793
180 146 0.0151515
180 147 0.129464
180 148 0.28626
180 149 0.0408163
180 178 0.342742
180 179 0.0097561
180 210 0.134529
180 211 0.0372093
181 149 0.0412844
181 150 0.0742358
181 151 0.103093
181 182 0.0641711
181 211 0.0638298
181 212 0.293333
181 213 0.17757
181 214 0.0120482
181 243 0.170732
182 120 0.0134529
182 122 0.0891089
182 150 0.0188679
182 151 0.310734
182 181 0.0641711
182 183 0.317365
182 184 0.0471698
182 212 0.0673077
182 213 0.0253807
182 215 0.215686
183 120 0.00909091
183 121 0.0447761
183 122 0.231156
183 123 0.00892857
183 151 0.114943
183 152 0.0224719
183 182 0.317365
183 184 0.0191388
183 212 0.0097561
183 215 0.139303
184 122 0.0286885
184 151 0.0136986
184 182 0.0471698
184 183 0.0191388
184 185 0.0506912
184 213 0.0292887
184 214 0.376963
184 215 0.487805
184 216 0.0655738
184 246 0.0271318
184 247 0.00413223
185 122 0.0386473
185 123 0.0948276
185 153 0.150442
185 154 0.0927152
185 184 0.0506912
185 215 0.0430622
185 216 0.144928
185 247 0.112195
186 124 0.275229
186 155 0.29
186 217 0.145455
186 218 0.0458716
187 156 0.283784
187 188 0.0588235
187 218 0.0917431
188 126 0.01
188 156 0.0588235
188 158 0.0298507
188 159 0.0308642
188 187 0.0588235
188 218 0.0526316
188 219 0.037037
188 220 0.403101
189 126 0.00917431
189 128 0.107692
189 159 0.0233918
189 160 0.0284091
189 191 0.0915493
189 219 0.292398
189 220 0.00724638
189 221 0.028169
189 222 0.0465116
189 251 0.0392157
190 191 0.00877193
190 193 0.00757576
190 221 0.552632
190 222 0.0277778
190 252 0.0283019
191 128 0.0102564
191 130 0.0153846
191 160 0.176136
191 189 0.0915493
191 190 0.00877193
191 192 0.0294118
191 193 0.275
191 221 0.253521
191 222 0.0465116
191 223 0.0283019
191 224 0.0170455
192 130 0.297468
192 160 0.00490196
192 161 0.320856
192 162 0.186747
192 163 0.0297619
192 164 0.0210526
192 191 0.0294118
192 193 0.143617
192 194 0.0133333
192 223 0.0223881
192 224 0.0539216
192 225 0.078534
193 160 0.0463918
193 161 0.0564972
193 190 0.00757576
193 191 0.275
193 192 0.143617
193 221 0.025
193 223 0.0483871
193 224 0.149485
193 225 0.0718232
193 253 0.0196078
193 254 0.0246914
194 131 0.185185
194 134 0.0202703
194 162 0.177966
194 163 0.0833333
194 164 0.422535
194 192 0.0133333
194 224 0.00641026
194 225 0.013986
194 226 0.028777
195 134 0.03125
195 164 0.012987
195 165 0.0131579
195 196 0.0148148
195 225 0.303226
195 226 0.251656
195 228 0.00653595
195 255 0.00625
196 134 0.0177515
196 135 0.083871
196 165 0.167702
196 167 0.00675676
196 168 0.0232558
196 195 0.0148148
196 197 0.133803
196 226 0.11875
196 227 0.045977
196 228 0.0185185
196 258 0.00869565
196 259 0.183333
197 135 0.00653595
197 165 0.0125786
197 168 0.147059
197 196 0.133803
197 198 0.37415
197 199 0.0261438
197 230 0.0133333
197 259 0.011236
198 135 0.0125
198 165 0.0060241
198 167 0.00653595
198 168 0.19209
198 169 0.00609756
198 170 0.0121212
198 197 0.37415
198 199 0.13125
198 229 0.00625
198 230 0.210191
198 231 0.0172414
198 259 0.0540541
198 260 0.00510204
198 261 0.0222222
199 135 0.0120482
199 137 0.0677966
199 138 0.0517241
199 165 0.0116279
199 167 0.427673
199 168 0.256831
199 169 0.117647
199 170 0.0760234
199 197 0.0261438
199 198 0.13125
199 200 0.0111732
199 230 0.0920245
199 231 0.0388889
200 139 0.0150754
200 169 0.273224
200 170 0.0217391
200 199 0.0111732
200 201 0.119497
200 202 0.0368664
200 229 0.0614525
200 230 0.0113636
200 231 0.305699
200 232 0.126829
200 263 0.0488889
201 139 0.10241
201 140 0.0206186
201 169 0.00666667
201 170 0.00662252
201 171 0.0172414
201 172 0.0419162
201 200 0.119497
201 202 0.163043
201 231 0.03125
201 232 0.331395
201 233 0.0714286
201 234 0.0441176
201 263 0.00520833
202 139 0.0178571
202 140 0.0119048
202 170 0.0956938
202 171 0.0977011
202 172 0.0533333
202 200 0.0368664
202 201 0.163043
202 204 0.0465116
202 231 0.0366972
202 232 0.443478
202 233 0.204167
202 234 0.0309278
202 262 0.0132159
202 263 0.036
202 264 0.0210526
202 265 0.00425532
203 171 0.0070922
203 172 0.197917
203 173 0.319372
203 174 0.0707071
203 204 0.0384615
203 233 0.0676328
203 234 0.0496894
203 235 0.229167
203 236 0.0217391
203 265 0.019802
204 140 0.0133333
204 141 0.0909091
204 142 0.0704846
204 143 0.0599078
204 171 0.272109
204 172 0.338384
204 173 0.035533
204 174 0.0392157
204 202 0.0465116
204 203 0.0384615
204 205 0.0127389
204 233 0.056338
204 235 0.0656566
204 236 0.0347222
205 141 0.0162602
205 143 0.0268817
205 145 0.0731707
205 173 0.0421687
205 174 0.427746
205 175 0.0551724
205 177 0.0604027
205 204 0.0127389
205 206 0.0604396
205 207 0.0814815
205 235 0.0179641
205 236 0.079646
205 237 0.0373134
206 145 0.0167598
206 174 0.00436681
206 176 0.171271
206 177 0.00487805
206 205 0.0604396
206 207 0.026178
206 208 0.132353
206 237 0.168421
206 238 0.0246914
206 239 0.270531
206 267 0.0140187
207 143 0.0358974
207 144 0.126984
207 145 0.431818
207 146 0.0283688
207 173 0.00571429
207 174 0.043956
207 175 0.038961
207 176 0.0671642
207 177 0.297468
207 205 0.0814815
207 206 0.026178
208 145 0.0275862
208 146 0.0584416
208 176 0.102041
208 177 0.0116959
208 178 0.284314
208 206 0.132353
208 239 0.0867052
208 240 0.00537634
209 179 0.118182
209 240 0.0296296
209 241 0.00621118
209 270 0.0142857
209 271 0.533333
210 149 0.00952381
210 178 0.028169
210 179 0.441176
210 180 0.134529
210 211 0.0444444
210 240 0.2
210 241 0.0769231
210 242 0.1
210 243 0.0101523
210 271 0.04
210 273 0.00884956
211 148 0.0502283
211 149 0.227723
211 150 0.00938967
211 179 0.0555556
211 180 0.0372093
211 181 0.0638298
211 210 0.0444444
211 212 0.00478469
211 241 0.0140845
211 242 0.0422535
211 243 0.201058
211 273 0.0275229
212 151 0.0372093
212 181 0.293333
212 182 0.0673077
212 183 0.0097561
212 211 0.00478469
212 213 0.314894
212 214 0.00534759
212 243 0.0973451
212 244 0.258883
212 245 0.0276243
212 273 0.0117647
212 274 0.00485437
212 276 0.0247934
213 181 0.17757
213 182 0.0253807
213 184 0.0292887
213 212 0.314894
213 214 0.1875
213 215 0.0649351
213 243 0.027907
213 244 0.0215054
213 245 0.123529
213 246 0.0493827
213 274 0.0205128
213 275 0.0136986
213 276 0.0995671
214 181 0.0120482
214 184 0.376963
214 212 0.00534759
214 213 0.1875
214 215 0.0928962
214 216 0.0110497
214 245 0.00819672
214 276 0.0437158
215 151 0.0853081
215 182 0.215686
215 183 0.139303
215 184 0.487805
215 185 0.0430622
215 213 0.0649351
215 214 0.0928962
215 216 0.0762712
215 246 0.008
215 247 0.0042735
216 153 0.0142857
216 184 0.0655738
216 185 0.144928
216 214 0.0110497
216 215 0.0762712
216 246 0.193548
216 247 0.288793
216 276 0.0466102
216 277 0.00478469
216 278 0.00892857
217 186 0.145455
217 218 0.0571429
217 248 0.236641
217 249 0.0839695
217 281 0.0078125
218 155 0.0526316
218 156 0.00699301
218 186 0.0458716
218 187 0.0917431
218 188 0.0526316
218 217 0.0571429
218 219 0.0131579
218 220 0.0336134
218 249 0.115385
218 250 0.122807
219 158 0.00581395
219 159 0.17
219 160 0.00487805
219 188 0.037037
219 189 0.292398
219 218 0.0131579
219 220 0.251497
219 222 0.00497512
219 250 0.0740741
219 251 0.032967
220 159 0.0479042
220 188 0.403101
220 189 0.00724638
220 218 0.0336134
220 219 0.251497
220 250 0.00775194
221 189 0.028169
221 190 0.552632
221 191 0.253521
221 193 0.025
221 222 0.0755814
221 252 0.156716
221 284 0.00558659
222 189 0.0465116
222 190 0.0277778
222 191 0.0465116
222 219 0.00497512
222 221 0.0755814
222 250 0.00613497
222 251 0.273224
222 252 0.402439
222 282 0.0970874
222 283 0.0149254
222 284 0.0478469
223 191 0.0283019
223 192 0.0223881
223 193 0.0483871
223 224 0.05
223 253 0.151515
223 255 0.0530303
223 284 0.048951
224 162 0.0290698
224 164 0.0102041
224 191 0.0170455
224 192 0.0539216
224 193 0.149485
224 194 0.00641026
224 223 0.05
224 225 0.121827
224 253 0.035503
224 254 0.0786517
224 255 0.193069
224 257 0.162437
224 284 0.0422535
224 287 0.0052356
224 288 0.0298507
225 162 0.00628931
225 163 0.0434783
225 164 0.284153
225 192 0.078534
225 193 0.0718232
225 194 0.013986
225 195 0.303226
225 224 0.121827
225 226 0.183333
225 257 0.0108696
226 164 0.0782123
226 165 0.039548
226 194 0.028777
226 195 0.251656
226 196 0.11875
226 225 0.183333
226 227 0.168421
226 228 0.0393258
226 255 0.00540541
226 256 0.016129
226 257 0.0333333
226 259 0.0357143
226 288 0.0217391
227 196 0.045977
227 226 0.168421
227 256 0.275362
227 257 0.0257732
227 258 0.22069
227 259 0.104762
227 287 0.0212766
227 288 0.146465
227 289 0.131148
228 195 0.00653595
228 196 0.0185185
228 226 0.0393258
228 229 0.115607
228 230 0.0294118
228 259 0.373737
228 260 0.215311
228 289 0.0994152
228 290 0.0419162
229 198 0.00625
229 200 0.0614525
229 228 0.115607
229 230 0.220859
229 231 0.15
229 259 0.0104712
229 260 0.232673
229 261 0.0283688
229 292 0.0957447
229 293 0.0928962
230 169 0.0538922
230 170 0.0416667
230 197 0.0133333
230 198 0.210191
230 199 0.0920245
230 200 0.0113636
230 228 0.0294118
230 229 0.220859
230 231 0.20904
230 259 0.0212766
230 260 0.040201
230 261 0.123188
230 292 0.0432432
230 293 0.0555556
231 169 0.0706522
231 170 0.0540541
231 198 0.0172414
231 199 0.0388889
231 200 0.305699
231 201 0.03125
231 202 0.0366972
231 229 0.15
231 230 0.20904
231 232 0.0291262
231 261 0.109677
231 262 0.0246305
231 263 0.0619469
231 292 0.039604
231 293 0.0659898
232 169 0.0306122
232 170 0.0609137
232 171 0.0432099
232 172 0.0140845
232 200 0.126829
232 201 0.331395
232 202 0.443478
232 231 0.0291262
232 233 0.157895
232 234 0.0549451
232 263 0.0294118
232 264 0.011236
233 171 0.0174419
233 172 0.044843
233 201 0.0714286
233 202 0.204167
233 203 0.0676328
233 204 0.056338
233 232 0.157895
233 234 0.432292
233 235 0.107623
233 262 0.00888889
233 263 0.0443548
233 264 0.0319149
233 265 0.0343348
233 266 0.0331492
233 296 0.00904977
234 201 0.0441176
234 202 0.0309278
234 203 0.0496894
234 232 0.0549451
234 233 0.432292
234 235 0.0847458
234 262 0.0391061
234 263 0.0445545
234 264 0.0140845
234 265 0.0374332
234 266 0.0148148
234 296 0.0628571
235 171 0.0127389
235 172 0.00480769
235 173 0.193237
235 174 0.0654206
235 203 0.229167
235 204 0.0656566
235 205 0.0179641
235 233 0.107623
235 234 0.0847458
235 236 0.181818
235 265 0.151376
235 266 0.10241
235 298 0.103226
236 173 0.0849673
236 174 0.16875
236 203 0.0217391
236 204 0.0347222
236 205 0.079646
236 235 0.181818
236 237 0.0578512
236 238 0.0322581
236 265 0.0487805
236 266 0.0357143
236 267 0.0206897
236 297 0.00763359
236 298 0.326733
237 174 0.00552486
237 176 0.278196
237 205 0.0373134
237 206 0.168421
237 236 0.0578512
237 238 0.00877193
237 267 0.192771
237 297 0.0986842
237 298 0.114754
238 206 0.0246914
238 236 0.0322581
238 237 0.00877193
238 239 0.0916031
238 267 0.0362319
238 269 0.0630631
238 270 0.0939597
238 271 0.010101
238 299 0.126437
238 300 0.129496
238 301 0.100917
239 178 0.0628019
239 206 0.270531
239 208 0.0867052
239 238 0.0916031
239 240 0.190476
239 270 0.0515464
239 271 0.00694444
239 301 0.0454545
240 178 0.1
240 179 0.0621469
240 208 0.00537634
240 209 0.0296296
240 210 0.2
240 239 0.190476
240 241 0.0745614
240 242 0.0191083
240 270 0.0676328
240 271 0.140127
240 301 0.0299401
240 302 0.0753138
241 179 0.0985222
241 209 0.00621118
241 210 0.0769231
241 211 0.0140845
241 240 0.0745614
