0 1 0.0350877
0 31 0.166667
0 62 0.0625
1 0 0.0350877
1 2 0.0952381
1 31 0.30814
1 32 0.0487805
2 1 0.0952381
2 3 0.144928
2 32 0.0875
2 33 0.012987
3 2 0.144928
3 4 0.037037
3 33 0.154762
3 34 0.170732
3 64 0.0361446
4 3 0.037037
4 34 0.16092
4 35 0.111111
4 36 0.175439
4 65 0.00980392
5 6 0.188235
5 36 0.228814
5 66 0.00943396
5 67 0.0326087
6 5 0.188235
6 7 0.0731707
6 8 0.0169492
6 37 0.118812
6 67 0.0120482
6 68 0.0120482
7 6 0.0731707
7 8 0.0725806
7 37 0.280374
8 6 0.0169492
8 7 0.0725806
8 9 0.337662
8 10 0.112903
8 37 0.0909091
8 38 0.0650406
9 8 0.337662
9 10 0.059322
9 38 0.0512821
9 39 0.016
9 40 0.175573
9 42 0.0373134
10 8 0.112903
10 9 0.059322
10 11 0.0215054
10 12 0.111111
10 42 0.0192308
11 10 0.0215054
11 12 0.0421053
11 42 0.174312
11 43 0.070922
11 44 0.0952381
11 72 0.0655738
11 73 0.021978
12 10 0.111111
12 11 0.0421053
12 13 0.135135
12 44 0.0325203
13 12 0.135135
13 14 0.136364
13 44 0.105634
13 45 0.173228
13 76 0.0390625
14 13 0.136364
14 15 0.040404
14 16 0.0752688
14 45 0.0934579
15 14 0.040404
15 16 0.0294118
15 45 0.0948276
15 46 0.224
15 47 0.0298507
15 76 0.025641
15 77 0.0390625
15 79 0.0220588
16 14 0.0752688
16 15 0.0294118
16 17 0.154545
16 18 0.0480769
16 46 0.159664
16 47 0.0234375
17 16 0.154545
17 18 0.228814
17 49 0.259542
18 16 0.0480769
18 17 0.228814
18 19 0.115044
18 47 0.0147059
18 49 0.04
18 50 0.0583942
18 80 0.0679612
18 81 0.0185185
19 18 0.115044
19 20 0.137931
19 50 0.181159
19 51 0.0131579
19 52 0.0211268
20 19 0.137931
20 21 0.20155
20 52 0.0833333
20 53 0.0387597
21 20 0.20155
21 22 0.208333
21 52 0.00645161
21 53 0.192857
21 54 0.00657895
22 21 0.208333
22 24 0.104348
22 53 0.116667
22 54 0.0530303
23 52 0.128205
23 53 0.0392157
23 54 0.0614035
23 55 0.177778
24 22 0.104348
24 25 0.252336
24 26 0.0511364
24 54 0.0204082
24 57 0.0408163
24 86 0.0785714
25 24 0.252336
25 26 0.00653595
25 57 0.0967742
25 86 0.042735
26 24 0.0511364
26 25 0.00653595
26 27 0.0903226
26 29 0.00529101
26 57 0.367876
26 58 0.203704
26 59 0.0641711
26 86 0.0591398
27 26 0.0903226
27 29 0.188525
27 58 0.107383
28 29 0.162162
28 30 0.11039
28 59 0.0710383
28 60 0.178378
28 91 0.0265957
29 26 0.00529101
29 27 0.188525
29 28 0.162162
29 58 0.0546448
29 59 0.11039
29 90 0.0330578
29 91 0.0251572
30 28 0.11039
30 60 0.176
30 61 0.206349
31 0 0.166667
31 1 0.30814
31 32 0.0408163
31 62 0.038961
31 63 0.111111
32 1 0.0487805
32 2 0.0875
32 31 0.0408163
32 33 0.231579
32 63 0.1
32 94 0.008
33 2 0.012987
33 3 0.154762
33 32 0.231579
33 64 0.10989
33 94 0.0163934
33 95 0.021978
34 3 0.170732
34 4 0.16092
34 64 0.0898876
34 65 0.0873786
35 4 0.111111
35 36 0.110294
35 65 0.241935
35 66 0.0967742
35 96 0.0802469
35 97 0.0153846
36 4 0.175439
36 5 0.228814
36 35 0.110294
36 66 0.161538
37 6 0.118812
37 7 0.280374
37 8 0.0909091
37 38 0.0660377
37 68 0.111111
38 8 0.0650406
38 9 0.0512821
38 37 0.0660377
38 39 0.0531915
38 68 0.0227273
38 70 0.154639
38 100 0.0737705
39 9 0.016
39 38 0.0531915
39 40 0.175926
39 69 0.170455
39 70 0.0380952
39 71 0.0507246
40 9 0.175573
40 39 0.175926
40 42 0.0598291
40 71 0.145833
41 42 0.108911
41 71 0.257812
42 9 0.0373134
42 10 0.0192308
42 11 0.174312
42 40 0.0598291
42 41 0.108911
42 71 0.0340136
42 72 0.120301
42 103 0.0142857
43 11 0.070922
43 44 0.142012
43 72 0.187879
43 73 0.253731
43 74 0.115854
43 75 0.0592593
43 76 0.0193548
43 106 0.0240964
44 11 0.0952381
44 12 0.0325203
44 13 0.105634
44 43 0.142012
44 73 0.0672269
44 75 0.0333333
44 76 0.171429
45 13 0.173228
45 14 0.0934579
45 15 0.0948276
45 76 0.16
46 15 0.224
46 16 0.159664
46 47 0.145695
46 77 0.0482759
46 78 0.207547
47 15 0.0298507
47 16 0.0234375
47 18 0.0147059
47 46 0.145695
47 78 0.0695652
47 79 0.339506
47 80 0.212598
47 109 0.0307692
47 110 0.0218978
48 79 0.221154
49 17 0.259542
49 18 0.04
49 50 0.146667
49 112 0.204545
50 18 0.0583942
50 19 0.181159
50 49 0.146667
50 51 0.244318
50 80 0.015625
50 81 0.0451128
50 112 0.0763889
51 19 0.0131579
51 50 0.244318
51 52 0.0888889
51 81 0.0680272
51 82 0.197605
51 83 0.0571429
51 112 0.14557
52 19 0.0211268
52 20 0.0833333
52 21 0.00645161
52 23 0.128205
52 51 0.0888889
52 53 0.0774194
52 83 0.345455
52 85 0.0517241
52 115 0.02
53 20 0.0387597
53 21 0.192857
53 22 0.116667
53 23 0.0392157
53 52 0.0774194
53 54 0.203947
53 84 0.0373832
53 85 0.0125786
53 117 0.00561798
54 21 0.00657895
54 22 0.0530303
54 23 0.0614035
54 24 0.0204082
54 53 0.203947
54 55 0.278571
54 84 0.0420168
54 85 0.0526316
54 86 0.101911
54 117 0.0210526
55 23 0.177778
55 54 0.278571
55 56 0.0163934
55 85 0.0340136
55 86 0.037594
55 87 0.0402299
55 88 0.0114943
55 115 0.0162602
55 117 0.0301205
56 55 0.0163934
56 58 0.0236686
56 86 0.122302
56 87 0.0666667
56 88 0.419355
56 117 0.0232558
56 119 0.156522
56 120 0.15493
57 24 0.0408163
57 25 0.0967742
57 26 0.367876
57 58 0.0695187
57 59 0.0759494
57 86 0.00636943
58 26 0.203704
58 27 0.107383
58 29 0.0546448
58 56 0.0236686
58 57 0.0695187
58 59 0.154696
58 86 0.0111111
58 89 0.0363636
58 90 0.121622
58 120 0.153005
58 122 0.0102564
59 26 0.0641711
59 28 0.0710383
59 29 0.11039
59 57 0.0759494
59 58 0.154696
59 90 0.0168067
59 91 0.0955414
59 120 0.00649351
59 122 0.0783133
60 28 0.178378
60 30 0.176
60 61 0.0425532
60 91 0.0566038
60 92 0.106383
60 123 0.0810811
61 30 0.206349
61 60 0.0425532
61 92 0.09375
62 0 0.0625
62 31 0.038961
62 63 0.29932
62 93 0.0934579
62 94 0.174242
63 31 0.111111
63 32 0.1
63 62 0.29932
63 94 0.131737
64 3 0.0361446
64 33 0.10989
64 34 0.0898876
64 65 0.105769
64 95 0.144444
64 126 0.0434783
65 4 0.00980392
65 34 0.0873786
65 35 0.241935
65 64 0.105769
65 96 0.115385
65 97 0.016129
65 126 0.0471698
66 5 0.00943396
66 35 0.0967742
66 36 0.161538
66 67 0.134615
66 96 0.166667
67 5 0.0326087
67 6 0.0120482
67 66 0.134615
67 68 0.255556
67 96 0.0492958
68 6 0.0120482
68 37 0.111111
68 38 0.0227273
68 67 0.255556
68 98 0.0319149
68 99 0.0392157
68 100 0.0483871
69 39 0.170455
69 70 0.197802
69 71 0.00806452
70 38 0.154639
70 39 0.0380952
70 69 0.197802
70 71 0.0496454
70 100 0.037594
70 101 0.0983607
70 102 0.0495868
71 39 0.0507246
71 40 0.145833
71 41 0.257812
71 42 0.0340136
71 69 0.00806452
71 70 0.0496454
71 102 0.0519481
71 103 0.0778443
72 11 0.0655738
72 42 0.120301
72 43 0.187879
72 73 0.104348
72 74 0.0896552
72 103 0.111111
73 11 0.021978
73 43 0.253731
73 44 0.0672269
73 72 0.104348
74 43 0.115854
74 72 0.0896552
74 105 0.0909091
74 106 0.143836
74 136 0.127168
74 137 0.00813008
74 138 0.00671141
75 43 0.0592593
75 44 0.0333333
75 76 0.0849057
75 106 0.153846
76 13 0.0390625
76 15 0.025641
76 43 0.0193548
76 44 0.171429
76 45 0.16
76 75 0.0849057
76 106 0.00729927
76 107 0.108108
77 15 0.0390625
77 46 0.0482759
77 78 0.0183486
77 107 0.180328
77 108 0.307143
77 109 0.104839
77 110 0.0534351
77 138 0.013245
78 46 0.207547
78 47 0.0695652
78 77 0.0183486
78 108 0.108911
78 110 0.0108696
79 15 0.0220588
79 47 0.339506
79 48 0.221154
79 80 0.00775194
79 109 0.030303
79 111 0.113043
80 18 0.0679612
80 47 0.212598
80 50 0.015625
80 79 0.00775194
80 81 0.262626
80 111 0.025
80 141 0.0309278
81 18 0.0185185
81 50 0.0451128
81 51 0.0680272
81 80 0.262626
81 112 0.165217
81 141 0.0490196
81 142 0.00980392
81 144 0.0727273
82 51 0.197605
82 83 0.164474
82 112 0.0222222
82 113 0.0344828
82 114 0.123288
82 144 0.0307692
83 51 0.0571429
83 52 0.345455
83 82 0.164474
83 85 0.106509
83 114 0.025974
83 115 0.158621
84 53 0.0373832
84 54 0.0420168
84 85 0.301587
85 52 0.0517241
85 53 0.0125786
85 54 0.0526316
85 55 0.0340136
85 83 0.106509
85 84 0.301587
85 87 0.0341463
85 115 0.188312
85 116 0.0169492
86 24 0.0785714
86 25 0.042735
86 26 0.0591398
86 54 0.101911
86 55 0.037594
86 56 0.122302
86 57 0.00636943
86 58 0.0111111
86 87 0.026178
86 117 0.20765
86 119 0.00793651
87 55 0.0402299
87 56 0.0666667
87 85 0.0341463
87 86 0.026178
87 88 0.00689655
87 116 0.0490196
87 117 0.522321
87 118 0.00921659
87 119 0.00598802
87 148 0.0744681
87 150 0.00543478
88 55 0.0114943
88 56 0.419355
88 87 0.00689655
88 117 0.00729927
88 119 0.0125
89 58 0.0363636
89 120 0.173913
89 121 0.300971
89 122 0.0866667
89 149 0.0413223
90 29 0.0330578
90 58 0.121622
90 59 0.0168067
90 120 0.157025
90 122 0.172932
91 28 0.0265957
91 29 0.0251572
91 59 0.0955414
91 60 0.0566038
91 122 0.169591
91 123 0.0596026
91 153 0.0404624
92 60 0.106383
92 61 0.09375
92 123 0.0697674
92 154 0.0277778
93 62 0.0934579
93 94 0.173228
93 124 0.12931
93 125 0.115385
94 32 0.008
94 33 0.0163934
94 62 0.174242
94 63 0.131737
94 93 0.173228
94 95 0.0826446
94 125 0.141935
95 33 0.021978
95 64 0.144444
95 94 0.0826446
95 125 0.0725806
95 126 0.130435
95 156 0.0275229
96 35 0.0802469
96 65 0.115385
96 66 0.166667
96 67 0.0492958
96 97 0.376543
96 98 0.0136986
96 127 0.00632911
96 128 0.0337838
97 35 0.0153846
97 65 0.016129
97 96 0.376543
97 126 0.0267857
97 127 0.0873016
97 128 0.00862069
97 157 0.00892857
97 158 0.0150376
98 68 0.0319149
98 96 0.0136986
98 99 0.0283019
98 128 0.22
98 129 0.204301
98 130 0.025641
99 68 0.0392157
99 98 0.0283019
99 100 0.308824
99 129 0.168317
100 38 0.0737705
100 68 0.0483871
100 70 0.037594
100 99 0.308824
100 101 0.129252
100 130 0.138889
101 70 0.0983607
101 100 0.129252
101 102 0.0592593
101 103 0.0810811
101 130 0.0412371
101 131 0.137097
102 70 0.0495868
102 71 0.0519481
102 101 0.0592593
102 103 0.197279
102 131 0.0569106
102 132 0.030303
102 133 0.0521739
103 42 0.0142857
103 71 0.0778443
103 72 0.111111
103 101 0.0810811
103 102 0.197279
103 105 0.0652174
103 133 0.03125
103 134 0.0564516
103 136 0.0110497
104 105 0.333333
105 74 0.0909091
105 103 0.0652174
105 104 0.333333
105 134 0.027027
105 135 0.02
105 136 0.239024
106 43 0.0240964
106 74 0.143836
106 75 0.153846
106 76 0.00729927
106 107 0.131148
106 138 0.13245
107 76 0.108108
107 77 0.180328
107 106 0.131148
107 138 0.072
108 77 0.307143
108 78 0.108911
108 110 0.097561
108 138 0.0769231
108 140 0.158333
109 47 0.0307692
109 77 0.104839
109 79 0.030303
109 110 0.158879
109 111 0.144578
109 141 0.04
110 47 0.0218978
110 77 0.0534351
110 78 0.0108696
110 108 0.097561
110 109 0.158879
110 140 0.0720721
110 141 0.0934579
110 142 0.0186916
110 172 0.0267857
111 79 0.113043
111 80 0.025
111 109 0.144578
111 141 0.108434
112 49 0.204545
112 50 0.0763889
112 51 0.14557
112 81 0.165217
112 82 0.0222222
112 144 0.0413223
113 82 0.0344828
113 114 0.292517
113 143 0.143791
113 144 0.0229008
113 174 0.190751
114 82 0.123288
114 83 0.025974
114 113 0.292517
114 115 0.0143885
114 144 0.0454545
114 145 0.0900901
114 146 0.18125
114 147 0.00763359
114 174 0.0172414
114 176 0.00649351
115 52 0.02
115 55 0.0162602
115 83 0.158621
115 85 0.188312
115 114 0.0143885
115 116 0.0196078
115 146 0.0728477
115 147 0.0737705
116 85 0.0169492
116 87 0.0490196
116 115 0.0196078
116 117 0.00510204
116 147 0.193103
116 148 0.3625
116 179 0.0299401
117 53 0.00561798
117 54 0.0210526
117 55 0.0301205
117 56 0.0232558
117 86 0.20765
117 87 0.522321
117 88 0.00729927
117 116 0.00510204
117 118 0.0813397
117 119 0.00628931
117 148 0.0166667
117 150 0.0227273
118 87 0.00921659
118 117 0.0813397
118 119 0.184211
118 120 0.0391061
118 148 0.0115607
118 149 0.0802469
118 150 0.426035
118 180 0.132911
118 181 0.0113636
118 182 0.0123457
119 56 0.156522
119 86 0.00793651
119 87 0.00598802
119 88 0.0125
119 117 0.00628931
119 118 0.184211
119 120 0.147287
119 150 0.0252101
119 151 0.0285714
119 152 0.0518519
119 181 0.031746
119 182 0.0178571
119 183 0.0113636
120 56 0.15493
120 58 0.153005
120 59 0.00649351
120 89 0.173913
120 90 0.157025
120 118 0.0391061
120 119 0.147287
120 122 0.047619
120 149 0.0215827
120 182 0.0359712
121 89 0.300971
121 122 0.0075188
121 149 0.0673077
121 153 0.0222222
121 182 0.0576923
122 58 0.0102564
122 59 0.0783133
122 89 0.0866667
122 90 0.172932
122 91 0.169591
122 120 0.047619
122 121 0.0075188
122 153 0.115385
122 182 0.0331126
122 185 0.00558659
123 60 0.0810811
123 91 0.0596026
123 92 0.0697674
123 153 0.0925926
123 154 0.155556
123 185 0.106918
124 93 0.12931
124 125 0.0972222
124 155 0.2
124 156 0.131783
125 93 0.115385
125 94 0.141935
125 95 0.0725806
125 124 0.0972222
125 155 0.00719424
125 156 0.202797
126 64 0.0434783
126 65 0.0471698
126 95 0.130435
126 97 0.0267857
126 156 0.0630631
126 157 0.255319
126 187 0.0326087
127 96 0.00632911
127 97 0.0873016
127 157 0.212963
127 158 0.124031
127 188 0.0102041
127 190 0.0402685
128 96 0.0337838
128 97 0.00862069
128 98 0.22
128 158 0.168067
128 160 0.0425532
128 161 0.021978
128 191 0.0379747
129 98 0.204301
129 99 0.168317
129 130 0.0547945
130 98 0.025641
130 100 0.138889
130 101 0.0412371
130 129 0.0547945
130 131 0.141176
130 161 0.0289855
130 162 0.0648148
131 101 0.137097
131 102 0.0569106
131 130 0.141176
131 132 0.0743802
131 162 0.133333
132 102 0.030303
132 131 0.0743802
132 133 0.0353982
132 162 0.180556
132 194 0.261261
133 102 0.0521739
133 103 0.03125
133 132 0.0353982
133 134 0.0217391
133 135 0.117021
133 163 0.096
133 165 0.116505
133 194 0.148936
134 103 0.0564516
134 105 0.027027
134 133 0.0217391
134 135 0.122222
134 136 0.268966
135 105 0.02
135 133 0.117021
135 134 0.122222
135 136 0.115646
135 137 0.0309278
135 165 0.0594059
135 166 0.0283019
136 74 0.127168
136 103 0.0110497
136 105 0.239024
136 134 0.268966
136 135 0.115646
136 137 0.0460526
137 74 0.00813008
137 135 0.0309278
137 136 0.0460526
137 138 0.21875
137 166 0.018018
137 167 0.162162
137 168 0.102941
137 197 0.11215
137 198 0.0107527
137 199 0.0144928
138 74 0.00671141
138 77 0.013245
138 106 0.13245
138 107 0.072
138 108 0.0769231
138 137 0.21875
138 139 0.0535714
138 140 0.0687023
138 167 0.07
138 168 0.0319149
138 169 0.05
138 170 0.0549451
139 138 0.0535714
139 140 0.292135
139 169 0.0204082
139 170 0.22449
139 172 0.0777778
139 203 0.0434783
140 108 0.158333
140 110 0.0720721
140 138 0.0687023
140 139 0.292135
140 170 0.0441176
140 171 0.0198676
140 172 0.0183486
140 202 0.0115607
140 203 0.0153846
141 80 0.0309278
141 81 0.0490196
141 109 0.04
141 110 0.0934579
141 111 0.108434
141 142 0.18
142 81 0.00980392
142 110 0.0186916
142 141 0.18
142 144 0.0462963
142 172 0.0285714
142 173 0.12844
143 113 0.143791
143 174 0.188889
143 175 0.260563
143 206 0.0955882
144 81 0.0727273
144 82 0.0307692
144 112 0.0413223
144 113 0.0229008
144 114 0.0454545
144 142 0.0462963
144 173 0.042735
144 174 0.202532
145 114 0.0900901
145 146 0.186992
145 174 0.0656934
145 176 0.017094
146 114 0.18125
146 115 0.0728477
146 145 0.186992
146 147 0.146853
146 176 0.0843373
146 177 0.128205
146 178 0.0263158
146 179 0.00606061
147 114 0.00763359
147 115 0.0737705
147 116 0.193103
147 146 0.146853
147 176 0.00729927
147 177 0.0472441
147 178 0.0186335
147 179 0.0294118
148 87 0.0744681
148 116 0.3625
148 117 0.0166667
148 118 0.0115607
148 179 0.0794702
148 180 0.139535
149 89 0.0413223
149 118 0.0802469
149 120 0.0215827
149 121 0.0673077
149 150 0.333333
149 152 0.0137931
149 182 0.131148
150 87 0.00543478
150 117 0.0227273
150 118 0.426035
150 119 0.0252101
150 149 0.333333
150 182 0.00775194
151 119 0.0285714
151 152 0.00970874
151 181 0.170213
151 183 0.178571
151 213 0.0119048
152 119 0.0518519
152 149 0.0137931
152 151 0.00970874
152 153 0.0170455
152 181 0.0314465
152 182 0.296552
152 183 0.173554
152 212 0.0420168
152 213 0.174497
152 214 0.0075188
152 215 0.0490798
153 91 0.0404624
153 121 0.0222222
153 122 0.115385
153 123 0.0925926
153 152 0.0170455
153 182 0.00653595
153 183 0.00775194
153 184 0.0887574
153 185 0.176796
154 92 0.0277778
154 123 0.155556
154 185 0.0642202
155 124 0.2
155 125 0.00719424
155 156 0.0483871
155 186 0.234043
155 217 0.167939
155 218 0.0147059
156 95 0.0275229
156 124 0.131783
156 125 0.202797
156 126 0.0630631
156 155 0.0483871
156 187 0.100917
156 217 0.118519
157 97 0.00892857
157 126 0.255319
157 127 0.212963
157 187 0.0543478
157 188 0.0119048
158 97 0.0150376
158 127 0.124031
158 128 0.168067
158 159 0.050505
158 189 0.0105263
158 190 0.160256
158 191 0.0104167
159 158 0.050505
159 189 0.0522876
159 190 0.134454
159 191 0.186441
159 221 0.0135135
160 128 0.0425532
160 161 0.240964
160 162 0.00819672
160 191 0.183099
160 221 0.0232558
160 222 0.0348837
161 128 0.021978
161 130 0.0289855
161 160 0.240964
161 162 0.268908
161 222 0.0120482
161 223 0.0206186
162 130 0.0648148
162 131 0.133333
162 132 0.180556
162 160 0.00819672
162 161 0.268908
162 223 0.0367647
162 224 0.118519
163 133 0.096
163 164 0.362205
163 165 0.159091
163 194 0.0406504
163 195 0.0526316
164 163 0.362205
164 195 0.0660377
165 133 0.116505
165 135 0.0594059
165 163 0.159091
165 166 0.147826
165 195 0.018018
165 226 0.0123457
165 227 0.0487805
166 135 0.0283019
166 137 0.018018
166 165 0.147826
166 197 0.267241
166 227 0.0859375
167 137 0.162162
167 138 0.07
167 168 0.35
167 169 0.0116279
167 197 0.0632911
167 198 0.246154
167 199 0.121951
168 137 0.102941
168 138 0.0319149
168 167 0.35
168 197 0.0273973
168 198 0.305085
168 199 0.6
169 138 0.05
169 139 0.0204082
169 167 0.0116279
169 170 0.116883
169 171 0.0875
169 199 0.111111
169 200 0.038961
169 201 0.0182927
169 202 0.197802
169 231 0.288344
170 138 0.0549451
170 139 0.22449
170 140 0.0441176
170 169 0.116883
170 171 0.018018
170 202 0.0300752
171 140 0.0198676
171 169 0.0875
171 170 0.018018
171 172 0.00657895
171 201 0.0151515
171 202 0.444444
171 203 0.0925926
171 204 0.0462963
171 232 0.0635838
171 233 0.0120482
171 234 0.325688
172 110 0.0267857
172 139 0.0777778
172 140 0.0183486
172 142 0.0285714
172 171 0.00657895
172 173 0.166667
172 203 0.0909091
172 204 0.121212
172 205 0.0983607
173 142 0.12844
173 144 0.042735
173 172 0.166667
173 174 0.100629
173 205 0.0555556
174 113 0.190751
174 114 0.0172414
174 143 0.188889
174 144 0.202532
174 145 0.0656934
174 173 0.100629
174 175 0.0308642
174 176 0.00555556
174 205 0.00598802
175 143 0.260563
175 174 0.0308642
175 176 0.0633803
175 205 0.0775194
175 206 0.0932203
175 207 0.111111
175 238 0.0503597
176 114 0.00649351
176 145 0.017094
176 146 0.0843373
176 147 0.00729927
176 174 0.00555556
176 175 0.0633803
176 177 0.253333
176 238 0.0573248
176 239 0.1
177 146 0.128205
177 147 0.0472441
177 176 0.253333
177 178 0.143678
177 209 0.00884956
177 239 0.00666667
178 146 0.0263158
178 147 0.0186335
178 177 0.143678
178 179 0.311475
178 209 0.0816327
178 210 0.284974
178 240 0.0123457
178 242 0.0263158
179 116 0.0299401
179 146 0.00606061
179 147 0.0294118
179 148 0.0794702
179 178 0.311475
179 180 0.0514706
179 181 0.038961
179 210 0.047619
179 211 0.0289855
180 118 0.132911
180 148 0.139535
180 179 0.0514706
180 181 0.159091
180 213 0.0409836
181 118 0.0113636
181 119 0.031746
181 151 0.170213
181 152 0.0314465
181 179 0.038961
181 180 0.159091
181 211 0.149254
181 213 0.207143
182 118 0.0123457
182 119 0.0178571
182 120 0.0359712
182 121 0.0576923
182 122 0.0331126
182 149 0.131148
182 150 0.00775194
182 152 0.296552
182 153 0.00653595
182 183 0.0102041
182 212 0.03125
182 213 0.00793651
183 119 0.0113636
183 151 0.178571
183 152 0.173554
183 153 0.00775194
183 182 0.0102041
183 184 0.0701754
183 213 0.0392157
183 215 0.0862069
184 153 0.0887574
184 183 0.0701754
184 185 0.0903614
184 215 0.198718
184 247 0.0704225
185 122 0.00558659
185 123 0.106918
185 153 0.176796
185 154 0.0642202
185 184 0.0903614
185 216 0.109091
185 247 0.025974
186 155 0.234043
186 218 0.0727273
186 248 0.106061
187 126 0.0326087
187 156 0.100917
187 157 0.0543478
187 188 0.182927
187 217 0.0948276
187 218 0.0165289
187 249 0.043956
188 127 0.0102041
188 157 0.0119048
188 187 0.182927
188 190 0.024
188 219 0.173913
188 249 0.0963855
189 158 0.0105263
189 159 0.0522876
189 190 0.152381
189 219 0.0338983
189 220 0.281081
189 221 0.10303
189 250 0.0116279
189 251 0.0444444
189 252 0.0918919
190 127 0.0402685
190 158 0.160256
190 159 0.134454
190 188 0.024
190 189 0.152381
190 219 0.174825
191 128 0.0379747
191 158 0.0104167
191 159 0.186441
191 160 0.183099
191 221 0.028169
192 193 0.247312
193 192 0.247312
193 223 0.146341
193 224 0.237705
194 132 0.261261
194 133 0.148936
194 163 0.0406504
194 195 0.0784314
194 225 0.0310078
194 226 0.0457516
195 163 0.0526316
195 164 0.0660377
195 165 0.018018
195 194 0.0784314
195 226 0.263804
196 227 0.344828
196 228 0.0823529
196 230 0.00909091
196 257 0.0806452
196 260 0.0235294
197 137 0.11215
197 166 0.267241
197 167 0.0632911
197 168 0.0273973
197 198 0.0408163
197 227 0.0564516
197 228 0.0107527
198 137 0.0107527
198 167 0.246154
198 168 0.305085
198 197 0.0408163
198 199 0.116667
198 227 0.0363636
198 228 0.21519
199 137 0.0144928
199 167 0.121951
199 168 0.6
199 169 0.111111
199 198 0.116667
199 200 0.00917431
199 229 0.0582524
199 230 0.125
199 231 0.0847458
199 260 0.0181818
200 169 0.038961
200 199 0.00917431
200 201 0.25
200 202 0.0190476
200 229 0.0454545
200 230 0.0392157
200 231 0.465969
200 232 0.125749
200 261 0.217822
200 262 0.0128205
200 263 0.142202
201 169 0.0182927
201 171 0.0151515
201 200 0.25
201 202 0.136364
201 231 0.0497512
201 232 0.19209
201 261 0.0377358
201 262 0.0120482
201 263 0.429825
201 264 0.0335196
202 140 0.0115607
202 169 0.197802
202 170 0.0300752
202 171 0.444444
202 200 0.0190476
202 201 0.136364
202 231 0.0136986
202 232 0.0769231
202 233 0.0442804
202 234 0.15
202 263 0.0447154
203 139 0.0434783
203 140 0.0153846
203 171 0.0925926
203 172 0.0909091
203 204 0.181818
203 205 0.0641026
203 233 0.00613497
203 234 0.0833333
204 171 0.0462963
204 172 0.121212
204 203 0.181818
204 205 0.115385
204 233 0.0122699
204 234 0.0681818
204 235 0.0491803
205 172 0.0983607
205 173 0.0555556
205 174 0.00598802
205 175 0.0775194
205 203 0.0641026
205 204 0.115385
205 207 0.0819672
205 234 0.0106383
205 235 0.119658
205 236 0.0325203
205 237 0.181102
206 143 0.0955882
206 175 0.0932203
206 208 0.106796
206 238 0.353383
206 239 0.0220588
207 175 0.111111
207 205 0.0819672
207 237 0.165217
207 238 0.212121
207 239 0.00740741
207 270 0.0952381
208 206 0.106796
208 209 0.0555556
208 239 0.275591
208 240 0.047619
208 270 0.0103093
208 271 0.017094
209 177 0.00884956
209 178 0.0816327
209 208 0.0555556
209 210 0.106061
209 239 0.170732
209 240 0.049505
209 270 0.0215054
210 178 0.284974
210 179 0.047619
210 209 0.106061
210 211 0.195946
210 240 0.136054
210 242 0.138686
210 273 0.00724638
211 179 0.0289855
211 181 0.149254
211 210 0.195946
211 213 0.00806452
211 243 0.100775
211 273 0.101852
211 274 0.027027
212 152 0.0420168
212 182 0.03125
212 213 0.14
212 243 0.0857143
212 244 0.154472
213 151 0.0119048
213 152 0.174497
213 180 0.0409836
213 181 0.207143
213 182 0.00793651
213 183 0.0392157
213 211 0.00806452
213 212 0.14
213 214 0.0263158
213 243 0.0814815
214 152 0.0075188
214 213 0.0263158
214 215 0.0859375
214 243 0.0336134
214 245 0.145631
214 246 0.220472
214 277 0.00649351
215 152 0.0490798
215 183 0.0862069
215 184 0.198718
215 214 0.0859375
215 246 0.0955414
215 247 0.0833333
215 277 0.0380435
216 185 0.109091
216 247 0.116279
217 155 0.167939
217 156 0.118519
217 187 0.0948276
217 218 0.122449
218 155 0.0147059
218 186 0.0727273
218 187 0.0165289
218 217 0.122449
218 248 0.0648148
218 249 0.0737705
218 279 0.210884
219 188 0.173913
219 189 0.0338983
219 190 0.174825
219 249 0.049505
219 250 0.0857143
219 251 0.0176991
220 189 0.281081
220 251 0.140496
220 252 0.0238095
221 159 0.0135135
221 160 0.0232558
221 189 0.10303
221 191 0.028169
221 252 0.0566038
221 253 0.191011
222 160 0.0348837
222 161 0.0120482
222 223 0.05
222 253 0.213483
222 254 0.164062
223 161 0.0206186
223 162 0.0367647
223 193 0.146341
223 222 0.05
223 224 0.0619469
223 254 0.225352
223 256 0.0888889
223 285 0.00813008
224 162 0.118519
224 193 0.237705
224 223 0.0619469
224 225 0.0431655
224 256 0.0746269
225 194 0.0310078
225 224 0.0431655
225 226 0.226316
225 254 0.0357143
225 256 0.223602
225 257 0.00628931
225 286 0.0285714
226 165 0.0123457
226 194 0.0457516
226 195 0.263804
226 225 0.226316
226 227 0.0628571
226 257 0.103825
227 165 0.0487805
227 166 0.0859375
227 196 0.344828
227 197 0.0564516
227 198 0.0363636
227 226 0.0628571
227 228 0.0761905
227 257 0.00694444
227 260 0.0190476
228 196 0.0823529
228 197 0.0107527
228 198 0.21519
228 227 0.0761905
228 257 0.0530973
228 258 0.03125
228 260 0.0945946
228 288 0.0972222
228 289 0.297872
229 199 0.0582524
229 200 0.0454545
229 230 0.394558
229 231 0.0540541
229 260 0.155738
229 261 0.19898
229 289 0.0105263
229 290 0.143791
229 291 0.207921
229 292 0.00617284
230 196 0.00909091
230 199 0.125
230 200 0.0392157
230 229 0.394558
230 231 0.148148
230 260 0.111111
230 261 0.0289017
230 289 0.0138889
230 290 0.0153846
230 291 0.0893855
231 169 0.288344
231 199 0.0847458
231 200 0.465969
231 201 0.0497512
231 202 0.0136986
231 229 0.0540541
231 230 0.148148
231 232 0.0284091
231 261 0.127962
231 263 0.00881057
232 171 0.0635838
232 200 0.125749
232 201 0.19209
232 202 0.0769231
232 231 0.0284091
232 233 0.0263158
232 234 0.0101523
232 261 0.026738
232 262 0.0425532
232 263 0.339901
232 264 0.025974
232 265 0.015544
232 292 0.00653595
233 171 0.0120482
233 202 0.0442804
233 203 0.00613497
233 204 0.0122699
233 232 0.0263158
233 234 0.384615
233 263 0.0322581
233 264 0.195652
233 265 0.349442
233 295 0.00719424
233 296 0.148837
234 171 0.325688
234 202 0.15
234 203 0.0833333
234 204 0.0681818
234 205 0.0106383
234 232 0.0101523
234 233 0.384615
234 235 0.00584795
234 264 0.0251256
234 265 0.012605
234 266 0.0176471
234 296 0.0271739
235 204 0.0491803
235 205 0.119658
235 234 0.00584795
235 236 0.188679
235 237 0.00909091
235 266 0.191919
235 267 0.0618557
235 296 0.0176991
235 297 0.015873
236 205 0.0325203
236 235 0.188679
236 237 0.163793
236 266 0.114286
236 267 0.0485437
236 268 0.0309278
237 205 0.181102
237 207 0.165217
237 235 0.00909091
237 236 0.163793
237 268 0.00990099
237 300 0.00840336
237 301 0.0344828
238 175 0.0503597
238 176 0.0573248
238 206 0.353383
238 207 0.212121
238 239 0.0828025
239 176 0.1
239 177 0.00666667
239 206 0.0220588
239 207 0.00740741
239 208 0.275591
239 209 0.170732
239 238 0.0828025
239 240 0.0507246
239 270 0.115385
239 302 0.00671141
240 178 0.0123457
240 208 0.047619
240 209 0.049505
240 210 0.136054
240 239 0.0507246
240 241 0.0784314
240 242 0.0283019
240 271 0.242188
240 302 0.0314961
241 240 0.0784314
241 242 0.25
241 271 0.0964912
241 272 0.121622
241 303 0.0446429
242 178 0.0263158
242 210 0.138686
242 240 0.0283019
242 241 0.25
242 273 0.175258
243 211 0.100775
243 212 0.0857143
243 213 0.0814815
243 214 0.0336134
243 244 0.259494
243 245 0.0887097
243 275 0.0283688
244 212 0.154472
244 243 0.259494
244 245 0.133803
244 275 0.194969
245 214 0.145631
245 243 0.0887097
245 244 0.133803
245 246 0.0151515
245 275 0.032
245 276 0.0707965
245 307 0.047619
246 214 0.220472
246 215 0.0955414
246 245 0.0151515
246 276 0.0656934
246 277 0.278689
246 308 0.00689655
247 184 0.0704225
247 185 0.025974
247 215 0.0833333
247 216 0.116279
247 277 0.1
247 278 0.0804598
248 186 0.106061
248 218 0.0648148
248 279 0.135922
248 310 0.0126582
249 187 0.043956
249 188 0.0963855
249 218 0.0737705
249 219 0.049505
249 250 0.125
249 279 0.00854701
249 280 0.108696
249 311 0.0196078
250 189 0.0116279
250 219 0.0857143
250 249 0.125
250 251 0.101852
250 281 0.0803571
250 311 0.132075
251 189 0.0444444
251 219 0.0176991
251 220 0.140496
251 250 0.101852
251 252 0.140496
251 281 0.116667
251 282 0.00990099
251 312 0.152542
252 189 0.0918919
252 220 0.0238095
252 221 0.0566038
252 251 0.140496
252 253 0.0275229
252 281 0.008
252 282 0.273585
252 284 0.030303
252 314 0.00980392
253 221 0.191011
253 222 0.213483
253 252 0.0275229
253 254 0.0305344
253 284 0.0609756
254 222 0.164062
254 223 0.225352
254 225 0.0357143
254 253 0.0305344
254 256 0.116564
254 284 0.0247934
254 285 0.0662252
254 315 0.0378788
254 316 0.0264901
255 256 0.0218978
255 285 0.08
255 286 0.435484
255 287 0.00813008
256 223 0.0888889
256 224 0.0746269
256 225 0.223602
256 254 0.116564
256 255 0.0218978
256 285 0.0555556
256 286 0.121951
257 196 0.0806452
257 225 0.00628931
257 226 0.103825
257 227 0.00694444
257 228 0.0530973
257 258 0.177778
257 260 0.0265487
257 286 0.0147783
257 287 0.0714286
257 288 0.045045
257 289 0.0116279
257 319 0.00862069
257 320 0.00699301
258 228 0.03125
258 257 0.177778
258 287 0.00813008
258 288 0.382979
258 318 0.0496454
258 319 0.111111
258 320 0.0396825
259 260 0.0731707
259 289 0.0104167
259 290 0.194805
259 291 0.206897
259 320 0.0653595
259 321 0.0860927
259 322 0.273171
259 323 0.0962567
260 196 0.0235294
260 199 0.0181818
260 227 0.0190476
260 228 0.0945946
260 229 0.155738
260 230 0.111111
260 257 0.0265487
260 259 0.0731707
260 288 0.0416667
260 289 0.12766
260 290 0.161905
260 291 0.0324675
260 320 0.0576923
261 200 0.217822
261 201 0.0377358
261 229 0.19898
261 230 0.0289017
261 231 0.127962
261 232 0.026738
261 262 0.0568182
261 263 0.0378151
261 290 0.00558659
261 291 0.153509
261 292 0.356383
261 293 0.0790698
261 294 0.0178571
261 323 0.0141509
262 200 0.0128205
262 201 0.0120482
262 232 0.0425532
262 261 0.0568182
262 263 0.177083
262 292 0.112676
262 293 0.0769231
262 294 0.131148
262 295 0.183246
262 323 0.0060241
262 324 0.0350877
262 326 0.13587
263 200 0.142202
263 201 0.429825
263 202 0.0447154
263 231 0.00881057
263 232 0.339901
263 233 0.0322581
263 261 0.0378151
263 262 0.177083
263 264 0.0195122
263 265 0.045082
263 292 0.0441176
263 293 0.00865801
263 295 0.0118577
263 326 0.0243902
264 201 0.0335196
264 232 0.025974
264 233 0.195652
264 234 0.0251256
264 263 0.0195122
264 265 0.430769
264 295 0.0784314
264 296 0.0141844
264 325 0.0150376
264 326 0.0964467
265 232 0.015544
265 233 0.349442
265 234 0.012605
265 263 0.045082
265 264 0.430769
265 295 0.0740741
265 296 0.0388889
265 325 0.151163
265 326 0.139831
265 328 0.0610329
266 234 0.0176471
266 235 0.191919
266 236 0.114286
266 267 0.208333
266 296 0.00892857
266 297 0.0645161
267 235 0.0618557
267 236 0.0485437
267 266 0.208333
267 268 0.329545
267 296 0.0636364
267 297 0.1
267 328 0.013986
267 329 0.0247934
268 236 0.0309278
268 237 0.00990099
268 267 0.329545
268 269 0.0222222
268 297 0.0185185
268 300 0.07
268 329 0.0434783
268 330 0.0833333
269 268 0.0222222
269 298 0.0697674
269 300 0.231481
269 330 0.195312
270 207 0.0952381
270 208 0.0103093
270 209 0.0215054
270 239 0.115385
270 301 0.254717
270 302 0.109244
270 332 0.042735
271 208 0.017094
271 240 0.242188
271 241 0.0964912
271 302 0.172662
271 303 0.195652
272 241 0.121622
272 303 0.306122
272 335 0.0212766
273 210 0.00724638
273 211 0.101852
273 242 0.175258
273 274 0.178218
273 304 0.00990099
273 305 0.0379747
273 306 0.0175439
273 335 0.185841
274 211 0.027027
274 273 0.178218
274 275 0.317073
274 306 0.145299
275 243 0.0283688
275 244 0.194969
275 245 0.032
275 274 0.317073
275 306 0.0588235
275 307 0.00819672
276 245 0.0707965
276 246 0.0656934
276 277 0.115854
276 307 0.163636
276 308 0.0793651
276 339 0.08
277 214 0.00649351
277 215 0.0380435
277 246 0.278689
277 247 0.1
277 276 0.115854
277 278 0.015748
277 308 0.104651
278 247 0.0804598
278 277 0.015748
278 308 0.0337079
278 309 0.183099
278 340 0.0714286
279 218 0.210884
279 248 0.135922
279 249 0.00854701
279 280 0.162393
279 310 0.144068
280 249 0.108696
280 279 0.162393
280 310 0.0215054
280 311 0.166667
280 341 0.0185185
281 250 0.0803571
281 251 0.116667
281 252 0.008
281 282 0.00952381
281 311 0.0338983
281 312 0.278689
281 313 0.188679
281 342 0.00877193
282 251 0.00990099
282 252 0.273585
282 281 0.00952381
282 283 0.0925926
282 313 0.045977
282 314 0.0487805
283 282 0.0925926
283 313 0.0642202
283 314 0.221154
283 344 0.210145
283 345 0.0176991
284 252 0.030303
284 253 0.0609756
284 254 0.0247934
284 314 0.226667
284 315 0.108434
284 346 0.134328
285 223 0.00813008
285 254 0.0662252
285 255 0.08
285 256 0.0555556
285 286 0.0673575
285 287 0.0230769
285 316 0.19697
286 225 0.0285714
286 255 0.435484
286 256 0.121951
286 257 0.0147783
286 285 0.0673575
286 287 0.225131
286 318 0.00478469
287 255 0.00813008
287 257 0.0714286
287 258 0.00813008
287 285 0.0230769
287 286 0.225131
287 316 0.0153846
287 317 0.00675676
287 318 0.19863
288 228 0.0972222
288 257 0.045045
288 258 0.382979
288 260 0.0416667
288 289 0.0444444
288 319 0.32
288 349 0.05
288 350 0.137255
289 228 0.297872
289 229 0.0105263
289 230 0.0138889
289 257 0.0116279
289 259 0.0104167
289 260 0.12766
289 288 0.0444444
289 290 0.102564
289 319 0.02
289 320 0.012987
290 229 0.143791
290 230 0.0153846
290 259 0.194805
290 260 0.161905
290 261 0.00558659
290 289 0.102564
290 291 0.335135
290 292 0.0137931
290 320 0.162963
290 321 0.0075188
290 322 0.0106952
290 323 0.0118343
290 350 0.0119048
290 352 0.01875
291 229 0.207921
291 230 0.0893855
291 259 0.206897
291 260 0.0324675
291 261 0.153509
291 290 0.335135
291 292 0.0824742
291 293 0.0316742
291 321 0.00549451
291 322 0.0550847
291 323 0.142202
291 324 0.00448431
292 229 0.00617284
292 232 0.00653595
292 261 0.356383
292 262 0.112676
292 263 0.0441176
292 290 0.0137931
292 291 0.0824742
292 293 0.226519
292 294 0.0298507
292 322 0.0816327
292 323 0.146067
292 324 0.0765027
293 261 0.0790698
293 262 0.0769231
293 263 0.00865801
293 291 0.0316742
293 292 0.226519
293 294 0.378882
293 295 0.00869565
293 322 0.121076
293 323 0.102439
293 324 0.22381
293 354 0.00431034
293 355 0.00510204
293 356 0.025974
294 261 0.0178571
294 262 0.131148
294 292 0.0298507
294 293 0.378882
294 295 0.169399
294 323 0.00632911
294 324 0.0858896
294 326 0.0113636
294 355 0.00671141
294 356 0.0326087
295 233 0.00719424
295 262 0.183246
295 263 0.0118577
295 264 0.0784314
295 265 0.0740741
295 293 0.00869565
295 294 0.169399
295 324 0.0689655
295 325 0.0331492
295 326 0.440816
295 356 0.102767
295 358 0.00408163
296 233 0.148837
296 234 0.0271739
296 235 0.0176991
296 264 0.0141844
296 265 0.0388889
296 266 0.00892857
296 267 0.0636364
296 297 0.197368
296 325 0.0762712
296 328 0.339623
296 329 0.0145985
296 358 0.0714286
297 235 0.015873
297 266 0.0645161
297 267 0.1
297 268 0.0185185
297 296 0.197368
297 328 0.0642202
297 329 0.0114943
297 358 0.030303
297 361 0.0131579
298 269 0.0697674
298 299 0.362832
298 330 0.383648
299 298 0.362832
300 237 0.00840336
300 268 0.07
300 269 0.231481
300 301 0.243478
300 331 0.015625
301 237 0.0344828
301 270 0.254717
301 300 0.243478
301 331 0.016
301 332 0.0243902
301 333 0.00847458
302 239 0.00671141
302 240 0.0314961
302 270 0.109244
302 271 0.172662
302 303 0.080292
302 332 0.110294
302 333 0.0229008
302 334 0.0381679
302 365 0.0393701
303 241 0.0446429
303 271 0.195652
303 272 0.306122
303 302 0.080292
303 334 0.0846154
303 335 0.0984849
304 273 0.00990099
304 305 0.146341
304 306 0.0598291
304 334 0.114035
304 335 0.0517241
304 336 0.039604
304 337 0.0535714
304 366 0.0797101
304 367 0.111111
305 273 0.0379747
305 304 0.146341
305 335 0.170213
306 273 0.0175439
306 274 0.145299
306 275 0.0588235
306 304 0.0598291
306 307 0.103448
306 336 0.0701754
306 337 0.264
306 338 0.0327869
307 245 0.047619
307 275 0.00819672
307 276 0.163636
307 306 0.103448
307 338 0.0925926
307 339 0.0940171
308 246 0.00689655
308 276 0.0793651
308 277 0.104651
308 278 0.0337079
308 309 0.12931
308 339 0.0902256
308 371 0.0692308
309 278 0.183099
309 308 0.12931
309 340 0.188406
309 371 0.196429
310 248 0.0126582
310 279 0.144068
310 280 0.0215054
310 341 0.238532
311 249 0.0196078
311 250 0.132075
311 280 0.166667
311 281 0.0338983
311 341 0.059322
311 342 0.212963
312 251 0.152542
312 281 0.278689
312 313 0.0288462
312 343 0.155738
312 373 0.0377358
313 281 0.188679
313 282 0.045977
313 283 0.0642202
313 312 0.0288462
313 343 0.0849057
313 375 0.155556
314 252 0.00980392
314 282 0.0487805
314 283 0.221154
314 284 0.226667
314 345 0.045977
314 346 0.0142857
315 254 0.0378788
315 284 0.108434
315 316 0.20354
315 317 0.00763359
315 346 0.179487
315 347 0.02
316 254 0.0264901
316 285 0.19697
316 287 0.0153846
316 315 0.20354
316 317 0.1
316 318 0.027027
317 287 0.00675676
317 315 0.00763359
317 316 0.1
317 318 0.23494
317 347 0.272727
317 348 0.0242424
317 349 0.0671141
318 258 0.0496454
318 286 0.00478469
318 287 0.19863
318 316 0.027027
318 317 0.23494
318 347 0.00540541
318 349 0.217687
319 257 0.00862069
319 258 0.111111
319 288 0.32
319 289 0.02
319 349 0.00952381
319 350 0.0714286
319 380 0.0853659
320 257 0.00699301
320 258 0.0396825
320 259 0.0653595
320 260 0.0576923
320 289 0.012987
320 290 0.162963
320 350 0.228916
320 351 0.0148148
320 352 0.358491
320 353 0.0106952
320 381 0.13913
320 382 0.00671141
320 383 0.00584795
321 259 0.0860927
321 290 0.0075188
321 291 0.00549451
321 322 0.13587
321 351 0.0902256
321 352 0.0764331
321 353 0.167568
321 354 0.0569948
321 383 0.0295858
321 384 0.0862069
321 385 0.015625
322 259 0.273171
322 290 0.0106952
322 291 0.0550847
322 292 0.0816327
322 293 0.121076
322 321 0.13587
322 323 0.336364
322 324 0.0666667
322 352 0.0236967
322 353 0.0167364
322 354 0.0809717
322 355 0.0189573
322 384 0.00438596
322 385 0.00406504
323 259 0.0962567
323 261 0.0141509
323 262 0.0060241
323 290 0.0118343
323 291 0.142202
323 292 0.146067
323 293 0.102439
323 294 0.00632911
323 322 0.336364
323 324 0.120773
323 354 0.0436681
324 262 0.0350877
324 291 0.00448431
324 292 0.0765027
324 293 0.22381
324 294 0.0858896
324 295 0.0689655
324 322 0.0666667
324 323 0.120773
324 326 0.0133333
324 354 0.0299145
324 355 0.136364
324 356 0.111588
324 384 0.00465116
324 385 0.0429185
324 386 0.027933
325 264 0.0150376
325 265 0.151163
325 295 0.0331492
325 296 0.0762712
325 326 0.166667
325 327 0.0457143
325 328 0.145695
325 356 0.0549451
325 357 0.112426
325 358 0.126437
325 388 0.0490196
326 262 0.13587
326 263 0.0243902
326 264 0.0964467
326 265 0.139831
326 294 0.0113636
326 295 0.440816
326 324 0.0133333
326 325 0.166667
326 356 0.121951
326 357 0.0128755
326 358 0.012605
327 325 0.0457143
327 328 0.0694444
327 356 0.0121457
327 357 0.282051
327 358 0.372385
327 387 0.00438596
327 388 0.0778443
327 389 0.214286
327 390 0.11165
328 265 0.0610329
328 267 0.013986
328 296 0.339623
328 297 0.0642202
328 325 0.145695
328 327 0.0694444
328 329 0.0235294
328 357 0.0190476
328 358 0.348837
328 359 0.0176991
329 267 0.0247934
329 268 0.0434783
329 296 0.0145985
329 297 0.0114943
329 328 0.0235294
329 330 0.0849673
329 359 0.010989
329 360 0.00909091
329 361 0.386861
329 362 0.127119
329 391 0.131579
330 268 0.0833333
330 269 0.195312
330 298 0.383648
330 329 0.0849673
330 331 0.0135135
330 362 0.130081
331 300 0.015625
331 301 0.016
331 330 0.0135135
331 332 0.139706
331 333 0.10687
331 362 0.0353982
331 363 0.152174
331 364 0.00952381
331 394 0.016129
331 395 0.0144928
332 270 0.042735
332 301 0.0243902
332 302 0.110294
332 331 0.139706
332 333 0.310078
333 301 0.00847458
333 302 0.0229008
333 331 0.10687
333 332 0.310078
333 364 0.0714286
333 365 0.158333
333 394 0.034188
334 302 0.0381679
334 303 0.0846154
334 304 0.114035
334 335 0.047619
334 365 0.0583333
334 366 0.135135
334 397 0.0469799
335 272 0.0212766
335 273 0.185841
335 303 0.0984849
335 304 0.0517241
335 305 0.170213
335 334 0.047619
336 304 0.039604
336 306 0.0701754
336 337 0.0917431
336 367 0.377193
336 369 0.00877193
336 399 0.0107527
337 304 0.0535714
337 306 0.264
337 336 0.0917431
337 338 0.042735
337 367 0.024
337 368 0.166667
337 369 0.016
338 306 0.0327869
338 307 0.0925926
338 337 0.042735
338 339 0.0243902
338 368 0.0540541
338 369 0.114754
338 370 0.0725806
338 400 0.149254
339 276 0.08
339 307 0.0940171
339 308 0.0902256
339 338 0.0243902
339 370 0.112782
339 371 0.0775194
340 278 0.0714286
340 309 0.188406
340 371 0.060241
341 280 0.0185185
341 310 0.238532
341 311 0.059322
341 342 0.0614035
341 372 0.322034
342 281 0.00877193
342 311 0.212963
342 341 0.0614035
342 372 0.0740741
342 373 0.132653
342 404 0.106796
343 312 0.155738
343 313 0.0849057
343 373 0.138889
343 374 0.165138
343 375 0.0555556
343 405 0.0425532
343 406 0.00961538
344 283 0.210145
344 345 0.107438
344 375 0.134454
344 376 0.206349
345 283 0.0176991
345 314 0.045977
345 344 0.107438
345 346 0.101266
345 376 0.029703
345 377 0.225806
345 407 0.0546875
346 284 0.134328
346 314 0.0142857
346 315 0.179487
346 345 0.101266
346 377 0.105263
346 408 0.0641026
347 315 0.02
347 317 0.272727
