0 1 0.296296
0 47 0.116667
1 0 0.296296
1 2 0.108333
1 47 0.193548
1 48 0.167568
2 1 0.108333
2 3 0.09
2 48 0.0518519
2 49 0.0674847
3 2 0.09
3 4 0.404959
3 49 0.0414508
3 50 0.0612245
3 51 0.00613497
3 52 0.0255102
4 3 0.404959
4 51 0.0714286
4 52 0.026738
5 6 0.271277
5 51 0.254777
5 52 0.0210526
5 53 0.00492611
6 5 0.271277
6 7 0.163462
6 51 0.0176211
6 52 0.05
6 53 0.267399
6 54 0.00478469
7 6 0.163462
7 8 0.111111
7 53 0.0672646
7 54 0.251572
7 55 0.132653
8 7 0.111111
8 9 0.091954
8 55 0.0909091
8 57 0.0517241
9 8 0.091954
9 10 0.0847458
9 56 0.166667
9 57 0.0366972
10 9 0.0847458
10 11 0.27907
10 56 0.0182927
10 57 0.469388
10 58 0.020202
11 10 0.27907
11 12 0.270142
11 56 0.00555556
11 57 0.0552147
11 58 0.00869565
11 59 0.0733945
12 11 0.270142
12 13 0.0224719
12 14 0.0946502
12 58 0.00724638
12 59 0.282158
12 61 0.0917431
13 12 0.0224719
13 14 0.411765
13 15 0.00588235
13 59 0.0432432
13 60 0.0170455
13 61 0.0123457
14 12 0.0946502
14 13 0.411765
14 15 0.187234
14 59 0.024
14 60 0.0954357
14 61 0.193833
14 62 0.010101
15 13 0.00588235
15 14 0.187234
15 16 0.107143
15 17 0.117371
15 60 0.0803571
15 61 0.0142857
15 62 0.132597
15 63 0.119658
16 15 0.107143
16 17 0.52356
16 18 0.0265957
16 62 0.0440252
16 63 0.0283019
17 15 0.117371
17 16 0.52356
17 18 0.0487805
17 62 0.0227273
17 63 0.152838
17 64 0.0742574
18 16 0.0265957
18 17 0.0487805
18 19 0.42268
18 20 0.0325581
18 64 0.0502513
18 65 0.173267
18 66 0.0782609
19 18 0.42268
19 20 0.0966184
19 64 0.0732984
19 65 0.0103093
19 66 0.112613
19 67 0.00490196
20 18 0.0325581
20 19 0.0966184
20 22 0.337719
20 66 0.0781893
20 67 0.0888889
20 68 0.0149254
21 22 0.0338983
22 20 0.337719
22 21 0.0338983
22 23 0.00485437
22 67 0.0711111
22 68 0.00497512
22 69 0.194215
23 22 0.00485437
23 24 0.0441176
23 69 0.463636
23 70 0.0144231
23 71 0.00480769
23 72 0.12605
24 23 0.0441176
24 25 0.252252
24 26 0.036036
24 69 0.0116279
24 70 0.00625
24 71 0.16875
24 72 0.0422535
25 24 0.252252
25 26 0.253731
25 27 0.0280899
25 71 0.0218579
25 72 0.117021
25 73 0.0165746
26 24 0.036036
26 25 0.253731
26 27 0.179775
26 75 0.0125
27 25 0.0280899
27 26 0.179775
27 28 0.138462
27 73 0.244444
27 74 0.0153846
27 75 0.0882353
28 27 0.138462
28 29 0.203593
28 30 0.0186335
28 75 0.146893
28 76 0.04
29 28 0.203593
29 30 0.19375
29 31 0.00458716
29 75 0.0227273
29 76 0.0229885
29 77 0.14881
30 28 0.0186335
30 29 0.19375
30 31 0.132075
30 77 0.314815
30 79 0.0148148
31 29 0.00458716
31 30 0.132075
31 32 0.38983
31 33 0.153846
31 77 0.0454545
31 78 0.135747
31 79 0.181347
31 80 0.0620155
32 31 0.38983
32 33 0.416149
32 34 0.00438596
32 79 0.132075
32 80 0.0982143
32 81 0.0481283
33 31 0.153846
33 32 0.416149
33 34 0.0588235
33 79 0.00847458
33 80 0.142077
33 81 0.0410959
34 32 0.00438596
34 33 0.0588235
34 35 0.0523256
34 36 0.00549451
34 80 0.192
34 81 0.0469484
34 82 0.355372
35 34 0.0523256
35 36 0.32
35 37 0.00970874
35 82 0.04375
35 83 0.0642857
36 34 0.00549451
36 35 0.32
36 37 0.265487
36 82 0.0117647
36 83 0.1
36 84 0.038674
37 35 0.00970874
37 36 0.265487
37 38 0.013986
37 83 0.143791
37 84 0.298913
37 85 0.0183486
38 37 0.013986
38 39 0.393443
38 40 0.00995025
38 83 0.222222
38 84 0.0473934
38 87 0.00510204
39 38 0.393443
39 40 0.233645
39 83 0.015544
39 84 0.0535714
39 85 0.00671141
39 86 0.139535
39 87 0.0334928
39 88 0.0291262
40 38 0.00995025
40 39 0.233645
40 41 0.037234
40 85 0.00598802
40 86 0.0815451
40 87 0.154185
40 88 0.428571
41 40 0.037234
41 42 0.196532
41 43 0.0141509
41 88 0.427778
41 89 0.22695
42 41 0.196532
42 43 0.448133
42 88 0.0239234
42 89 0.135294
42 90 0.0432432
42 91 0.0145631
43 41 0.0141509
43 42 0.448133
43 44 0.255814
43 89 0.00478469
43 90 0.0669643
43 91 0.138776
43 92 0.0100334
44 43 0.255814
44 45 0.149171
44 91 0.0388889
44 92 0.115385
45 44 0.149171
45 46 0.0196078
45 91 0.028436
45 92 0.237736
45 93 0.17757
46 45 0.0196078
46 93 0.348387
47 0 0.116667
47 1 0.193548
47 48 0.111765
47 94 0.222973
48 1 0.167568
48 2 0.0518519
48 47 0.111765
48 49 0.232456
48 94 0.101124
48 95 0.0574163
48 96 0.00657895
49 2 0.0674847
49 3 0.0414508
49 48 0.232456
49 50 0.290476
49 95 0.0253165
49 96 0.183333
49 97 0.0153061
49 98 0.00833333
50 3 0.0612245
50 49 0.290476
50 51 0.0222222
50 52 0.0140845
50 96 0.0522388
50 97 0.133333
50 98 0.159794
51 3 0.00613497
51 4 0.0714286
51 5 0.254777
51 6 0.0176211
51 50 0.0222222
51 52 0.427948
51 98 0.0238095
52 3 0.0255102
52 4 0.026738
52 5 0.0210526
52 6 0.05
52 50 0.0140845
52 51 0.427948
52 53 0.0545455
52 97 0.0150754
52 98 0.292181
52 100 0.00420168
53 5 0.00492611
53 6 0.267399
53 7 0.0672646
53 52 0.0545455
53 54 0.178571
53 99 0.0344828
53 100 0.239044
54 6 0.00478469
54 7 0.251572
54 53 0.178571
54 55 0.161616
54 100 0.0695187
54 101 0.011236
55 7 0.132653
55 8 0.0909091
55 54 0.161616
55 101 0.214286
56 9 0.166667
56 10 0.0182927
56 11 0.00555556
56 57 0.083871
56 102 0.00877193
56 103 0.282407
56 104 0.0204082
56 105 0.08
57 8 0.0517241
57 9 0.0366972
57 10 0.469388
57 11 0.0552147
57 56 0.083871
57 58 0.0555556
57 102 0.0412371
57 105 0.18797
58 10 0.020202
58 11 0.00869565
58 12 0.00724638
58 57 0.0555556
58 59 0.0275862
58 104 0.0121951
58 105 0.341176
58 106 0.12381
59 11 0.0733945
59 12 0.282158
59 13 0.0432432
59 14 0.024
59 58 0.0275862
59 60 0.041841
59 61 0.168889
59 105 0.0159574
59 106 0.254808
59 107 0.133971
59 108 0.0263158
60 13 0.0170455
60 14 0.0954357
60 15 0.0803571
60 59 0.041841
60 61 0.384259
60 62 0.117647
60 63 0.025
60 107 0.06
60 109 0.120172
60 110 0.0882353
61 12 0.0917431
61 13 0.0123457
61 14 0.193833
61 15 0.0142857
61 59 0.168889
61 60 0.384259
61 62 0.0231214
61 107 0.0967742
61 109 0.0319635
62 14 0.010101
62 15 0.132597
62 16 0.0440252
62 17 0.0227273
62 60 0.117647
62 61 0.0231214
62 63 0.13198
62 110 0.369231
62 111 0.00543478
63 15 0.119658
63 16 0.0283019
63 17 0.152838
63 60 0.025
63 62 0.13198
63 64 0.0717489
63 109 0.0411523
63 110 0.427419
63 111 0.0801688
64 17 0.0742574
64 18 0.0502513
64 19 0.0732984
64 63 0.0717489
64 65 0.276382
64 66 0.00440529
64 110 0.0316742
64 111 0.152381
64 112 0.0306748
65 18 0.173267
65 19 0.0103093
65 64 0.276382
65 66 0.213043
65 111 0.056338
65 112 0.0240964
65 113 0.0235849
66 18 0.0782609
66 19 0.112613
66 20 0.0781893
66 64 0.00440529
66 65 0.213043
66 67 0.179167
66 68 0.166667
66 113 0.191667
67 19 0.00490196
67 20 0.0888889
67 22 0.0711111
67 66 0.179167
67 68 0.40404
67 113 0.00900901
67 114 0.161572
67 115 0.00555556
67 116 0.199134
68 20 0.0149254
68 22 0.00497512
68 66 0.166667
68 67 0.40404
68 113 0.0454545
68 114 0.0585366
68 116 0.057971
69 22 0.194215
69 23 0.463636
69 24 0.0116279
69 70 0.0737705
69 71 0.0204918
69 116 0.0120968
70 23 0.0144231
70 24 0.00625
70 69 0.0737705
70 71 0.142241
70 116 0.0974576
70 117 0.243243
70 118 0.221053
71 23 0.00480769
71 24 0.16875
71 25 0.0218579
71 69 0.0204918
71 70 0.142241
71 117 0.036036
71 118 0.1
71 119 0.319635
71 120 0.0456621
72 23 0.12605
72 24 0.0422535
72 25 0.117021
73 25 0.0165746
73 27 0.244444
73 74 0.0454545
73 119 0.0737327
73 120 0.271889
73 121 0.0393013
73 122 0.0114943
74 27 0.0153846
74 73 0.0454545
74 75 0.367232
74 76 0.102857
74 77 0.00591716
74 121 0.0502513
74 122 0.0972222
74 123 0.0574713
75 26 0.0125
75 27 0.0882353
75 28 0.146893
75 29 0.0227273
75 74 0.367232
75 76 0.173913
75 121 0.0625
75 123 0.00546448
76 28 0.04
76 29 0.0229885
76 74 0.102857
76 75 0.173913
76 77 0.136364
76 78 0.00564972
76 123 0.248619
77 29 0.14881
77 30 0.314815
77 31 0.0454545
77 74 0.00591716
77 76 0.136364
77 78 0.00584795
77 123 0.0685714
77 125 0.0363636
78 31 0.135747
78 76 0.00564972
78 77 0.00584795
78 79 0.152778
78 123 0.0170455
78 124 0.0857143
78 125 0.289593
79 30 0.0148148
79 31 0.181347
79 32 0.132075
79 33 0.00847458
79 78 0.152778
79 80 0.0552486
79 81 0.125
79 125 0.0880829
79 126 0.00671141
79 127 0.021164
80 31 0.0620155
80 32 0.0982143
80 33 0.142077
80 34 0.192
80 79 0.0552486
80 81 0.301435
80 82 0.012605
80 125 0.0271318
80 126 0.0280374
80 127 0.129921
81 32 0.0481283
81 33 0.0410959
81 34 0.0469484
81 79 0.125
81 80 0.301435
81 82 0.0199005
81 125 0.0542986
81 126 0.0564972
81 127 0.290323
81 128 0.00662252
82 34 0.355372
82 35 0.04375
82 36 0.0117647
82 80 0.012605
82 81 0.0199005
82 127 0.0365854
82 128 0.144444
82 129 0.161826
82 130 0.0191083
82 131 0.077381
83 35 0.0642857
83 36 0.1
83 37 0.143791
83 38 0.222222
83 39 0.015544
83 84 0.21267
83 85 0.0205479
83 131 0.00675676
83 132 0.227273
84 36 0.038674
84 37 0.298913
84 38 0.0473934
84 39 0.0535714
84 83 0.21267
84 85 0.20904
84 86 0.0493827
84 131 0.0782123
84 132 0.400966
85 37 0.0183486
85 39 0.00671141
85 40 0.00598802
85 83 0.0205479
85 84 0.20904
85 86 0.404762
85 87 0.037037
85 132 0.030303
85 134 0.0188679
86 39 0.139535
86 40 0.0815451
86 84 0.0493827
86 85 0.404762
86 87 0.201754
86 88 0.00444444
86 132 0.10101
86 133 0.00990099
86 134 0.0406977
86 135 0.00510204
87 38 0.00510204
87 39 0.0334928
87 40 0.154185
87 85 0.037037
87 86 0.201754
87 88 0.0547945
87 134 0.0180723
87 135 0.126316
87 136 0.0443548
88 39 0.0291262
88 40 0.428571
88 41 0.427778
88 42 0.0239234
88 86 0.00444444
88 87 0.0547945
88 89 0.158192
88 135 0.117647
88 136 0.00408163
89 41 0.22695
89 42 0.135294
89 43 0.00478469
89 88 0.158192
89 90 0.0915033
89 135 0.162162
89 136 0.0776699
89 137 0.280423
90 42 0.0432432
90 43 0.0669643
90 89 0.0915033
90 91 0.216931
90 92 0.0205761
90 137 0.313726
90 138 0.116279
91 42 0.0145631
91 43 0.138776
91 44 0.0388889
91 45 0.028436
91 90 0.216931
91 92 0.44697
91 137 0.0444444
91 138 0.139896
92 43 0.0100334
92 44 0.115385
92 45 0.237736
92 90 0.0205761
92 91 0.44697
92 93 0.0374532
92 138 0.0769231
92 140 0.123506
93 45 0.17757
93 46 0.348387
93 92 0.0374532
93 140 0.235
94 47 0.222973
94 48 0.101124
94 95 0.0695187
94 141 0.258427
95 48 0.0574163
95 49 0.0253165
95 94 0.0695187
95 96 0.0496894
95 141 0.267943
95 142 0.285714
96 48 0.00657895
96 49 0.183333
96 50 0.0522388
96 95 0.0496894
96 97 0.0333333
96 142 0.116438
96 143 0.0755814
96 144 0.0347222
97 49 0.0153061
97 50 0.133333
97 52 0.0150754
97 96 0.0333333
97 98 0.333333
97 99 0.283465
97 143 0.0691489
97 144 0.025
97 145 0.109375
97 146 0.0164835
98 49 0.00833333
98 50 0.159794
98 51 0.0238095
98 52 0.292181
98 97 0.333333
98 99 0.146199
98 100 0.0136986
98 145 0.0211864
99 53 0.0344828
99 97 0.283465
99 98 0.146199
99 100 0.0542169
99 144 0.00662252
99 145 0.0655738
99 146 0.0982659
100 52 0.00420168
100 53 0.239044
100 54 0.0695187
100 98 0.0136986
100 99 0.0542169
100 146 0.113122
100 147 0.273408
100 148 0.00518135
101 54 0.011236
101 55 0.214286
101 102 0.027027
101 148 0.0421053
101 149 0.136364
101 150 0.037037
102 56 0.00877193
102 57 0.0412371
102 101 0.027027
102 149 0.047619
103 56 0.282407
103 104 0.0628272
103 149 0.0545455
103 150 0.427948
103 151 0.0197628
103 152 0.16129
104 56 0.0204082
104 58 0.0121951
104 103 0.0628272
104 105 0.008
104 106 0.00689655
104 150 0.0625
104 151 0.336957
104 152 0.141892
104 153 0.0217391
104 154 0.0145985
105 56 0.08
105 57 0.18797
105 58 0.341176
105 59 0.0159574
105 104 0.008
105 106 0.277027
105 152 0.0993377
105 153 0.0315789
105 154 0.0571429
106 58 0.12381
106 59 0.254808
106 104 0.00689655
106 105 0.277027
106 107 0.0946746
106 108 0.037234
106 152 0.00584795
106 153 0.0695652
106 154 0.24375
107 59 0.133971
107 60 0.06
107 61 0.0967742
107 106 0.0946746
107 108 0.433862
107 109 0.00985222
107 151 0.00480769
107 153 0.0344828
107 154 0.161491
108 59 0.0263158
108 106 0.037234
108 107 0.433862
108 109 0.0810811
108 153 0.0888889
108 154 0.238889
108 155 0.0335196
109 60 0.120172
109 61 0.0319635
109 63 0.0411523
109 107 0.00985222
109 108 0.0810811
109 110 0.112033
109 155 0.253886
109 156 0.103659
109 158 0.0176471
110 60 0.0882353
110 62 0.369231
110 63 0.427419
110 64 0.0316742
110 109 0.112033
110 111 0.110638
110 155 0.050505
110 156 0.0177515
110 157 0.0541872
110 158 0.0171429
111 62 0.00543478
111 63 0.0801688
111 64 0.152381
111 65 0.056338
111 110 0.110638
111 112 0.288136
111 113 0.00896861
111 156 0.0189873
111 157 0.166667
111 158 0.0609756
111 159 0.0918919
111 160 0.0895522
112 64 0.0306748
112 65 0.0240964
112 111 0.288136
112 113 0.0965909
112 157 0.124138
112 158 0.0769231
112 159 0.275362
112 160 0.0779221
113 65 0.0235849
113 66 0.191667
113 67 0.00900901
113 68 0.0454545
113 111 0.00896861
113 112 0.0965909
113 114 0.0218341
113 159 0.0434783
113 160 0.405
113 161 0.205761
113 162 0.0083682
114 67 0.161572
114 68 0.0585366
114 113 0.0218341
114 115 0.262032
114 116 0.121849
114 161 0.188
114 162 0.195122
115 67 0.00555556
115 114 0.262032
115 116 0.126984
115 161 0.0248756
115 162 0.116751
115 163 0.0614525
115 164 0.0272727
116 67 0.199134
116 68 0.057971
116 69 0.0120968
116 70 0.0974576
116 114 0.121849
116 115 0.126984
116 117 0.039823
116 161 0.0198413
116 162 0.00403226
116 163 0.113043
117 70 0.243243
117 71 0.036036
117 116 0.039823
117 118 0.138889
117 163 0.222222
117 164 0.0204082
117 165 0.170103
117 166 0.0394737
118 70 0.221053
118 71 0.1
118 117 0.138889
118 119 0.0112994
118 120 0.0508475
118 165 0.0308642
118 166 0.0765306
118 167 0.0273973
119 71 0.319635
119 73 0.0737327
119 118 0.0112994
119 120 0.0679612
119 167 0.00571429
120 71 0.0456621
120 73 0.271889
120 118 0.0508475
120 119 0.0679612
120 121 0.00917431
120 166 0.151111
120 167 0.194286
121 73 0.0393013
121 74 0.0502513
121 75 0.0625
121 120 0.00917431
121 122 0.291429
121 123 0.00487805
121 167 0.0374332
121 168 0.296512
121 169 0.0947368
122 73 0.0114943
122 74 0.0972222
122 121 0.291429
122 123 0.0533333
122 169 0.266667
122 170 0.0127389
123 74 0.0574713
123 75 0.00546448
123 76 0.248619
123 77 0.0685714
123 78 0.0170455
123 121 0.00487805
123 122 0.0533333
123 124 0.0486111
123 125 0.0133333
123 169 0.175758
123 170 0.128342
123 172 0.00862069
124 78 0.0857143
124 123 0.0486111
124 125 0.201058
124 126 0.0137931
124 170 0.0993377
124 172 0.0375
124 173 0.0980392
124 174 0.0442478
125 77 0.0363636
125 78 0.289593
125 79 0.0880829
125 80 0.0271318
125 81 0.0542986
125 123 0.0133333
125 124 0.201058
125 126 0.132743
125 127 0.0112782
125 170 0.0258621
125 173 0.00546448
126 79 0.00671141
126 80 0.0280374
126 81 0.0564972
126 124 0.0137931
126 125 0.132743
126 127 0.243243
126 173 0.273381
126 174 0.02
126 175 0.0430622
127 79 0.021164
127 80 0.129921
127 81 0.290323
127 82 0.0365854
127 125 0.0112782
127 126 0.243243
127 128 0.0969388
127 129 0.0194553
127 173 0.0111732
127 174 0.0315789
127 175 0.11245
127 176 0.0431373
128 81 0.00662252
128 82 0.144444
128 127 0.0969388
128 129 0.308901
128 131 0.0254237
128 175 0.0710383
128 176 0.0687831
129 82 0.161826
129 127 0.0194553
129 128 0.308901
129 130 0.119048
129 131 0.100559
129 175 0.0163934
129 176 0.308
129 177 0.0930233
129 178 0.0116959
130 82 0.0191083
130 129 0.119048
130 131 0.0947368
130 133 0.015748
130 177 0.167939
130 178 0.114943
130 179 0.0903226
131 82 0.077381
131 83 0.00675676
131 84 0.0782123
131 128 0.0254237
131 129 0.100559
131 130 0.0947368
131 132 0.0149254
131 178 0.0918367
132 83 0.227273
132 84 0.400966
132 85 0.030303
132 86 0.10101
132 131 0.0149254
132 133 0.0240964
132 178 0.031746
132 180 0.00561798
133 86 0.00990099
133 130 0.015748
133 132 0.0240964
133 134 0.0428571
133 177 0.0402299
133 178 0.138462
133 179 0.166667
133 180 0.296703
134 85 0.0188679
134 86 0.0406977
134 87 0.0180723
134 133 0.0428571
134 135 0.119403
134 180 0.0921053
134 181 0.00892857
134 182 0.0458716
134 183 0.045977
135 86 0.00510204
135 87 0.126316
135 88 0.117647
135 89 0.162162
135 134 0.119403
135 136 0.226852
135 137 0.0552764
135 180 0.00568182
135 182 0.0526316
135 183 0.146465
136 87 0.0443548
136 88 0.00408163
136 89 0.0776699
136 135 0.226852
136 137 0.229572
136 182 0.052356
136 183 0.460938
136 184 0.13834
137 89 0.280423
137 90 0.313726
137 91 0.0444444
137 135 0.0552764
137 136 0.229572
137 138 0.0288462
137 183 0.0167364
137 184 0.0720339
137 185 0.0284553
137 186 0.120536
138 90 0.116279
138 91 0.139896
138 92 0.0769231
138 137 0.0288462
138 139 0.0206186
138 184 0.00490196
138 185 0.0233645
138 186 0.364583
138 187 0.111111
139 138 0.0206186
139 140 0.00505051
139 185 0.168103
139 186 0.109524
139 187 0.376068
140 92 0.123506
140 93 0.235
140 139 0.00505051
140 187 0.118182
141 94 0.258427
141 95 0.267943
141 142 0.00515464
141 188 0.218905
142 95 0.285714
142 96 0.116438
142 141 0.00515464
142 143 0.261682
142 188 0.0512821
142 189 0.0989011
142 190 0.0141844
143 96 0.0755814
143 97 0.0691489
143 142 0.261682
143 144 0.0330189
143 145 0.0122951
143 189 0.25
143 190 0.317365
143 191 0.00495049
144 96 0.0347222
144 97 0.025
144 99 0.00662252
144 143 0.0330189
144 145 0.606481
144 146 0.0194175
144 191 0.0229885
144 192 0.0666667
145 97 0.109375
145 98 0.0211864
145 99 0.0655738
145 143 0.0122951
145 144 0.606481
145 146 0.226891
145 191 0.0145631
145 192 0.0913706
145 193 0.0156863
146 97 0.0164835
146 99 0.0982659
146 100 0.113122
146 144 0.0194175
146 145 0.226891
146 147 0.0328467
146 192 0.0374332
146 193 0.310204
147 100 0.273408
147 146 0.0328467
147 148 0.373984
147 193 0.123711
147 195 0.1
148 100 0.00518135
148 101 0.0421053
148 147 0.373984
148 193 0.0138249
148 194 0.00507614
148 195 0.203883
148 196 0.0625
148 197 0.0188679
149 101 0.136364
149 102 0.047619
149 103 0.0545455
149 150 0.0671642
149 196 0.111111
150 101 0.037037
150 103 0.427948
150 104 0.0625
150 149 0.0671642
150 151 0.0135135
150 152 0.016129
150 196 0.0275229
150 197 0.0168067
151 103 0.0197628
151 104 0.336957
151 107 0.00480769
151 150 0.0135135
151 152 0.304762
151 153 0.0714286
151 154 0.0150754
151 198 0.0695187
151 199 0.380753
151 200 0.0504587
152 103 0.16129
152 104 0.141892
152 105 0.0993377
152 106 0.00584795
152 150 0.016129
152 151 0.304762
152 153 0.00847458
152 154 0.0245399
152 199 0.0886699
152 200 0.00549451
153 104 0.0217391
153 105 0.0315789
153 106 0.0695652
153 107 0.0344828
153 108 0.0888889
153 151 0.0714286
153 152 0.00847458
153 154 0.28972
153 199 0.0204082
153 200 0.047619
153 201 0.0510204
154 104 0.0145985
154 105 0.0571429
154 106 0.24375
154 107 0.161491
154 108 0.238889
154 151 0.0150754
154 152 0.0245399
154 153 0.28972
154 199 0.0364583
154 200 0.0175439
154 201 0.034965
154 202 0.0182927
155 108 0.0335196
155 109 0.253886
155 110 0.050505
155 156 0.247934
155 157 0.0129032
155 158 0.0314961
155 201 0.0352113
155 202 0.0858896
155 203 0.254808
155 204 0.050505
156 109 0.103659
156 110 0.0177515
156 111 0.0189873
156 155 0.247934
156 157 0.174603
156 158 0.22449
156 202 0.00746269
156 203 0.0558659
156 204 0.0295858
156 205 0.031746
157 110 0.0541872
157 111 0.166667
157 112 0.124138
157 155 0.0129032
157 156 0.174603
157 158 0.469697
157 159 0.111111
157 203 0.028169
157 204 0.108374
157 205 0.175
157 206 0.00543478
158 109 0.0176471
158 110 0.0171429
158 111 0.0609756
158 112 0.0769231
158 155 0.0314961
158 156 0.22449
158 157 0.469697
158 159 0.04
158 203 0.0162162
158 204 0.04
158 205 0.0454545
159 111 0.0918919
159 112 0.275362
159 113 0.0434783
159 157 0.111111
159 158 0.04
159 160 0.0123457
159 205 0.0980392
159 206 0.333333
159 207 0.013245
159 208 0.00497512
160 111 0.0895522
160 112 0.0779221
160 113 0.405
160 159 0.0123457
160 161 0.135747
160 206 0.0673575
161 113 0.205761
161 114 0.188
161 115 0.0248756
161 116 0.0198413
161 160 0.135747
161 162 0.292308
161 206 0.0211864
161 207 0.0285714
161 208 0.0692308
161 209 0.00900901
162 113 0.0083682
162 114 0.195122
162 115 0.116751
162 116 0.00403226
162 161 0.292308
162 163 0.00840336
162 164 0.035503
162 207 0.0194175
162 208 0.0703125
162 209 0.261468
163 115 0.0614525
163 116 0.113043
163 117 0.222222
163 162 0.00840336
163 164 0.456954
163 165 0.0959596
163 209 0.04
163 210 0.027933
163 212 0.0103093
164 115 0.0272727
164 117 0.0204082
164 162 0.035503
164 163 0.456954
164 165 0.0387597
164 209 0.0687023
164 210 0.00909091
164 211 0.0606061
164 212 0.008
165 117 0.170103
165 118 0.0308642
165 163 0.0959596
165 164 0.0387597
165 166 0.238095
165 210 0.0573248
165 211 0.0479452
165 212 0.151163
165 213 0.0361446
166 117 0.0394737
166 118 0.0765306
166 120 0.151111
166 165 0.238095
166 167 0.242268
166 212 0.121359
166 213 0.15
166 215 0.0639269
167 118 0.0273973
167 119 0.00571429
167 120 0.194286
167 121 0.0374332
167 166 0.242268
167 168 0.0155039
167 214 0.0826446
167 215 0.0295858
168 121 0.296512
168 167 0.0155039
168 214 0.367925
168 215 0.11039
168 216 0.0261438
169 121 0.0947368
169 122 0.266667
169 123 0.175758
169 170 0.0813954
169 216 0.0994152
170 122 0.0127389
170 123 0.128342
170 124 0.0993377
170 125 0.0258621
170 169 0.0813954
170 216 0.0259067
170 217 0.354497
171 172 0.255814
171 173 0.0153846
171 219 0.0285714
172 123 0.00862069
172 124 0.0375
172 171 0.255814
172 173 0.22973
172 218 0.0105263
172 219 0.0632911
172 220 0.0138889
173 124 0.0980392
173 125 0.00546448
173 126 0.273381
173 127 0.0111732
173 171 0.0153846
173 172 0.22973
173 174 0.046729
173 219 0.019802
173 221 0.0133333
174 124 0.0442478
174 126 0.02
174 127 0.0315789
174 173 0.046729
174 175 0.00564972
174 219 0.0714286
174 220 0.209524
174 221 0.161491
175 126 0.0430622
175 127 0.11245
175 128 0.0710383
175 129 0.0163934
175 174 0.00564972
175 176 0.285124
175 221 0.104545
175 222 0.1125
175 223 0.043956
175 224 0.0344828
176 127 0.0431373
176 128 0.0687831
176 129 0.308
176 175 0.285124
176 177 0.0422535
176 221 0.0176991
176 222 0.00813008
176 223 0.00531915
176 224 0.105042
177 129 0.0930233
177 130 0.167939
177 133 0.0402299
177 176 0.0422535
177 178 0.0522388
177 179 0.232673
177 223 0.0326797
177 224 0.241379
177 225 0.00564972
178 129 0.0116959
178 130 0.114943
178 131 0.0918367
178 132 0.031746
178 133 0.138462
178 177 0.0522388
178 179 0.0632911
178 180 0.0422535
179 130 0.0903226
179 133 0.166667
179 177 0.232673
179 178 0.0632911
179 180 0.1
179 224 0.0748899
179 225 0.293532
179 226 0.0318471
180 132 0.00561798
180 133 0.296703
180 134 0.0921053
180 135 0.00568182
180 178 0.0422535
180 179 0.1
180 182 0.00662252
180 225 0.0648649
180 226 0.0141844
180 228 0.0972973
180 229 0.0310559
181 134 0.00892857
181 183 0.00568182
181 184 0.017341
181 228 0.0689655
181 229 0.396694
181 230 0.0465116
181 231 0.0140845
182 134 0.0458716
182 135 0.0526316
182 136 0.052356
182 180 0.00662252
182 183 0.0867052
182 229 0.00847458
183 134 0.045977
183 135 0.146465
183 136 0.460938
183 137 0.0167364
183 181 0.00568182
183 182 0.0867052
183 184 0.0893617
183 229 0.0437158
183 230 0.145299
183 231 0.156863
184 136 0.13834
184 137 0.0720339
184 138 0.00490196
184 181 0.017341
184 183 0.0893617
184 185 0.107438
184 186 0.0545455
184 230 0.294372
184 231 0.39801
184 232 0.198198
185 137 0.0284553
185 138 0.0233645
185 139 0.168103
185 184 0.107438
185 186 0.343478
185 187 0.023622
185 230 0.0207469
185 231 0.014218
185 232 0.0862069
185 233 0.183206
186 137 0.120536
186 138 0.364583
186 139 0.109524
186 184 0.0545455
186 185 0.343478
186 187 0.0689655
186 230 0.0182648
186 232 0.0047619
186 233 0.0166667
187 138 0.111111
187 139 0.376068
187 140 0.118182
187 185 0.023622
187 186 0.0689655
187 233 0.00757576
187 234 0.285714
188 141 0.218905
188 142 0.0512821
188 189 0.015873
188 235 0.35
188 236 0.0114286
189 142 0.0989011
189 143 0.25
189 188 0.015873
189 190 0.0518519
189 191 0.00588235
189 235 0.0213904
189 237 0.255435
190 142 0.0141844
190 143 0.317365
190 189 0.0518519
190 191 0.124031
190 237 0.027972
190 238 0.0150376
191 143 0.00495049
191 144 0.0229885
191 145 0.0145631
191 189 0.00588235
191 190 0.124031
191 192 0.0322581
191 237 0.106742
191 238 0.482143
191 239 0.0502793
192 144 0.0666667
192 145 0.0913706
192 146 0.0374332
192 191 0.0322581
192 193 0.127451
192 238 0.0188679
192 239 0.205882
192 240 0.03
192 241 0.124294
193 145 0.0156863
193 146 0.310204
193 147 0.123711
193 148 0.0138249
193 192 0.127451
193 194 0.0702479
193 195 0.0318725
193 239 0.00877193
193 241 0.425532
194 148 0.00507614
194 193 0.0702479
194 195 0.238095
194 240 0.00724638
194 241 0.227907
194 242 0.117021
195 147 0.1
195 148 0.203883
195 193 0.0318725
195 194 0.238095
195 196 0.0230769
195 197 0.0142857
195 241 0.0178571
195 242 0.142132
195 243 0.0735294
196 148 0.0625
196 149 0.111111
196 150 0.0275229
196 195 0.0230769
196 197 0.1
197 148 0.0188679
197 150 0.0168067
197 195 0.0142857
197 196 0.1
197 243 0.194444
197 244 0.257143
197 245 0.0263158
198 151 0.0695187
198 246 0.515924
199 151 0.380753
199 152 0.0886699
199 153 0.0204082
199 154 0.0364583
199 200 0.165877
199 201 0.0163934
199 202 0.00490196
199 246 0.062201
199 247 0.130435
199 248 0.0104712
200 151 0.0504587
200 152 0.00549451
200 153 0.047619
200 154 0.0175439
200 199 0.165877
200 201 0.216049
200 202 0.010929
200 246 0.00531915
200 247 0.129187
200 248 0.264706
200 249 0.0441176
201 153 0.0510204
201 154 0.034965
201 155 0.0352113
201 199 0.0163934
201 200 0.216049
201 202 0.154839
201 203 0.01
201 247 0.0331492
201 248 0.0704225
201 249 0.125
201 250 0.00740741
202 154 0.0182927
202 155 0.0858896
202 156 0.00746269
202 199 0.00490196
202 200 0.010929
202 201 0.154839
202 203 0.0542986
202 249 0.106599
203 155 0.254808
203 156 0.0558659
203 157 0.028169
203 158 0.0162162
203 201 0.01
203 202 0.0542986
203 204 0.128906
203 205 0.00469484
203 249 0.161157
203 250 0.00995025
203 252 0.00512821
204 155 0.050505
204 156 0.0295858
204 157 0.108374
204 158 0.04
204 203 0.128906
204 205 0.226601
204 250 0.0314136
204 251 0.020979
204 252 0.27027
204 253 0.123596
205 156 0.031746
205 157 0.175
205 158 0.0454545
205 159 0.0980392
205 203 0.00469484
205 204 0.226601
205 206 0.0652174
205 253 0.241071
206 157 0.00543478
206 159 0.333333
206 160 0.0673575
206 161 0.0211864
206 205 0.0652174
206 207 0.10989
206 208 0.0862069
206 253 0.233871
206 254 0.283951
207 159 0.013245
207 161 0.0285714
207 162 0.0194175
207 206 0.10989
207 208 0.451456
207 253 0.045045
207 254 0.0294118
207 255 0.112426
208 159 0.00497512
208 161 0.0692308
208 162 0.0703125
208 206 0.0862069
208 207 0.451456
208 209 0.0688073
208 254 0.177419
208 255 0.26484
209 161 0.00900901
209 162 0.261468
209 163 0.04
209 164 0.0687023
209 208 0.0688073
209 210 0.132075
209 211 0.101351
209 255 0.0552486
209 256 0.015748
209 257 0.280702
209 258 0.0137931
210 163 0.027933
210 164 0.00909091
210 165 0.0573248
210 209 0.132075
210 211 0.141732
210 212 0.00653595
210 257 0.426667
210 258 0.201613
210 259 0.142857
211 164 0.0606061
211 165 0.0479452
211 209 0.101351
211 210 0.141732
211 212 0.15493
211 213 0.0441176
211 257 0.201439
211 258 0.0176991
211 259 0.231481
211 260 0.00813008
212 163 0.0103093
212 164 0.008
212 165 0.151163
212 166 0.121359
212 210 0.00653595
212 211 0.15493
212 213 0.296296
212 257 0.030303
212 259 0.0522388
212 260 0.14094
213 165 0.0361446
213 166 0.15
213 211 0.0441176
213 212 0.296296
213 259 0.078125
213 260 0.020979
213 261 0.0621762
214 167 0.0826446
214 168 0.367925
214 215 0.171233
214 260 0.00877193
214 261 0.0365854
215 166 0.0639269
215 167 0.0295858
215 168 0.11039
215 214 0.171233
215 216 0.139896
215 260 0.123457
215 261 0.136792
215 262 0.0322581
216 168 0.0261438
216 169 0.0994152
216 170 0.0259067
216 215 0.139896
216 217 0.037234
216 261 0.00473934
216 262 0.362162
216 263 0.0425532
217 170 0.354497
217 216 0.037234
217 218 0.00621118
217 219 0.0137931
217 263 0.181818
217 264 0.19375
218 172 0.0105263
218 217 0.00621118
218 219 0.0245902
218 263 0.0240385
218 264 0.0875912
218 265 0.257353
218 266 0.162162
218 267 0.01875
219 171 0.0285714
219 172 0.0632911
219 173 0.019802
219 174 0.0714286
219 217 0.0137931
219 218 0.0245902
219 220 0.30303
219 264 0.272727
219 265 0.00833333
219 266 0.0227273
219 267 0.0347222
219 268 0.0289017
220 172 0.0138889
220 174 0.209524
220 219 0.30303
220 221 0.00675676
220 264 0.0526316
220 267 0.0145985
221 173 0.0133333
221 174 0.161491
221 175 0.104545
221 176 0.0176991
221 220 0.00675676
221 222 0.3125
221 267 0.0259067
221 268 0.234234
222 175 0.1125
222 176 0.00813008
222 221 0.3125
222 223 0.0806452
222 224 0.00847458
222 267 0.0140845
222 268 0.177686
222 269 0.105528
222 270 0.0330189
223 175 0.043956
223 176 0.00531915
223 177 0.0326797
223 222 0.0806452
223 224 0.252809
223 225 0.0131579
223 269 0.070922
223 270 0.0649351
223 271 0.146853
224 175 0.0344828
224 176 0.105042
224 177 0.241379
224 179 0.0748899
224 222 0.00847458
224 223 0.252809
224 225 0.113861
224 269 0.0209424
224 271 0.0932643
225 177 0.00564972
225 179 0.293532
225 180 0.0648649
225 223 0.0131579
225 224 0.113861
225 226 0.030303
225 271 0.143713
226 179 0.0318471
226 180 0.0141844
226 225 0.030303
226 227 0.0483871
226 228 0.030303
226 271 0.097561
226 272 0.0176991
226 273 0.150794
226 274 0.0633803
227 226 0.0483871
227 228 0.190476
227 273 0.00617284
227 274 0.426966
227 275 0.289474
227 276 0.00492611
228 180 0.0972973
228 181 0.0689655
228 226 0.030303
228 227 0.190476
228 229 0.0986842
228 273 0.00588235
228 274 0.446237
228 275 0.141414
228 276 0.014218
229 180 0.0310559
229 181 0.396694
229 182 0.00847458
229 183 0.0437158
229 228 0.0986842
229 230 0.0670391
229 231 0.033557
229 274 0.00617284
229 275 0.0402299
230 181 0.0465116
230 183 0.145299
230 184 0.294372
230 185 0.0207469
230 186 0.0182648
230 229 0.0670391
230 231 0.205
230 232 0.117647
230 277 0.0288462
230 278 0.09375
230 279 0.00578035
231 181 0.0140845
231 183 0.156863
231 184 0.39801
231 185 0.014218
231 229 0.033557
231 230 0.205
231 232 0.109948
231 277 0.00561798
231 279 0.104895
232 184 0.198198
232 185 0.0862069
232 186 0.0047619
232 230 0.117647
232 231 0.109948
232 233 0.119835
232 278 0.322404
232 279 0.304878
233 185 0.183206
233 186 0.0166667
233 187 0.00757576
233 232 0.119835
233 278 0.0469484
233 279 0.252577
233 280 0.0150943
233 281 0.206897
234 187 0.285714
234 280 0.0862944
235 188 0.35
235 189 0.0213904
235 236 0.375723
235 237 0.0153846
235 282 0.111765
235 283 0.0137615
236 188 0.0114286
236 235 0.375723
236 237 0.0823529
236 282 0.0896552
236 283 0.186529
237 189 0.255435
237 190 0.027972
237 191 0.106742
237 235 0.0153846
237 236 0.0823529
237 238 0.021978
237 283 0.0139535
237 284 0.237805
238 190 0.0150376
238 191 0.482143
238 192 0.0188679
238 237 0.021978
238 239 0.300546
238 284 0.0194805
238 285 0.00632911
238 286 0.0529412
239 191 0.0502793
239 192 0.205882
239 193 0.00877193
239 238 0.300546
239 240 0.241935
239 241 0.0447761
239 284 0.0121212
239 285 0.0414201
239 286 0.331492
239 287 0.04
240 192 0.03
240 194 0.00724638
240 239 0.241935
240 241 0.0152672
240 286 0.036036
240 287 0.0666667
240 288 0.0196078
241 192 0.124294
241 193 0.425532
241 194 0.227907
241 195 0.0178571
241 239 0.0447761
241 240 0.0152672
241 287 0.0274725
241 288 0.00434783
242 194 0.117021
242 195 0.142132
242 243 0.0322581
242 288 0.0541872
242 289 0.0693069
243 195 0.0735294
243 197 0.194444
243 242 0.0322581
243 244 0.136364
243 245 0.0181818
243 289 0.125
244 197 0.257143
244 243 0.136364
244 245 0.243056
244 291 0.05
244 292 0.0820896
245 197 0.0263158
245 243 0.0181818
245 244 0.243056
245 246 0.0802139
245 292 0.241573
246 198 0.515924
246 199 0.062201
246 200 0.00531915
246 245 0.0802139
246 247 0.0628019
246 292 0.0508475
246 293 0.137441
247 199 0.130435
247 200 0.129187
247 201 0.0331492
247 246 0.0628019
247 248 0.010582
247 293 0.137931
247 294 0.253659
247 295 0.127273
248 199 0.0104712
248 200 0.264706
248 201 0.0704225
248 247 0.010582
248 249 0.0597826
248 250 0.0559441
248 294 0.0060241
248 295 0.190476
248 296 0.455782
248 297 0.0342466
249 200 0.0441176
249 201 0.125
249 202 0.106599
249 203 0.161157
249 248 0.0597826
249 250 0.124294
249 251 0.0155039
249 295 0.01875
249 296 0.0331492
249 297 0.277778
249 298 0.0194805
250 201 0.00740741
250 203 0.00995025
250 204 0.0314136
250 248 0.0559441
250 249 0.124294
250 251 0.159091
250 252 0.1
250 295 0.0168067
250 296 0.157143
250 297 0.366906
250 298 0.0884956
251 204 0.020979
251 249 0.0155039
251 250 0.159091
251 252 0.121951
251 296 0.0217391
251 297 0.0549451
251 298 0.261538
251 299 0.00819672
252 203 0.00512821
252 204 0.27027
252 250 0.1
252 251 0.121951
252 253 0.00485437
252 297 0.0902256
252 298 0.476636
252 299 0.0792683
252 301 0.0103093
253 204 0.123596
253 205 0.241071
253 206 0.233871
253 207 0.045045
253 252 0.00485437
253 254 0.019802
253 299 0.0894309
253 300 0.0245614
253 301 0.231884
254 206 0.283951
254 207 0.0294118
254 208 0.177419
254 253 0.019802
254 255 0.134228
254 300 0.0100503
254 301 0.0736842
254 302 0.0869565
254 303 0.00684932
255 207 0.112426
255 208 0.26484
255 209 0.0552486
255 254 0.134228
255 256 0.0234375
255 300 0.0387931
255 302 0.224
255 303 0.156425
255 304 0.264368
256 209 0.015748
256 255 0.0234375
256 257 0.00847458
256 258 0.119565
256 302 0.0422535
256 303 0.088
256 304 0.383333
256 306 0.0373134
257 209 0.280702
257 210 0.426667
257 211 0.201439
257 212 0.030303
257 256 0.00847458
257 258 0.0955882
257 259 0.160305
257 304 0.0914634
257 305 0.0487805
257 306 0.0393258
258 209 0.0137931
258 210 0.201613
258 211 0.0176991
258 256 0.119565
258 257 0.0955882
258 259 0.0857143
258 303 0.020979
258 304 0.0652174
258 305 0.0942029
258 306 0.368421
259 210 0.142857
259 211 0.231481
259 212 0.0522388
259 213 0.078125
259 257 0.160305
259 258 0.0857143
259 260 0.0521739
259 305 0.0225564
259 306 0.108844
259 307 0.0612245
260 211 0.00813008
260 212 0.14094
260 213 0.020979
260 214 0.00877193
260 215 0.123457
260 259 0.0521739
260 261 0.1
260 307 0.0530973
261 213 0.0621762
261 214 0.0365854
261 215 0.136792
261 216 0.00473934
261 260 0.1
261 262 0.181373
261 263 0.00787402
261 308 0.182741
262 215 0.0322581
262 216 0.362162
262 261 0.181373
262 263 0.109649
262 308 0.187135
262 310 0.0105263
263 216 0.0425532
263 217 0.181818
263 218 0.0240385
263 261 0.00787402
263 262 0.109649
263 309 0.0803571
263 310 0.3375
263 311 0.353488
264 217 0.19375
264 218 0.0875912
264 219 0.272727
264 220 0.0526316
264 265 0.0592593
264 266 0.0544218
264 310 0.00591716
264 311 0.0208333
265 218 0.257353
265 219 0.00833333
265 264 0.0592593
265 266 0.232877
265 267 0.0189873
265 310 0.0178571
265 311 0.027972
265 312 0.0930233
265 313 0.05
266 218 0.162162
266 219 0.0227273
266 264 0.0544218
266 265 0.232877
266 267 0.329412
266 268 0.00502513
266 313 0.0235849
266 314 0.00512821
267 218 0.01875
267 219 0.0347222
267 220 0.0145985
267 221 0.0259067
267 222 0.0140845
267 265 0.0189873
267 266 0.329412
267 268 0.189573
267 313 0.00446429
267 314 0.202899
268 219 0.0289017
268 221 0.234234
268 222 0.177686
268 266 0.00502513
268 267 0.189573
268 269 0.0253807
268 313 0.00395257
268 314 0.207627
268 315 0.0867052
269 222 0.105528
269 223 0.070922
269 224 0.0209424
269 268 0.0253807
269 270 0.317365
269 315 0.107692
269 317 0.10596
270 222 0.0330189
270 223 0.0649351
270 269 0.317365
270 315 0.0559441
270 317 0.25
270 318 0.109195
271 223 0.146853
271 224 0.0932643
271 225 0.143713
271 226 0.097561
271 272 0.0337838
271 273 0.0310559
271 318 0.171779
271 320 0.00671141
272 226 0.0176991
272 271 0.0337838
272 273 0.344371
272 318 0.0522876
272 319 0.325926
272 320 0.230216
272 321 0.08125
272 322 0.00588235
273 226 0.150794
273 227 0.00617284
273 228 0.00588235
273 271 0.0310559
273 272 0.344371
273 274 0.0277778
273 318 0.0180723
273 319 0.0810811
273 320 0.0592105
273 321 0.156069
273 322 0.251366
274 226 0.0633803
274 227 0.426966
274 228 0.446237
274 229 0.00617284
274 273 0.0277778
274 275 0.307692
274 276 0.0271493
274 321 0.00529101
274 322 0.0552764
275 227 0.289474
275 228 0.141414
275 229 0.0402299
275 274 0.307692
275 276 0.188841
275 277 0.0246305
275 321 0.0199005
275 322 0.0663507
275 323 0.0205128
275 324 0.038674
276 227 0.00492611
276 228 0.014218
276 274 0.0271493
276 275 0.188841
276 277 0.0925926
276 321 0.102804
276 322 0.183036
276 323 0.293269
276 324 0.154639
276 325 0.0163934
277 230 0.0288462
277 231 0.00561798
277 275 0.0246305
277 276 0.0925926
277 278 0.111765
277 323 0.286517
277 324 0.310976
277 325 0.35514
277 326 0.0208333
278 230 0.09375
278 232 0.322404
278 233 0.0469484
278 277 0.111765
278 279 0.0518519
278 324 0.00675676
278 325 0.0151515
278 326 0.1875
278 327 0.0745342
279 230 0.00578035
279 231 0.104895
279 232 0.304878
279 233 0.252577
279 278 0.0518519
279 327 0.00704225
280 233 0.0150943
280 234 0.0862944
280 281 0.610236
280 327 0.122066
281 233 0.206897
281 280 0.610236
281 327 0.0813397
281 328 0.03125
282 235 0.111765
282 236 0.0896552
282 283 0.294737
282 329 0.0925926
282 330 0.0333333
283 235 0.0137615
283 236 0.186529
283 237 0.0139535
283 282 0.294737
283 284 0.026738
283 330 0.442982
283 331 0.0255102
284 237 0.237805
284 238 0.0194805
284 239 0.0121212
284 283 0.026738
284 285 0.0285714
284 286 0.0131579
284 330 0.0338983
284 331 0.248276
285 238 0.00632911
285 239 0.0414201
285 284 0.0285714
285 286 0.25641
285 331 0.214765
285 332 0.261438
285 333 0.0437158
286 238 0.0529412
286 239 0.331492
286 240 0.036036
286 284 0.0131579
286 285 0.25641
286 287 0.117284
286 331 0.0559006
286 332 0.0424242
286 333 0.0564103
287 239 0.04
287 240 0.0666667
287 241 0.0274725
287 286 0.117284
287 288 0.181373
287 332 0.0188679
287 333 0.243386
287 334 0.130435
288 240 0.0196078
288 241 0.00434783
288 242 0.0541872
288 287 0.181373
288 334 0.181034
288 335 0.237548
288 336 0.029703
289 242 0.0693069
289 243 0.125
289 290 0.0666667
289 291 0.294118
289 336 0.02
289 337 0.25
289 338 0.030303
290 289 0.0666667
290 291 0.0625
290 337 0.2
290 338 0.145833
291 244 0.05
291 289 0.294118
291 290 0.0625
291 292 0.0638298
291 338 0.0576923
292 244 0.0820896
292 245 0.241573
292 246 0.0508475
292 291 0.0638298
292 293 0.019802
292 338 0.0555556
292 339 0.104651
292 341 0.0558659
293 246 0.137441
293 247 0.137931
293 292 0.019802
293 294 0.162679
293 340 0.025641
293 341 0.403756
293 342 0.141631
294 247 0.253659
294 248 0.0060241
294 293 0.162679
294 295 0.0492958
294 296 0.0245399
294 342 0.218447
294 343 0.0861244
295 247 0.127273
295 248 0.190476
295 249 0.01875
295 250 0.0168067
295 294 0.0492958
295 296 0.292683
295 343 0.0177515
296 248 0.455782
296 249 0.0331492
296 250 0.157143
296 251 0.0217391
296 294 0.0245399
296 295 0.292683
296 297 0.048951
296 343 0.0368421
296 346 0.00581395
297 248 0.0342466
297 249 0.277778
297 250 0.366906
297 251 0.0549451
297 252 0.0902256
297 296 0.048951
297 298 0.0344828
297 346 0.181287
298 249 0.0194805
298 250 0.0884956
298 251 0.261538
298 252 0.476636
298 297 0.0344828
298 299 0.0340136
298 345 0.013986
298 346 0.0275862
298 347 0.0571429
299 251 0.00819672
299 252 0.0792683
299 253 0.0894309
299 298 0.0340136
299 301 0.196581
299 344 0.0171429
299 345 0.245
299 346 0.0346535
299 347 0.141975
300 253 0.0245614
300 254 0.0100503
300 255 0.0387931
300 301 0.274725
300 302 0.0171429
300 303 0.00873362
300 347 0.0298507
300 348 0.117347
300 349 0.227679
301 252 0.0103093
301 253 0.231884
301 254 0.0736842
301 299 0.196581
301 300 0.274725
301 302 0.0060241
301 345 0.0130435
301 347 0.171875
301 348 0.0534759
302 254 0.0869565
302 255 0.224
302 256 0.0422535
302 300 0.0171429
302 301 0.0060241
302 303 0.131148
302 304 0.145299
302 348 0.179775
302 349 0.0854701
302 350 0.0175439
303 254 0.00684932
303 255 0.156425
303 256 0.088
303 258 0.020979
303 300 0.00873362
303 302 0.131148
303 304 0.304094
303 305 0.0526316
303 349 0.128655
303 350 0.214286
303 351 0.226277
304 255 0.264368
304 256 0.383333
304 257 0.0914634
304 258 0.0652174
304 302 0.145299
304 303 0.304094
304 305 0.0963855
304 306 0.0111111
304 349 0.0240964
304 350 0.0920245
304 351 0.030303
305 257 0.0487805
305 258 0.0942029
305 259 0.0225564
305 303 0.0526316
305 304 0.0963855
305 306 0.294444
305 307 0.0152672
305 350 0.171779
305 351 0.030303
305 352 0.124224
305 353 0.0661765
306 256 0.0373134
306 257 0.0393258
306 258 0.368421
306 259 0.108844
306 304 0.0111111
306 305 0.294444
306 307 0.0482759
306 350 0.00564972
306 351 0.0136986
306 352 0.188571
306 353 0.266667
307 259 0.0612245
307 260 0.0530973
307 305 0.0152672
307 306 0.0482759
307 352 0.047619
307 354 0.426667
308 261 0.182741
308 262 0.187135
308 309 0.0359281
308 354 0.179348
308 356 0.0473934
308 357 0.00473934
309 263 0.0803571
