0 1 0.0344828
0 31 0.164706
0 32 0.21519
0 62 0.0147059
1 0 0.0344828
1 2 0.238636
1 32 0.329787
1 33 0.01875
2 1 0.238636
2 3 0.198758
2 33 0.178947
2 34 0.0165746
3 2 0.198758
3 4 0.215278
3 33 0.00689655
3 34 0.0661765
3 35 0.0294118
4 3 0.215278
4 5 0.172185
4 34 0.0365854
4 35 0.171717
4 36 0.0113636
5 4 0.172185
5 6 0.233333
5 35 0.0112994
5 36 0.103226
5 37 0.113043
6 5 0.233333
6 7 0.0944882
6 37 0.114286
6 38 0.138889
7 6 0.0944882
7 8 0.135484
7 38 0.224
7 39 0.18125
7 70 0.0134228
8 7 0.135484
8 9 0.351351
8 39 0.192982
8 40 0.0657895
9 8 0.351351
9 10 0.0479452
9 39 0.00653595
9 40 0.0671642
9 41 0.241135
10 9 0.0479452
10 11 0.156716
10 40 0.00666667
10 41 0.229299
10 42 0.121019
10 73 0.10596
11 10 0.156716
11 12 0.127451
11 43 0.0490196
11 73 0.170732
12 11 0.127451
12 13 0.115044
12 43 0.102041
12 44 0.108911
12 74 0.00892857
13 12 0.115044
13 14 0.323529
13 44 0.12931
13 76 0.142857
14 13 0.323529
14 15 0.167939
14 45 0.100719
14 76 0.0193548
15 14 0.167939
15 16 0.0687023
15 45 0.126984
15 46 0.210526
16 15 0.0687023
16 17 0.216783
16 46 0.00684932
16 47 0.286517
16 48 0.00775194
17 16 0.216783
17 18 0.408
17 19 0.0819672
17 47 0.00564972
17 49 0.0277778
17 50 0.00943396
17 79 0.298701
18 17 0.408
18 19 0.0285714
18 49 0.0549451
18 79 0.321168
19 17 0.0819672
19 18 0.0285714
19 49 0.238636
19 50 0.21875
19 51 0.020979
20 21 0.175258
20 50 0.0242424
20 51 0.163793
20 52 0.0660377
20 81 0.00925926
21 20 0.175258
21 22 0.19697
21 52 0.180645
21 54 0.00537634
21 83 0.0322581
21 85 0.0828729
22 21 0.19697
22 23 0.0551724
22 52 0.0425532
22 53 0.042735
22 83 0.0283688
22 85 0.143713
23 22 0.0551724
23 24 0.140449
23 25 0.0454545
23 54 0.301508
23 55 0.0215054
23 56 0.00473934
23 85 0.123711
24 23 0.140449
24 25 0.445055
24 26 0.11215
24 54 0.0243902
24 55 0.040404
24 56 0.0829493
24 57 0.0843373
24 58 0.01
24 87 0.0233645
24 88 0.0139535
25 23 0.0454545
25 24 0.445055
25 26 0.207547
25 54 0.00985222
25 55 0.0618557
25 56 0.106977
25 57 0.140244
25 58 0.040404
25 87 0.00943396
25 88 0.0469484
26 24 0.11215
26 25 0.207547
26 27 0.114537
26 56 0.0161943
26 57 0.178571
26 58 0.521739
26 59 0.0352941
26 87 0.00409836
26 88 0.0816327
27 26 0.114537
27 28 0.219178
27 29 0.0355556
27 57 0.00558659
27 58 0.122066
27 59 0.344538
27 60 0.0235849
27 88 0.00877193
27 91 0.0122449
28 27 0.219178
28 29 0.435897
28 30 0.0234742
28 58 0.0225225
28 59 0.121457
28 60 0.0859729
28 61 0.00881057
29 27 0.0355556
29 28 0.435897
29 30 0.273973
29 59 0.0355731
29 60 0.246696
29 61 0.055794
30 28 0.0234742
30 29 0.273973
30 60 0.150485
30 61 0.306604
31 0 0.164706
31 32 0.0191083
31 62 0.192593
31 93 0.0421053
32 0 0.21519
32 1 0.329787
32 31 0.0191083
32 33 0.0594059
32 62 0.153846
32 63 0.0138249
33 1 0.01875
33 2 0.178947
33 3 0.00689655
33 32 0.0594059
33 34 0.0484848
33 63 0.0899471
33 64 0.267442
34 2 0.0165746
34 3 0.0661765
34 4 0.0365854
34 33 0.0484848
34 35 0.242105
34 64 0.0613497
34 65 0.0467836
34 66 0.056962
34 96 0.0567376
34 98 0.0170455
35 3 0.0294118
35 4 0.171717
35 5 0.0112994
35 34 0.242105
35 36 0.0940594
35 65 0.00487805
35 66 0.260417
35 67 0.0924855
36 4 0.0113636
36 5 0.103226
36 35 0.0940594
36 37 0.0428571
36 66 0.0705882
36 67 0.284768
36 68 0.0939227
36 97 0.00537634
36 99 0.0150376
37 5 0.113043
37 6 0.114286
37 36 0.0428571
37 38 0.135922
37 68 0.163121
37 99 0.0322581
37 100 0.015625
38 6 0.138889
38 7 0.224
38 37 0.135922
38 68 0.118056
38 69 0.079646
38 70 0.00769231
38 100 0.0152672
39 7 0.18125
39 8 0.192982
39 9 0.00653595
39 40 0.0254777
39 70 0.2
39 71 0.174194
40 8 0.0657895
40 9 0.0671642
40 10 0.00666667
40 39 0.0254777
40 41 0.0965517
40 71 0.176471
40 72 0.0955882
40 103 0.0384615
41 9 0.241135
41 10 0.229299
41 40 0.0965517
41 42 0.0789474
41 72 0.034965
41 73 0.0136986
42 10 0.121019
42 41 0.0789474
42 43 0.008
42 72 0.188811
42 73 0.30137
42 103 0.00729927
42 104 0.0738255
43 11 0.0490196
43 12 0.102041
43 42 0.008
43 73 0.117647
43 74 0.142857
43 104 0.0163934
44 12 0.108911
44 13 0.12931
44 74 0.173913
44 75 0.118182
44 76 0.0666667
44 106 0.0673077
45 14 0.100719
45 15 0.126984
45 46 0.0283688
45 76 0.233333
45 77 0.035461
45 108 0.0731707
46 15 0.210526
46 16 0.00684932
46 45 0.0283688
46 47 0.25
46 77 0.168919
46 78 0.0103627
47 16 0.286517
47 17 0.00564972
47 46 0.25
47 48 0.220859
47 77 0.0222222
47 78 0.0488889
47 79 0.0529101
47 110 0.045977
48 16 0.00775194
48 47 0.220859
48 49 0.0957447
48 78 0.176136
48 79 0.114286
48 80 0.0392157
48 109 0.00609756
48 110 0.232
48 111 0.00529101
49 17 0.0277778
49 18 0.0549451
49 19 0.238636
49 48 0.0957447
49 50 0.0505618
49 79 0.025
49 80 0.255639
49 110 0.0190476
49 111 0.0177515
50 17 0.00943396
50 19 0.21875
50 20 0.0242424
50 49 0.0505618
50 51 0.437768
50 80 0.0126582
50 81 0.0177778
50 111 0.021978
51 19 0.020979
51 20 0.163793
51 50 0.437768
51 52 0.0172414
51 81 0.164773
51 111 0.0133929
52 20 0.0660377
52 21 0.180645
52 22 0.0425532
52 51 0.0172414
52 53 0.0285714
52 81 0.0180723
52 82 0.0849057
52 83 0.189024
52 84 0.00724638
52 85 0.242105
52 114 0.0295858
53 22 0.042735
53 52 0.0285714
53 54 0.0467836
53 83 0.392857
53 84 0.377193
53 85 0.0662651
53 114 0.0275862
53 115 0.0451977
53 116 0.0222222
54 21 0.00537634
54 23 0.301508
54 24 0.0243902
54 25 0.00985222
54 53 0.0467836
54 55 0.00833333
54 56 0.0252101
54 83 0.0871795
54 84 0.0118343
54 85 0.230769
54 87 0.0638298
54 116 0.119149
54 117 0.125628
55 23 0.0215054
55 24 0.040404
55 25 0.0618557
55 54 0.00833333
55 56 0.0227273
56 23 0.00473934
56 24 0.0829493
56 25 0.106977
56 26 0.0161943
56 54 0.0252101
56 55 0.0227273
56 57 0.175879
56 58 0.00429185
56 86 0.028777
56 87 0.453441
56 88 0.25
56 116 0.0242915
56 117 0.0189573
56 118 0.0052356
56 119 0.0123967
57 24 0.0843373
57 25 0.140244
57 26 0.178571
57 27 0.00558659
57 56 0.175879
57 58 0.0659341
57 87 0.0408163
57 88 0.360406
57 89 0.025
58 24 0.01
58 25 0.040404
58 26 0.521739
58 27 0.122066
58 28 0.0225225
58 56 0.00429185
58 57 0.0659341
58 59 0.136929
58 87 0.00869565
58 88 0.0865801
58 89 0.0154639
59 26 0.0352941
59 27 0.344538
59 28 0.121457
59 29 0.0355731
59 58 0.136929
59 60 0.0666667
59 88 0.0195312
59 89 0.109589
59 90 0.184332
59 91 0.0879121
59 119 0.004
59 121 0.0736434
59 122 0.0135135
60 27 0.0235849
60 28 0.0859729
60 29 0.246696
60 30 0.150485
60 59 0.0666667
60 61 0.209091
60 90 0.0157068
60 91 0.149798
60 92 0.0104167
60 122 0.0333333
60 123 0.0714286
61 28 0.00881057
61 29 0.055794
61 30 0.306604
61 60 0.209091
61 91 0.00790514
61 92 0.030303
61 122 0.0398551
61 123 0.259259
62 0 0.0147059
62 31 0.192593
62 32 0.153846
62 63 0.123077
62 93 0.239726
62 94 0.0375
63 32 0.0138249
63 33 0.0899471
63 62 0.123077
63 64 0.0320856
63 94 0.248521
63 95 0.227273
63 125 0.0465116
64 33 0.267442
64 34 0.0613497
64 63 0.0320856
64 95 0.176101
64 96 0.128378
65 34 0.0467836
65 35 0.00487805
65 66 0.0115607
65 96 0.294872
65 98 0.272251
65 127 0.0552147
65 128 0.0216216
66 34 0.056962
66 35 0.260417
66 36 0.0705882
66 65 0.0115607
66 67 0.234043
66 68 0.0116959
66 97 0.0454545
66 98 0.146067
66 99 0.00813008
67 35 0.0924855
67 36 0.284768
67 66 0.234043
67 68 0.0328947
67 97 0.10828
67 98 0.0251572
67 99 0.00961538
68 36 0.0939227
68 37 0.163121
68 38 0.118056
68 66 0.0116959
68 67 0.0328947
68 69 0.013245
68 97 0.101604
68 99 0.514925
68 100 0.236686
68 130 0.00584795
69 38 0.079646
69 68 0.013245
69 70 0.306569
69 100 0.173913
69 101 0.0522388
69 102 0.00671141
70 7 0.0134228
70 38 0.00769231
70 39 0.2
70 69 0.306569
70 71 0.104167
70 101 0.0198676
70 102 0.0722892
71 39 0.174194
71 40 0.176471
71 70 0.104167
71 102 0.185897
71 133 0.0877193
72 40 0.0955882
72 41 0.034965
72 42 0.188811
72 103 0.226562
72 104 0.1
72 135 0.00671141
73 10 0.10596
73 11 0.170732
73 41 0.0136986
73 42 0.30137
73 43 0.117647
73 104 0.034965
74 12 0.00892857
74 43 0.142857
74 44 0.173913
74 104 0.0661765
74 105 0.0729927
74 106 0.130435
74 136 0.0222222
75 44 0.118182
75 76 0.156028
75 106 0.0818182
75 107 0.178082
75 137 0.0943396
76 13 0.142857
76 14 0.0193548
76 44 0.0666667
76 45 0.233333
76 75 0.156028
76 107 0.0877193
76 108 0.00719424
77 45 0.035461
77 46 0.168919
77 47 0.0222222
77 78 0.0621762
77 108 0.338462
77 109 0.038674
77 139 0.0142857
77 140 0.0218978
78 46 0.0103627
78 47 0.0488889
78 48 0.176136
78 77 0.0621762
78 109 0.353982
78 110 0.251337
78 140 0.0164835
79 17 0.298701
79 18 0.321168
79 47 0.0529101
79 48 0.114286
79 49 0.025
79 110 0.0728477
80 48 0.0392157
80 49 0.255639
80 50 0.0126582
80 109 0.00492611
80 110 0.054878
80 111 0.473684
80 112 0.00930233
80 141 0.0774194
81 20 0.00925926
81 50 0.0177778
81 51 0.164773
81 52 0.0180723
81 82 0.240741
81 111 0.0972222
81 112 0.157635
81 113 0.00719424
81 114 0.00584795
81 144 0.00746269
82 52 0.0849057
82 81 0.240741
82 112 0.0769231
82 113 0.151899
82 114 0.00900901
82 144 0.108108
83 21 0.0322581
83 22 0.0283688
83 52 0.189024
83 53 0.392857
83 54 0.0871795
83 84 0.130435
83 85 0.252632
83 113 0.00729927
83 114 0.100592
83 115 0.0199005
83 116 0.0441176
83 117 0.00595238
84 52 0.00724638
84 53 0.377193
84 54 0.0118343
84 83 0.130435
84 85 0.0182927
84 115 0.0171429
84 116 0.0168539
84 145 0.0787402
85 21 0.0828729
85 22 0.143713
85 23 0.123711
85 52 0.242105
85 53 0.0662651
85 54 0.230769
85 83 0.252632
85 84 0.0182927
86 56 0.028777
86 87 0.0147059
86 116 0.0808824
86 117 0.09
86 149 0.0833333
87 24 0.0233645
87 25 0.00943396
87 26 0.00409836
87 54 0.0638298
87 56 0.453441
87 57 0.0408163
87 58 0.00869565
87 86 0.0147059
87 88 0.118367
87 116 0.0368852
87 117 0.0240385
87 118 0.0478723
87 119 0.0543933
87 149 0.141667
87 150 0.00555556
88 24 0.0139535
88 25 0.0469484
88 26 0.0816327
88 27 0.00877193
88 56 0.25
88 57 0.360406
88 58 0.0865801
88 59 0.0195312
88 87 0.118367
88 89 0.138756
88 119 0.154167
88 120 0.0241935
88 121 0.0282258
88 149 0.0124481
88 150 0.0662983
89 57 0.025
89 58 0.0154639
89 59 0.109589
89 88 0.138756
89 90 0.217647
89 91 0.00442478
89 119 0.044335
89 120 0.0853081
89 121 0.236967
89 150 0.0138889
89 151 0.0461538
90 59 0.184332
90 60 0.0157068
90 89 0.217647
90 91 0.205357
90 119 0.0199005
90 120 0.0861244
90 121 0.401914
90 122 0.0202429
90 151 0.0310881
90 153 0.00446429
91 27 0.0122449
91 59 0.0879121
91 60 0.149798
91 61 0.00790514
91 89 0.00442478
91 90 0.205357
91 92 0.00444444
91 120 0.00377358
91 121 0.0566038
91 122 0.49835
91 123 0.111111
91 151 0.0120482
91 152 0.023166
91 153 0.0142857
92 60 0.0104167
92 61 0.030303
92 91 0.00444444
92 122 0.258065
92 123 0.324468
92 153 0.00888889
92 154 0.175
93 31 0.0421053
93 62 0.239726
93 94 0.116667
93 124 0.138614
94 62 0.0375
94 63 0.248521
94 93 0.116667
94 125 0.131387
94 155 0.106383
94 156 0.0238095
95 63 0.227273
95 64 0.176101
95 96 0.0437956
95 125 0.125
95 126 0.0791367
95 157 0.00704225
96 34 0.0567376
96 64 0.128378
96 65 0.294872
96 95 0.0437956
96 98 0.0186335
96 126 0.0625
96 127 0.0075188
97 36 0.00537634
97 66 0.0454545
97 67 0.10828
97 68 0.101604
97 98 0.180412
97 99 0.0647482
97 128 0.037234
97 129 0.0857143
97 130 0.102273
97 160 0.00645161
98 34 0.0170455
98 65 0.272251
98 66 0.146067
98 67 0.0251572
98 96 0.0186335
98 97 0.180412
98 128 0.0947368
98 129 0.0169492
99 36 0.0150376
99 37 0.0322581
99 66 0.00813008
99 67 0.00961538
99 68 0.514925
99 97 0.0647482
99 100 0.0743802
99 130 0.154472
100 37 0.015625
100 38 0.0152672
100 68 0.236686
100 69 0.173913
100 99 0.0743802
100 101 0.00657895
100 130 0.234177
100 131 0.141844
100 162 0.00621118
101 69 0.0522388
101 70 0.0198676
101 100 0.00657895
101 102 0.404908
101 131 0.080292
101 132 0.19403
101 163 0.00606061
102 69 0.00671141
102 70 0.0722892
102 71 0.185897
102 101 0.404908
102 132 0.0134228
102 133 0.110294
102 163 0.0166667
102 164 0.0797546
103 40 0.0384615
103 42 0.00729927
103 72 0.226562
103 133 0.175926
103 134 0.134921
103 135 0.041958
103 165 0.0166667
104 42 0.0738255
104 43 0.0163934
104 72 0.1
104 73 0.034965
104 74 0.0661765
104 134 0.00724638
104 135 0.245161
104 136 0.110345
105 74 0.0729927
105 106 0.285714
105 136 0.280822
105 137 0.0737705
105 167 0.0285714
105 168 0.0272727
106 44 0.0673077
106 74 0.130435
106 75 0.0818182
106 105 0.285714
106 137 0.09
107 75 0.178082
107 76 0.0877193
107 108 0.166667
107 137 0.102941
107 138 0.134831
107 139 0.012987
107 169 0.00613497
108 45 0.0731707
108 76 0.00719424
108 77 0.338462
108 107 0.166667
108 139 0.0819672
109 48 0.00609756
109 77 0.038674
109 78 0.353982
109 80 0.00492611
109 110 0.0857143
109 111 0.0041841
109 140 0.223529
109 141 0.0722892
109 171 0.411168
109 172 0.00480769
110 47 0.045977
110 48 0.232
110 49 0.0190476
110 78 0.251337
110 79 0.0728477
110 80 0.054878
110 109 0.0857143
110 141 0.0393701
110 171 0.120253
111 48 0.00529101
111 49 0.0177515
111 50 0.021978
111 51 0.0133929
111 80 0.473684
111 81 0.0972222
111 109 0.0041841
111 112 0.266932
111 141 0.0314136
111 142 0.0190114
112 80 0.00930233
112 81 0.157635
112 82 0.0769231
112 111 0.266932
112 142 0.148
112 144 0.142012
113 81 0.00719424
113 82 0.151899
113 83 0.00729927
113 114 0.28169
113 115 0.0229885
113 144 0.257143
113 146 0.00740741
113 175 0.00862069
114 52 0.0295858
114 53 0.0275862
114 81 0.00584795
114 82 0.00900901
114 83 0.100592
114 113 0.28169
114 115 0.271845
114 145 0.00632911
114 146 0.0419162
114 177 0.0204082
115 53 0.0451977
115 83 0.0199005
115 84 0.0171429
115 113 0.0229885
115 114 0.271845
115 116 0.145228
115 117 0.0146341
115 145 0.378947
115 146 0.120603
115 177 0.0502793
115 178 0.124031
116 53 0.0222222
116 54 0.119149
116 56 0.0242915
116 83 0.0441176
116 84 0.0168539
116 86 0.0808824
116 87 0.0368852
116 115 0.145228
116 117 0.447115
116 118 0.0319149
116 145 0.0362694
116 147 0.0204082
116 149 0.025
116 178 0.0651341
117 54 0.125628
117 56 0.0189573
117 83 0.00595238
117 86 0.09
117 87 0.0240385
117 115 0.0146341
117 116 0.447115
117 118 0.0328947
117 145 0.0127389
117 147 0.036036
117 149 0.0343137
117 178 0.0844444
118 56 0.0052356
118 87 0.0478723
118 116 0.0319149
118 117 0.0328947
118 119 0.0273224
118 147 0.010989
118 148 0.0947368
118 149 0.478261
118 150 0.0483871
118 178 0.0097561
118 180 0.109589
118 181 0.0160428
119 56 0.0123967
119 59 0.004
119 87 0.0543933
119 88 0.154167
119 89 0.044335
119 90 0.0199005
119 118 0.0273224
119 120 0.326446
119 121 0.0289256
119 148 0.00414938
119 149 0.140426
119 150 0.377143
119 151 0.00442478
119 180 0.00507614
119 181 0.0210084
120 88 0.0241935
120 89 0.0853081
120 90 0.0861244
120 91 0.00377358
120 119 0.326446
120 121 0.216
120 150 0.0710383
120 151 0.290598
120 152 0.00409836
120 181 0.097561
120 182 0.0429185
120 183 0.0253165
121 59 0.0736434
121 88 0.0282258
121 89 0.236967
121 90 0.401914
121 91 0.0566038
121 119 0.0289256
121 120 0.216
121 151 0.358974
121 152 0.0368852
122 59 0.0135135
122 60 0.0333333
122 61 0.0398551
122 90 0.0202429
122 91 0.49835
122 92 0.258065
122 123 0.327068
122 152 0.0248227
122 153 0.039604
122 154 0.028777
122 184 0.0696721
123 60 0.0714286
123 61 0.259259
123 91 0.111111
123 92 0.324468
123 122 0.327068
123 154 0.0275229
124 93 0.138614
124 155 0.254098
124 186 0.0677966
125 63 0.0465116
125 94 0.131387
125 95 0.125
125 126 0.00740741
125 156 0.209302
125 157 0.137681
125 187 0.02
126 95 0.0791367
126 96 0.0625
126 125 0.00740741
126 127 0.17037
126 128 0.0382166
126 157 0.285714
126 158 0.027027
126 189 0.015873
127 65 0.0552147
127 96 0.0075188
127 126 0.17037
127 128 0.209877
127 157 0.0144928
127 158 0.130719
127 159 0.00571429
127 189 0.0534351
127 190 0.00595238
128 65 0.0216216
128 97 0.037234
128 98 0.0947368
128 126 0.0382166
128 127 0.209877
128 129 0.169591
128 158 0.04
128 159 0.0253807
128 160 0.0198676
128 190 0.0210526
129 97 0.0857143
129 98 0.0169492
129 128 0.169591
129 160 0.405797
129 190 0.0903955
129 191 0.0197368
130 68 0.00584795
130 97 0.102273
130 99 0.154472
130 100 0.234177
130 131 0.041958
130 160 0.0935252
130 161 0.0844156
130 162 0.257669
131 100 0.141844
131 101 0.080292
131 130 0.041958
131 132 0.203252
131 161 0.00729927
131 162 0.253425
132 101 0.19403
132 102 0.0134228
132 131 0.203252
132 162 0.0979021
132 163 0.192053
132 193 0.0434783
133 71 0.0877193
133 102 0.110294
133 103 0.175926
133 164 0.0826446
133 165 0.0660377
134 103 0.134921
134 104 0.00724638
134 135 0.414966
134 165 0.201613
134 196 0.0461538
135 72 0.00671141
135 103 0.041958
135 104 0.245161
135 134 0.414966
135 136 0.012987
135 165 0.0070922
135 166 0.0827068
135 196 0.047619
135 197 0.00675676
136 74 0.0222222
136 104 0.110345
136 105 0.280822
136 135 0.012987
136 166 0.138211
136 167 0.15942
137 75 0.0943396
137 105 0.0737705
137 106 0.09
137 107 0.102941
137 167 0.00877193
137 168 0.0833333
137 169 0.154472
138 107 0.134831
138 139 0.141026
138 169 0.30303
138 170 0.142857
138 200 0.0159574
139 77 0.0142857
139 107 0.012987
139 108 0.0819672
139 138 0.141026
139 140 0.20155
139 170 0.159722
139 201 0.0138889
139 202 0.00598802
140 77 0.0218978
140 78 0.0164835
140 109 0.223529
140 139 0.20155
140 141 0.0245902
140 171 0.137255
140 172 0.00609756
140 201 0.0283688
140 202 0.146341
141 80 0.0774194
141 109 0.0722892
141 110 0.0393701
141 111 0.0314136
141 140 0.0245902
141 142 0.163158
141 171 0.0536913
141 172 0.19375
141 202 0.00625
142 111 0.0190114
142 112 0.148
142 141 0.163158
142 144 0.0276243
142 171 0.00904977
142 172 0.487069
142 173 0.104046
142 202 0.00431034
143 144 0.045045
143 173 0.378641
143 174 0.0814815
143 175 0.286885
143 204 0.207692
143 205 0.0193548
144 81 0.00746269
144 82 0.108108
144 112 0.142012
144 113 0.257143
144 142 0.0276243
144 143 0.045045
144 173 0.119565
144 175 0.027027
145 84 0.0787402
145 114 0.00632911
145 115 0.378947
145 116 0.0362694
145 117 0.0127389
145 146 0.0264901
145 176 0.03125
145 177 0.274809
145 178 0.0857143
145 209 0.00495049
146 113 0.00740741
146 114 0.0419162
146 115 0.120603
146 145 0.0264901
146 174 0.103896
146 175 0.191489
146 176 0.272189
146 177 0.0142857
146 205 0.0517241
146 206 0.1
146 207 0.0142857
147 116 0.0204082
147 117 0.036036
147 118 0.010989
147 148 0.0805369
147 149 0.0559441
147 178 0.121951
147 180 0.0380952
147 209 0.025641
148 118 0.0947368
148 119 0.00414938
148 147 0.0805369
148 149 0.0950413
148 150 0.00549451
148 178 0.0342205
148 180 0.338235
148 181 0.17551
148 209 0.129412
148 210 0.00520833
148 211 0.0745614
148 212 0.0691489
149 86 0.0833333
149 87 0.141667
149 88 0.0124481
149 116 0.025
149 117 0.0343137
149 118 0.478261
149 119 0.140426
149 147 0.0559441
149 148 0.0950413
149 150 0.153409
149 178 0.0233463
149 180 0.171717
149 181 0.0251046
149 212 0.00549451
150 87 0.00555556
150 88 0.0662983
150 89 0.0138889
150 118 0.0483871
150 119 0.377143
150 120 0.0710383
150 148 0.00549451
150 149 0.153409
150 151 0.00598802
150 180 0.101449
150 181 0.0223464
151 89 0.0461538
151 90 0.0310881
151 91 0.0120482
151 119 0.00442478
151 120 0.290598
151 121 0.358974
151 150 0.00598802
151 152 0.0877193
151 181 0.00869565
151 182 0.0414747
151 183 0.280543
151 212 0.0115607
151 213 0.00549451
152 91 0.023166
152 120 0.00409836
152 121 0.0368852
152 122 0.0248227
152 151 0.0877193
152 153 0.432432
152 154 0.0128205
152 182 0.0264317
152 183 0.112554
152 184 0.055
152 185 0.00403226
152 214 0.027451
152 215 0.0461538
153 90 0.00446429
153 91 0.0142857
153 92 0.00888889
153 122 0.039604
153 152 0.432432
153 154 0.215686
153 184 0.339367
153 185 0.0780669
153 214 0.00362319
153 215 0.143519
154 92 0.175
154 122 0.028777
154 123 0.0275229
154 152 0.0128205
154 153 0.215686
154 184 0.316327
154 185 0.213115
154 215 0.0052356
154 216 0.00492611
155 94 0.106383
155 124 0.254098
155 156 0.210526
155 186 0.111111
155 218 0.104895
156 94 0.0238095
156 125 0.209302
156 155 0.210526
156 187 0.143885
156 189 0.00833333
156 218 0.0859375
157 95 0.00704225
157 125 0.137681
157 126 0.285714
157 127 0.0144928
157 158 0.00662252
157 187 0.175676
157 188 0.0472441
157 189 0.116279
158 126 0.027027
158 127 0.130719
158 128 0.04
158 157 0.00662252
158 159 0.37234
158 189 0.319444
158 190 0.0441989
158 220 0.00714286
158 221 0.0197368
159 127 0.00571429
159 128 0.0253807
159 158 0.37234
159 189 0.156627
159 190 0.192118
159 191 0.00561798
159 220 0.0308642
159 221 0.143678
160 97 0.00645161
160 128 0.0198676
160 129 0.405797
160 130 0.0935252
160 161 0.0902256
160 162 0.00704225
160 191 0.0151515
160 192 0.0604027
161 130 0.0844156
161 131 0.00729927
161 160 0.0902256
161 162 0.299363
161 192 0.298781
161 193 0.0465116
161 224 0.0387597
162 100 0.00621118
162 130 0.257669
162 131 0.253425
162 132 0.0979021
162 160 0.00704225
162 161 0.299363
162 192 0.0231214
162 193 0.101449
163 101 0.00606061
163 102 0.0166667
163 132 0.192053
163 164 0.218182
163 193 0.130137
163 194 0.105263
163 225 0.0164835
164 102 0.0797546
164 133 0.0826446
164 163 0.218182
164 165 0.18797
164 194 0.116883
164 195 0.056338
165 103 0.0166667
165 133 0.0660377
165 134 0.201613
165 135 0.0070922
165 164 0.18797
165 195 0.023622
165 196 0.0887097
166 135 0.0827068
166 136 0.138211
166 167 0.136752
166 197 0.205128
166 228 0.0892857
166 229 0.0719424
167 105 0.0285714
167 136 0.15942
167 137 0.00877193
167 166 0.136752
167 168 0.117647
167 198 0.172414
167 199 0.00833333
167 229 0.0714286
168 105 0.0272727
168 137 0.0833333
168 167 0.117647
168 169 0.0990991
168 198 0.0232558
168 199 0.155556
168 230 0.0574713
169 107 0.00613497
169 137 0.154472
169 138 0.30303
169 168 0.0990991
169 170 0.0261438
169 200 0.16763
169 230 0.047619
170 138 0.142857
170 139 0.159722
170 169 0.0261438
170 200 0.267045
170 201 0.153846
170 232 0.0512821
171 109 0.411168
171 110 0.120253
171 140 0.137255
171 141 0.0536913
171 142 0.00904977
171 172 0.0104712
171 202 0.162304
172 109 0.00480769
172 140 0.00609756
172 141 0.19375
172 142 0.487069
172 171 0.0104712
172 173 0.034965
172 202 0.029703
172 203 0.0852713
172 234 0.0130719
172 235 0.02
173 142 0.104046
173 143 0.378641
173 144 0.119565
173 172 0.034965
173 175 0.00970874
173 204 0.018018
173 235 0.032967
173 236 0.00869565
174 143 0.0814815
174 146 0.103896
174 175 0.325926
174 176 0.0552147
174 204 0.132867
174 205 0.22619
174 206 0.0584416
174 236 0.00680272
175 113 0.00862069
175 143 0.286885
175 144 0.027027
175 146 0.191489
175 173 0.00970874
175 174 0.325926
175 176 0.0533333
175 204 0.0230769
175 205 0.0967742
175 206 0.0070922
176 145 0.03125
176 146 0.272189
176 174 0.0552147
176 175 0.0533333
176 177 0.14094
176 178 0.00438596
176 205 0.136612
176 206 0.420118
176 207 0.0872483
176 208 0.0248447
176 237 0.0225989
176 240 0.0264901
177 114 0.0204082
177 115 0.0502793
177 145 0.274809
177 146 0.0142857
177 176 0.14094
177 178 0.0703518
177 206 0.00714286
177 207 0.00833333
177 208 0.0833333
177 209 0.0314136
178 115 0.124031
178 116 0.0651341
178 117 0.0844444
178 118 0.0097561
178 145 0.0857143
178 147 0.121951
178 148 0.0342205
178 149 0.0233463
178 176 0.00438596
178 177 0.0703518
178 209 0.240741
178 240 0.0248756
179 209 0.0466667
179 210 0.218391
179 211 0.0243902
179 239 0.0564516
179 240 0.0987654
180 118 0.109589
180 119 0.00507614
180 147 0.0380952
180 148 0.338235
180 149 0.171717
180 150 0.101449
180 181 0.218905
180 209 0.0189573
180 211 0.0217391
180 212 0.104167
180 242 0.0685714
180 244 0.00469484
181 118 0.0160428
181 119 0.0210084
181 120 0.097561
181 148 0.17551
181 149 0.0251046
181 150 0.0223464
181 151 0.00869565
181 180 0.218905
181 182 0.30131
181 183 0.0214592
181 212 0.313514
181 213 0.0154639
181 214 0.00389105
181 242 0.0787037
181 244 0.023622
182 120 0.0429185
182 151 0.0414747
182 152 0.0264317
182 181 0.30131
182 183 0.290909
182 212 0.0872093
182 213 0.132597
182 214 0.110656
182 242 0.0591133
182 243 0.00416667
182 244 0.128631
182 245 0.0143541
183 120 0.0253165
183 151 0.280543
183 152 0.112554
183 181 0.0214592
183 182 0.290909
183 213 0.286486
183 214 0.0846774
183 244 0.00408163
184 122 0.0696721
184 152 0.055
184 153 0.339367
184 154 0.316327
184 185 0.161905
184 215 0.0382166
184 216 0.0177515
184 246 0.029703
185 152 0.00403226
185 153 0.0780669
185 154 0.213115
185 184 0.161905
185 215 0.0829268
185 216 0.359447
185 246 0.152
185 247 0.114983
186 124 0.0677966
186 155 0.111111
186 217 0.244604
186 218 0.143885
186 248 0.0411765
187 125 0.02
187 156 0.143885
187 157 0.175676
187 188 0.316547
187 189 0.0212766
187 218 0.161074
187 249 0.0833333
187 250 0.00526316
188 157 0.0472441
188 187 0.316547
188 189 0.1
188 219 0.0948276
188 220 0.0603448
188 249 0.00740741
188 250 0.0118343
189 126 0.015873
189 127 0.0534351
189 156 0.00833333
189 157 0.116279
189 158 0.319444
189 159 0.156627
189 187 0.0212766
189 188 0.1
189 220 0.0762712
190 127 0.00595238
190 128 0.0210526
190 129 0.0903955
190 158 0.0441989
190 159 0.192118
190 191 0.321637
190 221 0.0479042
190 222 0.0287356
190 253 0.00970874
191 129 0.0197368
191 159 0.00561798
191 160 0.0151515
191 190 0.321637
191 192 0.257669
191 222 0.0134228
191 223 0.0397351
192 160 0.0604027
192 161 0.298781
192 162 0.0231214
192 191 0.257669
192 223 0.0416667
192 254 0.139073
193 132 0.0434783
193 161 0.0465116
193 162 0.101449
193 163 0.130137
193 224 0.0909091
193 225 0.150685
194 163 0.105263
194 164 0.116883
194 195 0.00675676
194 225 0.192982
194 226 0.226277
194 256 0.0248447
195 164 0.056338
195 165 0.023622
195 194 0.00675676
195 196 0.225564
195 226 0.288
195 227 0.0075188
195 257 0.0178571
195 258 0.155405
196 134 0.0461538
196 135 0.047619
196 165 0.0887097
196 195 0.225564
196 197 0.290076
196 227 0.0615385
196 258 0.062069
197 135 0.00675676
197 166 0.205128
197 196 0.290076
197 227 0.0687023
197 228 0.0787402
198 167 0.172414
198 168 0.0232558
198 199 0.230769
198 229 0.275362
198 260 0.0166667
199 167 0.00833333
199 168 0.155556
199 198 0.230769
199 230 0.142857
199 260 0.0645161
199 261 0.019802
200 138 0.0159574
200 169 0.16763
200 170 0.267045
200 230 0.0939597
200 231 0.169903
200 232 0.0583942
200 263 0.0316456
201 139 0.0138889
201 140 0.0283688
201 170 0.153846
201 202 0.324022
201 232 0.0769231
201 233 0.0628571
201 264 0.0205479
202 139 0.00598802
202 140 0.146341
202 141 0.00625
202 142 0.00431034
202 171 0.162304
202 172 0.029703
202 201 0.324022
202 203 0.00775194
202 233 0.0909091
202 234 0.267974
203 172 0.0852713
203 202 0.00775194
203 233 0.136
203 234 0.175
203 235 0.181818
203 265 0.164706
204 143 0.207692
204 173 0.018018
204 174 0.132867
204 175 0.0230769
204 205 0.0552147
204 235 0.169492
204 236 0.169014
204 237 0.0382166
204 266 0.255682
205 143 0.0193548
205 146 0.0517241
205 174 0.22619
205 175 0.0967742
205 176 0.136612
205 204 0.0552147
205 206 0.172414
205 207 0.038961
205 208 0.0060241
205 236 0.0179641
205 237 0.285714
205 238 0.038961
205 266 0.0497512
206 146 0.1
206 174 0.0584416
206 175 0.0070922
206 176 0.420118
206 177 0.00714286
206 205 0.172414
206 207 0.228571
206 208 0.105263
206 236 0.00653595
206 237 0.0714286
206 238 0.0285714
207 146 0.0142857
207 176 0.0872483
207 177 0.00833333
207 205 0.038961
207 206 0.228571
207 208 0.333333
207 237 0.0202703
207 238 0.15
207 240 0.00819672
207 268 0.00598802
207 269 0.0240964
207 270 0.00917431
208 176 0.0248447
208 177 0.0833333
208 205 0.0060241
208 206 0.105263
208 207 0.333333
208 209 0.00492611
208 237 0.0125
208 238 0.0227273
208 239 0.0451977
208 240 0.0671642
208 269 0.0786517
208 270 0.0661157
208 271 0.00512821
209 145 0.00495049
209 147 0.025641
209 148 0.129412
209 177 0.0314136
209 178 0.240741
209 179 0.0466667
209 180 0.0189573
209 208 0.00492611
209 210 0.170854
209 211 0.0553191
209 239 0.194915
209 240 0.207254
209 272 0.0285714
210 148 0.00520833
210 179 0.218391
210 209 0.170854
210 211 0.116279
210 239 0.0578035
210 240 0.0615385
210 241 0.210526
210 271 0.0575916
210 272 0.124424
210 273 0.0330578
211 148 0.0745614
211 179 0.0243902
211 180 0.0217391
211 209 0.0553191
211 210 0.116279
211 212 0.0119048
211 239 0.0191388
211 240 0.0060241
211 241 0.0305344
211 242 0.0854271
211 244 0.312236
211 271 0.00440529
211 272 0.166008
211 273 0.0573248
211 274 0.0218579
211 275 0.025641
212 148 0.0691489
212 149 0.00549451
212 151 0.0115607
212 180 0.104167
212 181 0.313514
212 182 0.0872093
212 211 0.0119048
212 213 0.00729927
212 242 0.257862
212 243 0.00510204
212 244 0.101523
213 151 0.00549451
213 181 0.0154639
213 182 0.132597
213 183 0.286486
213 212 0.00729927
213 214 0.124402
213 243 0.146341
213 244 0.00485437
213 245 0.0172414
213 246 0.00515464
214 152 0.027451
214 153 0.00362319
214 181 0.00389105
214 182 0.110656
214 183 0.0846774
214 213 0.124402
214 215 0.0377358
214 243 0.152985
214 244 0.0111524
214 245 0.316456
214 246 0.214008
214 276 0.0136986
215 152 0.0461538
215 153 0.143519
215 154 0.0052356
215 184 0.0382166
215 185 0.0829268
215 214 0.0377358
215 216 0.0853659
215 245 0.039548
215 246 0.426396
215 247 0.034188
215 277 0.0147783
216 154 0.00492611
216 184 0.0177515
216 185 0.359447
216 215 0.0853659
216 246 0.138756
216 247 0.264228
216 277 0.0465116
216 278 0.0411765
217 186 0.244604
217 248 0.248521
217 279 0.0189873
218 155 0.104895
218 156 0.0859375
218 186 0.143885
218 187 0.161074
218 248 0.0650888
218 249 0.062069
219 188 0.0948276
219 220 0.254386
219 250 0.275449
219 282 0.112782
220 158 0.00714286
220 159 0.0308642
220 188 0.0603448
220 189 0.0762712
220 219 0.254386
220 221 0.0714286
220 250 0.00598802
220 251 0.218543
220 282 0.075188
221 158 0.0197368
221 159 0.143678
221 190 0.0479042
221 220 0.0714286
221 222 0.0344828
221 251 0.245399
221 253 0.0677966
222 190 0.0287356
222 191 0.0134228
222 221 0.0344828
222 223 0.363636
222 251 0.0176471
222 253 0.266304
222 284 0.0362319
223 191 0.0397351
223 192 0.0416667
223 222 0.363636
223 224 0.0150376
223 253 0.00537634
223 254 0.244604
224 161 0.0387597
224 193 0.0909091
224 223 0.0150376
224 225 0.253425
224 254 0.189655
224 286 0.0192308
224 287 0.0142857
225 163 0.0164835
225 193 0.150685
225 194 0.192982
225 224 0.253425
225 226 0.00675676
225 256 0.116279
225 286 0.00714286
225 287 0.0170455
226 194 0.226277
226 195 0.288
226 225 0.00675676
226 256 0.115942
226 257 0.049505
226 288 0.0408163
227 195 0.0075188
227 196 0.0615385
227 197 0.0687023
227 228 0.0238095
227 258 0.372414
227 259 0.142857
227 290 0.00763359
228 166 0.0892857
228 197 0.0787402
228 227 0.0238095
228 229 0.355705
228 259 0.162791
228 291 0.057377
229 166 0.0719424
229 167 0.0714286
229 198 0.275362
229 228 0.355705
229 259 0.00641026
229 260 0.056962
229 291 0.0201342
230 168 0.0574713
230 169 0.047619
230 199 0.142857
230 200 0.0939597
230 231 0.150943
230 261 0.183673
231 200 0.169903
231 230 0.150943
231 261 0.0387097
231 262 0.0691489
231 263 0.214286
231 292 0.0764706
231 293 0.0810811
232 170 0.0512821
232 200 0.0583942
232 201 0.0769231
232 263 0.20202
232 264 0.17757
233 201 0.0628571
233 202 0.0909091
233 203 0.136
233 234 0.536913
233 264 0.175758
233 265 0.0324675
234 172 0.0130719
234 202 0.267974
234 203 0.175
234 233 0.536913
235 172 0.02
235 173 0.032967
235 203 0.181818
235 204 0.169492
235 236 0.122951
235 265 0.141509
235 266 0.0192308
235 296 0.040404
235 297 0.0364963
236 173 0.00869565
236 174 0.00680272
236 204 0.169014
236 205 0.0179641
236 206 0.00653595
236 235 0.122951
236 237 0.136646
236 238 0.0075188
236 266 0.294444
236 268 0.0111111
236 297 0.180124
236 298 0.00621118
237 176 0.0225989
237 204 0.0382166
237 205 0.285714
237 206 0.0714286
237 207 0.0202703
237 208 0.0125
237 236 0.136646
237 238 0.162162
237 266 0.0358974
237 267 0.0452261
237 268 0.0769231
237 297 0.00568182
237 298 0.00568182
238 205 0.038961
238 206 0.0285714
238 207 0.15
238 208 0.0227273
238 236 0.0075188
238 237 0.162162
238 267 0.0409357
238 268 0.185629
238 269 0.0361446
238 270 0.110092
238 299 0.154545
238 300 0.125
239 179 0.0564516
239 208 0.0451977
239 209 0.194915
239 210 0.0578035
239 211 0.0191388
239 240 0.239521
239 270 0.0974026
239 271 0.223684
239 272 0.188976
239 300 0.00578035
240 176 0.0264901
240 178 0.0248756
240 179 0.0987654
240 207 0.00819672
240 208 0.0671642
240 209 0.207254
240 210 0.0615385
240 211 0.0060241
240 239 0.239521
240 241 0.0674157
240 270 0.027027
240 271 0.0162162
240 272 0.014218
241 210 0.210526
241 211 0.0305344
241 240 0.0674157
241 271 0.0533333
241 272 0.136364
241 273 0.025
241 302 0.00925926
241 304 0.0522388
242 180 0.0685714
242 181 0.0787037
242 182 0.0591133
242 211 0.0854271
242 212 0.257862
242 243 0.0792952
242 244 0.530702
242 306 0.0280374
243 182 0.00416667
243 212 0.00510204
243 213 0.146341
243 214 0.152985
243 242 0.0792952
243 244 0.188679
243 245 0.0729614
243 274 0.184834
243 275 0.163043
243 276 0.09375
243 305 0.0133779
243 306 0.207171
243 307 0.0186916
244 180 0.00469484
244 181 0.023622
244 182 0.128631
244 183 0.00408163
244 211 0.312236
244 212 0.101523
244 213 0.00485437
244 214 0.0111524
244 242 0.530702
244 243 0.188679
244 273 0.00537634
244 274 0.0330189
244 275 0.0108108
244 306 0.015873
245 182 0.0143541
245 213 0.0172414
245 214 0.316456
245 215 0.039548
245 243 0.0729614
245 246 0.13964
245 247 0.00772201
245 276 0.29572
245 277 0.0789474
245 308 0.0271493
246 184 0.029703
246 185 0.152
246 213 0.00515464
246 214 0.214008
246 215 0.426396
246 216 0.138756
246 245 0.13964
246 247 0.100358
246 276 0.0144404
246 277 0.104839
246 278 0.00985222
247 185 0.114983
247 215 0.034188
247 216 0.264228
247 245 0.00772201
247 246 0.100358
247 276 0.00955414
247 277 0.368421
247 278 0.233333
247 309 0.0427632
248 186 0.0411765
248 217 0.248521
248 218 0.0650888
248 249 0.170455
248 250 0.0142857
248 279 0.121693
248 280 0.0434783
248 311 0.010929
249 187 0.0833333
249 188 0.00740741
249 218 0.062069
249 248 0.170455
249 250 0.290323
249 280 0.0291971
250 187 0.00526316
250 188 0.0118343
250 219 0.275449
250 220 0.00598802
250 248 0.0142857
250 249 0.290323
250 280 0.0877193
250 281 0.0571429
250 282 0.0967742
251 220 0.218543
251 221 0.245399
251 222 0.0176471
251 253 0.19802
251 282 0.0941176
251 283 0.0483871
251 284 0.0320513
251 313 0.021978
252 253 0.0148148
252 283 0.0336134
252 284 0.146067
252 285 0.09375
252 314 0.0564516
252 315 0.0172414
252 316 0.0338983
253 190 0.00970874
253 221 0.0677966
253 222 0.266304
253 223 0.00537634
253 251 0.19802
253 252 0.0148148
253 283 0.11
253 284 0.170588
253 314 0.0146341
254 192 0.139073
254 223 0.244604
254 224 0.189655
254 285 0.0408163
254 286 0.0181818
255 256 0.00757576
255 286 0.23
255 287 0.139706
255 317 0.08
256 194 0.0248447
256 225 0.116279
256 226 0.115942
256 255 0.00757576
256 287 0.271084
256 288 0.172131
256 318 0.0666667
257 195 0.0178571
257 226 0.049505
257 258 0.16129
257 288 0.152941
257 289 0.0108696
257 319 0.154762
258 195 0.155405
258 196 0.062069
258 227 0.372414
258 257 0.16129
258 259 0.00675676
258 289 0.0234375
258 290 0.0547945
259 227 0.142857
259 228 0.162791
259 229 0.00641026
259 258 0.00675676
259 290 0.104478
259 291 0.0465116
259 321 0.268657
260 198 0.0166667
260 199 0.0645161
260 229 0.056962
260 261 0.264957
260 291 0.19084
260 292 0.00757576
260 322 0.015748
260 323 0.0884956
261 199 0.019802
261 230 0.183673
261 231 0.0387097
261 260 0.264957
261 292 0.165138
261 323 0.0555556
262 231 0.0691489
262 263 0.15
262 292 0.0704225
262 293 0.433121
262 294 0.0647482
262 324 0.011976
263 200 0.0316456
263 231 0.214286
263 232 0.20202
263 262 0.15
263 264 0.046875
263 293 0.0291971
263 294 0.0588235
263 295 0.00662252
264 201 0.0205479
264 232 0.17757
264 233 0.175758
264 263 0.046875
264 294 0.0629921
264 295 0.0754717
264 326 0.11828
265 203 0.164706
265 233 0.0324675
265 235 0.141509
265 295 0.0540541
265 296 0.35514
265 326 0.0228571
266 204 0.255682
266 205 0.0497512
266 235 0.0192308
266 236 0.294444
266 237 0.0358974
266 267 0.0137615
266 268 0.0233645
266 297 0.317949
266 298 0.0153846
266 299 0.00636943
267 237 0.0452261
267 238 0.0409357
267 266 0.0137615
267 268 0.353211
267 297 0.160804
267 298 0.38191
267 299 0.0993789
267 300 0.00558659
267 328 0.0194805
267 329 0.0363636
267 331 0.0738636
268 207 0.00598802
268 236 0.0111111
268 237 0.0769231
268 238 0.185629
268 266 0.0233645
268 267 0.353211
268 269 0.0187793
268 297 0.0205128
268 298 0.0666667
268 299 0.324841
268 300 0.0571429
268 328 0.0133333
268 329 0.00621118
268 331 0.0406977
268 332 0.0555556
269 207 0.0240964
269 208 0.0786517
269 238 0.0361446
269 268 0.0187793
269 270 0.0903226
269 299 0.108974
269 300 0.442529
269 301 0.0174672
269 332 0.0949721
269 333 0.0130719
270 207 0.00917431
270 208 0.0661157
270 238 0.110092
270 239 0.0974026
270 240 0.027027
270 269 0.0903226
270 271 0.0465116
270 272 0.00505051
270 300 0.0940171
270 301 0.255814
270 333 0.0208333
271 208 0.00512821
271 210 0.0575916
271 211 0.00440529
271 239 0.223684
271 240 0.0162162
271 241 0.0533333
271 270 0.0465116
271 272 0.316176
271 273 0.0113636
271 301 0.166667
271 302 0.0392157
271 304 0.0826087
271 333 0.00588235
271 335 0.0273973
272 209 0.0285714
272 210 0.124424
272 211 0.166008
272 239 0.188976
272 240 0.014218
272 241 0.136364
272 270 0.00505051
272 271 0.316176
272 273 0.0940594
272 274 0.00877193
272 301 0.0661765
272 302 0.0217391
272 304 0.0859375
273 210 0.0330578
273 211 0.0573248
273 241 0.025
273 244 0.00537634
273 271 0.0113636
273 272 0.0940594
273 274 0.0530303
273 302 0.0149254
273 304 0.175
273 305 0.0363636
273 306 0.19186
273 335 0.157895
273 337 0.013245
274 211 0.0218579
274 243 0.184834
274 244 0.0330189
274 272 0.00877193
274 273 0.0530303
274 275 0.427481
274 304 0.016129
274 305 0.178862
274 306 0.318182
274 307 0.0124224
274 337 0.0169492
275 211 0.025641
275 243 0.163043
275 244 0.0108108
275 274 0.427481
275 276 0.00961538
275 305 0.105023
275 306 0.0877193
275 307 0.0447761
275 337 0.00666667
276 214 0.0136986
276 243 0.09375
276 245 0.29572
276 246 0.0144404
276 247 0.00955414
276 275 0.00961538
276 277 0.0600707
276 305 0.0216718
276 306 0.00363636
276 307 0.294118
276 308 0.148551
276 309 0.0165563
276 337 0.00393701
276 338 0.0636364
277 215 0.0147783
277 216 0.0465116
277 245 0.0789474
277 246 0.104839
277 247 0.368421
277 276 0.0600707
277 278 0.334928
277 308 0.101215
277 309 0.120879
277 339 0.00429185
278 216 0.0411765
278 246 0.00985222
278 247 0.233333
278 277 0.334928
278 308 0.0247525
278 309 0.127193
278 339 0.0319149
279 217 0.0189873
279 248 0.121693
279 280 0.0133333
279 310 0.191489
279 311 0.337209
279 341 0.0361446
280 248 0.0434783
280 249 0.0291971
280 250 0.0877193
280 279 0.0133333
280 281 0.0769231
280 311 0.173611
280 312 0.097561
280 342 0.12931
281 250 0.0571429
281 280 0.0769231
281 282 0.0283019
281 312 0.076087
281 313 0.00847458
281 342 0.0470588
281 344 0.00819672
282 219 0.112782
282 220 0.075188
282 250 0.0967742
282 251 0.0941176
282 281 0.0283019
282 283 0.0238095
282 312 0.0724638
282 313 0.231707
282 344 0.0357143
283 251 0.0483871
283 252 0.0336134
283 253 0.11
283 282 0.0238095
283 284 0.0844156
283 313 0.266667
283 314 0.312169
283 345 0.0170455
284 222 0.0362319
284 251 0.0320513
284 252 0.146067
284 253 0.170588
284 283 0.0844156
284 285 0.0808081
284 313 0.00666667
284 314 0.27673
284 315 0.0752688
284 316 0.0319149
284 346 0.008
285 252 0.09375
285 254 0.0408163
285 284 0.0808081
285 286 0.139535
285 315 0.0147059
285 316 0.101449
285 348 0.0752688
286 224 0.0192308
286 225 0.00714286
286 254 0.0181818
286 255 0.23
286 285 0.139535
286 287 0.126866
286 348 0.047619
287 224 0.0142857
287 225 0.0170455
287 255 0.139706
287 256 0.271084
287 286 0.126866
287 317 0.0754717
287 318 0.0322581
287 348 0.0070922
287 349 0.0961538
288 226 0.0408163
288 256 0.172131
288 257 0.152941
288 319 0.160494
288 349 0.0267857
289 257 0.0108696
289 258 0.0234375
289 290 0.315789
289 319 0.0909091
289 320 0.126866
289 351 0.0645161
290 227 0.00763359
290 258 0.0547945
290 259 0.104478
290 289 0.315789
290 321 0.0909091
290 351 0.105634
290 352 0.182482
291 228 0.057377
291 229 0.0201342
291 259 0.0465116
291 260 0.19084
291 321 0.212598
291 322 0.0677966
292 231 0.0764706
292 260 0.00757576
292 261 0.165138
292 262 0.0704225
292 293 0.107914
292 323 0.190476
292 324 0.0402685
292 354 0.00934579
293 231 0.0810811
293 262 0.433121
293 263 0.0291971
293 292 0.107914
293 324 0.0487805
293 355 0.0522876
293 356 0.0142857
294 262 0.0647482
294 263 0.0588235
294 264 0.0629921
