0 1 0.416149
0 31 0.269504
0 33 0.011976
0 63 0.00574713
1 0 0.416149
1 2 0.107143
1 31 0.0533333
1 32 0.0364583
1 33 0.0681818
1 63 0.00546448
2 1 0.107143
2 3 0.0294118
2 4 0.0207254
2 32 0.347368
2 33 0.0632184
2 34 0.00598802
2 35 0.109524
3 2 0.0294118
3 4 0.170543
3 5 0.0265487
3 35 0.0684932
4 2 0.0207254
4 3 0.170543
4 5 0.20098
4 32 0.00460829
4 34 0.00515464
4 35 0.438819
4 36 0.0154639
4 37 0.00495049
4 66 0.0108696
4 67 0.0136054
4 68 0.0387931
5 3 0.0265487
5 4 0.20098
5 6 0.172619
5 35 0.0678733
5 37 0.00537634
5 68 0.25463
6 5 0.172619
6 7 0.0458716
6 9 0.0148148
6 38 0.274286
6 39 0.0496454
6 68 0.0918367
7 6 0.0458716
7 8 0.0833333
7 9 0.447917
7 38 0.0220588
7 39 0.27451
7 40 0.0925926
7 41 0.00675676
8 7 0.0833333
8 9 0.459016
8 10 0.300699
8 40 0.0522388
8 41 0.0287356
9 6 0.0148148
9 7 0.447917
9 8 0.459016
9 10 0.0839161
9 38 0.00617284
9 39 0.0625
9 40 0.141791
9 41 0.0114943
9 70 0.021978
9 71 0.00980392
9 72 0.0111111
9 73 0.0116959
10 8 0.300699
10 9 0.0839161
10 11 0.0596026
10 12 0.148571
10 40 0.122581
10 41 0.14359
10 42 0.0517241
10 73 0.0104167
11 10 0.0596026
11 12 0.0432099
11 13 0.0363636
11 41 0.0934066
11 42 0.310559
11 43 0.172589
11 44 0.0168539
11 73 0.00558659
11 75 0.0203046
12 10 0.148571
12 11 0.0432099
12 13 0.0793651
12 40 0.0361446
12 41 0.174757
12 42 0.313514
12 43 0.0361991
12 73 0.0197044
13 11 0.0363636
13 12 0.0793651
13 14 0.215
13 42 0.196809
13 43 0.183036
13 44 0.107317
13 45 0.00934579
14 13 0.215
14 15 0.212871
14 43 0.012931
14 44 0.244131
14 45 0.13964
14 46 0.0639535
14 47 0.0368664
15 14 0.212871
15 16 0.171875
15 17 0.00552486
15 44 0.00966184
15 45 0.037037
15 46 0.0421687
15 47 0.208531
15 48 0.0867347
15 78 0.039548
16 15 0.171875
16 17 0.231638
16 45 0.0141509
16 46 0.0246914
16 47 0.0483092
16 48 0.25
16 49 0.138614
16 81 0.00591716
17 15 0.00552486
17 16 0.231638
17 18 0.0966184
17 19 0.0113636
17 47 0.0153061
17 48 0.0994475
17 49 0.267016
17 50 0.239766
17 81 0.0443038
18 17 0.0966184
18 19 0.368664
18 20 0.0338983
18 49 0.0948276
18 50 0.0660377
18 51 0.065
18 81 0.0100503
18 82 0.0607477
19 17 0.0113636
19 18 0.368664
19 20 0.315068
19 22 0.0180723
19 49 0.0298507
19 50 0.116022
19 51 0.12426
19 81 0.0238095
19 82 0.0273224
20 18 0.0338983
20 19 0.315068
20 21 0.0492958
20 22 0.111111
20 51 0.0697674
20 53 0.0419162
21 20 0.0492958
21 22 0.197531
21 23 0.0814815
21 51 0.0121212
21 52 0.161491
21 53 0.561576
21 54 0.216374
21 55 0.00505051
22 19 0.0180723
22 20 0.111111
22 21 0.197531
22 51 0.268456
22 52 0.0344828
22 53 0.117647
22 54 0.174194
23 21 0.0814815
23 24 0.191011
23 53 0.1625
23 54 0.0546875
23 55 0.0193548
24 23 0.191011
24 25 0.0851064
24 55 0.0789474
25 24 0.0851064
25 26 0.352273
25 55 0.111111
25 56 0.187166
25 57 0.015544
26 25 0.352273
26 27 0.210526
26 56 0.149701
26 57 0.104046
26 58 0.0386473
26 89 0.0102564
27 26 0.210526
27 28 0.0861244
27 56 0.010989
27 57 0.0319149
27 58 0.292793
27 59 0.277108
27 89 0.0619048
28 27 0.0861244
28 29 0.26699
28 58 0.130612
28 59 0.253968
28 60 0.171674
28 61 0.0502283
28 89 0.0343348
28 91 0.0289256
29 28 0.26699
29 30 0.0480769
29 59 0.0368098
29 60 0.246377
29 61 0.108808
29 89 0.00966184
29 90 0.0236967
29 91 0.0833333
30 29 0.0480769
30 60 0.0978723
30 61 0.524887
30 91 0.0286885
30 92 0.0961538
31 0 0.269504
31 1 0.0533333
31 33 0.025641
31 62 0.0121951
31 63 0.0858896
31 93 0.104478
32 1 0.0364583
32 2 0.347368
32 4 0.00460829
32 33 0.39899
32 34 0.146597
32 35 0.0555556
32 63 0.0097561
32 64 0.00552486
33 0 0.011976
33 1 0.0681818
33 2 0.0632184
33 31 0.025641
33 32 0.39899
33 34 0.0857143
33 63 0.190476
33 64 0.0242424
33 65 0.0217391
34 2 0.00598802
34 4 0.00515464
34 32 0.146597
34 33 0.0857143
34 35 0.0521327
34 36 0.00595238
34 64 0.0253165
34 65 0.440678
34 66 0.0886076
34 67 0.115702
34 95 0.0141844
34 96 0.00636943
35 2 0.109524
35 3 0.0684932
35 4 0.438819
35 5 0.0678733
35 32 0.0555556
35 34 0.0521327
35 36 0.028436
35 66 0.169154
35 67 0.195122
36 4 0.0154639
36 34 0.00595238
36 35 0.028436
36 37 0.244318
36 66 0.151899
36 67 0.0909091
36 68 0.0339806
36 96 0.00636943
36 98 0.168675
36 99 0.11976
37 4 0.00495049
37 5 0.00537634
37 36 0.244318
37 67 0.0155039
37 68 0.369159
37 69 0.132979
37 99 0.131429
38 6 0.274286
38 7 0.0220588
38 9 0.00617284
38 39 0.25
38 68 0.0627803
38 69 0.177665
38 101 0.0900474
39 6 0.0496454
39 7 0.27451
39 9 0.0625
39 38 0.25
39 40 0.00714286
39 69 0.00613497
39 70 0.0412371
39 71 0.0185185
39 101 0.0677966
40 7 0.0925926
40 8 0.0522388
40 9 0.141791
40 10 0.122581
40 12 0.0361446
40 39 0.00714286
40 41 0.177419
40 70 0.106796
40 71 0.0438596
40 72 0.166667
40 73 0.142077
40 101 0.00546448
40 103 0.0126582
40 104 0.112069
41 7 0.00675676
41 8 0.0287356
41 9 0.0114943
41 10 0.14359
41 11 0.0934066
41 12 0.174757
41 40 0.177419
41 42 0.141463
41 43 0.00829876
41 72 0.00704225
41 73 0.345291
41 74 0.0118343
41 103 0.0858586
41 104 0.0641026
42 10 0.0517241
42 11 0.310559
42 12 0.313514
42 13 0.196809
42 41 0.141463
42 43 0.0636364
42 44 0.0199005
42 73 0.00495049
43 11 0.172589
43 12 0.0361991
43 13 0.183036
43 14 0.012931
43 41 0.00829876
43 42 0.0636364
43 44 0.303797
43 73 0.0168067
43 74 0.0326087
43 75 0.300781
43 103 0.028169
43 105 0.0097561
43 106 0.0778443
43 107 0.0230769
44 11 0.0168539
44 13 0.107317
44 14 0.244131
44 15 0.00966184
44 42 0.0199005
44 43 0.303797
44 45 0.0881057
44 46 0.0112994
44 75 0.0421941
44 77 0.0388889
44 106 0.0405405
45 13 0.00934579
45 14 0.13964
45 15 0.037037
45 16 0.0141509
45 44 0.0881057
45 46 0.397849
45 47 0.203463
45 76 0.0320513
45 77 0.164021
45 106 0.0191083
45 107 0.08
45 108 0.0769231
45 109 0.0194553
46 14 0.0639535
46 15 0.0421687
46 16 0.0246914
46 44 0.0112994
46 45 0.397849
46 47 0.21547
46 48 0.126506
46 76 0.00943396
46 77 0.0215827
46 78 0.0136054
46 107 0.01
46 109 0.0724638
47 14 0.0368664
47 15 0.208531
47 16 0.0483092
47 17 0.0153061
47 45 0.203463
47 46 0.21547
47 48 0.28436
47 49 0.0135747
47 77 0.0978261
47 78 0.161458
47 79 0.0172414
47 107 0.00408163
47 109 0.107143
48 15 0.0867347
48 16 0.25
48 17 0.0994475
48 46 0.126506
48 47 0.28436
48 49 0.18932
48 77 0.00591716
48 78 0.0621469
48 79 0.0314465
48 80 0.0456853
48 81 0.0231214
48 109 0.0464135
49 16 0.138614
49 17 0.267016
49 18 0.0948276
49 19 0.0298507
49 47 0.0135747
49 48 0.18932
49 50 0.0663265
49 78 0.0213904
49 79 0.0591716
49 80 0.236715
49 81 0.147541
49 112 0.0111111
50 17 0.239766
50 18 0.0660377
50 19 0.116022
50 49 0.0663265
50 80 0.0534759
50 81 0.263804
50 82 0.0393258
50 112 0.00625
51 18 0.065
51 19 0.12426
51 20 0.0697674
51 21 0.0121212
51 22 0.268456
51 52 0.00675676
51 82 0.0662651
51 114 0.180851
52 21 0.161491
52 22 0.0344828
52 51 0.00675676
52 53 0.16129
52 54 0.246753
52 83 0.0486111
52 84 0.238636
52 85 0.0540541
52 114 0.0652174
52 115 0.107955
53 20 0.0419162
53 21 0.561576
53 22 0.117647
53 23 0.1625
53 52 0.16129
53 54 0.0510204
53 84 0.0183486
53 114 0.00442478
54 21 0.216374
54 22 0.174194
54 23 0.0546875
54 52 0.246753
54 53 0.0510204
54 55 0.146597
54 83 0.00649351
54 84 0.00537634
54 85 0.00632911
55 21 0.00505051
55 23 0.0193548
55 24 0.0789474
55 25 0.111111
55 54 0.146597
55 56 0.040404
55 85 0.0972973
55 86 0.0428571
56 25 0.187166
56 26 0.149701
56 27 0.010989
56 55 0.040404
56 57 0.304348
56 58 0.0321101
56 86 0.0526316
56 87 0.0434783
56 88 0.0353535
56 89 0.00485437
56 118 0.0104167
57 25 0.015544
57 26 0.104046
57 27 0.0319149
57 56 0.304348
57 58 0.0714286
57 86 0.0102041
57 87 0.0684211
57 88 0.156863
57 89 0.127358
57 90 0.0185185
57 118 0.0757576
58 26 0.0386473
58 27 0.292793
58 28 0.130612
58 56 0.0321101
58 57 0.0714286
58 59 0.123762
58 88 0.0168067
58 89 0.211382
58 90 0.08
59 27 0.277108
59 28 0.253968
59 29 0.0368098
59 58 0.123762
59 60 0.0473684
59 89 0.0526316
59 90 0.0206186
60 28 0.171674
60 29 0.246377
60 30 0.0978723
60 59 0.0473684
60 61 0.131818
60 89 0.0213675
60 90 0.00840336
60 91 0.283951
60 92 0.0531401
60 121 0.00383142
61 28 0.0502283
61 29 0.108808
61 30 0.524887
61 60 0.131818
61 91 0.0349345
61 92 0.0103627
62 31 0.0121951
62 93 0.117647
62 124 0.188525
63 0 0.00574713
63 1 0.00546448
63 31 0.0858896
63 32 0.0097561
63 33 0.190476
63 64 0.319767
63 65 0.0052356
63 93 0.0769231
63 94 0.00487805
63 124 0.0147783
64 32 0.00552486
64 33 0.0242424
64 34 0.0253165
64 63 0.319767
64 65 0.0718563
64 93 0.0238095
64 94 0.176796
64 95 0.0763359
65 33 0.0217391
65 34 0.440678
65 63 0.0052356
65 64 0.0718563
65 66 0.0898204
65 67 0.0615385
65 94 0.01
65 95 0.133333
65 96 0.0722892
65 126 0.0100503
65 127 0.0535714
66 4 0.0108696
66 34 0.0886076
66 35 0.169154
66 36 0.151899
66 65 0.0898204
66 67 0.225225
66 68 0.00510204
66 96 0.306122
66 97 0.048951
66 98 0.0576923
66 99 0.00636943
67 4 0.0136054
67 34 0.115702
67 35 0.195122
67 36 0.0909091
67 37 0.0155039
67 65 0.0615385
67 66 0.225225
67 96 0.0818182
67 98 0.00840336
68 4 0.0387931
68 5 0.25463
68 6 0.0918367
68 36 0.0339806
68 37 0.369159
68 38 0.0627803
68 66 0.00510204
68 69 0.0275229
69 37 0.132979
69 38 0.177665
69 39 0.00613497
69 68 0.0275229
69 99 0.0893855
69 100 0.15847
69 101 0.116505
69 132 0.0179372
70 9 0.021978
70 39 0.0412371
70 40 0.106796
70 71 0.323944
70 72 0.20339
70 73 0.0357143
70 101 0.05
70 102 0.0603448
70 103 0.00869565
70 104 0.164384
70 133 0.0757576
71 9 0.00980392
71 39 0.0185185
71 40 0.0438596
71 70 0.323944
71 72 0.185714
71 101 0.0596026
71 102 0.133858
71 104 0.0833333
71 133 0.025974
71 134 0.0280374
72 9 0.0111111
72 40 0.166667
72 41 0.00704225
72 70 0.20339
72 71 0.185714
72 73 0.122302
72 104 0.25
72 133 0.0153846
72 134 0.0421053
73 9 0.0116959
73 10 0.0104167
73 11 0.00558659
73 12 0.0197044
73 40 0.142077
73 41 0.345291
73 42 0.00495049
73 43 0.0168067
73 70 0.0357143
73 72 0.122302
73 74 0.0843373
73 75 0.0210084
73 103 0.25641
73 104 0.320261
73 105 0.0160428
73 134 0.0284091
73 135 0.0138249
74 41 0.0118343
74 43 0.0326087
74 73 0.0843373
74 75 0.255435
74 103 0.035461
74 104 0.050505
74 105 0.0225564
74 107 0.00531915
74 108 0.0075188
74 133 0.0217391
74 134 0.122951
74 135 0.0920245
74 136 0.0880503
74 138 0.138686
75 11 0.0203046
75 43 0.300781
75 44 0.0421941
75 73 0.0210084
75 74 0.255435
75 103 0.126761
75 104 0.00584795
75 105 0.141463
75 106 0.0658683
75 107 0.1
75 108 0.0097561
75 134 0.00515464
75 135 0.012766
75 136 0.0562771
76 45 0.0320513
76 46 0.00943396
76 77 0.0183486
76 106 0.025974
76 107 0.0823529
76 108 0.373913
76 138 0.00840336
77 44 0.0388889
77 45 0.164021
77 46 0.0215827
77 47 0.0978261
77 48 0.00591716
77 76 0.0183486
77 106 0.0363636
77 107 0.162562
77 108 0.0608108
77 109 0.233333
77 139 0.0204082
78 15 0.039548
78 46 0.0136054
78 47 0.161458
78 48 0.0621469
78 49 0.0213904
78 79 0.0642857
78 80 0.134831
78 81 0.0324675
78 109 0.12844
78 142 0.0263158
79 47 0.0172414
79 48 0.0314465
79 49 0.0591716
79 78 0.0642857
79 80 0.0875
79 81 0.0294118
79 109 0.155
79 110 0.0763359
79 111 0.115385
79 139 0.0215054
79 140 0.0130719
79 142 0.280952
80 48 0.0456853
80 49 0.236715
80 50 0.0534759
80 78 0.134831
80 79 0.0875
80 81 0.247126
80 82 0.00529101
80 109 0.0210084
80 110 0.0118343
80 111 0.0154639
80 112 0.0467836
80 113 0.010929
80 139 0.0133929
80 142 0.326613
80 143 0.0121212
81 16 0.00591716
81 17 0.0443038
81 18 0.0100503
81 19 0.0238095
81 48 0.0231214
81 49 0.147541
81 50 0.263804
81 78 0.0324675
81 79 0.0294118
81 80 0.247126
81 82 0.0787879
81 112 0.176871
81 113 0.0251572
81 142 0.0580357
82 18 0.0607477
82 19 0.0273224
82 50 0.0393258
82 51 0.0662651
82 80 0.00529101
82 81 0.0787879
82 83 0.037037
82 112 0.0493827
82 113 0.00574713
82 114 0.311881
82 143 0.0384615
83 52 0.0486111
83 54 0.00649351
83 82 0.037037
83 84 0.147727
83 112 0.0694444
83 113 0.0576923
83 114 0.23913
83 115 0.181818
83 143 0.0507246
83 145 0.0393701
83 146 0.0130719
84 52 0.238636
84 53 0.0183486
84 54 0.00537634
84 83 0.147727
84 85 0.0222222
84 114 0.0138889
84 115 0.442308
84 145 0.00628931
85 52 0.0540541
85 54 0.00632911
85 55 0.0972973
85 84 0.0222222
85 86 0.305085
85 115 0.0611111
85 116 0.0165289
85 147 0.00793651
86 55 0.0428571
86 56 0.0526316
86 57 0.0102041
86 85 0.305085
86 87 0.163265
86 116 0.0410959
86 118 0.00490196
87 56 0.0434783
87 57 0.0684211
87 86 0.163265
87 88 0.0735294
87 116 0.05
87 117 0.0384615
87 118 0.348485
87 119 0.0114286
88 56 0.0353535
88 57 0.156863
88 58 0.0168067
88 87 0.0735294
88 89 0.128319
88 90 0.13913
88 118 0.198113
88 119 0.148148
88 120 0.11583
88 121 0.0197628
88 150 0.00613497
89 26 0.0102564
89 27 0.0619048
89 28 0.0343348
89 29 0.00966184
89 56 0.00485437
89 57 0.127358
89 58 0.211382
89 59 0.0526316
89 60 0.0213675
89 88 0.128319
89 90 0.281513
89 91 0.00823045
89 118 0.00909091
89 121 0.0881226
90 29 0.0236967
90 57 0.0185185
90 58 0.08
90 59 0.0206186
90 60 0.00840336
90 88 0.13913
90 89 0.281513
90 91 0.0647773
90 119 0.0348259
90 120 0.121771
90 121 0.283019
90 122 0.0544747
91 28 0.0289256
91 29 0.0833333
91 30 0.0286885
91 60 0.283951
91 61 0.0349345
91 89 0.00823045
91 90 0.0647773
91 92 0.171296
91 121 0.0666667
91 122 0.103053
91 123 0.0380623
92 30 0.0961538
92 60 0.0531401
92 61 0.0103627
92 91 0.171296
92 122 0.0353982
92 123 0.173913
92 154 0.0607477
93 31 0.104478
93 62 0.117647
93 63 0.0769231
93 64 0.0238095
93 94 0.0740741
93 124 0.564315
93 125 0.0521739
93 155 0.0152284
94 63 0.00487805
94 64 0.176796
94 65 0.01
94 93 0.0740741
94 95 0.054878
94 124 0.0471698
94 125 0.437811
94 127 0.043956
94 156 0.114094
94 157 0.0110497
95 34 0.0141844
95 64 0.0763359
95 65 0.133333
95 94 0.054878
95 96 0.0153846
95 97 0.00793651
95 125 0.112583
95 126 0.245399
95 127 0.121212
96 34 0.00636943
96 36 0.00636943
96 65 0.0722892
96 66 0.306122
96 67 0.0818182
96 95 0.0153846
96 97 0.197183
96 98 0.0322581
96 126 0.0111732
96 127 0.108108
96 128 0.0447761
97 66 0.048951
97 95 0.00793651
97 96 0.197183
97 98 0.344371
97 99 0.0197368
97 126 0.0114286
97 127 0.00694444
97 128 0.1
97 129 0.0241935
97 130 0.00613497
97 160 0.00877193
98 36 0.168675
98 66 0.0576923
98 67 0.00840336
98 96 0.0322581
98 97 0.344371
98 99 0.0787879
98 128 0.00699301
98 129 0.0291971
98 130 0.0340909
99 36 0.11976
99 37 0.131429
99 66 0.00636943
99 69 0.0893855
99 97 0.0197368
99 98 0.0787879
99 100 0.0470588
99 129 0.188406
99 130 0.146893
100 69 0.15847
100 99 0.0470588
100 129 0.00704225
100 130 0.0994475
100 131 0.169118
100 132 0.238318
100 161 0.0440252
100 162 0.00645161
101 38 0.0900474
101 39 0.0677966
101 40 0.00546448
101 69 0.116505
101 70 0.05
101 71 0.0596026
101 102 0.214286
101 132 0.219409
101 164 0.0361991
102 70 0.0603448
102 71 0.133858
102 101 0.214286
102 132 0.00938967
102 133 0.0491803
102 134 0.00657895
102 164 0.279188
102 165 0.040404
103 40 0.0126582
103 41 0.0858586
103 43 0.028169
103 70 0.00869565
103 73 0.25641
103 74 0.035461
103 75 0.126761
103 104 0.0625
103 105 0.12963
103 106 0.00806452
103 134 0.125828
103 135 0.166667
103 136 0.0106383
104 40 0.112069
104 41 0.0641026
104 70 0.164384
104 71 0.0833333
104 72 0.25
104 73 0.320261
104 74 0.050505
104 75 0.00584795
104 103 0.0625
104 133 0.0126582
104 134 0.0275229
104 135 0.0466667
105 43 0.0097561
105 73 0.0160428
105 74 0.0225564
105 75 0.141463
105 103 0.12963
105 106 0.163793
105 107 0.00956938
105 134 0.013986
105 135 0.0597826
105 136 0.338889
105 138 0.056962
105 168 0.0300752
106 43 0.0778443
106 44 0.0405405
106 45 0.0191083
106 75 0.0658683
106 76 0.025974
106 77 0.0363636
106 103 0.00806452
106 105 0.163793
106 107 0.169591
106 108 0.0172414
106 136 0.028169
106 169 0.0148148
107 43 0.0230769
107 45 0.08
107 46 0.01
107 47 0.00408163
107 74 0.00531915
107 75 0.1
107 76 0.0823529
107 77 0.162562
107 105 0.00956938
107 106 0.169591
107 108 0.334928
107 109 0.0664207
107 136 0.0340426
107 137 0.00515464
107 138 0.0140845
107 139 0.0233463
107 140 0.00446429
107 168 0.0159574
107 169 0.153509
108 45 0.0769231
108 74 0.0075188
108 75 0.0097561
108 76 0.373913
108 77 0.0608108
108 106 0.0172414
108 107 0.334928
108 109 0.0462963
108 136 0.00555556
108 137 0.0431655
108 138 0.0253165
108 139 0.0445545
108 140 0.0769231
108 168 0.0150376
108 169 0.156069
109 45 0.0194553
109 46 0.0724638
109 47 0.107143
109 48 0.0464135
109 77 0.233333
109 78 0.12844
109 79 0.155
109 80 0.0210084
109 107 0.0664207
109 108 0.0462963
109 110 0.0143541
109 111 0.0042735
109 139 0.32197
109 140 0.021645
109 142 0.00694444
110 79 0.0763359
110 80 0.0118343
110 109 0.0143541
110 111 0.254545
110 139 0.220513
110 140 0.0493827
110 141 0.219858
110 142 0.0958904
110 171 0.0135135
110 172 0.168224
111 79 0.115385
111 80 0.0154639
111 109 0.0042735
111 110 0.254545
111 113 0.00558659
111 139 0.0272727
111 141 0.0421687
111 142 0.266393
111 143 0.0124224
111 172 0.189394
111 173 0.0928962
111 174 0.176829
112 49 0.0111111
112 50 0.00625
112 80 0.0467836
112 81 0.176871
112 82 0.0493827
112 83 0.0694444
112 113 0.262821
112 114 0.0326087
112 142 0.00904977
112 143 0.0507246
113 80 0.010929
113 81 0.0251572
113 82 0.00574713
113 83 0.0576923
113 111 0.00558659
113 112 0.262821
113 142 0.0171674
113 143 0.393333
113 144 0.0231214
113 173 0.00581395
113 174 0.0784314
114 51 0.180851
114 52 0.0652174
114 53 0.00442478
114 82 0.311881
114 83 0.23913
114 84 0.0138889
114 112 0.0326087
114 115 0.0509259
115 52 0.107955
115 83 0.181818
115 84 0.442308
115 85 0.0611111
115 114 0.0509259
115 116 0.0201342
115 145 0.00628931
115 146 0.0540541
115 147 0.00649351
115 177 0.213592
116 85 0.0165289
116 86 0.0410959
116 87 0.05
116 115 0.0201342
116 117 0.075
116 146 0.142857
116 147 0.157895
116 177 0.122449
116 178 0.0595238
117 87 0.0384615
117 116 0.075
117 118 0.0869565
117 147 0.152941
117 148 0.121951
118 56 0.0104167
118 57 0.0757576
118 86 0.00490196
118 87 0.348485
118 88 0.198113
118 89 0.00909091
118 117 0.0869565
118 119 0.125683
118 120 0.0316206
118 148 0.00666667
118 150 0.00636943
119 87 0.0114286
119 88 0.148148
119 90 0.0348259
119 118 0.125683
119 120 0.256522
119 121 0.00446429
119 148 0.0708661
119 149 0.136752
119 150 0.0746269
119 151 0.00746269
120 88 0.11583
120 90 0.121771
120 118 0.0316206
120 119 0.256522
120 121 0.112245
120 122 0.013986
120 150 0.318627
120 151 0.0539216
120 152 0.0442478
121 60 0.00383142
121 88 0.0197628
121 89 0.0881226
121 90 0.283019
121 91 0.0666667
121 119 0.00446429
121 120 0.112245
121 122 0.285714
121 150 0.00505051
121 152 0.0818182
121 153 0.0210084
122 90 0.0544747
122 91 0.103053
122 92 0.0353982
122 120 0.013986
122 121 0.285714
122 123 0.227425
122 152 0.20283
122 153 0.0304348
122 154 0.0192308
123 91 0.0380623
123 92 0.173913
123 122 0.227425
123 152 0.0627615
123 153 0.0077821
123 154 0.393728
123 185 0.0217391
124 62 0.188525
124 63 0.0147783
124 93 0.564315
124 94 0.0471698
124 125 0.00502513
124 155 0.0903614
124 156 0.00680272
125 93 0.0521739
125 94 0.437811
125 95 0.112583
125 124 0.00502513
125 126 0.035
125 127 0.00591716
125 157 0.160714
126 65 0.0100503
126 95 0.245399
126 96 0.0111732
126 97 0.0114286
126 125 0.035
126 127 0.519337
126 128 0.011976
126 158 0.0112994
126 188 0.106599
127 65 0.0535714
127 94 0.043956
127 95 0.121212
127 96 0.108108
127 97 0.00694444
127 125 0.00591716
127 126 0.519337
127 128 0.0294118
127 188 0.0120482
128 96 0.0447761
128 97 0.1
128 98 0.00699301
128 126 0.011976
128 127 0.0294118
128 129 0.00862069
128 130 0.0322581
128 158 0.0151515
128 159 0.128205
128 160 0.188679
128 190 0.123894
129 97 0.0241935
129 98 0.0291971
129 99 0.188406
129 100 0.00704225
129 128 0.00862069
129 130 0.416107
129 131 0.00961538
129 159 0.00666667
129 160 0.09
129 161 0.015748
130 97 0.00613497
130 98 0.0340909
130 99 0.146893
130 100 0.0994475
130 128 0.0322581
130 129 0.416107
130 159 0.031746
130 160 0.0935252
130 161 0.108434
130 191 0.0108108
130 192 0.0171429
131 100 0.169118
131 129 0.00961538
131 132 0.0511364
131 161 0.338843
131 162 0.0512821
132 69 0.0179372
132 100 0.238318
132 101 0.219409
132 102 0.00938967
132 131 0.0511364
132 162 0.0615385
132 163 0.0964912
132 164 0.113445
133 70 0.0757576
133 71 0.025974
133 72 0.0153846
133 74 0.0217391
133 102 0.0491803
133 104 0.0126582
133 134 0.392157
133 135 0.125874
133 164 0.0408163
133 165 0.183673
133 166 0.0857143
133 197 0.037037
133 198 0.0533333
134 71 0.0280374
134 72 0.0421053
134 73 0.0284091
134 74 0.122951
134 75 0.00515464
134 102 0.00657895
134 103 0.125828
134 104 0.0275229
134 105 0.013986
134 133 0.392157
134 135 0.50289
134 136 0.0295858
134 138 0.00680272
134 164 0.00564972
134 165 0.126582
134 167 0.00970874
134 198 0.0285714
135 73 0.0138249
135 74 0.0920245
135 75 0.012766
135 103 0.166667
135 104 0.0466667
135 105 0.0597826
135 133 0.125874
135 134 0.50289
135 136 0.147619
135 138 0.0797872
135 165 0.0166667
135 168 0.0122699
136 74 0.0880503
136 75 0.0562771
136 103 0.0106383
136 105 0.338889
136 106 0.028169
136 107 0.0340426
136 108 0.00555556
136 134 0.0295858
136 135 0.147619
136 138 0.353261
136 167 0.00714286
136 168 0.0691824
136 169 0.0351759
137 107 0.00515464
137 108 0.0431655
137 138 0.00699301
137 140 0.155844
137 141 0.0300752
137 167 0.0606061
137 168 0.0762712
137 169 0.0189873
137 170 0.223881
137 198 0.00990099
137 200 0.0592105
137 201 0.141732
138 74 0.138686
138 76 0.00840336
138 105 0.056962
138 107 0.0140845
138 108 0.0253165
138 134 0.00680272
138 135 0.0797872
138 136 0.353261
138 137 0.00699301
138 167 0.194915
138 168 0.40146
138 169 0.107345
138 198 0.0333333
139 77 0.0204082
139 79 0.0215054
139 80 0.0133929
139 107 0.0233463
139 108 0.0445545
139 109 0.32197
139 110 0.220513
139 111 0.0272727
139 140 0.239631
139 141 0.0969388
139 142 0.00729927
139 169 0.0316742
139 172 0.00617284
139 202 0.0106952
140 79 0.0130719
140 107 0.00446429
140 108 0.0769231
140 109 0.021645
140 110 0.0493827
140 137 0.155844
140 139 0.239631
140 141 0.343558
140 169 0.18617
140 170 0.0609756
140 201 0.140127
140 202 0.0324675
141 110 0.219858
141 111 0.0421687
141 137 0.0300752
141 139 0.0969388
141 140 0.343558
141 169 0.00598802
141 170 0.027972
141 171 0.0671141
141 172 0.0462963
141 201 0.0588235
141 202 0.24812
142 78 0.0263158
142 79 0.280952
142 80 0.326613
142 81 0.0580357
142 109 0.00694444
142 110 0.0958904
142 111 0.266393
142 112 0.00904977
142 113 0.0171674
142 139 0.00729927
142 143 0.0697674
142 172 0.0215054
142 174 0.114679
142 204 0.0169492
143 80 0.0121212
143 82 0.0384615
143 83 0.0507246
143 111 0.0124224
143 112 0.0507246
143 113 0.393333
143 142 0.0697674
143 144 0.129032
143 145 0.0495868
143 174 0.192593
143 175 0.0167598
144 113 0.0231214
144 143 0.129032
144 145 0.215278
144 146 0.0235294
144 173 0.0451977
144 174 0.202532
144 175 0.277228
144 176 0.0162602
144 177 0.0314136
144 205 0.0169492
144 206 0.034188
144 207 0.0180723
145 83 0.0393701
145 84 0.00628931
145 115 0.00628931
145 143 0.0495868
145 144 0.215278
145 146 0.0514706
145 175 0.142857
145 176 0.134831
145 177 0.089172
146 83 0.0130719
146 115 0.0540541
146 116 0.142857
146 144 0.0235294
146 145 0.0514706
146 147 0.0992366
146 175 0.0206186
146 176 0.026087
146 177 0.535519
146 178 0.025
146 208 0.0928571
146 209 0.0070922
147 85 0.00793651
147 115 0.00649351
147 116 0.157895
147 117 0.152941
147 146 0.0992366
147 148 0.278351
147 177 0.0131579
147 178 0.146067
148 117 0.121951
148 118 0.00666667
148 119 0.0708661
148 147 0.278351
148 149 0.166667
148 178 0.0813954
149 119 0.136752
149 148 0.166667
149 150 0.032967
149 178 0.0526316
149 179 0.0131579
149 181 0.226667
150 88 0.00613497
150 118 0.00636943
150 119 0.0746269
150 120 0.318627
150 121 0.00505051
150 149 0.032967
150 151 0.425926
150 152 0.00769231
150 181 0.0108696
150 183 0.00917431
151 119 0.00746269
151 120 0.0539216
151 150 0.425926
151 152 0.0538462
151 153 0.0202703
151 181 0.130435
151 182 0.00862069
151 183 0.330275
152 120 0.0442478
152 121 0.0818182
152 122 0.20283
152 123 0.0627615
152 150 0.00769231
152 151 0.0538462
152 153 0.323529
152 154 0.025
152 183 0.00763359
152 184 0.00649351
153 121 0.0210084
153 122 0.0304348
153 123 0.0077821
153 151 0.0202703
153 152 0.323529
153 154 0.0825688
153 183 0.0134228
153 184 0.197674
153 185 0.149068
154 92 0.0607477
154 122 0.0192308
154 123 0.393728
154 152 0.025
154 153 0.0825688
154 185 0.125654
155 93 0.0152284
155 124 0.0903614
155 156 0.145631
155 186 0.247706
155 187 0.047619
155 217 0.104839
156 94 0.114094
156 124 0.00680272
156 155 0.145631
156 157 0.0862069
156 187 0.0116279
157 94 0.0110497
157 125 0.160714
157 156 0.0862069
157 158 0.00689655
157 187 0.0847458
157 188 0.224242
157 189 0.0133333
157 219 0.00595238
158 126 0.0112994
158 128 0.0151515
158 157 0.00689655
158 159 0.0722892
158 188 0.0432099
158 189 0.142857
158 190 0.219512
158 192 0.00657895
159 128 0.128205
159 129 0.00666667
159 130 0.031746
159 158 0.0722892
159 160 0.178571
159 189 0.0116959
159 190 0.231293
159 191 0.0806452
159 192 0.181818
159 221 0.0295858
160 97 0.00877193
160 128 0.188679
160 129 0.09
160 130 0.0935252
160 159 0.178571
160 191 0.110294
160 192 0.0396825
161 100 0.0440252
161 129 0.015748
161 130 0.108434
161 131 0.338843
161 162 0.1
161 191 0.0490798
161 192 0.00653595
161 193 0.112583
161 223 0.056962
162 100 0.00645161
162 131 0.0512821
162 132 0.0615385
162 161 0.1
162 163 0.349112
162 193 0.00680272
162 194 0.025974
162 195 0.00641026
162 223 0.012987
162 225 0.0432099
163 132 0.0964912
163 162 0.349112
163 164 0.132075
163 194 0.0106952
163 195 0.328042
163 196 0.0130435
163 223 0.00534759
163 225 0.0820513
164 101 0.0361991
164 102 0.279188
164 132 0.113445
164 133 0.0408163
164 134 0.00564972
164 163 0.132075
164 165 0.0241935
164 195 0.175879
164 196 0.0375
164 197 0.0886076
165 102 0.040404
165 133 0.183673
165 134 0.126582
165 135 0.0166667
165 164 0.0241935
165 166 0.12766
165 197 0.0503597
165 198 0.0192308
166 133 0.0857143
166 165 0.12766
166 167 0.126761
166 197 0.09375
166 198 0.479452
166 229 0.0147059
167 134 0.00970874
167 136 0.00714286
167 137 0.0606061
167 138 0.194915
167 166 0.126761
167 168 0.182796
167 169 0.0150376
167 170 0.0183486
167 198 0.25
167 199 0.0106383
167 200 0.0393701
167 230 0.21978
168 105 0.0300752
168 107 0.0159574
168 108 0.0150376
168 135 0.0122699
168 136 0.0691824
168 137 0.0762712
168 138 0.40146
168 167 0.182796
168 169 0.111842
168 170 0.078125
168 198 0.0631579
168 201 0.0247934
168 230 0.172727
169 106 0.0148148
169 107 0.153509
169 108 0.156069
169 136 0.0351759
169 137 0.0189873
169 138 0.107345
169 139 0.0316742
169 140 0.18617
169 141 0.00598802
169 167 0.0150376
169 168 0.111842
169 170 0.0535714
169 201 0.111801
169 230 0.06
170 137 0.223881
170 140 0.0609756
170 141 0.027972
170 167 0.0183486
170 168 0.078125
170 169 0.0535714
170 200 0.160494
170 201 0.306569
170 202 0.0298507
170 230 0.031746
170 232 0.22093
171 110 0.0135135
171 141 0.0671141
171 172 0.13913
171 173 0.0120482
171 202 0.264286
171 203 0.129032
171 204 0.0849057
171 232 0.00561798
171 233 0.149171
171 234 0.0649351
171 235 0.00641026
172 110 0.168224
172 111 0.189394
172 139 0.00617284
172 141 0.0462963
172 142 0.0215054
172 171 0.13913
172 173 0.016
172 202 0.121212
172 204 0.2
173 111 0.0928962
173 113 0.00581395
173 144 0.0451977
173 171 0.0120482
173 172 0.016
173 174 0.133758
173 175 0.00497512
173 203 0.038835
173 204 0.241379
173 205 0.0113636
173 206 0.150215
173 235 0.0421687
173 236 0.158163
174 111 0.176829
174 113 0.0784314
174 142 0.114679
174 143 0.192593
174 144 0.202532
174 173 0.133758
174 175 0.0384615
174 204 0.0309278
174 206 0.0140187
174 236 0.00564972
175 143 0.0167598
175 144 0.277228
175 145 0.142857
175 146 0.0206186
175 173 0.00497512
175 174 0.0384615
175 176 0.115646
175 177 0.0232558
175 205 0.228856
175 206 0.127907
175 207 0.163158
175 208 0.0639535
175 236 0.0452489
175 237 0.00505051
175 238 0.0225989
176 144 0.0162602
176 145 0.134831
176 146 0.026087
176 175 0.115646
176 177 0.00735294
176 205 0.0819672
176 207 0.198198
177 115 0.213592
177 116 0.122449
177 144 0.0314136
177 145 0.089172
177 146 0.535519
177 147 0.0131579
177 175 0.0232558
177 176 0.00735294
177 208 0.00621118
177 239 0.0135135
178 116 0.0595238
178 146 0.025
178 147 0.146067
178 148 0.0813954
178 149 0.0526316
178 179 0.153846
178 209 0.050505
179 149 0.0131579
179 178 0.153846
179 180 0.129412
179 181 0.0649351
179 209 0.050505
180 179 0.129412
180 181 0.0595238
180 182 0.12963
180 209 0.122642
180 211 0.0972222
180 212 0.027972
181 149 0.226667
181 150 0.0108696
181 151 0.130435
181 179 0.0649351
181 180 0.0595238
181 182 0.22
181 183 0.0752688
182 151 0.00862069
182 180 0.12963
182 181 0.22
182 183 0.34188
182 184 0.00714286
182 212 0.00628931
182 213 0.217742
182 214 0.0613497
183 150 0.00917431
183 151 0.330275
183 152 0.00763359
183 153 0.0134228
183 181 0.0752688
183 182 0.34188
183 184 0.0676692
183 213 0.00854701
184 152 0.00649351
184 153 0.197674
184 182 0.00714286
184 183 0.0676692
184 185 0.062069
184 214 0.273743
184 215 0.0531401
184 216 0.0419162
185 123 0.0217391
185 153 0.149068
185 154 0.125654
185 184 0.062069
185 216 0.288462
186 155 0.247706
186 187 0.0108696
186 217 0.0990991
186 248 0.116505
187 155 0.047619
187 156 0.0116279
187 157 0.0847458
187 186 0.0108696
187 188 0.00740741
187 217 0.196262
187 218 0.0390625
187 219 0.0942029
187 248 0.010101
188 126 0.106599
188 127 0.0120482
188 157 0.224242
188 158 0.0432099
188 187 0.00740741
188 189 0.143713
188 218 0.0171429
188 219 0.0432432
188 251 0.0180995
189 157 0.0133333
189 158 0.142857
189 159 0.0116959
189 188 0.143713
189 190 0.015625
189 219 0.0235294
189 220 0.0377358
189 221 0.0933333
189 251 0.23301
190 128 0.123894
190 158 0.219512
190 159 0.231293
190 189 0.015625
190 192 0.0451128
190 221 0.111111
191 130 0.0108108
191 159 0.0806452
191 160 0.110294
191 161 0.0490798
191 192 0.44186
191 193 0.0176471
191 221 0.0363636
191 222 0.0215054
191 223 0.158192
192 130 0.0171429
192 158 0.00657895
192 159 0.181818
192 160 0.0396825
192 161 0.00653595
192 190 0.0451128
192 191 0.44186
192 193 0.0125
192 221 0.135484
192 222 0.113636
192 223 0.0538922
192 253 0.0121212
193 161 0.112583
193 162 0.00680272
193 191 0.0176471
193 192 0.0125
193 194 0.193939
193 222 0.0229885
193 223 0.436364
193 225 0.0231214
193 254 0.00561798
194 162 0.025974
194 163 0.0106952
194 193 0.193939
194 223 0.290698
194 225 0.35
194 254 0.0162162
194 255 0.0258065
194 256 0.0696203
195 162 0.00641026
195 163 0.328042
195 164 0.175879
195 196 0.230415
195 197 0.0327103
195 225 0.137363
195 226 0.0272109
196 163 0.0130435
196 164 0.0375
196 195 0.230415
196 197 0.341176
196 225 0.00448431
196 226 0.0691489
196 227 0.0884956
196 228 0.0133333
196 258 0.0283401
197 133 0.037037
197 164 0.0886076
197 165 0.0503597
197 166 0.09375
197 195 0.0327103
197 196 0.341176
197 198 0.0545455
197 228 0.0855856
197 229 0.0350877
198 133 0.0533333
198 134 0.0285714
198 137 0.00990099
198 138 0.0333333
198 165 0.0192308
198 166 0.479452
198 167 0.25
198 168 0.0631579
198 197 0.0545455
198 199 0.0729167
198 200 0.0155039
198 229 0.0638298
198 230 0.0215054
199 167 0.0106383
199 198 0.0729167
199 200 0.0884354
199 229 0.106918
199 230 0.189189
199 231 0.0130719
199 260 0.247525
199 261 0.02
199 263 0.0151515
200 137 0.0592105
200 167 0.0393701
200 170 0.160494
200 198 0.0155039
200 199 0.0884354
200 201 0.0516129
200 229 0.208333
200 230 0.0347222
200 231 0.0645161
200 232 0.110526
200 262 0.127273
200 263 0.0545455
201 137 0.141732
201 140 0.140127
201 141 0.0588235
201 168 0.0247934
201 169 0.111801
201 170 0.306569
201 200 0.0516129
201 202 0.0551181
201 230 0.0336134
201 232 0.0666667
201 262 0.0214286
201 263 0.164286
202 139 0.0106952
202 140 0.0324675
202 141 0.24812
202 170 0.0298507
202 171 0.264286
202 172 0.121212
202 201 0.0551181
202 204 0.0666667
202 232 0.179012
202 233 0.0363636
203 171 0.129032
203 173 0.038835
203 204 0.0930233
203 234 0.120879
203 235 0.0860215
203 265 0.103448
204 142 0.0169492
204 171 0.0849057
204 172 0.2
204 173 0.241379
204 174 0.0309278
204 202 0.0666667
204 203 0.0930233
204 206 0.017341
204 236 0.0147059
205 144 0.0169492
205 173 0.0113636
205 175 0.228856
205 176 0.0819672
205 206 0.11588
205 207 0.193939
205 208 0.0272109
205 236 0.0255102
205 237 0.0289017
205 238 0.243421
205 268 0.122995
206 144 0.034188
206 173 0.150215
206 174 0.0140187
206 175 0.127907
206 204 0.017341
206 205 0.11588
206 207 0.00900901
206 235 0.147982
206 236 0.501976
206 238 0.00478469
206 266 0.0581818
206 267 0.0591398
206 268 0.127049
207 144 0.0180723
207 175 0.163158
207 176 0.198198
207 205 0.193939
207 206 0.00900901
207 237 0.00617284
207 238 0.191489
207 268 0.0113636
208 146 0.0928571
208 175 0.0639535
208 177 0.00621118
208 205 0.0272109
208 209 0.0336134
208 237 0.215278
208 238 0.00813008
208 239 0.304762
208 240 0.0457516
209 146 0.0070922
209 178 0.050505
209 179 0.050505
209 180 0.122642
209 208 0.0336134
209 210 0.0438596
209 211 0.00632911
209 240 0.233766
210 209 0.0438596
210 211 0.217105
210 240 0.0743243
210 241 0.134752
210 242 0.0630631
210 272 0.110236
210 273 0.0142857
210 274 0.0118343
211 180 0.0972222
211 209 0.00632911
211 210 0.217105
211 212 0.276923
211 241 0.0432432
211 242 0.0903226
211 243 0.0171429
211 244 0.0097561
211 273 0.0163043
211 274 0.056338
212 180 0.027972
212 182 0.00628931
212 211 0.276923
212 213 0.207547
212 214 0.00505051
212 243 0.0689655
212 244 0.348039
212 245 0.00452489
212 275 0.00913242
213 182 0.217742
213 183 0.00854701
213 212 0.207547
213 214 0.153374
213 243 0.0143885
213 244 0.147929
213 245 0.0806452
213 276 0.0105263
214 182 0.0613497
214 184 0.273743
214 212 0.00505051
214 213 0.153374
214 215 0.265217
214 244 0.0480769
214 245 0.111111
214 246 0.0154639
214 276 0.00436681
215 184 0.0531401
215 214 0.265217
215 216 0.229358
215 245 0.118577
215 246 0.193694
215 247 0.0459364
215 276 0.0116732
215 278 0.0046729
216 184 0.0419162
216 185 0.288462
216 215 0.229358
216 246 0.021978
216 247 0.111111
216 278 0.0632184
217 155 0.104839
217 186 0.0990991
217 187 0.196262
217 218 0.22449
217 219 0.0191083
217 248 0.194915
217 249 0.0227273
218 187 0.0390625
218 188 0.0171429
218 217 0.22449
218 219 0.365169
218 248 0.00719424
218 249 0.0784314
218 250 0.0193548
218 281 0.0280899
219 157 0.00595238
219 187 0.0942029
219 188 0.0432432
219 189 0.0235294
219 217 0.0191083
219 218 0.365169
219 249 0.00613497
219 250 0.0727273
219 251 0.03125
219 281 0.0106383
220 189 0.0377358
220 221 0.0636943
220 251 0.338028
220 252 0.141104
220 253 0.0359281
220 282 0.026738
220 283 0.0540541
221 159 0.0295858
221 189 0.0933333
221 190 0.111111
221 191 0.0363636
221 192 0.135484
221 220 0.0636943
221 222 0.035503
221 251 0.00980392
221 253 0.139241
222 191 0.0215054
222 192 0.113636
222 193 0.0229885
222 221 0.035503
222 223 0.0883978
222 224 0.0129032
222 253 0.284916
222 254 0.345361
223 161 0.056962
223 162 0.012987
223 163 0.00534759
223 191 0.158192
223 192 0.0538922
223 193 0.436364
223 194 0.290698
223 222 0.0883978
223 225 0.0277778
223 254 0.00540541
223 255 0.0129032
224 222 0.0129032
224 253 0.0625
224 254 0.295597
224 255 0.364341
224 285 0.103093
224 286 0.0866142
225 162 0.0432099
225 163 0.0820513
225 193 0.0231214
225 194 0.35
225 195 0.137363
225 196 0.00448431
225 223 0.0277778
225 226 0.104575
225 256 0.0722892
225 257 0.0584795
226 195 0.0272109
226 196 0.0691489
226 225 0.104575
226 227 0.0192308
226 257 0.0661765
226 258 0.129944
226 288 0.0683761
227 196 0.0884956
227 226 0.0192308
227 228 0.0984456
227 229 0.00502513
227 258 0.502326
227 259 0.0559441
227 288 0.0129032
227 289 0.0751445
228 196 0.0133333
228 197 0.0855856
228 227 0.0984456
228 229 0.383838
228 258 0.0794393
228 259 0.112676
228 290 0.0473684
228 292 0.0134228
229 166 0.0147059
229 197 0.0350877
229 198 0.0638298
229 199 0.106918
229 200 0.208333
229 227 0.00502513
229 228 0.383838
229 230 0.0192308
229 231 0.10101
229 258 0.00454545
229 259 0.0337838
229 261 0.0137931
229 262 0.0282486
229 292 0.0193548
230 167 0.21978
230 168 0.172727
230 169 0.06
230 170 0.031746
230 198 0.0215054
230 199 0.189189
230 200 0.0347222
230 201 0.0336134
230 229 0.0192308
230 260 0.0612245
230 263 0.0232558
231 199 0.0130719
231 200 0.0645161
231 229 0.10101
231 232 0.0153061
231 260 0.00714286
231 261 0.0719424
231 262 0.222222
231 263 0.0409357
231 264 0.0957447
231 291 0.0484848
231 292 0.0805369
231 293 0.039604
231 294 0.0949367
232 170 0.22093
232 171 0.00561798
232 200 0.110526
232 201 0.0666667
232 202 0.179012
232 231 0.0153061
232 233 0.221675
232 262 0.04
232 263 0.0742857
232 264 0.0677083
233 171 0.149171
233 202 0.0363636
233 232 0.221675
233 234 0.251397
233 264 0.107692
233 265 0.00854701
234 171 0.0649351
234 203 0.120879
234 233 0.251397
234 235 0.00649351
234 264 0.0178571
234 265 0.111111
234 295 0.114583
235 171 0.00641026
235 173 0.0421687
235 203 0.0860215
235 206 0.147982
235 234 0.00649351
235 236 0.0967742
235 265 0.0652174
235 266 0.399038
235 267 0.00840336
235 268 0.0621469
235 297 0.0210526
235 299 0.0144928
236 173 0.158163
236 174 0.00564972
236 175 0.0452489
236 204 0.0147059
236 205 0.0255102
236 206 0.501976
236 235 0.0967742
236 266 0.0966387
236 267 0.0939597
236 268 0.0241546
236 299 0.00421941
237 175 0.00505051
237 205 0.0289017
237 207 0.00617284
237 208 0.215278
237 238 0.0805369
237 239 0.0839695
237 240 0.0335196
237 269 0.0983607
237 271 0.00625
237 301 0.214286
238 175 0.0225989
238 205 0.243421
238 206 0.00478469
238 207 0.191489
238 208 0.00813008
238 237 0.0805369
238 268 0.0674847
238 269 0.141975
238 270 0.0289855
238 299 0.00518135
238 300 0.0645161
238 301 0.0884354
239 177 0.0135135
239 208 0.304762
239 237 0.0839695
239 301 0.00775194
240 208 0.0457516
240 209 0.233766
240 210 0.0743243
240 237 0.0335196
240 241 0.0773481
240 271 0.112426
240 272 0.0718563
240 301 0.0282486
240 303 0.00512821
241 210 0.134752
241 211 0.0432432
241 240 0.0773481
241 242 0.368056
241 272 0.4
241 273 0.0924855
241 274 0.049505
241 302 0.0060241
241 303 0.143617
241 304 0.0102041
242 210 0.0630631
242 211 0.0903226
242 241 0.368056
242 243 0.0223881
242 272 0.0230769
242 273 0.034965
242 274 0.22093
242 303 0.0506329
243 211 0.0171429
243 212 0.0689655
243 213 0.0143885
243 242 0.0223881
243 244 0.0652174
243 245 0.0199005
243 273 0.00613497
243 274 0.104167
243 275 0.371859
243 276 0.0341463
243 305 0.030303
243 306 0.0858896
244 211 0.0097561
244 212 0.348039
244 213 0.147929
244 214 0.0480769
244 243 0.0652174
244 245 0.242424
244 274 0.00900901
244 275 0.0917031
244 276 0.0638298
245 212 0.00452489
245 213 0.0806452
245 214 0.111111
245 215 0.118577
245 243 0.0199005
245 244 0.242424
245 246 0.0506912
245 247 0.00359712
245 275 0.0243902
245 276 0.309524
245 277 0.012987
245 306 0.0047619
245 307 0.0247525
246 214 0.0154639
246 215 0.193694
246 216 0.021978
246 245 0.0506912
246 247 0.327935
246 276 0.0723982
246 277 0.045
246 278 0.101124
246 307 0.140351
246 308 0.0136054
246 309 0.0209205
247 215 0.0459364
247 216 0.111111
247 245 0.00359712
247 246 0.327935
247 277 0.0957854
247 278 0.355649
247 307 0.112069
247 308 0.00480769
247 309 0.0666667
248 186 0.116505
248 187 0.010101
248 217 0.194915
248 218 0.00719424
248 249 0.0967742
248 279 0.127119
248 310 0.0173913
249 217 0.0227273
249 218 0.0784314
249 219 0.00613497
249 248 0.0967742
249 250 0.0142857
249 279 0.136364
249 280 0.0555556
249 281 0.251534
250 218 0.0193548
250 219 0.0727273
250 249 0.0142857
250 251 0.0497512
250 281 0.424242
250 282 0.0514286
250 283 0.0220588
250 312 0.0390625
250 313 0.0197368
251 188 0.0180995
251 189 0.23301
251 219 0.03125
251 220 0.338028
251 221 0.00980392
251 250 0.0497512
251 252 0.0333333
251 281 0.00446429
251 282 0.0128205
252 220 0.141104
252 251 0.0333333
252 253 0.121951
252 282 0.0380435
252 283 0.213793
252 284 0.114754
252 315 0.0114286
253 192 0.0121212
253 220 0.0359281
253 221 0.139241
253 222 0.284916
253 224 0.0625
253 252 0.121951
253 254 0.114754
253 284 0.0427807
253 286 0.00662252
253 315 0.0558659
253 316 0.010101
254 193 0.00561798
254 194 0.0162162
254 222 0.345361
254 223 0.00540541
254 224 0.295597
254 253 0.114754
254 255 0.0595238
254 284 0.0148515
254 285 0.00735294
254 286 0.0542169
254 315 0.056701
254 316 0.00469484
255 194 0.0258065
255 223 0.0129032
