0 1 0.181818
0 2 0.0521739
0 47 0.114754
0 49 0.0294118
1 0 0.181818
1 2 0.0882353
1 3 0.025974
2 0 0.0521739
2 1 0.0882353
2 3 0.373913
2 4 0.0625
2 49 0.0944882
2 50 0.0377358
3 1 0.025974
3 2 0.373913
3 4 0.0740741
3 49 0.00980392
4 2 0.0625
4 3 0.0740741
4 5 0.243243
4 50 0.0726257
4 51 0.30719
4 52 0.013986
5 4 0.243243
5 6 0.00609756
5 7 0.160839
5 51 0.0826446
5 52 0.459459
5 53 0.0104712
6 5 0.00609756
6 7 0.293194
6 8 0.027933
6 52 0.0754717
6 53 0.133891
6 54 0.26087
6 55 0.176166
7 5 0.160839
7 6 0.293194
7 52 0.463768
7 53 0.0917431
7 54 0.0698925
8 6 0.027933
8 9 0.25
8 54 0.0172414
8 55 0.29375
8 56 0.167665
8 57 0.00595238
9 8 0.25
9 10 0.21519
9 54 0.00581395
9 55 0.0632911
9 56 0.157576
9 57 0.0662651
10 9 0.21519
10 11 0.226667
10 56 0.0441989
10 57 0.00549451
10 58 0.168605
10 59 0.0305344
11 10 0.226667
11 12 0.140351
11 58 0.202703
12 11 0.140351
12 13 0.0535714
12 59 0.157895
12 60 0.0604027
13 12 0.0535714
13 14 0.013245
13 60 0.383648
13 61 0.0984849
14 13 0.013245
14 15 0.0352113
14 16 0.00684932
14 60 0.0319149
14 61 0.341615
14 63 0.0298507
15 14 0.0352113
15 16 0.0740741
15 62 0.272727
15 63 0.282209
16 14 0.00684932
16 15 0.0740741
16 17 0.00537634
16 63 0.431138
17 16 0.00537634
17 18 0.369403
17 63 0.0954357
17 64 0.205021
17 65 0.0858586
18 17 0.369403
18 19 0.111111
18 63 0.00803213
18 64 0.0242915
18 65 0.558252
18 66 0.0601504
19 18 0.111111
19 20 0.220657
19 21 0.0929204
19 65 0.125654
19 66 0.247012
19 67 0.161702
20 19 0.220657
20 21 0.290155
20 22 0.0075188
20 23 0.00913242
20 66 0.0229358
20 67 0.143564
20 69 0.0569948
21 19 0.0929204
21 20 0.290155
21 22 0.0136986
21 23 0.146552
21 66 0.004329
21 67 0.055814
21 69 0.325243
22 20 0.0075188
22 21 0.0136986
22 23 0.343023
22 24 0.0763889
22 69 0.00684932
22 70 0.0872483
22 71 0.028777
23 20 0.00913242
23 21 0.146552
23 22 0.343023
23 24 0.334783
23 25 0.0187793
23 69 0.159483
23 70 0.0680851
23 71 0.0177778
24 22 0.0763889
24 23 0.334783
24 25 0.0108108
24 69 0.142157
24 70 0.193237
24 71 0.177665
24 72 0.00873362
25 23 0.0187793
25 24 0.0108108
25 26 0.138298
25 70 0.0842105
25 71 0.316667
25 72 0.245283
25 73 0.180556
26 25 0.138298
26 27 0.138211
26 28 0.0172414
26 71 0.115
26 72 0.310345
26 73 0.426829
26 74 0.0376344
27 26 0.138211
27 28 0.40566
27 73 0.0346535
27 74 0.223214
27 75 0.1125
27 76 0.0319149
28 26 0.0172414
28 27 0.40566
28 29 0.0103093
28 73 0.0230769
28 74 0.0131579
28 76 0.152381
29 28 0.0103093
29 30 0.229167
29 31 0.126904
29 75 0.0135135
29 76 0.363636
29 77 0.0684932
29 78 0.00558659
30 29 0.229167
30 31 0.22695
30 32 0.00641026
30 33 0.015544
30 76 0.00961538
30 77 0.0368098
30 78 0.113821
30 79 0.0106952
31 29 0.126904
31 30 0.22695
31 32 0.00621118
31 33 0.186869
31 77 0.0595238
31 79 0.0364583
31 80 0.0209424
32 30 0.00641026
32 31 0.00621118
32 33 0.361502
32 34 0.0705882
32 78 0.00699301
32 79 0.0193237
32 80 0.364078
32 81 0.0496894
33 30 0.015544
33 31 0.186869
33 32 0.361502
33 34 0.130435
33 80 0.415638
33 81 0.0252525
33 82 0.00331126
34 32 0.0705882
34 33 0.130435
34 35 0.184211
34 36 0.0612245
34 80 0.09
34 81 0.180645
34 82 0.181467
35 34 0.184211
35 36 0.244565
35 37 0.109827
35 81 0.0769231
35 82 0.222672
35 83 0.0147059
36 34 0.0612245
36 35 0.244565
36 37 0.35023
36 81 0.0213904
36 82 0.274914
36 83 0.0444444
36 84 0.00529101
36 85 0.00568182
37 35 0.109827
37 36 0.35023
37 38 0.0649351
37 39 0.3375
37 82 0.0107143
37 83 0.0236686
37 84 0.0224719
37 85 0.0606061
37 86 0.00543478
38 37 0.0649351
38 39 0.0185185
38 40 0.010101
38 83 0.0512821
38 84 0.15873
38 85 0.292035
38 86 0.30303
39 37 0.3375
39 38 0.0185185
39 40 0.0190476
39 41 0.224299
39 85 0.0504202
39 86 0.0434783
39 87 0.00833333
40 38 0.010101
40 39 0.0190476
40 41 0.0612245
40 85 0.0545455
40 86 0.271318
40 87 0.207207
40 88 0.00862069
41 39 0.224299
41 40 0.0612245
41 42 0.145985
41 86 0.00763359
41 87 0.0265487
41 88 0.0169492
41 89 0.010989
42 41 0.145985
42 43 0.36715
42 44 0.0194175
42 87 0.00666667
42 88 0.0516129
42 89 0.140625
42 90 0.0889831
43 42 0.36715
43 44 0.117155
43 89 0.0496894
43 90 0.349442
44 42 0.0194175
44 43 0.117155
44 45 0.0258065
44 89 0.00625
44 90 0.395522
44 91 0.306034
45 44 0.0258065
45 46 0.0144928
45 91 0.348993
45 92 0.155556
45 93 0.00606061
46 45 0.0144928
46 91 0.172093
46 92 0.0646766
46 93 0.393939
47 0 0.114754
47 48 0.195122
47 49 0.0298507
47 94 0.474026
48 47 0.195122
48 49 0.0873786
48 94 0.105691
48 95 0.0588235
48 96 0.0454545
49 0 0.0294118
49 2 0.0944882
49 3 0.00980392
49 47 0.0298507
49 48 0.0873786
49 50 0.0273973
49 96 0.214876
50 2 0.0377358
50 4 0.0726257
50 49 0.0273973
50 51 0.190789
50 96 0.130719
50 97 0.185897
50 98 0.00729927
51 4 0.30719
51 5 0.0826446
51 50 0.190789
51 52 0.0689655
51 97 0.0230769
51 98 0.117117
51 99 0.0634921
52 4 0.013986
52 5 0.459459
52 6 0.0754717
52 7 0.463768
52 51 0.0689655
52 53 0.0376344
52 99 0.0689655
53 5 0.0104712
53 6 0.133891
53 7 0.0917431
53 52 0.0376344
53 54 0.230769
53 55 0.0181818
53 99 0.27551
53 100 0.291667
54 6 0.26087
54 7 0.0698925
54 8 0.0172414
54 9 0.00581395
54 53 0.230769
54 55 0.319149
54 56 0.00512821
54 99 0.00609756
54 100 0.0480769
54 101 0.0729167
55 6 0.176166
55 8 0.29375
55 9 0.0632911
55 53 0.0181818
55 54 0.319149
55 56 0.0220994
55 101 0.0449438
56 8 0.167665
56 9 0.157576
56 10 0.0441989
56 54 0.00512821
56 55 0.0220994
56 57 0.0740741
56 101 0.2
56 102 0.402597
56 103 0.198864
56 104 0.0364583
57 8 0.00595238
57 9 0.0662651
57 10 0.00549451
57 56 0.0740741
57 58 0.0666667
57 101 0.0645161
57 102 0.0387097
57 103 0.0282486
57 104 0.300518
57 105 0.0551724
58 10 0.168605
58 11 0.202703
58 57 0.0666667
58 59 0.0620155
58 102 0.124138
58 104 0.0382514
58 105 0.162963
59 10 0.0305344
59 12 0.157895
59 58 0.0620155
59 105 0.0106383
59 106 0.205357
60 12 0.0604027
60 13 0.383648
60 14 0.0319149
60 61 0.112426
60 106 0.13253
60 107 0.0723982
60 108 0.138393
61 13 0.0984849
61 14 0.341615
61 60 0.112426
61 106 0.0431655
61 108 0.0964467
62 15 0.272727
62 63 0.0388889
62 108 0.0307692
62 109 0.22069
62 110 0.0239521
63 14 0.0298507
63 15 0.282209
63 16 0.431138
63 17 0.0954357
63 18 0.00803213
63 62 0.0388889
63 108 0.0168776
63 109 0.00534759
63 110 0.133971
63 111 0.00420168
64 17 0.205021
64 18 0.0242915
64 66 0.0168776
64 110 0.0966184
64 111 0.283898
64 112 0.261905
65 17 0.0858586
65 18 0.558252
65 19 0.125654
65 66 0.0204082
66 18 0.0601504
66 19 0.247012
66 20 0.0229358
66 21 0.004329
66 64 0.0168776
66 65 0.0204082
66 67 0.1625
66 68 0.0209424
66 112 0.152838
66 113 0.108696
66 114 0.0133333
66 115 0.0599251
67 19 0.161702
67 20 0.143564
67 21 0.055814
67 66 0.1625
67 68 0.0342857
67 69 0.0372093
67 112 0.00469484
67 114 0.0382775
67 115 0.191235
68 66 0.0209424
68 67 0.0342857
68 69 0.060241
68 114 0.33125
68 115 0.257426
68 117 0.0427807
69 20 0.0569948
69 21 0.325243
69 22 0.00684932
69 23 0.159483
69 24 0.142157
69 67 0.0372093
69 68 0.060241
69 70 0.0191388
69 114 0.005
69 115 0.214876
69 117 0.0704846
70 22 0.0872483
70 23 0.0680851
70 24 0.193237
70 25 0.0842105
70 69 0.0191388
70 71 0.108911
70 72 0.0213675
70 116 0.159236
70 117 0.16087
70 118 0.350711
70 119 0.0300429
71 22 0.028777
71 23 0.0177778
71 24 0.177665
71 25 0.316667
71 26 0.115
71 70 0.108911
71 72 0.214286
71 73 0.0320513
71 117 0.00454545
71 118 0.0497512
71 119 0.0134529
72 24 0.00873362
72 25 0.245283
72 26 0.310345
72 70 0.0213675
72 71 0.214286
72 73 0.164894
72 74 0.0238095
72 118 0.055794
72 119 0.129412
72 120 0.0316742
72 121 0.0301887
73 25 0.180556
73 26 0.426829
73 27 0.0346535
73 28 0.0230769
73 71 0.0320513
73 72 0.164894
73 74 0.00704225
73 119 0.00534759
73 121 0.0101523
74 26 0.0376344
74 27 0.223214
74 28 0.0131579
74 72 0.0238095
74 73 0.00704225
74 75 0.0555556
74 119 0.0574163
74 120 0.0857143
74 121 0.287671
75 27 0.1125
75 29 0.0135135
75 74 0.0555556
75 76 0.247899
75 120 0.0104712
75 121 0.102128
75 122 0.151899
75 123 0.230769
76 27 0.0319149
76 28 0.152381
76 29 0.363636
76 30 0.00961538
76 75 0.247899
76 77 0.0382979
76 121 0.00361011
76 122 0.165
76 123 0.0444444
76 124 0.0121457
77 29 0.0684932
77 30 0.0368098
77 31 0.0595238
77 76 0.0382979
77 78 0.16
77 79 0.0420561
77 123 0.062963
77 124 0.589109
77 125 0.03125
77 126 0.0292683
78 29 0.00558659
78 30 0.113821
78 32 0.00699301
78 77 0.16
78 79 0.0229885
78 124 0.493827
78 125 0.0723684
78 126 0.00606061
79 30 0.0106952
79 31 0.0364583
79 32 0.0193237
79 77 0.0420561
79 78 0.0229885
79 80 0.0548523
79 124 0.0221239
79 125 0.439815
79 126 0.554585
79 127 0.0837438
80 31 0.0209424
80 32 0.364078
80 33 0.415638
80 34 0.09
80 79 0.0548523
80 81 0.183246
80 82 0.0271186
80 125 0.027907
80 126 0.00877193
80 127 0.19802
81 32 0.0496894
81 33 0.0252525
81 34 0.180645
81 35 0.0769231
81 36 0.0213904
81 80 0.183246
81 82 0.248
81 127 0.044586
81 128 0.025
81 129 0.032
82 33 0.00331126
82 34 0.181467
82 35 0.222672
82 36 0.274914
82 37 0.0107143
82 80 0.0271186
82 81 0.248
82 83 0.0740741
82 127 0.118774
82 128 0.00446429
82 129 0.00873362
83 35 0.0147059
83 36 0.0444444
83 37 0.0236686
83 38 0.0512821
83 82 0.0740741
83 84 0.453901
83 85 0.0390625
83 128 0.00884956
83 129 0.0762712
83 131 0.136691
84 36 0.00529101
84 37 0.0224719
84 38 0.15873
84 83 0.453901
84 85 0.0656934
84 129 0.0866142
84 130 0.12963
84 131 0.108108
85 36 0.00568182
85 37 0.0606061
85 38 0.292035
85 39 0.0504202
85 40 0.0545455
85 83 0.0390625
85 84 0.0656934
85 86 0.188811
85 131 0.103704
85 132 0.00724638
85 133 0.109677
85 135 0.00662252
86 37 0.00543478
86 38 0.30303
86 39 0.0434783
86 40 0.271318
86 41 0.00763359
86 85 0.188811
86 87 0.125
86 131 0.025974
86 132 0.0509554
86 133 0.132184
86 135 0.0647059
87 39 0.00833333
87 40 0.207207
87 41 0.0265487
87 42 0.00666667
87 86 0.125
87 88 0.206107
87 132 0.100719
87 133 0.0448718
87 135 0.0394737
88 40 0.00862069
88 41 0.0169492
88 42 0.0516129
88 87 0.206107
88 89 0.0366972
88 132 0.0138889
88 133 0.0186335
88 134 0.00813008
88 135 0.0127389
88 136 0.312925
88 137 0.08
89 41 0.010989
89 42 0.140625
89 43 0.0496894
89 44 0.00625
89 88 0.0366972
89 90 0.105263
89 137 0.306122
89 138 0.0159574
90 42 0.0889831
90 43 0.349442
90 44 0.395522
90 89 0.105263
90 91 0.0763359
90 137 0.00485437
90 138 0.0878378
90 139 0.036
91 44 0.306034
91 45 0.348993
91 46 0.172093
91 90 0.0763359
91 92 0.0141509
91 93 0.0165289
91 138 0.0692308
92 45 0.155556
92 46 0.0646766
92 91 0.0141509
92 93 0.236842
92 138 0.304878
92 139 0.09
92 140 0.0588235
93 45 0.00606061
93 46 0.393939
93 91 0.0165289
93 92 0.236842
93 138 0.0398551
93 139 0.0304348
93 140 0.108434
94 47 0.474026
94 48 0.105691
94 95 0.0902256
94 141 0.0588235
95 48 0.0588235
95 94 0.0902256
95 96 0.0583333
95 141 0.0408163
95 142 0.135922
95 143 0.0693069
96 48 0.0454545
96 49 0.214876
96 50 0.130719
96 95 0.0583333
96 97 0.0381679
96 143 0.0275229
97 50 0.185897
97 51 0.0230769
97 96 0.0381679
97 98 0.0173913
97 143 0.0446429
97 144 0.162393
97 145 0.0634921
97 146 0.00826446
98 50 0.00729927
98 51 0.117117
98 97 0.0173913
98 99 0.0900901
98 144 0.0408163
98 145 0.280374
98 146 0.382353
98 147 0.192982
99 51 0.0634921
99 52 0.0689655
99 53 0.27551
99 54 0.00609756
99 98 0.0900901
99 100 0.0588235
99 145 0.0163934
99 146 0.145299
99 147 0.27907
100 53 0.291667
100 54 0.0480769
100 99 0.0588235
100 146 0.00621118
100 147 0.115607
100 148 0.232804
100 149 0.167568
100 150 0.0103093
101 54 0.0729167
101 55 0.0449438
101 56 0.2
101 57 0.0645161
101 102 0.0397351
101 103 0.231214
101 104 0.031746
101 148 0.231214
101 149 0.0177515
101 150 0.191011
102 56 0.402597
102 57 0.0387097
102 58 0.124138
102 101 0.0397351
102 103 0.119718
102 104 0.00632911
103 56 0.198864
103 57 0.0282486
103 101 0.231214
103 102 0.119718
103 104 0.222222
103 105 0.0151515
103 150 0.0532544
103 151 0.027027
104 56 0.0364583
104 57 0.300518
104 58 0.0382514
104 101 0.031746
104 102 0.00632911
104 103 0.222222
104 105 0.304054
104 149 0.00568182
104 150 0.151351
104 151 0.00497512
105 57 0.0551724
105 58 0.162963
105 59 0.0106383
105 103 0.0151515
105 104 0.304054
105 151 0.169935
105 152 0.0679612
105 153 0.155556
106 59 0.205357
106 60 0.13253
106 61 0.0431655
106 107 0.0052356
106 154 0.0521739
107 60 0.0723982
107 106 0.0052356
107 108 0.261044
107 154 0.00588235
107 155 0.261905
107 156 0.0833333
107 157 0.0326087
108 60 0.138393
108 61 0.0964467
108 62 0.0307692
108 63 0.0168776
108 107 0.261044
108 155 0.00469484
108 156 0.0188679
108 157 0.00534759
109 62 0.22069
109 63 0.00534759
109 110 0.0632184
109 111 0.0394089
109 157 0.218978
110 62 0.0239521
110 63 0.133971
110 64 0.0966184
110 109 0.0632184
110 111 0.324444
110 112 0.0100503
110 157 0.0503145
110 158 0.004329
110 159 0.0238095
111 63 0.00420168
111 64 0.283898
111 109 0.0394089
111 110 0.324444
111 112 0.118421
111 157 0.0212766
111 158 0.176923
111 159 0.0253807
112 64 0.261905
112 66 0.152838
112 67 0.00469484
112 110 0.0100503
112 111 0.118421
112 113 0.178344
112 114 0.00505051
112 158 0.0299145
112 159 0.409357
112 160 0.125581
112 161 0.00617284
113 66 0.108696
113 112 0.178344
113 114 0.0653595
113 158 0.021164
113 159 0.00793651
113 160 0.111765
113 161 0.00854701
114 66 0.0133333
114 67 0.0382775
114 68 0.33125
114 69 0.005
114 112 0.00505051
114 113 0.0653595
114 115 0.173729
114 160 0.194313
114 161 0.158228
114 162 0.0484848
114 163 0.186047
115 66 0.0599251
115 67 0.191235
115 68 0.257426
115 69 0.214876
115 114 0.173729
115 116 0.00526316
115 117 0.0418251
115 160 0.00790514
115 161 0.01
115 162 0.0531401
115 163 0.14786
116 70 0.159236
116 115 0.00526316
116 117 0.114286
116 118 0.0705128
116 163 0.147929
116 164 0.145349
116 165 0.00833333
117 68 0.0427807
117 69 0.0704846
117 70 0.16087
117 71 0.00454545
117 115 0.0418251
117 116 0.114286
117 118 0.139738
117 162 0.0208333
117 163 0.247934
117 164 0.15102
117 165 0.15544
117 166 0.0277778
118 70 0.350711
118 71 0.0497512
118 72 0.055794
118 116 0.0705128
118 117 0.139738
118 119 0.198276
118 163 0.00896861
118 164 0.0707965
118 165 0.0977011
118 166 0.0812183
119 70 0.0300429
119 71 0.0134529
119 72 0.129412
119 73 0.00534759
119 74 0.0574163
119 118 0.198276
119 120 0.0954545
119 121 0.0530303
119 164 0.0241935
119 165 0.265306
119 166 0.223744
119 167 0.00588235
119 168 0.0530612
120 72 0.0316742
120 74 0.0857143
120 75 0.0104712
120 119 0.0954545
120 121 0.447826
120 166 0.027027
120 167 0.338235
120 168 0.151659
120 169 0.0206612
121 72 0.0301887
121 73 0.0101523
121 74 0.287671
121 75 0.102128
121 76 0.00361011
121 119 0.0530303
121 120 0.447826
121 122 0.0152284
121 123 0.0128205
121 166 0.00436681
121 167 0.0944444
121 168 0.0666667
121 169 0.0699301
122 75 0.151899
122 76 0.165
122 121 0.0152284
122 123 0.187234
122 124 0.0299401
122 169 0.00478469
123 75 0.230769
123 76 0.0444444
123 77 0.062963
123 121 0.0128205
123 122 0.187234
123 124 0.0141844
123 168 0.00341297
123 169 0.29321
123 170 0.247148
123 171 0.0260586
124 76 0.0121457
124 77 0.589109
124 78 0.493827
124 79 0.0221239
124 122 0.0299401
124 123 0.0141844
124 125 0.0245098
124 170 0.0153846
125 77 0.03125
125 78 0.0723684
125 79 0.439815
125 80 0.027907
125 124 0.0245098
125 126 0.241546
125 127 0.127072
125 172 0.111111
125 173 0.0208333
126 77 0.0292683
126 78 0.00606061
126 79 0.554585
126 80 0.00877193
126 125 0.241546
126 127 0.0257732
126 171 0.00413223
126 172 0.168067
127 79 0.0837438
127 80 0.19802
127 81 0.044586
127 82 0.118774
127 125 0.127072
127 126 0.0257732
127 129 0.0514706
128 81 0.025
128 82 0.00446429
128 83 0.00884956
128 129 0.0909091
128 173 0.212766
128 174 0.0337079
128 175 0.0481928
128 176 0.411111
128 177 0.0366972
129 81 0.032
129 82 0.00873362
129 83 0.0762712
129 84 0.0866142
129 127 0.0514706
129 128 0.0909091
129 130 0.0352941
129 173 0.030303
129 176 0.0421053
130 84 0.12963
130 129 0.0352941
130 176 0.0526316
130 177 0.136842
130 178 0.111111
130 179 0.0174419
131 83 0.136691
131 84 0.108108
131 85 0.103704
131 86 0.025974
131 132 0.0268456
131 133 0.0301205
131 179 0.358491
132 85 0.00724638
132 86 0.0509554
132 87 0.100719
132 88 0.0138889
132 131 0.0268456
132 133 0.295858
132 134 0.183206
132 135 0.315152
132 136 0.0193548
132 179 0.0325581
132 180 0.0294118
132 181 0.0117647
132 182 0.0163934
133 85 0.109677
133 86 0.132184
133 87 0.0448718
133 88 0.0186335
133 131 0.0301205
133 132 0.295858
133 134 0.0405405
133 135 0.274725
133 136 0.0348837
133 179 0.0991379
133 180 0.0534759
134 88 0.00813008
134 132 0.183206
134 133 0.0405405
134 135 0.25
134 136 0.0597015
134 180 0.0201342
134 181 0.127517
134 182 0.160494
134 183 0.0115607
135 85 0.00662252
135 86 0.0647059
135 87 0.0394737
135 88 0.0127389
135 132 0.315152
135 133 0.274725
135 134 0.25
135 136 0.0714286
135 179 0.0219298
135 180 0.0765027
135 181 0.0218579
135 182 0.0357143
136 88 0.312925
136 132 0.0193548
136 133 0.0348837
136 134 0.0597015
136 135 0.0714286
136 137 0.0220588
136 181 0.00578035
136 182 0.155914
136 184 0.083871
137 88 0.08
137 89 0.306122
137 90 0.00485437
137 136 0.0220588
137 138 0.0343137
137 139 0.00632911
137 184 0.0827068
137 185 0.114504
138 89 0.0159574
138 90 0.0878378
138 91 0.0692308
138 92 0.304878
138 93 0.0398551
138 137 0.0343137
138 139 0.508065
138 140 0.00543478
138 185 0.040724
138 186 0.0157895
139 90 0.036
139 92 0.09
139 93 0.0304348
139 137 0.00632911
139 138 0.508065
139 140 0.0434783
139 185 0.0228571
139 186 0.118056
139 187 0.0113636
140 92 0.0588235
140 93 0.108434
140 138 0.00543478
140 139 0.0434783
140 186 0.075
140 187 0.0535714
141 94 0.0588235
141 95 0.0408163
141 142 0.134831
141 188 0.0240964
141 189 0.102564
142 95 0.135922
142 141 0.134831
142 143 0.0978261
142 189 0.0120482
142 190 0.0125
143 95 0.0693069
143 96 0.0275229
143 97 0.0446429
143 142 0.0978261
143 144 0.0842105
143 190 0.0128205
143 191 0.00900901
144 97 0.162393
144 98 0.0408163
144 143 0.0842105
144 145 0.211009
144 146 0.0288462
144 191 0.0517241
144 192 0.0272727
144 193 0.0263158
145 97 0.0634921
145 98 0.280374
145 99 0.0163934
145 144 0.211009
145 146 0.0707965
145 147 0.008
145 191 0.016
145 192 0.319328
145 193 0.0813008
146 97 0.00826446
146 98 0.382353
146 99 0.145299
146 100 0.00621118
146 144 0.0288462
146 145 0.0707965
146 147 0.416667
146 192 0.201754
146 193 0.110169
146 194 0.035461
147 98 0.192982
147 99 0.27907
147 100 0.115607
147 145 0.008
147 146 0.416667
147 192 0.15873
147 193 0.0846154
147 194 0.0588235
148 100 0.232804
148 101 0.231214
148 149 0.05
148 150 0.12426
148 194 0.0177515
148 195 0.00555556
148 196 0.156627
148 197 0.0194805
149 100 0.167568
149 101 0.0177515
149 104 0.00568182
149 148 0.05
149 150 0.139394
149 195 0.0340909
149 196 0.0802469
149 197 0.0133333
150 100 0.0103093
150 101 0.191011
150 103 0.0532544
150 104 0.151351
150 148 0.12426
150 149 0.139394
150 195 0.0108108
150 196 0.210526
150 197 0.113208
150 198 0.0125
151 103 0.027027
151 104 0.00497512
151 105 0.169935
151 152 0.205128
151 198 0.403409
151 199 0.158654
152 105 0.0679612
152 151 0.205128
152 198 0.00793651
152 199 0.253165
153 105 0.155556
153 200 0.2
154 106 0.0521739
154 107 0.00588235
154 155 0.134328
154 200 0.0747664
154 201 0.0793651
155 107 0.261905
155 108 0.00469484
155 154 0.134328
155 156 0.025
155 201 0.10241
155 202 0.0860215
156 107 0.0833333
156 108 0.0188679
156 155 0.025
156 157 0.276596
156 202 0.0681818
156 203 0.03
156 204 0.0347826
157 107 0.0326087
157 108 0.00534759
157 109 0.218978
157 110 0.0503145
157 111 0.0212766
157 156 0.276596
157 202 0.01875
157 203 0.09375
157 204 0.111888
158 110 0.004329
158 111 0.176923
158 112 0.0299145
158 113 0.021164
158 159 0.0246305
158 160 0.00809717
158 204 0.00930233
158 205 0.196721
158 206 0.322314
158 207 0.214575
159 110 0.0238095
159 111 0.0253807
159 112 0.409357
159 113 0.00793651
159 158 0.0246305
159 160 0.0597826
159 206 0.0391061
160 112 0.125581
160 113 0.111765
160 114 0.194313
160 115 0.00790514
160 158 0.00809717
160 159 0.0597826
160 161 0.28
160 207 0.210526
160 208 0.0719697
160 209 0.00588235
161 112 0.00617284
161 113 0.00854701
161 114 0.158228
161 115 0.01
161 160 0.28
161 162 0.00775194
161 163 0.0614525
161 207 0.0342857
161 208 0.14218
161 209 0.00854701
162 114 0.0484848
162 115 0.0531401
162 117 0.0208333
162 161 0.00775194
162 163 0.123656
162 208 0.0229358
162 209 0.290323
162 210 0.299492
162 211 0.015748
162 212 0.0364583
163 114 0.186047
163 115 0.14786
163 116 0.147929
163 117 0.247934
163 118 0.00896861
163 161 0.0614525
163 162 0.123656
163 164 0.0041841
163 208 0.0186567
163 210 0.109312
163 211 0.0903955
163 212 0.0289256
164 116 0.145349
164 117 0.15102
164 118 0.0707965
164 119 0.0241935
164 163 0.0041841
164 165 0.0894737
164 166 0.215962
164 210 0.048
164 211 0.122222
164 212 0.355102
164 214 0.159363
165 116 0.00833333
165 117 0.15544
165 118 0.0977011
165 119 0.265306
165 164 0.0894737
165 166 0.0745342
165 211 0.0234375
165 212 0.0829016
165 214 0.105528
166 117 0.0277778
166 118 0.0812183
166 119 0.223744
166 120 0.027027
166 121 0.00436681
166 164 0.215962
166 165 0.0745342
166 168 0.0047619
166 211 0.00662252
166 212 0.0555556
166 214 0.166667
166 215 0.017316
167 119 0.00588235
167 120 0.338235
167 121 0.0944444
167 168 0.279503
167 169 0.0364583
167 214 0.00578035
167 216 0.00833333
167 217 0.00540541
168 119 0.0530612
168 120 0.151659
168 121 0.0666667
168 123 0.00341297
168 166 0.0047619
168 167 0.279503
168 169 0.161049
168 214 0.0604839
168 215 0.167315
168 216 0.112821
168 217 0.0692308
169 120 0.0206612
169 121 0.0699301
169 122 0.00478469
169 123 0.29321
169 167 0.0364583
169 168 0.161049
169 170 0.0379747
169 171 0.00711744
169 215 0.00694444
169 216 0.123894
169 217 0.185567
170 123 0.247148
170 124 0.0153846
170 169 0.0379747
170 171 0.25
170 172 0.12037
170 217 0.026087
170 218 0.0655738
171 123 0.0260586
171 126 0.00413223
171 169 0.00711744
171 170 0.25
171 172 0.357692
171 217 0.00729927
171 218 0.180617
171 219 0.0045045
171 220 0.00473934
172 125 0.111111
172 126 0.168067
172 170 0.12037
172 171 0.357692
172 218 0.121076
172 219 0.0412844
172 220 0.0821256
173 125 0.0208333
173 128 0.212766
173 129 0.030303
173 174 0.0730337
173 219 0.0291971
173 220 0.119048
173 221 0.0227273
173 222 0.0648148
174 128 0.0337079
174 173 0.0730337
174 175 0.161677
174 176 0.0114943
174 219 0.0180995
174 220 0.0047619
174 221 0.0755814
174 222 0.40625
174 223 0.140562
175 128 0.0481928
175 174 0.161677
175 176 0.0506329
175 177 0.0408163
175 222 0.0206186
175 223 0.0909091
175 224 0.0119048
176 128 0.411111
176 129 0.0421053
176 130 0.0526316
176 174 0.0114943
176 175 0.0506329
176 177 0.371429
176 223 0.00621118
176 224 0.10989
177 128 0.0366972
177 130 0.136842
177 175 0.0408163
177 176 0.371429
177 178 0.0909091
177 223 0.0611111
177 224 0.109091
178 130 0.111111
178 177 0.0909091
178 179 0.0106952
178 180 0.00704225
178 224 0.03125
178 225 0.0125
178 226 0.0806452
179 130 0.0174419
179 131 0.358491
179 132 0.0325581
179 133 0.0991379
179 135 0.0219298
179 178 0.0106952
179 180 0.197425
179 226 0.0418605
179 227 0.00460829
180 132 0.0294118
180 133 0.0534759
180 134 0.0201342
180 135 0.0765027
180 178 0.00704225
180 179 0.197425
180 226 0.417647
180 227 0.168605
180 228 0.0285714
181 132 0.0117647
181 134 0.127517
181 135 0.0218579
181 136 0.00578035
181 182 0.338308
181 183 0.240566
181 228 0.0914286
181 229 0.186047
181 231 0.00526316
182 132 0.0163934
182 134 0.160494
182 135 0.0357143
182 136 0.155914
182 181 0.338308
182 183 0.0488889
182 184 0.234973
182 227 0.00540541
182 228 0.0106383
182 229 0.0108108
182 231 0.0394089
183 134 0.0115607
183 181 0.240566
183 182 0.0488889
183 228 0.0150754
183 229 0.0306122
183 230 0.2287
183 231 0.182243
184 136 0.083871
184 137 0.0827068
184 182 0.234973
184 185 0.04
184 231 0.0813954
184 232 0.068323
185 137 0.114504
185 138 0.040724
185 139 0.0228571
185 184 0.04
185 186 0.119658
185 187 0.127517
185 232 0.320755
186 138 0.0157895
186 139 0.118056
186 140 0.075
186 185 0.119658
186 187 0.364407
186 232 0.0078125
187 139 0.0113636
187 140 0.0535714
187 185 0.127517
187 186 0.364407
187 234 0.152672
188 141 0.0240964
188 189 0.168831
188 235 0.326733
189 141 0.102564
189 142 0.0120482
189 188 0.168831
189 190 0.101449
189 235 0.03125
189 236 0.0217391
189 237 0.025641
190 142 0.0125
190 143 0.0128205
190 189 0.101449
190 191 0.161616
190 237 0.04
190 238 0.0188679
191 143 0.00900901
191 144 0.0517241
191 145 0.016
191 190 0.161616
191 192 0.031746
191 238 0.338129
192 144 0.0272727
192 145 0.319328
192 146 0.201754
192 147 0.15873
192 191 0.031746
192 193 0.258065
192 194 0.0680272
192 238 0.0075188
192 239 0.173077
193 144 0.0263158
193 145 0.0813008
193 146 0.110169
193 147 0.0846154
193 192 0.258065
193 194 0.245033
193 238 0.0364963
193 239 0.277778
193 241 0.015873
194 146 0.035461
194 147 0.0588235
194 148 0.0177515
194 192 0.0680272
194 193 0.245033
194 239 0.0610687
194 241 0.188679
194 242 0.0187793
195 148 0.00555556
195 149 0.0340909
195 150 0.0108108
195 196 0.164835
195 197 0.0588235
195 241 0.237668
195 242 0.0401786
195 243 0.274882
195 244 0.0060241
196 148 0.156627
196 149 0.0802469
196 150 0.210526
196 195 0.164835
196 197 0.24359
196 198 0.0127389
196 241 0.0143541
196 243 0.233503
196 245 0.00636943
197 148 0.0194805
197 149 0.0133333
197 150 0.113208
197 195 0.0588235
197 196 0.24359
197 198 0.137931
197 243 0.167568
197 244 0.0714286
197 245 0.0689655
197 246 0.0121951
198 150 0.0125
198 151 0.403409
198 152 0.00793651
198 196 0.0127389
198 197 0.137931
198 199 0.0280899
198 245 0.00684932
198 246 0.0484848
199 151 0.158654
199 152 0.253165
199 198 0.0280899
199 245 0.0393258
199 246 0.345178
199 247 0.0558659
200 153 0.2
200 154 0.0747664
200 201 0.028777
200 247 0.328358
201 154 0.0793651
201 155 0.10241
201 200 0.028777
201 202 0.0224719
201 247 0.137255
201 248 0.0215054
201 249 0.247191
202 155 0.0860215
202 156 0.0681818
202 157 0.01875
202 201 0.0224719
202 204 0.0662983
202 248 0.169903
202 249 0.227273
202 250 0.00487805
203 156 0.03
203 157 0.09375
203 204 0.261745
203 250 0.0346821
203 252 0.0148515
204 156 0.0347826
204 157 0.111888
204 158 0.00930233
204 202 0.0662983
204 203 0.261745
204 206 0.0366492
204 250 0.037234
204 252 0.0737327
205 158 0.196721
205 206 0.0377358
205 207 0.0609756
205 251 0.138158
205 252 0.210811
205 253 0.023622
206 158 0.322314
206 159 0.0391061
206 204 0.0366492
206 205 0.0377358
206 207 0.130045
206 252 0.131148
206 253 0.016129
207 158 0.214575
207 160 0.210526
207 161 0.0342857
207 205 0.0609756
207 206 0.130045
207 208 0.0871212
207 252 0.00803213
207 253 0.104712
207 254 0.2
207 255 0.0180995
208 160 0.0719697
208 161 0.14218
208 162 0.0229358
208 163 0.0186567
208 207 0.0871212
208 209 0.160194
208 253 0.0396476
208 254 0.286853
208 255 0.400778
208 256 0.0576132
208 257 0.0452675
209 160 0.00588235
209 161 0.00854701
209 162 0.290323
209 208 0.160194
209 210 0.12973
209 211 0.00869565
209 254 0.00636943
209 255 0.0920245
209 256 0.174497
209 257 0.120805
209 258 0.0234375
210 162 0.299492
210 163 0.109312
210 164 0.048
210 209 0.12973
210 211 0.0319149
210 212 0.15415
210 256 0.112613
210 257 0.324324
210 258 0.0845771
211 162 0.015748
211 163 0.0903955
211 164 0.122222
211 165 0.0234375
211 166 0.00662252
211 209 0.00869565
211 210 0.0319149
211 212 0.191257
211 213 0.0673077
211 257 0.138158
211 258 0.00763359
211 260 0.0326087
212 162 0.0364583
212 163 0.0289256
212 164 0.355102
212 165 0.0829016
212 166 0.0555556
212 210 0.15415
212 211 0.191257
212 213 0.00591716
212 214 0.0629921
212 257 0.0322581
212 258 0.0612245
212 260 0.0160643
213 211 0.0673077
213 212 0.00591716
213 259 0.324675
213 260 0.0411765
213 261 0.0485437
214 164 0.159363
214 165 0.105528
214 166 0.166667
214 167 0.00578035
214 168 0.0604839
214 212 0.0629921
214 215 0.122677
214 260 0.203922
214 261 0.00531915
214 262 0.010989
215 166 0.017316
215 168 0.167315
215 169 0.00694444
215 214 0.122677
215 216 0.12963
215 217 0.0320285
215 260 0.0719697
215 261 0.0609137
215 262 0.375887
216 167 0.00833333
216 168 0.112821
216 169 0.123894
216 215 0.12963
216 217 0.369863
216 262 0.109091
216 263 0.0240385
216 264 0.00561798
216 265 0.0102564
217 167 0.00540541
217 168 0.0692308
217 169 0.185567
217 170 0.026087
217 171 0.00729927
217 215 0.0320285
217 216 0.369863
217 262 0.0736842
217 263 0.153846
217 264 0.0329218
217 265 0.130769
218 170 0.0655738
218 171 0.180617
218 172 0.121076
218 219 0.0594595
218 220 0.0344828
218 263 0.0973451
218 264 0.00510204
218 265 0.211268
218 266 0.00826446
219 171 0.0045045
219 172 0.0412844
219 173 0.0291971
219 174 0.0180995
219 218 0.0594595
219 220 0.461538
219 221 0.0458015
219 222 0.0331126
219 266 0.163793
219 267 0.0701754
220 171 0.00473934
220 172 0.0821256
220 173 0.119048
220 174 0.0047619
220 218 0.0344828
220 219 0.461538
220 221 0.125
220 222 0.0357143
220 266 0.0380952
221 173 0.0227273
221 174 0.0755814
221 219 0.0458015
221 220 0.125
221 222 0.0196078
221 266 0.104478
221 267 0.338462
221 268 0.113402
222 173 0.0648148
222 174 0.40625
222 175 0.0206186
222 219 0.0331126
222 220 0.0357143
222 221 0.0196078
222 223 0.027933
222 266 0.0114943
222 270 0.0277778
223 174 0.140562
223 175 0.0909091
223 176 0.00621118
223 177 0.0611111
223 222 0.027933
223 224 0.0301205
223 225 0.00869565
223 269 0.00740741
223 270 0.206061
223 271 0.0204082
223 272 0.106996
224 175 0.0119048
224 176 0.10989
224 177 0.109091
224 178 0.03125
224 223 0.0301205
224 225 0.0125
224 272 0.0462428
225 178 0.0125
225 223 0.00869565
225 224 0.0125
225 272 0.493671
225 273 0.0685714
226 178 0.0806452
226 179 0.0418605
226 180 0.417647
226 227 0.162338
226 228 0.0127389
226 273 0.172662
226 274 0.0443038
227 179 0.00460829
227 180 0.168605
227 182 0.00540541
227 226 0.162338
227 228 0.352201
227 229 0.0897436
227 273 0.113475
227 274 0.14375
227 275 0.010582
227 277 0.00588235
228 180 0.0285714
228 181 0.0914286
228 182 0.0106383
228 183 0.0150754
228 226 0.0127389
228 227 0.352201
228 229 0.213836
228 273 0.0833333
228 274 0.0981595
228 275 0.0104167
228 277 0.0751445
229 181 0.186047
229 182 0.0108108
229 183 0.0306122
229 227 0.0897436
229 228 0.213836
229 273 0.0212766
229 274 0.1
229 275 0.0634921
229 276 0.0432432
229 277 0.235294
230 183 0.2287
230 231 0.079602
230 232 0.00526316
230 276 0.0235849
230 277 0.0101523
230 278 0.0726257
230 279 0.1875
231 181 0.00526316
231 182 0.0394089
231 183 0.182243
231 184 0.0813954
231 230 0.079602
231 232 0.21547
231 279 0.111628
232 184 0.068323
232 185 0.320755
232 186 0.0078125
232 230 0.00526316
232 231 0.21547
232 279 0.161765
233 279 0.124352
233 280 0.277419
234 187 0.152672
234 280 0.138686
234 281 0.0138889
235 188 0.326733
235 189 0.03125
235 236 0.0775862
235 237 0.0294118
235 282 0.184466
235 283 0.00840336
236 189 0.0217391
236 235 0.0775862
236 237 0.204082
236 283 0.156522
236 284 0.0176991
236 285 0.064
237 189 0.025641
237 190 0.04
237 235 0.0294118
237 236 0.204082
237 238 0.0608696
237 285 0.036036
238 190 0.0188679
238 191 0.338129
238 192 0.0075188
238 193 0.0364963
238 237 0.0608696
238 239 0.0769231
238 285 0.0704225
238 286 0.119205
239 192 0.173077
239 193 0.277778
239 194 0.0610687
239 238 0.0769231
239 240 0.0425532
239 286 0.147541
239 288 0.0517241
240 239 0.0425532
240 241 0.00571429
240 242 0.0113636
240 286 0.0234375
240 287 0.24
240 288 0.295082
240 289 0.025641
241 193 0.015873
241 194 0.188679
241 195 0.237668
241 196 0.0143541
241 240 0.00571429
241 242 0.143426
241 243 0.0252101
241 288 0.101523
241 289 0.177489
242 194 0.0187793
242 195 0.0401786
242 240 0.0113636
242 241 0.143426
242 243 0.0962343
242 288 0.181818
242 289 0.413793
242 290 0.00636943
242 291 0.00865801
243 195 0.274882
243 196 0.233503
243 197 0.167568
243 241 0.0252101
243 242 0.0962343
243 244 0.00552486
243 289 0.0502283
243 291 0.100917
244 195 0.0060241
244 197 0.0714286
244 243 0.00552486
244 245 0.177305
244 246 0.03125
244 291 0.369942
244 292 0.0526316
245 196 0.00636943
245 197 0.0689655
245 198 0.00684932
245 199 0.0393258
245 244 0.177305
245 246 0.29697
245 291 0.0393258
245 292 0.224638
246 197 0.0121951
246 198 0.0484848
246 199 0.345178
246 244 0.03125
246 245 0.29697
246 292 0.267516
246 294 0.0444444
247 199 0.0558659
247 200 0.328358
247 201 0.137255
247 293 0.104
247 294 0.0185185
247 295 0.0151515
248 201 0.0215054
248 202 0.169903
248 249 0.18932
248 294 0.0205128
248 295 0.134199
248 296 0.04
248 297 0.0980392
249 201 0.247191
249 202 0.227273
249 248 0.18932
249 250 0.00487805
249 294 0.00534759
249 295 0.00896861
249 297 0.0137931
250 202 0.00487805
250 203 0.0346821
250 204 0.037234
250 249 0.00487805
250 251 0.0192308
250 296 0.263393
250 297 0.177632
250 298 0.269663
251 205 0.138158
251 250 0.0192308
251 252 0.295359
251 253 0.0111732
251 298 0.183908
251 299 0.211921
251 300 0.110132
252 203 0.0148515
252 204 0.0737327
252 205 0.210811
252 206 0.131148
252 207 0.00803213
252 251 0.295359
252 253 0.0235849
252 298 0.0966184
252 299 0.0380435
252 300 0.111538
253 205 0.023622
253 206 0.016129
253 207 0.104712
253 208 0.0396476
253 251 0.0111732
253 252 0.0235849
253 254 0.0674157
253 255 0.0163043
253 300 0.361386
253 301 0.0243902
253 302 0.0628272
254 207 0.2
254 208 0.286853
254 209 0.00636943
254 253 0.0674157
254 255 0.0528846
254 300 0.128319
254 302 0.0837209
255 207 0.0180995
255 208 0.400778
255 209 0.0920245
255 253 0.0163043
255 254 0.0528846
255 256 0.125
255 257 0.08
255 300 0.00431034
255 301 0.0765957
255 302 0.0588235
255 303 0.0666667
255 304 0.0045045
256 208 0.0576132
256 209 0.174497
256 210 0.112613
256 255 0.125
256 257 0.204301
256 258 0.175758
256 301 0.0316742
256 302 0.0386473
256 303 0.0529801
256 304 0.240385
256 305 0.00729927
257 208 0.0452675
257 209 0.120805
257 210 0.324324
257 211 0.138158
257 212 0.0322581
257 255 0.08
257 256 0.204301
257 258 0.0787879
257 303 0.0397351
257 304 0.0673077
258 209 0.0234375
258 210 0.0845771
258 211 0.00763359
258 212 0.0612245
258 256 0.175758
258 257 0.0787879
258 303 0.00769231
258 304 0.203209
258 305 0.137931
258 306 0.00735294
259 213 0.324675
259 306 0.0208333
259 307 0.0116959
260 211 0.0326087
260 212 0.0160643
260 213 0.0411765
260 214 0.203922
260 215 0.0719697
260 261 0.169399
260 306 0.010582
260 307 0.424242
260 308 0.0237154
261 213 0.0485437
261 214 0.00531915
261 215 0.0609137
261 260 0.169399
261 262 0.0298507
261 306 0.00819672
261 307 0.238579
261 308 0.0483871
261 309 0.0107527
262 214 0.010989
262 215 0.375887
262 216 0.109091
262 217 0.0736842
262 261 0.0298507
262 263 0.00364964
262 264 0.102459
262 308 0.0516605
262 309 0.123596
263 216 0.0240385
263 217 0.153846
263 218 0.0973451
263 262 0.00364964
263 264 0.301724
263 265 0.389558
263 309 0.0662651
263 311 0.00518135
263 312 0.047619
263 313 0.028169
264 216 0.00561798
264 217 0.0329218
264 218 0.00510204
264 262 0.102459
264 263 0.301724
264 265 0.178082
264 309 0.0367647
264 312 0.00555556
265 216 0.0102564
265 217 0.130769
265 218 0.211268
265 263 0.389558
265 264 0.178082
265 312 0.0456853
265 313 0.045
266 218 0.00826446
266 219 0.163793
266 220 0.0380952
266 221 0.104478
266 222 0.0114943
266 267 0.36
266 268 0.0487805
266 312 0.0666667
266 313 0.00925926
266 314 0.0294118
266 315 0.137931
267 219 0.0701754
267 221 0.338462
267 266 0.36
267 268 0.0875
267 312 0.038835
267 314 0.106061
267 315 0.0235294
268 221 0.113402
268 266 0.0487805
268 267 0.0875
268 314 0.173469
268 315 0.034188
268 316 0.0438596
269 223 0.00740741
269 270 0.21875
269 316 0.0133333
270 222 0.0277778
270 223 0.206061
270 269 0.21875
270 316 0.0761905
270 317 0.00675676
271 223 0.0204082
271 318 0.507463
271 319 0.0416667
271 320 0.00740741
272 223 0.106996
272 224 0.0462428
272 225 0.493671
272 273 0.0106383
272 317 0.00442478
272 318 0.0552147
272 319 0.00925926
273 225 0.0685714
273 226 0.172662
273 227 0.113475
273 228 0.0833333
273 229 0.0212766
273 272 0.0106383
273 274 0.324138
273 275 0.0114943
273 321 0.0252101
273 322 0.0693069
274 226 0.0443038
274 227 0.14375
274 228 0.0981595
274 229 0.1
274 273 0.324138
274 275 0.108808
274 276 0.015873
274 277 0.0402299
274 321 0.224638
274 322 0.141667
275 227 0.010582
275 228 0.0104167
275 229 0.0634921
275 273 0.0114943
275 274 0.108808
275 276 0.178899
275 277 0.152709
275 320 0.0368664
275 321 0.197605
275 322 0.147651
276 229 0.0432432
276 230 0.0235849
276 274 0.015873
276 275 0.178899
276 277 0.371859
276 278 0.0718232
276 321 0.00613497
276 322 0.0482759
276 323 0.0658683
277 227 0.00588235
277 228 0.0751445
277 229 0.235294
277 230 0.0101523
277 274 0.0402299
277 275 0.152709
277 276 0.371859
277 278 0.0481928
277 321 0.027027
277 322 0.0384615
278 230 0.0726257
278 276 0.0718232
278 277 0.0481928
278 279 0.0259067
278 323 0.149254
278 324 0.115854
278 325 0.159091
279 230 0.1875
279 231 0.111628
279 232 0.161765
279 233 0.124352
279 278 0.0259067
279 280 0.01
279 325 0.217195
280 233 0.277419
280 234 0.138686
280 279 0.01
280 281 0.0515464
280 327 0.183673
281 234 0.0138889
281 280 0.0515464
281 327 0.219512
281 328 0.0649351
282 235 0.184466
282 283 0.137255
282 329 0.128571
283 235 0.00840336
283 236 0.156522
283 282 0.137255
283 284 0.12069
283 329 0.0465116
283 330 0.18
284 236 0.0176991
284 283 0.12069
284 285 0.047619
284 330 0.0102041
284 331 0.254386
284 332 0.0795455
285 236 0.064
285 237 0.036036
285 238 0.0704225
285 284 0.047619
285 286 0.142857
285 331 0.0873016
285 333 0.187919
286 238 0.119205
286 239 0.147541
286 240 0.0234375
286 285 0.142857
286 287 0.00970874
286 333 0.196203
286 334 0.0943396
287 240 0.24
287 286 0.00970874
287 288 0.0206186
287 289 0.00763359
287 333 0.219048
287 334 0.283019
287 335 0.148148
288 239 0.0517241
288 240 0.295082
288 241 0.101523
288 242 0.181818
288 287 0.0206186
288 289 0.0561798
288 334 0.08
289 240 0.025641
289 241 0.177489
289 242 0.413793
289 243 0.0502283
289 287 0.00763359
289 288 0.0561798
289 290 0.00729927
289 291 0.00947867
289 335 0.0123457
289 336 0.0137615
289 337 0.0045045
289 338 0.0114943
290 242 0.00636943
290 289 0.00729927
290 336 0.020979
290 338 0.333333
291 242 0.00865801
291 243 0.100917
291 244 0.369942
291 245 0.0393258
291 289 0.00947867
291 292 0.00588235
291 337 0.221719
291 338 0.0115607
291 339 0.175141
292 244 0.0526316
292 245 0.224638
292 246 0.267516
292 291 0.00588235
292 339 0.153285
292 340 0.0229008
293 247 0.104
293 294 0.057554
293 295 0.0914286
293 339 0.0162602
293 340 0.111111
294 246 0.0444444
294 247 0.0185185
294 248 0.0205128
294 249 0.00534759
294 293 0.057554
294 295 0.438679
294 340 0.0649351
294 341 0.0143885
295 247 0.0151515
295 248 0.134199
295 249 0.00896861
295 293 0.0914286
295 294 0.438679
295 340 0.0157895
295 341 0.108571
295 342 0.0555556
296 248 0.04
296 250 0.263393
296 297 0.0121951
296 298 0.00526316
296 342 0.0364583
296 343 0.183406
296 344 0.140097
296 345 0.00510204
297 248 0.0980392
297 249 0.0137931
297 250 0.177632
297 296 0.0121951
297 298 0.144068
297 343 0.00636943
297 344 0.17037
297 346 0.00571429
298 250 0.269663
298 251 0.183908
298 252 0.0966184
298 296 0.00526316
298 297 0.144068
298 344 0.0310559
298 346 0.039801
299 251 0.211921
299 252 0.0380435
299 300 0.149425
299 345 0.212598
299 346 0.101124
299 347 0.0472441
299 348 0.150289
300 251 0.110132
300 252 0.111538
300 253 0.361386
300 254 0.128319
300 255 0.00431034
300 299 0.149425
300 301 0.0395257
300 302 0.0711297
300 345 0.0246305
300 346 0.0472441
300 347 0.162562
300 348 0.0963855
301 253 0.0243902
301 255 0.0765957
301 256 0.0316742
301 300 0.0395257
301 302 0.371901
301 303 0.102151
301 347 0.106796
301 348 0.119048
301 349 0.176955
301 350 0.0584795
301 351 0.0119048
302 253 0.0628272
302 254 0.0837209
302 255 0.0588235
302 256 0.0386473
302 300 0.0711297
302 301 0.371901
302 303 0.0232558
302 347 0.0677083
302 348 0.0840336
302 349 0.0567686
303 255 0.0666667
303 256 0.0529801
303 257 0.0397351
303 258 0.00769231
303 301 0.102151
303 302 0.0232558
303 304 0.104046
303 349 0.0115607
303 350 0.049505
303 351 0.43956
304 255 0.0045045
304 256 0.240385
304 257 0.0673077
304 258 0.203209
304 303 0.104046
304 305 0.0566038
304 306 0.0223464
304 351 0.359833
304 352 0.0180723
305 256 0.00729927
305 258 0.137931
305 304 0.0566038
305 306 0.175926
