0 1 0.120968
0 47 0.192308
0 48 0.096
1 0 0.120968
1 2 0.111111
1 48 0.251748
1 49 0.146667
2 1 0.111111
2 3 0.247788
2 49 0.126866
2 50 0.0714286
3 2 0.247788
3 4 0.182609
3 50 0.041958
4 3 0.182609
4 5 0.0869565
4 51 0.173228
5 4 0.0869565
5 6 0.170732
5 51 0.09375
5 52 0.10084
6 5 0.170732
6 7 0.0530303
6 52 0.0793651
6 53 0.236111
7 6 0.0530303
7 8 0.275591
7 54 0.180451
7 55 0.0307692
8 7 0.275591
8 9 0.135593
8 54 0.00793651
8 55 0.138211
9 8 0.135593
9 10 0.366197
9 55 0.0165289
9 56 0.0601504
9 57 0.00892857
10 9 0.366197
10 11 0.0460526
10 55 0.0204082
10 56 0.0566038
10 57 0.188406
11 10 0.0460526
11 12 0.134921
11 57 0.131148
11 58 0.266667
11 59 0.0316456
12 11 0.134921
12 13 0.121951
12 59 0.189189
12 60 0.129032
13 12 0.121951
13 14 0.189394
13 60 0.160305
13 61 0.0576923
14 13 0.189394
14 15 0.172185
14 61 0.139241
14 62 0.0479452
15 14 0.172185
15 16 0.195402
15 62 0.404908
15 63 0.0364583
16 15 0.195402
16 18 0.182292
16 62 0.0118343
16 63 0.227273
16 64 0.0277778
17 18 0.145299
17 19 0.030303
17 64 0.00952381
18 16 0.182292
18 17 0.145299
18 19 0.0698925
18 63 0.0190476
18 64 0.411458
18 65 0.10119
19 17 0.030303
19 18 0.0698925
19 20 0.207407
19 21 0.0381679
19 64 0.0172414
19 65 0.06
19 66 0.0670103
19 67 0.208861
19 69 0.00442478
20 19 0.207407
20 21 0.316327
20 66 0.0248447
20 67 0.2
20 69 0.0621762
21 19 0.0381679
21 20 0.316327
21 23 0.00645161
21 66 0.00636943
21 67 0.140496
21 68 0.00884956
21 69 0.31746
22 23 0.405714
22 25 0.0292398
22 68 0.0150376
22 69 0.0861244
23 21 0.00645161
23 22 0.405714
23 25 0.226415
23 68 0.0402299
23 69 0.196
23 70 0.0228311
24 25 0.183824
24 26 0.12
24 72 0.115702
24 74 0.00714286
25 22 0.0292398
25 23 0.226415
25 24 0.183824
25 70 0.027907
25 71 0.00444444
25 72 0.207254
26 24 0.12
26 27 0.184783
26 72 0.174242
26 73 0.0272109
26 74 0.00662252
27 26 0.184783
27 28 0.146667
27 29 0.0520833
27 30 0.0672269
27 73 0.00653595
27 74 0.044586
27 75 0.035461
28 27 0.146667
28 29 0.0118343
28 30 0.177083
28 75 0.00847458
28 77 0.015873
29 27 0.0520833
29 28 0.0118343
29 30 0.0140845
29 74 0.0956175
29 75 0.497872
29 76 0.035503
29 77 0.176955
29 78 0.0877193
30 27 0.0672269
30 28 0.177083
30 29 0.0140845
30 31 0.359375
30 75 0.00617284
30 77 0.0705882
30 78 0.0322581
30 79 0.00537634
31 30 0.359375
31 32 0.0330578
31 78 0.00699301
31 79 0.0862069
31 80 0.042735
32 31 0.0330578
32 33 0.0980392
32 34 0.258278
32 79 0.0949721
32 80 0.0409836
33 32 0.0980392
33 34 0.0611354
33 35 0.00406504
33 79 0.171206
33 80 0.115
33 81 0.376
34 32 0.258278
34 33 0.0611354
34 35 0.279793
34 82 0.03125
34 83 0.00512821
35 33 0.00406504
35 34 0.279793
35 36 0.0849057
35 82 0.0734463
35 83 0.245283
36 35 0.0849057
36 38 0.253456
36 82 0.00558659
36 83 0.350467
36 84 0.0740741
37 38 0.0121951
37 82 0.0238095
37 83 0.204969
37 84 0.368098
37 85 0.0367647
38 36 0.253456
38 37 0.0121951
38 39 0.106509
38 83 0.0184332
38 84 0.502283
38 86 0.0206612
39 38 0.106509
39 40 0.0982143
39 84 0.0714286
39 85 0.0070922
39 86 0.209424
39 87 0.0114286
40 39 0.0982143
40 41 0.231034
40 42 0.0884956
40 86 0.420875
40 87 0.227758
41 40 0.231034
41 42 0.602151
41 86 0.00389105
41 87 0.0124481
42 40 0.0884956
42 41 0.602151
42 43 0.0486111
42 44 0.0251572
42 87 0.0338983
42 90 0.0497238
43 42 0.0486111
43 44 0.381215
43 88 0.0315789
43 89 0.163793
43 90 0.29064
43 91 0.102326
44 42 0.0251572
44 43 0.381215
44 45 0.0901639
44 90 0.0458716
44 91 0.217391
44 92 0.170732
45 44 0.0901639
45 46 0.284519
45 91 0.111511
45 92 0.525692
45 93 0.0862069
46 45 0.284519
46 92 0.2
46 93 0.329114
47 0 0.192308
47 94 0.08
48 0 0.096
48 1 0.251748
48 49 0.013245
48 94 0.25
48 95 0.0211268
49 1 0.146667
49 2 0.126866
49 48 0.013245
49 50 0.22561
49 96 0.0298507
50 2 0.0714286
50 3 0.041958
50 49 0.22561
50 96 0.0857143
50 97 0.347561
51 4 0.173228
51 5 0.09375
51 52 0.0610687
51 97 0.134228
51 98 0.0827068
52 5 0.10084
52 6 0.0793651
52 51 0.0610687
52 99 0.0471698
52 100 0.20155
53 6 0.236111
53 54 0.310345
53 100 0.129252
53 101 0.0588235
54 7 0.180451
54 8 0.00793651
54 53 0.310345
54 101 0.0471698
54 102 0.188811
55 7 0.0307692
55 8 0.138211
55 9 0.0165289
55 10 0.0204082
55 56 0.231884
55 102 0.128571
56 9 0.0601504
56 10 0.0566038
56 55 0.231884
56 57 0.00775194
56 103 0.104575
56 104 0.229412
57 9 0.00892857
57 10 0.188406
57 11 0.131148
57 56 0.00775194
57 58 0.102941
57 104 0.0939597
57 105 0.124088
58 11 0.266667
58 57 0.102941
58 59 0.00581395
58 105 0.2
58 106 0.09375
59 11 0.0316456
59 12 0.189189
59 58 0.00581395
59 60 0.237179
59 106 0.380952
59 107 0.00588235
60 12 0.129032
60 13 0.160305
60 59 0.237179
60 106 0.00694444
60 107 0.143836
60 108 0.0273973
61 13 0.0576923
61 14 0.139241
61 62 0.205882
61 107 0.00584795
61 108 0.245614
61 109 0.0980392
62 14 0.0479452
62 15 0.404908
62 16 0.0118343
62 61 0.205882
62 63 0.0909091
62 109 0.035461
63 15 0.0364583
63 16 0.227273
63 18 0.0190476
63 62 0.0909091
63 64 0.030303
63 109 0.141176
63 110 0.188482
64 16 0.0277778
64 17 0.00952381
64 18 0.411458
64 19 0.0172414
64 63 0.030303
64 65 0.275641
64 110 0.156069
64 111 0.08125
64 112 0.0425532
65 18 0.10119
65 19 0.06
65 64 0.275641
65 110 0.120805
65 111 0.0735294
65 112 0.205128
65 113 0.0792683
66 19 0.0670103
66 20 0.0248447
66 21 0.00636943
66 67 0.157609
66 68 0.261364
66 69 0.0873016
66 112 0.0124224
66 113 0.230769
66 116 0.00492611
67 19 0.208861
67 20 0.2
67 21 0.140496
67 66 0.157609
67 68 0.0142857
67 69 0.166667
67 113 0.133721
68 21 0.00884956
68 22 0.0150376
68 23 0.0402299
68 66 0.261364
68 67 0.0142857
68 69 0.100962
68 70 0.0338983
68 114 0.0392157
68 116 0.0440252
69 19 0.00442478
69 20 0.0621762
69 21 0.31746
69 22 0.0861244
69 23 0.196
69 66 0.0873016
69 67 0.166667
69 68 0.100962
70 23 0.0228311
70 25 0.027907
70 68 0.0338983
70 71 0.193966
70 114 0.227273
70 116 0.215686
70 117 0.0551181
70 118 0.0364963
71 25 0.00444444
71 70 0.193966
71 72 0.0047619
71 73 0.342222
71 118 0.047619
71 120 0.017341
72 24 0.115702
72 25 0.207254
72 26 0.174242
72 71 0.0047619
72 73 0.160622
72 74 0.0253807
73 26 0.0272109
73 27 0.00653595
73 71 0.342222
73 72 0.160622
73 74 0.363208
73 120 0.00641026
73 121 0.0268456
73 122 0.0136054
74 24 0.00714286
74 26 0.00662252
74 27 0.044586
74 29 0.0956175
74 72 0.0253807
74 73 0.363208
74 75 0.15
74 76 0.0223881
74 120 0.00625
74 121 0.0457516
74 122 0.00662252
75 27 0.035461
75 28 0.00847458
75 29 0.497872
75 30 0.00617284
75 74 0.15
75 76 0.0254237
75 77 0.046875
75 78 0.039548
75 121 0.0145985
75 123 0.00729927
76 29 0.035503
76 74 0.0223881
76 75 0.0254237
76 77 0.015873
76 121 0.028169
76 122 0.0144928
76 123 0.239437
76 125 0.0113636
77 28 0.015873
77 29 0.176955
77 30 0.0705882
77 75 0.046875
77 76 0.015873
77 78 0.324324
77 79 0.0833333
77 124 0.00735294
77 125 0.0185185
77 126 0.0136986
77 127 0.0649351
78 29 0.0877193
78 30 0.0322581
78 31 0.00699301
78 75 0.039548
78 77 0.324324
78 79 0.00995025
78 127 0.151079
79 30 0.00537634
79 31 0.0862069
79 32 0.0949721
79 33 0.171206
79 77 0.0833333
79 78 0.00995025
79 80 0.32
79 81 0.0222222
79 127 0.111765
80 31 0.042735
80 32 0.0409836
80 33 0.115
80 79 0.32
80 81 0.119048
80 126 0.0786517
80 127 0.0973451
81 33 0.376
81 79 0.0222222
81 80 0.119048
81 82 0.0220994
81 126 0.0526316
81 127 0.0306748
81 128 0.200935
81 129 0.015625
82 34 0.03125
82 35 0.0734463
82 36 0.00558659
82 37 0.0238095
82 81 0.0220994
82 83 0.0782123
82 85 0.0194805
82 128 0.38983
82 129 0.129032
82 130 0.0441176
82 131 0.015748
83 34 0.00512821
83 35 0.245283
83 36 0.350467
83 37 0.204969
83 38 0.0184332
83 82 0.0782123
83 84 0.087963
83 85 0.021164
83 128 0.0141509
83 129 0.00526316
83 131 0.00617284
84 36 0.0740741
84 37 0.368098
84 38 0.502283
84 39 0.0714286
84 83 0.087963
84 85 0.0157068
84 86 0.00414938
84 131 0.0182927
84 132 0.00462963
85 37 0.0367647
85 39 0.0070922
85 82 0.0194805
85 83 0.021164
85 84 0.0157068
85 131 0.430657
85 132 0.206349
85 133 0.0327103
86 38 0.0206612
86 39 0.209424
86 40 0.420875
86 41 0.00389105
86 84 0.00414938
86 87 0.294355
86 132 0.129707
86 133 0.181818
87 39 0.0114286
87 40 0.227758
87 41 0.0124481
87 42 0.0338983
87 86 0.294355
87 88 0.0134529
87 132 0.0493274
87 133 0.157258
87 135 0.0769231
88 43 0.0315789
88 87 0.0134529
88 89 0.2
88 90 0.101322
88 134 0.4
88 135 0.204082
88 136 0.272727
89 43 0.163793
89 88 0.2
89 90 0.137255
89 134 0.09375
89 135 0.0684932
89 136 0.120968
90 42 0.0497238
90 43 0.29064
90 44 0.0458716
90 88 0.101322
90 89 0.137255
90 91 0.123016
90 134 0.010929
90 135 0.2125
90 136 0.308057
90 137 0.247826
90 138 0.0379147
91 43 0.102326
91 44 0.217391
91 45 0.111511
91 90 0.123016
91 92 0.0711297
91 136 0.0179372
91 137 0.438017
91 138 0.251121
91 139 0.112903
92 44 0.170732
92 45 0.525692
92 46 0.2
92 91 0.0711297
92 93 0.0199203
92 137 0.00921659
92 138 0.00505051
92 139 0.0403587
93 45 0.0862069
93 46 0.329114
93 92 0.0199203
93 139 0.238462
93 140 0.348276
94 47 0.08
94 48 0.25
94 95 0.141176
94 141 0.169118
94 142 0.0246914
95 48 0.0211268
95 94 0.141176
95 141 0.254717
95 142 0.0833333
96 49 0.0298507
96 50 0.0857143
96 142 0.162393
96 143 0.222222
97 50 0.347561
97 51 0.134228
97 98 0.0985916
97 143 0.0283688
97 144 0.0895522
98 51 0.0827068
98 97 0.0985916
98 144 0.254237
98 145 0.162791
99 52 0.0471698
99 100 0.0619469
99 145 0.135135
99 146 0.263736
100 52 0.20155
100 53 0.129252
100 99 0.0619469
100 101 0.00925926
100 146 0.114035
100 147 0.120968
101 53 0.0588235
101 54 0.0471698
101 100 0.00925926
101 102 0.145299
101 147 0.25
101 148 0.0178571
102 54 0.188811
102 55 0.128571
102 101 0.145299
102 148 0.147651
102 149 0.135338
103 56 0.104575
103 104 0.289017
103 149 0.0671642
103 150 0.163121
103 151 0.0310078
104 56 0.229412
104 57 0.0939597
104 103 0.289017
104 105 0.0617978
104 151 0.0821918
104 152 0.0129032
105 57 0.124088
105 58 0.2
105 104 0.0617978
105 106 0.0621118
105 152 0.181818
106 58 0.09375
106 59 0.380952
106 60 0.00694444
106 105 0.0621118
106 153 0.0986842
107 59 0.00588235
107 60 0.143836
107 61 0.00584795
107 108 0.31875
107 154 0.21519
107 155 0.0860927
108 60 0.0273973
108 61 0.245614
108 107 0.31875
108 155 0.0463576
109 61 0.0980392
109 62 0.035461
109 63 0.141176
109 110 0.0413793
109 155 0.0150376
109 156 0.134454
109 157 0.0864198
110 63 0.188482
110 64 0.156069
110 65 0.120805
110 109 0.0413793
110 111 0.0849673
110 112 0.0447761
110 157 0.125683
110 158 0.141975
111 64 0.08125
111 65 0.0735294
111 110 0.0849673
111 112 0.0991736
111 158 0.38255
111 159 0.00763359
112 64 0.0425532
112 65 0.205128
112 66 0.0124224
112 110 0.0447761
112 111 0.0991736
112 113 0.167785
112 158 0.0384615
112 159 0.151786
113 65 0.0792683
113 66 0.230769
113 67 0.133721
113 112 0.167785
113 159 0.0125786
113 162 0.00694444
114 68 0.0392157
114 70 0.227273
114 115 0.0327869
114 116 0.377778
114 117 0.00970874
114 161 0.124444
114 162 0.0075188
114 164 0.00740741
115 114 0.0327869
115 116 0.257812
115 117 0.0588235
115 160 0.0202703
115 161 0.184971
116 66 0.00492611
116 68 0.0440252
116 70 0.215686
116 114 0.377778
116 115 0.257812
116 117 0.0366972
116 161 0.0562771
116 164 0.0070922
117 70 0.0551181
117 114 0.00970874
117 115 0.0588235
117 116 0.0366972
117 163 0.0540541
117 164 0.171875
118 70 0.0364963
118 71 0.047619
118 119 0.0125
118 164 0.027027
118 165 0.318584
118 166 0.0684932
118 167 0.0131579
119 118 0.0125
119 120 0.169811
119 164 0.176471
119 165 0.0283688
119 166 0.158416
119 168 0.00641026
120 71 0.017341
120 73 0.00641026
120 74 0.00625
120 119 0.169811
120 121 0.185567
120 122 0.168421
120 165 0.00719424
120 166 0.363636
120 167 0.0224719
120 168 0.0194805
121 73 0.0268456
121 74 0.0457516
121 75 0.0145985
121 76 0.028169
121 120 0.185567
121 122 0.238636
121 123 0.0444444
121 166 0.0543478
121 167 0.00584795
121 168 0.0408163
121 169 0.0368421
122 73 0.0136054
122 74 0.00662252
122 76 0.0144928
122 120 0.168421
122 121 0.238636
122 123 0.181818
122 168 0.0275862
122 169 0.0319149
123 75 0.00729927
123 76 0.239437
123 121 0.0444444
123 122 0.181818
123 124 0.0493827
123 125 0.0560748
123 169 0.136842
123 171 0.0215827
124 77 0.00735294
124 123 0.0493827
124 125 0.438776
124 126 0.0193548
124 170 0.0138889
124 171 0.0615385
124 172 0.057554
124 173 0.134146
125 76 0.0113636
125 77 0.0185185
125 123 0.0560748
125 124 0.438776
125 126 0.0165746
125 169 0.0193237
125 170 0.0823529
125 171 0.288462
125 172 0.169697
125 173 0.0648148
126 77 0.0136986
126 80 0.0786517
126 81 0.0526316
126 124 0.0193548
126 125 0.0165746
126 127 0.0231214
126 170 0.00440529
126 172 0.117117
126 173 0.133333
126 174 0.0206897
126 175 0.0108696
127 77 0.0649351
127 78 0.151079
127 79 0.111765
127 80 0.0973451
127 81 0.0306748
127 126 0.0231214
128 81 0.200935
128 82 0.38983
128 83 0.0141509
128 129 0.196809
128 130 0.0177515
128 175 0.0470588
128 177 0.00995025
129 81 0.015625
129 82 0.129032
129 83 0.00526316
129 128 0.196809
129 130 0.251701
129 131 0.0289855
129 175 0.0608108
129 176 0.0648148
129 177 0.24581
129 178 0.015
130 82 0.0441176
130 128 0.0177515
130 129 0.251701
130 131 0.0672269
130 175 0.0310078
130 176 0.0561798
130 177 0.3375
130 178 0.0441989
131 82 0.015748
131 83 0.00617284
131 84 0.0182927
131 85 0.430657
131 129 0.0289855
131 130 0.0672269
131 132 0.0617284
131 133 0.0106952
131 177 0.0529801
131 178 0.0581395
132 84 0.00462963
132 85 0.206349
132 86 0.129707
132 87 0.0493274
132 131 0.0617284
132 133 0.493724
132 178 0.129464
132 179 0.19
133 85 0.0327103
133 86 0.181818
133 87 0.157258
133 131 0.0106952
133 132 0.493724
133 178 0.0321285
133 179 0.373333
133 180 0.0126582
133 181 0.025974
133 182 0.00746269
134 88 0.4
134 89 0.09375
134 90 0.010929
134 135 0.0582524
134 136 0.0454545
134 180 0.0674157
134 181 0.283951
134 182 0.190955
134 183 0.043956
135 87 0.0769231
135 88 0.204082
135 89 0.0684932
135 90 0.2125
135 134 0.0582524
135 136 0.0839695
135 181 0.0215827
135 183 0.0125786
136 88 0.272727
136 89 0.120968
136 90 0.308057
136 91 0.0179372
136 134 0.0454545
136 135 0.0839695
136 137 0.114428
136 181 0.0210526
136 183 0.152381
136 184 0.132231
136 185 0.00806452
137 90 0.247826
137 91 0.438017
137 92 0.00921659
137 136 0.114428
137 138 0.253731
137 139 0.0176991
137 183 0.0349345
137 184 0.126437
137 185 0.027972
137 186 0.026616
138 90 0.0379147
138 91 0.251121
138 92 0.00505051
138 137 0.253731
138 139 0.222222
138 140 0.00843882
138 184 0.11157
138 185 0.0403226
138 186 0.180328
139 91 0.112903
139 92 0.0403587
139 93 0.238462
139 137 0.0176991
139 138 0.222222
139 140 0.229008
139 186 0.104089
139 187 0.0758123
140 93 0.348276
140 138 0.00843882
140 139 0.229008
140 186 0.0936455
140 187 0.403909
141 94 0.169118
141 95 0.254717
142 94 0.0246914
142 95 0.0833333
142 96 0.162393
142 189 0.0328947
143 96 0.222222
143 97 0.0283688
143 144 0.128205
143 190 0.128
143 191 0.136
144 97 0.0895522
144 98 0.254237
144 143 0.128205
144 191 0.194915
145 98 0.162791
145 99 0.135135
145 192 0.0833333
145 193 0.161765
146 99 0.263736
146 100 0.114035
146 147 0.0392157
146 194 0.183333
147 100 0.120968
147 101 0.25
147 146 0.0392157
147 194 0.138462
147 195 0.123188
148 101 0.0178571
148 102 0.147651
148 149 0.125
148 195 0.25974
148 196 0.0592593
149 102 0.135338
149 103 0.0671642
149 148 0.125
149 196 0.218487
150 103 0.163121
150 151 0.0263158
150 196 0.166667
150 197 0.374046
150 198 0.0326087
151 103 0.0310078
151 104 0.0821918
151 150 0.0263158
151 152 0.0720721
151 197 0.151261
151 198 0.3
152 104 0.0129032
152 105 0.181818
152 151 0.0720721
152 198 0.146067
152 199 0.088
153 106 0.0986842
153 154 0.125
153 200 0.246753
153 201 0.105634
154 107 0.21519
154 153 0.125
154 155 0.0134228
154 201 0.212329
154 202 0.217949
155 107 0.0860927
155 108 0.0463576
155 109 0.0150376
155 154 0.0134228
155 156 0.171875
155 202 0.275168
155 203 0.0178571
156 109 0.134454
156 155 0.171875
156 157 0.0636943
156 202 0.037037
156 203 0.155844
157 109 0.0864198
157 110 0.125683
157 156 0.0636943
157 158 0.26257
157 203 0.269036
157 204 0.0949367
157 205 0.00641026
158 110 0.141975
158 111 0.38255
158 112 0.0384615
158 157 0.26257
158 159 0.0214286
158 203 0.0113636
158 204 0.328467
159 111 0.00763359
159 112 0.151786
159 113 0.0125786
159 158 0.0214286
159 160 0.0804598
159 161 0.00502513
159 162 0.261682
159 204 0.117647
159 205 0.111111
159 206 0.00641026
160 115 0.0202703
160 159 0.0804598
160 161 0.498008
160 162 0.0125786
160 204 0.00584795
160 206 0.375
160 208 0.0188679
160 209 0.00735294
161 114 0.124444
161 115 0.184971
161 116 0.0562771
161 159 0.00502513
161 160 0.498008
161 162 0.0543478
161 206 0.0128755
161 208 0.00543478
161 209 0.0124224
162 113 0.00694444
162 114 0.0075188
162 159 0.261682
162 160 0.0125786
162 161 0.0543478
163 117 0.0540541
163 164 0.169811
163 208 0.163462
163 209 0.234568
163 210 0.00613497
163 211 0.0120482
164 114 0.00740741
164 116 0.0070922
164 117 0.171875
164 118 0.027027
164 119 0.176471
164 163 0.169811
164 165 0.037037
164 166 0.0210526
164 209 0.084507
164 210 0.0261438
164 211 0.00641026
164 212 0.0322581
165 118 0.318584
165 119 0.0283688
165 120 0.00719424
165 164 0.037037
165 166 0.0298507
165 167 0.117371
165 168 0.047619
165 210 0.0208333
165 212 0.257669
165 213 0.189542
166 118 0.0684932
166 119 0.158416
166 120 0.363636
166 121 0.0543478
166 164 0.0210526
166 165 0.0298507
166 167 0.0115607
166 168 0.0268456
166 212 0.00813008
167 118 0.0131579
167 120 0.0224719
167 121 0.00584795
167 165 0.117371
167 166 0.0115607
167 168 0.557018
167 169 0.0147601
167 213 0.0833333
167 214 0.0526316
167 215 0.178404
167 216 0.0277778
168 119 0.00641026
168 120 0.0194805
168 121 0.0408163
168 122 0.0275862
168 165 0.047619
168 166 0.0268456
168 167 0.557018
168 169 0.0688259
168 213 0.178571
168 214 0.140625
168 215 0.148148
169 121 0.0368421
169 122 0.0319149
169 123 0.136842
169 125 0.0193237
169 167 0.0147601
169 168 0.0688259
169 170 0.0158103
169 171 0.0794979
169 214 0.0409357
169 215 0.353448
169 216 0.00613497
169 217 0.243986
170 124 0.0138889
170 125 0.0823529
170 126 0.00440529
170 169 0.0158103
170 171 0.257426
170 172 0.341232
170 173 0.00649351
170 217 0.0314961
170 218 0.357143
171 123 0.0215827
171 124 0.0615385
171 125 0.288462
171 169 0.0794979
171 170 0.257426
171 172 0.0558376
171 215 0.00552486
171 217 0.0208333
171 218 0.148352
172 124 0.057554
172 125 0.169697
172 126 0.117117
172 170 0.341232
172 171 0.0558376
172 173 0.0536913
172 218 0.0575916
172 219 0.028169
172 220 0.146597
173 124 0.134146
173 125 0.0648148
173 126 0.133333
173 170 0.00649351
173 172 0.0536913
173 174 0.0277778
173 175 0.00900901
173 220 0.223881
174 126 0.0206897
174 173 0.0277778
174 175 0.131868
174 176 0.137255
174 220 0.0175439
174 221 0.10084
174 222 0.0833333
175 126 0.0108696
175 128 0.0470588
175 129 0.0608108
175 130 0.0310078
175 173 0.00900901
175 174 0.131868
175 177 0.0931677
175 220 0.0196078
175 221 0.107595
175 222 0.114754
176 129 0.0648148
176 130 0.0561798
176 174 0.137255
176 177 0.123967
176 221 0.00847458
177 128 0.00995025
177 129 0.24581
177 130 0.3375
177 131 0.0529801
177 175 0.0931677
177 176 0.123967
177 178 0.00469484
177 222 0.0700935
177 223 0.0207254
177 224 0.0375
178 129 0.015
178 130 0.0441989
178 131 0.0581395
178 132 0.129464
178 133 0.0321285
178 177 0.00469484
178 179 0.0333333
178 224 0.241379
178 225 0.25
179 132 0.19
179 133 0.373333
179 178 0.0333333
179 181 0.00520833
179 225 0.27451
179 227 0.0463918
180 133 0.0126582
180 134 0.0674157
180 181 0.096
180 182 0.0493827
180 226 0.0701754
180 227 0.141732
180 228 0.0980392
181 133 0.025974
181 134 0.283951
181 135 0.0215827
181 136 0.0210526
181 179 0.00520833
181 180 0.096
181 182 0.429787
181 183 0.059633
181 227 0.11
181 228 0.0486726
181 229 0.0782123
182 133 0.00746269
182 134 0.190955
182 180 0.0493827
182 181 0.429787
182 183 0.0705882
182 227 0.105485
182 228 0.0836502
182 229 0.162037
182 230 0.00847458
183 134 0.043956
183 135 0.0125786
183 136 0.152381
183 137 0.0349345
183 181 0.059633
183 182 0.0705882
183 184 0.203704
183 185 0.0460526
183 229 0.175879
183 230 0.369863
183 231 0.0441176
184 136 0.132231
184 137 0.126437
184 138 0.11157
184 183 0.203704
184 185 0.211957
184 186 0.0953947
184 230 0.207171
184 231 0.0466102
184 232 0.216216
184 233 0.106464
185 136 0.00806452
185 137 0.027972
185 138 0.0403226
185 183 0.0460526
185 184 0.211957
185 186 0.0913979
185 230 0.0451128
185 231 0.0169492
185 232 0.144231
185 233 0.0965517
186 137 0.026616
186 138 0.180328
186 139 0.104089
186 140 0.0936455
186 184 0.0953947
186 185 0.0913979
186 187 0.117834
186 232 0.294643
186 233 0.384906
187 139 0.0758123
187 140 0.403909
187 186 0.117834
187 233 0.032967
188 189 0.338308
188 235 0.141892
188 236 0.143617
189 142 0.0328947
189 188 0.338308
189 190 0.169935
189 236 0.0479042
190 143 0.128
190 189 0.169935
190 236 0.0428571
190 237 0.114754
191 143 0.136
191 144 0.194915
191 237 0.196721
191 238 0.150376
192 145 0.0833333
192 193 0.277027
192 238 0.283784
192 239 0.072
192 240 0.020979
193 145 0.161765
193 192 0.277027
193 240 0.259259
194 146 0.183333
194 147 0.138462
194 195 0.134615
194 240 0.107914
194 241 0.121622
195 147 0.123188
195 148 0.25974
195 194 0.134615
195 241 0.0320513
195 242 0.11875
196 148 0.0592593
196 149 0.218487
196 150 0.166667
196 243 0.112782
196 244 0.016
197 150 0.374046
197 151 0.151261
197 198 0.0309278
197 244 0.107692
197 245 0.203008
198 150 0.0326087
198 151 0.3
198 152 0.146067
198 197 0.0309278
198 199 0.0212766
198 245 0.0425532
199 152 0.088
199 198 0.0212766
199 200 0.137931
199 245 0.00769231
199 246 0.278146
199 247 0.0202703
200 153 0.246753
200 199 0.137931
200 201 0.0472973
200 246 0.0120482
200 247 0.220859
200 248 0.0512821
201 153 0.105634
201 154 0.212329
201 200 0.0472973
201 248 0.159722
201 249 0.117284
202 154 0.217949
202 155 0.275168
202 156 0.037037
202 249 0.122093
202 250 0.0585106
203 155 0.0178571
203 156 0.155844
203 157 0.269036
203 158 0.0113636
203 205 0.0326797
203 250 0.478261
204 157 0.0949367
204 158 0.328467
204 159 0.117647
204 160 0.00584795
205 157 0.00641026
205 159 0.111111
205 203 0.0326797
205 206 0.0198676
205 207 0.00813008
205 250 0.0180723
205 251 0.0666667
205 252 0.380952
206 159 0.00641026
206 160 0.375
206 161 0.0128755
206 205 0.0198676
206 251 0.356322
206 253 0.0447761
206 254 0.045045
207 205 0.00813008
207 208 0.132743
207 253 0.358491
207 254 0.0843373
208 160 0.0188679
208 161 0.00543478
208 163 0.163462
208 207 0.132743
208 209 0.115942
208 253 0.0352941
208 254 0.129032
208 257 0.0238095
209 160 0.00735294
209 161 0.0124224
209 163 0.234568
209 164 0.084507
209 208 0.115942
209 210 0.0078125
209 211 0.0152672
209 257 0.0291262
209 258 0.015625
210 163 0.00613497
210 164 0.0261438
210 165 0.0208333
210 209 0.0078125
210 211 0.591549
210 212 0.18232
210 256 0.0826446
210 257 0.0324324
210 258 0.0479452
210 259 0.0947867
210 260 0.0632911
211 163 0.0120482
211 164 0.00641026
211 209 0.0152672
211 210 0.591549
211 212 0.125
211 256 0.00806452
211 257 0.0957447
211 258 0.348993
211 259 0.00934579
212 164 0.0322581
212 165 0.257669
212 166 0.00813008
212 210 0.18232
212 211 0.125
212 213 0.0492958
212 258 0.0512821
212 259 0.043956
212 260 0.360577
213 165 0.189542
213 167 0.0833333
213 168 0.178571
213 212 0.0492958
213 214 0.0326087
213 259 0.0348837
213 260 0.242424
213 261 0.168269
213 262 0.0402299
214 167 0.0526316
214 168 0.140625
214 169 0.0409357
214 213 0.0326087
214 215 0.0530973
214 216 0.181818
214 261 0.0892857
214 262 0.0149254
214 263 0.0114943
215 167 0.178404
215 168 0.148148
215 169 0.353448
215 171 0.00552486
215 214 0.0530973
215 216 0.0761905
215 217 0.141631
215 261 0.00873362
215 262 0.00512821
215 263 0.0553191
215 264 0.0552486
216 167 0.0277778
216 169 0.00613497
216 214 0.181818
216 215 0.0761905
216 217 0.0365854
216 263 0.0481928
216 264 0.133929
217 169 0.243986
217 170 0.0314961
217 171 0.0208333
217 215 0.141631
217 216 0.0365854
217 218 0.0470085
217 263 0.397959
217 264 0.395833
217 265 0.00332226
218 170 0.357143
218 171 0.148352
218 172 0.0575916
218 217 0.0470085
218 263 0.00847458
218 264 0.104396
218 265 0.148148
218 266 0.0705882
219 172 0.028169
219 220 0.0656566
219 221 0.103448
219 222 0.0131579
219 265 0.0113208
219 266 0.0364583
219 267 0.364055
219 268 0.014218
220 172 0.146597
220 173 0.223881
220 174 0.0175439
220 175 0.0196078
220 219 0.0656566
220 221 0.0552486
220 222 0.0194175
220 266 0.0647059
220 267 0.169231
220 268 0.015873
221 174 0.10084
221 175 0.107595
221 176 0.00847458
221 219 0.103448
221 220 0.0552486
221 222 0.317536
221 223 0.0526316
221 267 0.08
221 268 0.0206186
222 174 0.0833333
222 175 0.114754
222 177 0.0700935
222 219 0.0131579
222 220 0.0194175
222 221 0.317536
222 223 0.130233
222 267 0.0488889
222 268 0.118721
223 177 0.0207254
223 221 0.0526316
223 222 0.130233
223 224 0.00414938
223 268 0.121212
223 269 0.0194805
223 270 0.0220588
223 271 0.0366492
224 177 0.0375
224 178 0.241379
224 223 0.00414938
224 225 0.270588
224 226 0.0285714
224 271 0.361345
224 274 0.00371747
225 178 0.25
225 179 0.27451
225 224 0.270588
225 226 0.028169
225 227 0.0330189
225 228 0.00840336
225 271 0.0585366
225 273 0.0699301
226 180 0.0701754
226 224 0.0285714
226 225 0.028169
226 227 0.0606061
226 228 0.0822785
226 272 0.469388
226 273 0.190476
226 274 0.115385
226 275 0.04
227 179 0.0463918
227 180 0.141732
227 181 0.11
227 182 0.105485
227 225 0.0330189
227 226 0.0606061
227 228 0.548246
227 274 0.0265487
227 275 0.241176
227 276 0.00847458
228 180 0.0980392
228 181 0.0486726
228 182 0.0836502
228 225 0.00840336
228 226 0.0822785
228 227 0.548246
228 229 0.00966184
228 272 0.00689655
228 274 0.0436508
228 275 0.255102
228 276 0.0152672
229 181 0.0782123
229 182 0.162037
229 183 0.175879
229 228 0.00966184
229 230 0.133333
229 231 0.0242424
229 275 0.0402685
229 276 0.460465
229 277 0.0816327
229 278 0.0310881
230 182 0.00847458
230 183 0.369863
230 184 0.207171
230 185 0.0451128
230 229 0.133333
230 231 0.108108
230 232 0.0175439
230 276 0.00851064
230 278 0.084507
230 279 0.0223214
231 183 0.0441176
231 184 0.0466102
231 185 0.0169492
231 229 0.0242424
231 230 0.108108
231 232 0.0705128
231 233 0.00507614
231 276 0.0181818
231 277 0.0460526
231 278 0.535354
231 279 0.23445
232 184 0.216216
232 185 0.144231
232 186 0.294643
232 230 0.0175439
232 231 0.0705128
232 233 0.218579
232 278 0.0706522
232 279 0.0615385
232 280 0.0223214
233 184 0.106464
233 185 0.0965517
233 186 0.384906
233 187 0.032967
233 231 0.00507614
233 232 0.218579
233 278 0.00888889
233 279 0.135593
233 280 0.301887
233 281 0.0894942
234 280 0.0944206
234 281 0.137778
235 188 0.141892
235 236 0.210526
235 282 0.0425532
236 188 0.143617
236 189 0.0479042
236 190 0.0428571
236 235 0.210526
236 282 0.134328
236 283 0.0851064
237 190 0.114754
237 191 0.196721
237 283 0.146341
237 284 0.0578512
238 191 0.150376
238 192 0.283784
238 239 0.0683761
238 285 0.0583942
239 192 0.072
239 238 0.0683761
239 285 0.0789474
239 286 0.138889
240 192 0.020979
240 193 0.259259
240 194 0.107914
240 241 0.00719424
240 286 0.126984
240 287 0.130435
241 194 0.121622
241 195 0.0320513
241 240 0.00719424
241 242 0.0328947
241 287 0.312925
241 288 0.353333
242 195 0.11875
242 241 0.0328947
242 243 0.114865
242 288 0.24026
242 289 0.2
243 196 0.112782
243 242 0.114865
243 244 0.0151515
243 289 0.0789474
243 290 0.253846
244 196 0.016
244 197 0.107692
244 243 0.0151515
244 245 0.015748
244 290 0.0983607
244 291 0.30137
244 292 0.00729927
245 197 0.203008
245 198 0.0425532
245 199 0.00769231
245 244 0.015748
245 246 0.0860927
245 291 0.0738255
245 292 0.157143
246 199 0.278146
246 200 0.0120482
246 245 0.0860927
246 247 0.207101
246 292 0.111801
246 293 0.0581395
246 294 0.0198676
247 199 0.0202703
247 200 0.220859
247 246 0.207101
247 294 0.135135
248 200 0.0512821
248 201 0.159722
248 249 0.0411765
248 294 0.212766
248 295 0.0909091
249 201 0.117284
249 202 0.122093
249 248 0.0411765
249 250 0.147059
249 295 0.306011
249 296 0.00854701
249 297 0.0189873
250 202 0.0585106
250 203 0.478261
250 205 0.0180723
250 249 0.147059
250 295 0.0603015
250 296 0.075188
250 297 0.0114943
251 205 0.0666667
251 206 0.356322
251 252 0.0859375
251 253 0.0423729
251 297 0.013986
251 298 0.0336134
251 300 0.0116959
252 205 0.380952
252 251 0.0859375
252 296 0.0694444
252 297 0.433628
252 298 0.0337079
253 206 0.0447761
253 207 0.358491
253 208 0.0352941
253 251 0.0423729
253 254 0.0363636
253 299 0.192661
253 300 0.0381679
253 301 0.0425532
253 302 0.0118343
254 206 0.045045
254 207 0.0843373
254 208 0.129032
254 253 0.0363636
254 255 0.0175439
254 257 0.0104167
254 300 0.0277778
254 301 0.0508475
254 302 0.0479452
254 303 0.0078125
255 254 0.0175439
255 257 0.00826446
255 300 0.0601504
255 301 0.447552
255 302 0.111111
255 303 0.0784314
256 210 0.0826446
256 211 0.00806452
256 257 0.0520833
256 258 0.105263
256 303 0.0546875
256 304 0.0744681
256 305 0.0413793
257 208 0.0238095
257 209 0.0291262
257 210 0.0324324
257 211 0.0957447
257 254 0.0104167
257 255 0.00826446
257 256 0.0520833
257 258 0.115702
257 302 0.242857
257 303 0.442708
257 304 0.0253165
257 305 0.0287081
258 209 0.015625
258 210 0.0479452
258 211 0.348993
258 212 0.0512821
258 256 0.105263
258 257 0.115702
258 303 0.0522876
258 304 0.0504202
258 305 0.1
258 306 0.0362319
259 210 0.0947867
259 211 0.00934579
259 212 0.043956
259 213 0.0348837
259 260 0.323529
259 261 0.0241935
259 304 0.0108696
259 305 0.153191
259 306 0.231527
259 307 0.261224
260 210 0.0632911
260 212 0.360577
260 213 0.242424
260 259 0.323529
260 261 0.0218978
260 262 0.0208333
260 305 0.0114943
260 306 0.113537
260 307 0.0258303
261 213 0.168269
261 214 0.0892857
261 215 0.00873362
261 259 0.0241935
261 260 0.0218978
261 262 0.412
261 263 0.0103448
261 307 0.0925267
261 309 0.29386
262 213 0.0402299
262 214 0.0149254
262 215 0.00512821
262 260 0.0208333
262 261 0.412
262 263 0.0351562
262 307 0.194332
262 308 0.0785714
262 309 0.206186
263 214 0.0114943
263 215 0.0553191
263 216 0.0481928
263 217 0.397959
263 218 0.00847458
263 261 0.0103448
263 262 0.0351562
263 264 0.206612
263 265 0.00660066
263 308 0.0555556
263 309 0.111111
263 310 0.246862
263 312 0.00813008
264 215 0.0552486
264 216 0.133929
264 217 0.395833
264 218 0.104396
264 263 0.206612
264 265 0.0682731
264 308 0.031746
264 309 0.00555556
264 310 0.0486486
264 312 0.046875
265 217 0.00332226
265 218 0.148148
265 219 0.0113208
265 263 0.00660066
265 264 0.0682731
265 266 0.232068
265 311 0.0320856
265 312 0.383399
265 313 0.146825
265 314 0.00398406
266 218 0.0705882
266 219 0.0364583
266 220 0.0647059
266 265 0.232068
266 267 0.0687831
266 312 0.0111111
266 313 0.0502793
266 314 0.0505618
267 219 0.364055
267 220 0.169231
267 221 0.08
267 222 0.0488889
267 266 0.0687831
267 268 0.144231
267 313 0.0147059
267 314 0.147783
267 315 0.0788177
267 316 0.0243902
268 219 0.014218
268 220 0.015873
268 221 0.0206186
268 222 0.118721
268 223 0.121212
268 267 0.144231
268 269 0.113924
268 270 0.0142857
268 314 0.0609137
268 315 0.15736
268 316 0.105528
268 317 0.0232558
268 318 0.028436
269 223 0.0194805
269 268 0.113924
269 270 0.34375
269 271 0.0264901
269 317 0.078125
269 318 0.011976
269 319 0.03125
270 223 0.0220588
270 268 0.0142857
270 269 0.34375
270 271 0.0150376
270 318 0.00671141
271 223 0.0366492
271 224 0.361345
271 225 0.0585366
271 269 0.0264901
271 270 0.0150376
271 272 0.0178571
271 273 0.047619
271 274 0.0136986
271 317 0.0484848
271 318 0.151961
271 319 0.00507614
272 226 0.469388
272 228 0.00689655
272 271 0.0178571
272 273 0.16
272 274 0.0769231
272 319 0.0413223
272 321 0.0540541
273 225 0.0699301
273 226 0.190476
273 271 0.047619
273 272 0.16
273 274 0.197452
273 319 0.103704
273 320 0.0338983
273 321 0.197531
274 224 0.00371747
274 226 0.115385
274 227 0.0265487
274 228 0.0436508
274 271 0.0136986
274 272 0.0769231
274 273 0.197452
274 319 0.0701754
274 320 0.0526316
274 321 0.647059
274 322 0.0724638
275 226 0.04
275 227 0.241176
275 228 0.255102
275 229 0.0402685
275 276 0.132353
275 277 0.00735294
275 320 0.0104167
275 321 0.0351759
275 322 0.2
275 323 0.0373832
276 227 0.00847458
276 228 0.0152672
276 229 0.460465
276 230 0.00851064
276 231 0.0181818
276 275 0.132353
276 277 0.326733
276 278 0.0564516
276 322 0.0174825
276 323 0.132143
276 324 0.0431373
277 229 0.0816327
277 231 0.0460526
277 275 0.00735294
277 276 0.326733
277 278 0.1
277 323 0.278302
277 324 0.117647
277 325 0.00588235
278 229 0.0310881
278 230 0.084507
278 231 0.535354
278 232 0.0706522
278 233 0.00888889
278 276 0.0564516
278 277 0.1
278 279 0.185654
278 323 0.0271318
278 324 0.055794
278 325 0.175926
278 326 0.0226415
279 230 0.0223214
279 231 0.23445
279 232 0.0615385
279 233 0.135593
279 278 0.185654
279 280 0.256318
279 324 0.045082
279 325 0.418502
279 326 0.137681
280 232 0.0223214
280 233 0.301887
280 234 0.0944206
280 279 0.256318
280 281 0.248322
280 325 0.0664062
280 326 0.121311
280 327 0.0113636
280 328 0.00454545
281 233 0.0894942
281 234 0.137778
281 280 0.248322
282 235 0.0425532
282 236 0.134328
282 283 0.0495868
282 329 0.102564
282 330 0.102941
283 236 0.0851064
283 237 0.146341
283 282 0.0495868
283 330 0.0769231
283 331 0.0977444
284 237 0.0578512
284 285 0.310078
284 331 0.145038
284 332 0.0151515
285 238 0.0583942
285 239 0.0789474
285 284 0.310078
285 332 0.284672
285 333 0.0078125
286 239 0.138889
286 240 0.126984
286 287 0.0671642
286 332 0.0152672
286 333 0.057377
286 334 0.188525
287 240 0.130435
287 241 0.312925
287 286 0.0671642
287 288 0.0201342
287 334 0.0970149
287 335 0.048
288 241 0.353333
288 242 0.24026
288 287 0.0201342
288 335 0.0625
288 336 0.0792683
289 242 0.2
289 243 0.0789474
289 290 0.0140845
289 336 0.229412
289 337 0.171429
290 243 0.253846
290 244 0.0983607
290 289 0.0140845
290 337 0.118644
290 338 0.0810811
291 244 0.30137
291 245 0.0738255
291 292 0.188679
291 293 0.0294118
291 338 0.0465116
291 339 0.00529101
292 244 0.00729927
292 245 0.157143
292 246 0.111801
292 291 0.188679
292 293 0.167702
292 339 0.0166667
293 246 0.0581395
293 291 0.0294118
293 292 0.167702
293 294 0.00662252
293 339 0.13089
293 340 0.214724
294 246 0.0198676
294 247 0.135135
294 248 0.212766
294 293 0.00662252
294 340 0.0774648
294 341 0.0839161
294 342 0.110465
295 248 0.0909091
295 249 0.306011
295 250 0.0603015
295 296 0.0892857
295 297 0.0653595
295 342 0.433673
296 249 0.00854701
296 250 0.075188
296 252 0.0694444
296 295 0.0892857
296 297 0.482759
296 298 0.015873
296 342 0.0230769
296 343 0.104478
296 344 0.0444444
297 249 0.0189873
297 250 0.0114943
297 251 0.013986
297 252 0.433628
297 295 0.0653595
297 296 0.482759
297 298 0.0288462
297 342 0.00584795
297 343 0.148148
297 344 0.0305344
298 251 0.0336134
298 252 0.0337079
298 296 0.015873
298 297 0.0288462
298 299 0.409091
298 300 0.0151515
298 343 0.047619
298 344 0.0654206
298 345 0.0137931
298 346 0.00543478
298 347 0.0412371
299 253 0.192661
299 298 0.409091
299 344 0.0145985
299 347 0.110236
300 251 0.0116959
300 253 0.0381679
300 254 0.0277778
300 255 0.0601504
300 298 0.0151515
300 301 0.221649
300 302 0.0135135
300 346 0.470339
300 347 0.107383
300 348 0.136364
300 349 0.00540541
301 253 0.0425532
301 254 0.0508475
301 255 0.447552
301 300 0.221649
301 302 0.288793
301 303 0.0233645
301 346 0.0894309
301 348 0.0609756
301 350 0.00398406
302 253 0.0118343
302 254 0.0479452
302 255 0.111111
302 257 0.242857
302 300 0.0135135
302 301 0.288793
302 303 0.334711
302 348 0.0364583
302 350 0.129032
303 254 0.0078125
303 255 0.0784314
303 256 0.0546875
303 257 0.442708
303 258 0.0522876
303 301 0.0233645
303 302 0.334711
303 304 0.0578947
303 348 0.00574713
303 350 0.0613027
303 352 0.117904
304 256 0.0744681
304 257 0.0253165
304 258 0.0504202
304 259 0.0108696
304 303 0.0578947
304 305 0.357488
304 306 0.0457143
304 350 0.0881057
304 351 0.016129
304 352 0.312821
304 353 0.0175439
305 256 0.0413793
305 257 0.0287081
305 258 0.1
305 259 0.153191
305 260 0.0114943
305 304 0.357488
305 306 0.318584
305 350 0.00719424
305 352 0.341463
305 353 0.0315315
306 258 0.0362319
306 259 0.231527
306 260 0.113537
306 304 0.0457143
306 305 0.318584
306 307 0.15678
306 352 0.0233645
306 353 0.121053
306 354 0.0444444
307 259 0.261224
307 260 0.0258303
307 261 0.0925267
307 262 0.194332
307 306 0.15678
307 309 0.04
307 353 0.142241
307 354 0.440678
307 355 0.0585586
307 356 0.133562
308 262 0.0785714
308 263 0.0555556
308 264 0.031746
308 309 0.059322
308 310 0.195122
308 355 0.00869565
308 356 0.0810811
308 357 0.0638298
308 358 0.0211268
309 261 0.29386
309 262 0.206186
309 263 0.111111
309 264 0.00555556
309 307 0.04
309 308 0.059322
309 310 0.0564972
309 354 0.016129
309 356 0.175732
309 357 0.118812
309 358 0.0255102
310 263 0.246862
310 264 0.0486486
310 308 0.195122
310 309 0.0564972
310 312 0.021164
310 356 0.0491803
310 357 0.0377358
310 358 0.233831
311 265 0.0320856
311 312 0.338462
311 313 0.0155039
311 358 0.028169
311 359 0.0479452
311 360 0.00657895
312 263 0.00813008
312 264 0.046875
312 265 0.383399
312 266 0.0111111
312 310 0.021164
312 311 0.338462
312 313 0.025641
312 358 0.0240385
312 359 0.117925
312 360 0.0825688
313 265 0.146825
313 266 0.0502793
313 267 0.0147059
313 311 0.0155039
313 312 0.025641
313 314 0.165803
313 315 0.0103627
313 359 0.0331754
313 360 0.317972
313 361 0.0225989
313 362 0.0410256
314 265 0.00398406
314 266 0.0505618
314 267 0.147783
314 268 0.0609137
314 313 0.165803
314 315 0.182292
314 316 0.154639
314 360 0.0231481
314 361 0.176136
314 362 0.0463918
315 267 0.0788177
315 268 0.15736
315 313 0.0103627
315 314 0.182292
315 316 0.185567
315 361 0.153409
315 362 0.0412371
316 267 0.0243902
316 268 0.105528
316 314 0.154639
316 315 0.185567
316 317 0.153846
316 361 0.101124
316 362 0.173469
317 268 0.0232558
317 269 0.078125
317 271 0.0484848
317 316 0.153846
317 318 0.0939227
317 319 0.0402299
317 363 0.231405
317 364 0.0447761
317 365 0.07
318 268 0.028436
318 269 0.011976
318 270 0.00671141
318 271 0.151961
318 317 0.0939227
319 269 0.03125
319 271 0.00507614
319 272 0.0413223
319 273 0.103704
319 274 0.0701754
319 317 0.0402299
319 321 0.0171674
319 363 0.0457516
319 365 0.128788
319 366 0.508
319 367 0.00555556
320 273 0.0338983
320 274 0.0526316
320 275 0.0104167
320 321 0.0955414
320 322 0.134831
320 367 0.0961538
320 368 0.0559006
320 369 0.121951
320 370 0.00689655
321 272 0.0540541
321 273 0.197531
321 274 0.647059
321 275 0.0351759
321 319 0.0171674
321 320 0.0955414
321 322 0.106762
321 366 0.0505415
321 367 0.15942
321 369 0.0324324
322 274 0.0724638
322 275 0.2
322 276 0.0174825
322 320 0.134831
322 321 0.106762
322 323 0.0101351
322 367 0.100877
322 368 0.140351
322 369 0.305825
322 370 0.185874
323 275 0.0373832
323 276 0.132143
323 277 0.278302
323 278 0.0271318
323 322 0.0101351
323 324 0.354717
323 325 0.00403226
323 369 0.01
323 370 0.418251
323 371 0.0751634
324 276 0.0431373
324 277 0.117647
324 278 0.055794
324 279 0.045082
324 323 0.354717
324 325 0.0627803
324 326 0.0882353
324 370 0.113445
324 371 0.288256
324 372 0.0821918
325 277 0.00588235
325 278 0.175926
325 279 0.418502
325 280 0.0664062
325 323 0.00403226
325 324 0.0627803
325 326 0.223529
325 371 0.0113636
325 372 0.0792079
325 373 0.0174419
326 278 0.0226415
326 279 0.137681
326 280 0.121311
326 324 0.0882353
326 325 0.223529
326 371 0.0447284
326 372 0.525896
326 373 0.117647
326 374 0.0401606
327 280 0.0113636
327 328 0.398876
327 373 0.0611111
327 374 0.1875
327 375 0.106145
328 280 0.00454545
328 327 0.398876
328 374 0.054878
328 375 0.0148148
329 282 0.102564
329 330 0.194245
329 376 0.153846
330 282 0.102941
330 283 0.0769231
330 329 0.194245
330 331 0.27027
330 376 0.00671141
330 377 0.0915493
330 378 0.00724638
331 283 0.0977444
331 284 0.145038
331 330 0.27027
331 377 0.0151515
331 378 0.101562
332 284 0.0151515
332 285 0.284672
332 286 0.0152672
332 333 0.152672
332 379 0.0649351
333 285 0.0078125
333 286 0.057377
333 332 0.152672
333 379 0.103448
333 380 0.204918
334 286 0.188525
334 287 0.0970149
334 335 0.0973451
334 380 0.196721
334 381 0.120301
335 287 0.048
335 288 0.0625
335 334 0.0973451
335 336 0.05
335 381 0.145161
335 382 0.0652174
336 288 0.0792683
336 289 0.229412
