0 1 0.216867
0 31 0.27673
0 32 0.223529
1 0 0.216867
1 2 0.225434
1 32 0.102273
1 63 0.0294118
1 64 0.0787879
2 1 0.225434
2 3 0.122449
2 4 0.0116959
2 33 0.1
2 34 0.205882
2 64 0.0963855
2 65 0.00609756
3 2 0.122449
3 4 0.423611
3 34 0.0769231
3 35 0.00729927
3 65 0.0729927
4 2 0.0116959
4 3 0.423611
4 5 0.240964
4 35 0.167702
4 65 0.0496894
5 4 0.240964
5 6 0.14
5 35 0.194969
5 36 0.158824
5 37 0.00574713
5 65 0.00628931
5 67 0.0240964
6 5 0.14
6 7 0.109589
6 36 0.205128
6 37 0.25625
7 6 0.109589
7 8 0.104348
7 37 0.258824
7 38 0.0827586
8 7 0.104348
8 9 0.162162
8 38 0.0769231
8 39 0.0813954
9 8 0.162162
9 10 0.00980392
9 40 0.075
9 41 0.1875
10 9 0.00980392
10 11 0.195489
10 41 0.379032
10 42 0.0153846
11 10 0.195489
11 12 0.157895
11 42 0.075188
11 43 0.0689655
11 73 0.0220588
12 11 0.157895
12 13 0.262136
12 43 0.0638298
13 12 0.262136
13 43 0.0857143
13 44 0.0733945
13 45 0.157025
13 75 0.0183486
14 45 0.0447761
15 16 0.0672269
15 45 0.28125
15 46 0.037594
15 75 0.0344828
16 15 0.0672269
16 17 0.3
16 18 0.137931
16 19 0.025974
16 46 0.0967742
16 47 0.00980392
16 48 0.0617284
17 16 0.3
17 18 0.105263
17 19 0.191489
17 46 0.0851064
17 47 0.0972222
17 48 0.333333
17 49 0.09375
17 78 0.0422535
18 16 0.137931
18 17 0.105263
18 19 0.240741
18 20 0.163265
18 49 0.028169
19 16 0.025974
19 17 0.191489
19 18 0.240741
19 20 0.0512821
19 48 0.104167
19 49 0.377049
19 50 0.0363636
19 78 0.0147059
19 81 0.0296296
20 18 0.163265
20 19 0.0512821
20 21 0.24
20 50 0.00625
21 20 0.24
21 22 0.0566038
21 23 0.0526316
21 50 0.0340909
21 51 0.0228571
22 21 0.0566038
22 23 0.00666667
22 24 0.131222
22 51 0.123134
22 53 0.25
22 55 0.00540541
22 85 0.0787037
23 21 0.0526316
23 22 0.00666667
23 24 0.0420168
24 22 0.131222
24 23 0.0420168
24 25 0.188596
24 55 0.0324675
24 56 0.0659341
24 85 0.0864865
25 24 0.188596
25 26 0.210938
25 56 0.245455
25 58 0.07173
25 85 0.0358744
26 25 0.210938
26 27 0.0923077
26 28 0.0844444
26 56 0.0333333
26 58 0.38326
26 90 0.00505051
27 26 0.0923077
27 28 0.316092
27 29 0.111111
27 58 0.00568182
28 26 0.0844444
28 27 0.316092
28 29 0.21875
28 58 0.0291262
28 90 0.0734463
28 91 0.010101
29 27 0.111111
29 28 0.21875
29 60 0.0195122
29 61 0.2
29 91 0.0107527
29 92 0.0257511
30 61 0.05
31 0 0.27673
31 32 0.16568
31 62 0.0731707
31 93 0.038674
32 0 0.223529
32 1 0.102273
32 31 0.16568
32 63 0.212644
32 93 0.0625
33 2 0.1
33 34 0.174699
33 63 0.0239521
33 64 0.290123
33 65 0.01875
33 94 0.0566038
33 95 0.137931
34 2 0.205882
34 3 0.0769231
34 33 0.174699
34 35 0.0125
34 65 0.30625
34 66 0.0196078
34 95 0.00574713
34 96 0.0224719
35 3 0.00729927
35 4 0.167702
35 5 0.194969
35 34 0.0125
35 36 0.030303
35 65 0.136364
35 66 0.14966
35 67 0.0124224
35 97 0.00714286
35 98 0.141975
36 5 0.158824
36 6 0.205128
36 35 0.030303
36 37 0.166667
36 67 0.290698
36 68 0.195531
36 69 0.00568182
36 98 0.0462428
37 5 0.00574713
37 6 0.25625
37 7 0.258824
37 36 0.166667
37 38 0.0628931
37 67 0.00568182
37 68 0.103825
37 69 0.138889
38 7 0.0827586
38 8 0.0769231
38 37 0.0628931
38 39 0.241379
38 69 0.129032
38 70 0.149533
39 8 0.0813954
39 38 0.241379
39 40 0.184783
39 70 0.101124
39 71 0.0210526
40 9 0.075
40 39 0.184783
40 41 0.117647
40 71 0.0224719
40 72 0.0786517
41 9 0.1875
41 10 0.379032
41 40 0.117647
41 72 0.0190476
42 10 0.0153846
42 11 0.075188
42 72 0.207207
42 73 0.165414
42 103 0.048
42 104 0.0757576
43 11 0.0689655
43 12 0.0638298
43 13 0.0857143
43 44 0.18
43 73 0.137931
43 74 0.0752688
44 13 0.0733945
44 43 0.18
44 74 0.134021
44 75 0.25
44 106 0.00909091
45 13 0.157025
45 14 0.0447761
45 15 0.28125
45 75 0.0603448
46 15 0.037594
46 16 0.0967742
46 17 0.0851064
46 47 0.232759
46 48 0.0421053
46 75 0.00826446
46 76 0.0314961
46 77 0.0939597
46 78 0.0434783
46 79 0.00970874
46 109 0.0204082
47 16 0.00980392
47 17 0.0972222
47 46 0.232759
47 48 0.205479
47 77 0.0787402
47 78 0.172043
47 79 0.123457
47 80 0.0471698
47 108 0.047619
47 109 0.131579
47 110 0.0612245
48 16 0.0617284
48 17 0.333333
48 19 0.104167
48 46 0.0421053
48 47 0.205479
48 49 0.0615385
48 78 0.291667
48 80 0.0352941
48 81 0.0143885
48 110 0.025974
49 17 0.09375
49 18 0.028169
49 19 0.377049
49 48 0.0615385
49 50 0.142857
49 78 0.0588235
49 81 0.131579
50 19 0.0363636
50 20 0.00625
50 21 0.0340909
50 49 0.142857
50 51 0.252632
50 81 0.167969
50 112 0.0746269
50 114 0.00454545
51 21 0.0228571
51 22 0.123134
51 50 0.252632
51 52 0.0116959
51 53 0.293651
51 112 0.0449438
51 114 0.0958904
52 51 0.0116959
52 53 0.0863309
52 54 0.169811
52 82 0.132075
52 83 0.313726
52 84 0.0851064
52 85 0.00840336
52 114 0.0283019
52 115 0.0222222
53 22 0.25
53 51 0.293651
53 52 0.0863309
53 55 0.0177515
53 84 0.0390625
53 85 0.1
53 114 0.0106952
54 52 0.169811
54 55 0.168675
54 84 0.0952381
54 85 0.0701754
54 86 0.027027
54 115 0.00769231
54 116 0.0104167
54 117 0.00740741
55 22 0.00540541
55 24 0.0324675
55 53 0.0177515
55 54 0.168675
55 56 0.130137
55 57 0.05
55 84 0.194805
55 85 0.208054
55 86 0.0555556
55 87 0.00909091
55 116 0.0381679
55 117 0.0235294
56 24 0.0659341
56 25 0.245455
56 26 0.0333333
56 55 0.130137
56 57 0.0234375
56 58 0.13089
56 85 0.039548
56 86 0.02
56 87 0.0797101
56 88 0.0378788
57 55 0.05
57 56 0.0234375
57 59 0.119403
57 86 0.0925926
57 87 0.25
57 88 0.186047
57 117 0.0197368
57 119 0.032967
58 25 0.07173
58 26 0.38326
58 27 0.00568182
58 28 0.0291262
58 56 0.13089
58 59 0.0538462
58 87 0.00645161
58 88 0.127517
58 90 0.0223464
59 57 0.119403
59 58 0.0538462
59 87 0.0519481
59 88 0.239437
59 90 0.108911
60 29 0.0195122
60 61 0.123529
60 91 0.0521327
60 92 0.531008
60 121 0.0103627
60 123 0.0290698
61 29 0.2
61 30 0.05
61 60 0.123529
61 92 0.0454545
62 31 0.0731707
62 93 0.379679
62 124 0.103448
63 1 0.0294118
63 32 0.212644
63 33 0.0239521
63 64 0.269939
63 93 0.0591398
63 94 0.075
64 1 0.0787879
64 2 0.0963855
64 33 0.290123
64 63 0.269939
64 94 0.0516129
65 2 0.00609756
65 3 0.0729927
65 4 0.0496894
65 5 0.00628931
65 33 0.01875
65 34 0.30625
65 35 0.136364
65 66 0.122449
65 95 0.0178571
65 96 0.145349
65 97 0.0214286
65 98 0.00617284
66 34 0.0196078
66 35 0.14966
66 65 0.122449
66 67 0.038961
66 96 0.151515
66 97 0.308271
66 98 0.187097
66 127 0.08125
66 129 0.0128205
67 5 0.0240964
67 35 0.0124224
67 36 0.290698
67 37 0.00568182
67 66 0.038961
67 68 0.222857
67 98 0.278107
67 99 0.151515
67 129 0.00588235
68 36 0.195531
68 37 0.103825
68 67 0.222857
68 69 0.139665
68 98 0.0113636
68 99 0.127907
68 100 0.155172
68 129 0.0169492
68 130 0.0335196
69 36 0.00568182
69 37 0.138889
69 38 0.129032
69 68 0.139665
69 70 0.0625
69 100 0.216374
69 131 0.0314465
70 38 0.149533
70 39 0.101124
70 69 0.0625
70 71 0.116279
70 101 0.0842105
71 39 0.0210526
71 40 0.0224719
71 70 0.116279
71 72 0.152174
71 101 0.029703
71 102 0.0825688
71 103 0.0283019
72 40 0.0786517
72 41 0.0190476
72 42 0.207207
72 71 0.152174
72 103 0.0283019
73 11 0.0220588
73 42 0.165414
73 43 0.137931
73 74 0.256637
73 104 0.0592593
74 43 0.0752688
74 44 0.134021
74 73 0.256637
74 104 0.0535714
74 105 0.0384615
74 106 0.0194175
75 13 0.0183486
75 15 0.0344828
75 44 0.25
75 45 0.0603448
75 46 0.00826446
75 76 0.136364
75 106 0.00909091
76 46 0.0314961
76 75 0.136364
76 77 0.108696
76 106 0.112069
76 107 0.048
77 46 0.0939597
77 47 0.0787402
77 76 0.108696
77 78 0.015873
77 79 0.0877193
77 80 0.00719424
77 107 0.217687
77 108 0.15942
77 109 0.00917431
77 110 0.00763359
78 17 0.0422535
78 19 0.0147059
78 46 0.0434783
78 47 0.172043
78 48 0.291667
78 49 0.0588235
78 77 0.015873
78 79 0.15
78 80 0.219048
78 81 0.0566038
78 108 0.00961538
78 109 0.0666667
78 110 0.298969
78 111 0.0123457
78 112 0.0233918
79 46 0.00970874
79 47 0.123457
79 77 0.0877193
79 78 0.15
79 80 0.129032
79 107 0.019802
79 108 0.163043
79 109 0.380952
79 110 0.164706
79 111 0.00666667
79 140 0.0595238
80 47 0.0471698
80 48 0.0352941
80 77 0.00719424
80 78 0.219048
80 79 0.129032
80 81 0.0872093
80 108 0.017094
80 109 0.0227273
80 110 0.409091
80 111 0.154286
80 112 0.0923913
80 140 0.00917431
80 141 0.0198676
80 142 0.0410959
81 19 0.0296296
81 48 0.0143885
81 49 0.131579
81 50 0.167969
81 78 0.0566038
81 80 0.0872093
81 110 0.0182927
81 112 0.205882
81 114 0.0315789
82 52 0.132075
82 83 0.217391
82 112 0.0134228
82 113 0.0843373
82 114 0.138614
82 115 0.0153846
83 52 0.313726
83 82 0.217391
83 84 0.05
83 113 0.0123457
83 114 0.050505
84 52 0.0851064
84 53 0.0390625
84 54 0.0952381
84 55 0.194805
84 83 0.05
84 85 0.0555556
84 86 0.0322581
85 22 0.0787037
85 24 0.0864865
85 25 0.0358744
85 52 0.00840336
85 53 0.1
85 54 0.0701754
85 55 0.208054
85 56 0.039548
85 84 0.0555556
85 115 0.0255102
85 116 0.0493827
85 117 0.0298507
86 54 0.027027
86 55 0.0555556
86 56 0.02
86 57 0.0925926
86 84 0.0322581
86 87 0.078125
87 55 0.00909091
87 56 0.0797101
87 57 0.25
87 58 0.00645161
87 59 0.0519481
87 86 0.078125
87 88 0.166667
87 89 0.0220588
87 117 0.0123457
87 118 0.0273973
87 119 0.168317
87 120 0.00568182
88 56 0.0378788
88 57 0.186047
88 58 0.127517
88 59 0.239437
88 87 0.166667
88 89 0.0307692
88 90 0.116667
89 87 0.0220588
89 88 0.0307692
89 90 0.1125
89 91 0.0331492
89 118 0.0555556
89 119 0.0148148
89 120 0.357143
89 121 0.122699
89 122 0.0322581
89 150 0.00574713
89 152 0.0239521
90 26 0.00505051
90 28 0.0734463
90 58 0.0223464
90 59 0.108911
90 88 0.116667
90 89 0.1125
90 91 0.245614
90 120 0.01
90 121 0.0196078
91 28 0.010101
91 29 0.0107527
91 60 0.0521327
91 89 0.0331492
91 90 0.245614
91 92 0.188285
91 121 0.166667
91 122 0.0542169
91 152 0.00561798
92 29 0.0257511
92 60 0.531008
92 61 0.0454545
92 91 0.188285
92 121 0.00452489
92 123 0.005
93 31 0.038674
93 32 0.0625
93 62 0.379679
93 63 0.0591398
93 94 0.0168539
93 124 0.0123457
93 125 0.26455
93 155 0.0360825
94 33 0.0566038
94 63 0.075
94 64 0.0516129
94 93 0.0168539
94 95 0.0658683
94 125 0.153374
94 126 0.207547
95 33 0.137931
95 34 0.00574713
95 65 0.0178571
95 94 0.0658683
95 96 0.290323
95 126 0.155172
95 127 0.00552486
95 157 0.0659341
95 158 0.0674157
96 34 0.0224719
96 65 0.145349
96 66 0.151515
96 95 0.290323
96 97 0.0316456
96 127 0.243243
96 128 0.0189873
96 157 0.0107527
96 158 0.120879
97 35 0.00714286
97 65 0.0214286
97 66 0.308271
97 96 0.0316456
97 98 0.202703
97 127 0.0849673
97 128 0.0634921
97 129 0.0805369
98 35 0.141975
98 36 0.0462428
98 65 0.00617284
98 66 0.187097
98 67 0.278107
98 68 0.0113636
98 97 0.202703
98 99 0.0180723
98 129 0.0526316
99 67 0.151515
99 68 0.127907
99 98 0.0180723
99 100 0.0182927
99 129 0.323353
99 130 0.319527
99 161 0.0181818
100 68 0.155172
100 69 0.216374
100 99 0.0182927
100 130 0.292398
100 131 0.233766
100 162 0.0446927
101 70 0.0842105
101 71 0.029703
101 102 0.059322
101 131 0.134921
101 132 0.289474
101 163 0.0333333
102 71 0.0825688
102 101 0.059322
102 103 0.130081
102 132 0.057377
102 133 0.112069
102 134 0.0902256
102 163 0.078125
103 42 0.048
103 71 0.0283019
103 72 0.0283019
103 102 0.130081
103 104 0.228346
103 134 0.1
103 135 0.0970149
104 42 0.0757576
104 73 0.0592593
104 74 0.0535714
104 103 0.228346
104 105 0.126984
104 135 0.120567
105 74 0.0384615
105 104 0.126984
105 106 0.333333
105 136 0.0396825
105 137 0.016
106 44 0.00909091
106 74 0.0194175
106 75 0.00909091
106 76 0.112069
106 105 0.333333
106 107 0.064
106 137 0.0645161
107 76 0.048
107 77 0.217687
107 79 0.019802
107 106 0.064
107 108 0.008
107 109 0.0104167
107 137 0.0827068
107 138 0.125
107 169 0.0340909
108 47 0.047619
108 77 0.15942
108 78 0.00961538
108 79 0.163043
108 80 0.017094
108 107 0.008
108 109 0.287356
108 138 0.12605
108 139 0.0379747
108 140 0.0185185
108 169 0.113924
108 170 0.0379747
108 172 0.0229885
109 46 0.0204082
109 47 0.131579
109 77 0.00917431
109 78 0.0666667
109 79 0.380952
109 80 0.0227273
109 107 0.0104167
109 108 0.287356
109 110 0.0875
109 111 0.00689655
109 140 0.0126582
109 142 0.0172414
110 47 0.0612245
110 48 0.025974
110 77 0.00763359
110 78 0.298969
110 79 0.164706
110 80 0.409091
110 81 0.0182927
110 109 0.0875
110 111 0.0598802
110 112 0.0113636
111 78 0.0123457
111 79 0.00666667
111 80 0.154286
111 109 0.00689655
111 110 0.0598802
111 112 0.06639
111 140 0.0180723
111 141 0.230769
111 142 0.339901
111 143 0.0680851
111 144 0.0347826
112 50 0.0746269
112 51 0.0449438
112 78 0.0233918
112 80 0.0923913
112 81 0.205882
112 82 0.0134228
112 110 0.0113636
112 111 0.06639
112 113 0.076087
112 114 0.113861
112 142 0.0660377
112 143 0.00819672
112 144 0.142259
112 145 0.00413223
113 82 0.0843373
113 83 0.0123457
113 112 0.076087
113 114 0.279412
113 115 0.10303
113 143 0.0337079
113 145 0.113636
113 146 0.0148148
114 50 0.00454545
114 51 0.0958904
114 52 0.0283019
114 53 0.0106952
114 81 0.0315789
114 82 0.138614
114 83 0.050505
114 112 0.113861
114 113 0.279412
114 115 0.0928962
114 144 0.0052356
114 145 0.0309278
115 52 0.0222222
115 54 0.00769231
115 82 0.0153846
115 85 0.0255102
115 113 0.10303
115 114 0.0928962
115 116 0.0617978
115 145 0.215247
115 146 0.10989
115 147 0.103286
116 54 0.0104167
116 55 0.0381679
116 85 0.0493827
116 115 0.0617978
116 117 0.251366
116 118 0.011976
116 146 0.027027
116 147 0.134078
116 148 0.0123457
117 54 0.00740741
117 55 0.0235294
117 57 0.0197368
117 85 0.0298507
117 87 0.0123457
117 116 0.251366
117 118 0.145631
117 119 0.0310559
117 147 0.123853
117 148 0.18408
117 150 0.025
118 87 0.0273973
118 89 0.0555556
118 116 0.011976
118 117 0.145631
118 119 0.0827586
118 120 0.0363636
118 148 0.0486486
118 149 0.015748
118 150 0.402174
119 57 0.032967
119 87 0.168317
119 89 0.0148148
119 117 0.0310559
119 118 0.0827586
119 120 0.114286
119 150 0.100719
120 87 0.00568182
120 89 0.357143
120 90 0.01
120 118 0.0363636
120 119 0.114286
120 121 0.0541872
120 149 0.0636943
120 150 0.0420561
120 151 0.0138889
120 152 0.236715
121 60 0.0103627
121 89 0.122699
121 90 0.0196078
121 91 0.166667
121 92 0.00452489
121 120 0.0541872
121 122 0.263514
121 152 0.20625
122 89 0.0322581
122 91 0.0542169
122 121 0.263514
122 123 0.141732
122 152 0.111842
122 153 0.0561798
122 154 0.039604
123 60 0.0290698
123 92 0.005
123 122 0.141732
123 154 0.295455
124 62 0.103448
124 93 0.0123457
124 125 0.00680272
124 155 0.381579
124 186 0.05
125 93 0.26455
125 94 0.153374
125 124 0.00680272
125 126 0.0529412
125 155 0.122905
125 156 0.0748663
125 187 0.0804598
126 94 0.207547
126 95 0.155172
126 125 0.0529412
126 156 0.00546448
126 157 0.264368
126 158 0.00588235
126 187 0.1
126 188 0.0172414
127 66 0.08125
127 95 0.00552486
127 96 0.243243
127 97 0.0849673
127 128 0.24183
127 129 0.0113636
127 157 0.00552486
127 158 0.378531
127 159 0.00568182
128 96 0.0189873
128 97 0.0634921
128 127 0.24183
128 129 0.214765
128 158 0.0333333
128 159 0.0536913
128 160 0.142857
128 161 0.00680272
129 66 0.0128205
129 67 0.00588235
129 68 0.0169492
129 97 0.0805369
129 98 0.0526316
129 99 0.323353
129 127 0.0113636
129 128 0.214765
129 130 0.0402299
129 160 0.0235294
129 161 0.0764706
130 68 0.0335196
130 99 0.319527
130 100 0.292398
130 129 0.0402299
130 131 0.0251572
130 160 0.00581395
130 161 0.104651
130 162 0.103261
130 192 0.0163934
131 69 0.0314465
131 100 0.233766
131 101 0.134921
131 130 0.0251572
131 132 0.130769
131 162 0.11976
131 193 0.0125
132 101 0.289474
132 102 0.057377
132 131 0.130769
132 133 0.0446429
132 163 0.290323
132 193 0.0337838
133 102 0.112069
133 132 0.0446429
133 134 0.268293
133 135 0.00787402
133 163 0.20339
133 164 0.0461538
133 193 0.0140845
133 194 0.0746269
133 196 0.0434783
134 102 0.0902256
134 103 0.1
134 133 0.268293
134 135 0.298611
134 136 0.00729927
134 163 0.00740741
134 165 0.0263158
134 194 0.0357143
134 196 0.0697674
134 198 0.00694444
135 103 0.0970149
135 104 0.120567
135 133 0.00787402
135 134 0.298611
135 136 0.212766
135 165 0.025
135 196 0.0222222
135 197 0.0197368
135 198 0.00675676
136 105 0.0396825
136 134 0.00729927
136 135 0.212766
136 137 0.218045
136 166 0.206186
136 167 0.0410959
136 198 0.0212766
136 199 0.00680272
137 105 0.016
137 106 0.0645161
137 107 0.0827068
137 136 0.218045
137 138 0.133858
137 166 0.125
137 168 0.025641
137 200 0.0105263
138 107 0.125
138 108 0.12605
138 137 0.133858
138 139 0.170732
138 140 0.018018
138 168 0.0821918
138 169 0.231707
138 170 0.0853659
138 172 0.0555556
138 200 0.0555556
139 108 0.0379747
139 138 0.170732
139 140 0.169014
139 141 0.0265487
139 168 0.0909091
139 169 0.214286
139 170 0.333333
139 172 0.1
139 200 0.1
139 201 0.0612245
140 79 0.0595238
140 80 0.00917431
140 108 0.0185185
140 109 0.0126582
140 111 0.0180723
140 138 0.018018
140 139 0.169014
140 141 0.112676
140 168 0.016129
140 169 0.0422535
140 170 0.211268
140 172 0.35443
140 200 0.0379747
141 80 0.0198676
141 111 0.230769
141 139 0.0265487
141 140 0.112676
141 142 0.100559
141 169 0.0265487
141 170 0.0619469
141 171 0.0336134
141 172 0.115702
141 173 0.0648148
141 203 0.0248756
141 204 0.0245902
141 205 0.00460829
142 80 0.0410959
142 109 0.0172414
142 111 0.339901
142 112 0.0660377
142 141 0.100559
142 143 0.0242718
142 144 0.154229
142 172 0.00862069
142 173 0.038835
142 204 0.025641
143 111 0.0680851
143 112 0.00819672
143 113 0.0337079
143 142 0.0242718
143 144 0.424893
143 145 0.20339
143 174 0.012931
143 176 0.0529801
143 204 0.00671141
143 205 0.00409836
144 111 0.0347826
144 112 0.142259
144 114 0.0052356
144 142 0.154229
144 143 0.424893
144 145 0.112554
144 173 0.0384615
144 174 0.0132159
144 176 0.00684932
145 112 0.00413223
145 113 0.113636
145 114 0.0309278
145 115 0.215247
145 143 0.20339
145 144 0.112554
145 146 0.145078
145 176 0.0469799
145 206 0.00574713
146 113 0.0148148
146 115 0.10989
146 116 0.027027
146 145 0.145078
146 147 0.163934
146 148 0.0361446
146 176 0.00925926
146 177 0.0736842
146 178 0.102041
147 115 0.103286
147 116 0.134078
147 117 0.123853
147 146 0.163934
147 148 0.309645
147 178 0.0232558
147 180 0.0122699
148 116 0.0123457
148 117 0.18408
148 118 0.0486486
148 146 0.0361446
148 147 0.309645
148 150 0.0558659
148 178 0.0535714
148 179 0.0078125
148 180 0.0342466
148 181 0.0416667
149 118 0.015748
149 120 0.0636943
149 150 0.132231
149 151 0.0588235
149 152 0.0526316
149 181 0.0116279
149 182 0.142857
150 89 0.00574713
150 117 0.025
150 118 0.402174
150 119 0.100719
150 120 0.0420561
150 148 0.0558659
150 149 0.132231
150 180 0.00689655
150 181 0.027972
150 182 0.0265487
151 120 0.0138889
151 149 0.0588235
151 152 0.118812
151 182 0.116279
151 184 0.0377358
151 213 0.0340136
152 89 0.0239521
152 91 0.00561798
152 120 0.236715
152 121 0.20625
152 122 0.111842
152 149 0.0526316
152 151 0.118812
152 153 0.049505
152 184 0.00862069
153 122 0.0561798
153 152 0.049505
153 154 0.1
153 184 0.188679
153 185 0.0142857
154 122 0.039604
154 123 0.295455
154 153 0.1
154 185 0.0121951
155 93 0.0360825
155 124 0.381579
155 125 0.122905
155 156 0.265625
155 186 0.138158
155 187 0.00558659
156 125 0.0748663
156 126 0.00546448
156 155 0.265625
156 186 0.05625
156 187 0.28877
156 217 0.0353535
156 218 0.153409
156 219 0.0159574
157 95 0.0659341
157 96 0.0107527
157 126 0.264368
157 127 0.00552486
157 158 0.191011
157 188 0.0989011
157 189 0.196532
157 221 0.00598802
158 95 0.0674157
158 96 0.120879
158 126 0.00588235
158 127 0.378531
158 128 0.0333333
158 157 0.191011
158 189 0.0828402
158 221 0.0674847
159 127 0.00568182
159 128 0.0536913
159 160 0.152941
159 189 0.0119048
159 190 0.154286
159 191 0.182353
159 221 0.259259
160 128 0.142857
160 129 0.0235294
160 130 0.00581395
160 159 0.152941
160 161 0.386905
160 191 0.0892857
160 192 0.0167598
160 223 0.0578947
161 99 0.0181818
161 128 0.00680272
161 129 0.0764706
161 130 0.104651
161 160 0.386905
161 162 0.0222222
161 192 0.24581
161 223 0.0157895
162 100 0.0446927
162 130 0.103261
162 131 0.11976
162 161 0.0222222
162 163 0.0124224
162 192 0.277487
162 193 0.318919
162 223 0.00990099
162 224 0.00555556
163 101 0.0333333
163 102 0.078125
163 132 0.290323
163 133 0.20339
163 134 0.00740741
163 162 0.0124224
163 193 0.0974026
164 133 0.0461538
164 193 0.118812
164 194 0.230769
164 196 0.142857
164 224 0.0729167
164 225 0.216216
165 134 0.0263158
165 135 0.025
165 166 0.111111
165 167 0.333333
165 198 0.05
166 136 0.206186
166 137 0.125
166 165 0.111111
166 167 0.111111
166 168 0.0952381
166 198 0.0192308
166 200 0.0338983
166 201 0.0344828
167 136 0.0410959
167 165 0.333333
167 166 0.111111
167 168 0.111111
167 197 0.0119048
167 198 0.05
168 137 0.025641
168 138 0.0821918
168 139 0.0909091
168 140 0.016129
168 166 0.0952381
168 167 0.111111
168 169 0.0606061
168 170 0.0606061
168 200 0.365854
168 201 0.1
169 107 0.0340909
169 108 0.113924
169 138 0.231707
169 139 0.214286
169 140 0.0422535
169 141 0.0265487
169 168 0.0606061
169 170 0.190476
169 172 0.14
169 200 0.04
170 108 0.0379747
170 138 0.0853659
170 139 0.333333
170 140 0.211268
170 141 0.0619469
170 168 0.0606061
170 169 0.190476
170 172 0.18
170 200 0.06
170 232 0.00813008
170 233 0.027027
171 141 0.0336134
171 203 0.0514706
171 204 0.0175439
171 233 0.179487
171 234 0.0895522
172 108 0.0229885
172 138 0.0555556
172 139 0.1
172 140 0.35443
172 141 0.115702
172 142 0.00862069
172 169 0.14
172 170 0.18
172 173 0.111111
172 203 0.00724638
173 141 0.0648148
173 142 0.038835
173 144 0.0384615
173 172 0.111111
173 203 0.032
173 204 0.195652
173 205 0.0425532
174 143 0.012931
174 144 0.0132159
174 175 0.30814
174 176 0.0137931
174 204 0.027972
174 205 0.205882
174 206 0.0705882
174 235 0.0526316
174 236 0.0490196
174 237 0.0374332
174 238 0.0235294
175 174 0.30814
175 176 0.10989
175 205 0.0163043
175 206 0.0948276
175 207 0.0949367
175 238 0.00862069
176 143 0.0529801
176 144 0.00684932
176 145 0.0469799
176 146 0.00925926
176 174 0.0137931
176 175 0.10989
176 177 0.0196078
176 206 0.359551
176 207 0.0458015
176 238 0.011236
177 146 0.0736842
177 176 0.0196078
177 178 0.219512
177 207 0.059322
177 208 0.0503597
177 209 0.0220588
178 146 0.102041
178 147 0.0232558
178 148 0.0535714
178 177 0.219512
178 179 0.116667
178 180 0.0512821
178 208 0.0140845
178 209 0.00719424
179 148 0.0078125
179 178 0.116667
179 180 0.255319
179 181 0.0217391
179 208 0.00632911
179 209 0.0580645
179 210 0.11194
179 242 0.0229885
180 147 0.0122699
180 148 0.0342466
180 150 0.00689655
180 178 0.0512821
180 179 0.255319
180 181 0.263636
180 210 0.164474
180 211 0.0699301
180 242 0.0571429
181 148 0.0416667
181 149 0.0116279
181 150 0.027972
181 179 0.0217391
181 180 0.263636
181 182 0.0384615
181 210 0.02
181 211 0.0780142
181 212 0.0520231
181 213 0.0494506
181 242 0.00970874
182 149 0.142857
182 150 0.0265487
182 151 0.116279
182 181 0.0384615
182 183 0.015625
182 213 0.0986842
183 182 0.015625
183 213 0.208333
183 214 0.0510949
183 215 0.0060241
183 245 0.00806452
184 151 0.0377358
184 152 0.00862069
184 153 0.188679
184 185 0.0705882
184 213 0.0493827
184 214 0.0992366
184 215 0.11875
185 153 0.0142857
185 154 0.0121951
185 184 0.0705882
185 215 0.169492
185 216 0.133858
186 124 0.05
186 155 0.138158
186 156 0.05625
186 217 0.196203
186 248 0.0314961
187 125 0.0804598
187 126 0.1
187 155 0.00558659
187 156 0.28877
187 188 0.191011
187 218 0.0429448
187 219 0.0171429
188 126 0.0172414
188 157 0.0989011
188 187 0.191011
188 189 0.138728
188 219 0.167598
188 220 0.159763
188 250 0.0484848
189 157 0.196532
189 158 0.0828402
189 159 0.0119048
189 188 0.138728
189 190 0.00584795
189 220 0.1875
189 221 0.177215
189 252 0.0304878
190 159 0.154286
190 189 0.00584795
190 191 0.138728
190 221 0.224242
190 252 0.391813
190 253 0.0837438
191 159 0.182353
191 160 0.0892857
191 190 0.138728
191 221 0.00625
191 222 0.100559
191 223 0.221053
191 252 0.0060241
191 253 0.176768
192 130 0.0163934
192 160 0.0167598
192 161 0.24581
192 162 0.277487
192 193 0.0652174
192 223 0.20398
192 224 0.117318
193 131 0.0125
193 132 0.0337838
193 133 0.0140845
193 162 0.318919
193 163 0.0974026
193 164 0.118812
193 192 0.0652174
193 194 0.0679612
193 195 0.00571429
193 224 0.219653
193 225 0.0175439
194 133 0.0746269
194 134 0.0357143
194 164 0.230769
194 193 0.0679612
194 195 0.03
194 196 0.2
194 225 0.282051
194 256 0.05
195 193 0.00571429
195 194 0.03
195 196 0.0882353
195 197 0.213415
195 225 0.126126
195 227 0.0198676
195 256 0.234848
196 133 0.0434783
196 134 0.0697674
196 135 0.0222222
196 164 0.142857
196 194 0.2
196 195 0.0882353
196 197 0.0425532
196 225 0.219512
196 256 0.0322581
197 135 0.0197368
197 167 0.0119048
197 195 0.213415
197 196 0.0425532
197 198 0.263158
197 227 0.034965
197 228 0.00666667
197 229 0.0149254
197 256 0.00806452
198 134 0.00694444
198 135 0.00675676
198 136 0.0212766
198 165 0.05
198 166 0.0192308
198 167 0.05
198 197 0.263158
198 199 0.396104
198 229 0.00769231
199 136 0.00680272
199 198 0.396104
199 200 0.0366972
199 201 0.138889
199 202 0.00740741
199 229 0.0220588
199 230 0.0264901
199 232 0.0769231
200 137 0.0105263
200 138 0.0555556
200 139 0.1
200 140 0.0379747
200 166 0.0338983
200 168 0.365854
200 169 0.04
200 170 0.06
200 199 0.0366972
200 201 0.45614
200 232 0.0687023
200 233 0.0252101
201 139 0.0612245
201 166 0.0344828
201 168 0.1
201 199 0.138889
201 200 0.45614
201 202 0.0481928
201 232 0.0846154
201 233 0.0423729
202 199 0.00740741
202 201 0.0481928
202 203 0.00609756
202 230 0.031746
202 231 0.181818
202 232 0.407643
202 233 0.0206897
202 234 0.037037
202 261 0.0107527
202 262 0.0526316
203 141 0.0248756
203 171 0.0514706
203 172 0.00724638
203 173 0.032
203 202 0.00609756
203 204 0.179856
203 205 0.200855
203 232 0.0189573
203 233 0.190955
203 234 0.361111
203 235 0.0731707
203 264 0.0322581
203 265 0.0128205
204 141 0.0245902
204 142 0.025641
204 143 0.00671141
204 171 0.0175439
204 173 0.195652
204 174 0.027972
204 203 0.179856
204 205 0.154839
204 233 0.0333333
204 234 0.080292
205 141 0.00460829
205 143 0.00409836
205 173 0.0425532
205 174 0.205882
205 175 0.0163043
205 203 0.200855
205 204 0.154839
205 234 0.0474138
205 235 0.131222
205 236 0.0416667
206 145 0.00574713
206 174 0.0705882
206 175 0.0948276
206 176 0.359551
206 207 0.0769231
206 238 0.0614035
206 239 0.0162602
206 270 0.00537634
207 175 0.0949367
207 176 0.0458015
207 177 0.059322
207 206 0.0769231
207 208 0.305936
207 209 0.0185185
207 238 0.147436
207 239 0.0121212
208 177 0.0503597
208 178 0.0140845
208 179 0.00632911
208 207 0.305936
208 209 0.270042
208 238 0.0112994
208 239 0.0645161
208 240 0.0107527
209 177 0.0220588
209 178 0.00719424
209 179 0.0580645
209 207 0.0185185
209 208 0.270042
209 210 0.352113
209 239 0.010929
209 240 0.131148
210 179 0.11194
210 180 0.164474
210 181 0.02
210 209 0.352113
210 211 0.0163934
210 240 0.0308642
210 241 0.030303
210 242 0.117241
211 180 0.0699301
211 181 0.0780142
211 210 0.0163934
211 212 0.0291262
211 241 0.134615
211 242 0.382353
211 243 0.145349
211 272 0.00591716
211 273 0.0534759
212 181 0.0520231
212 211 0.0291262
212 213 0.194332
212 214 0.00462963
212 242 0.00595238
212 243 0.284314
212 244 0.133621
212 245 0.00985222
212 275 0.0604396
213 151 0.0340136
213 181 0.0494506
213 182 0.0986842
213 183 0.208333
213 184 0.0493827
213 212 0.194332
213 214 0.195556
213 243 0.00938967
213 245 0.0566038
214 183 0.0510949
214 184 0.0992366
214 212 0.00462963
214 213 0.195556
214 215 0.210762
214 244 0.00952381
214 245 0.237569
214 246 0.031746
215 183 0.0060241
215 184 0.11875
215 185 0.169492
215 214 0.210762
215 216 0.118812
215 245 0.00952381
215 246 0.110092
215 247 0.0431034
216 185 0.133858
216 215 0.118812
216 247 0.302198
217 156 0.0353535
217 186 0.196203
217 218 0.287356
217 219 0.0107527
217 248 0.248485
217 249 0.027933
217 280 0.0194175
218 156 0.153409
218 187 0.0429448
218 217 0.287356
218 219 0.237805
218 249 0.0254777
219 156 0.0159574
219 187 0.0171429
219 188 0.167598
219 217 0.0107527
219 218 0.237805
219 220 0.0240964
219 249 0.0591716
219 250 0.283951
219 281 0.030303
220 188 0.159763
220 189 0.1875
220 219 0.0240964
220 250 0.0328947
220 251 0.149068
220 252 0.1375
220 282 0.0119048
221 157 0.00598802
221 158 0.0674847
221 159 0.259259
221 189 0.177215
221 190 0.224242
221 191 0.00625
221 252 0.0506329
222 191 0.100559
222 223 0.0945274
222 224 0.290503
222 253 0.291866
222 254 0.132075
222 255 0.0530973
222 284 0.0306122
223 160 0.0578947
223 161 0.0157895
223 162 0.00990099
223 191 0.221053
223 192 0.20398
223 222 0.0945274
223 224 0.215789
223 253 0.0181818
224 162 0.00555556
224 164 0.0729167
224 192 0.117318
224 193 0.219653
224 222 0.290503
224 223 0.215789
224 225 0.00917431
224 254 0.0210526
224 255 0.00980392
225 164 0.216216
225 193 0.0175439
225 194 0.282051
225 195 0.126126
225 196 0.219512
225 224 0.00917431
225 255 0.0232558
225 256 0.197183
225 288 0.0652174
226 256 0.0121951
226 257 0.364706
226 258 0.222222
226 259 0.0350877
227 195 0.0198676
227 197 0.034965
227 228 0.145985
227 256 0.00900901
227 258 0.302521
227 259 0.0348837
227 260 0.0111111
228 197 0.00666667
228 227 0.145985
228 229 0.242188
228 230 0.0979021
228 258 0.015873
228 259 0.0107527
228 260 0.103093
229 197 0.0149254
229 198 0.00769231
229 199 0.0220588
229 228 0.242188
229 230 0.228346
230 199 0.0264901
230 202 0.031746
230 228 0.0979021
230 229 0.228346
230 231 0.00961538
230 232 0.00578035
230 260 0.177083
230 261 0.155963
230 262 0.00900901
230 291 0.0362319
230 293 0.0326797
230 294 0.0280374
231 202 0.181818
231 230 0.00961538
231 261 0.267606
231 262 0.0410959
231 294 0.0724638
232 170 0.00813008
232 199 0.0769231
232 200 0.0687023
232 201 0.0846154
232 202 0.407643
232 203 0.0189573
232 230 0.00578035
232 233 0.255208
232 234 0.0143541
232 262 0.0140845
232 263 0.00442478
232 264 0.0670391
233 170 0.027027
233 171 0.179487
233 200 0.0252101
233 201 0.0423729
233 202 0.0206897
233 203 0.190955
233 204 0.0333333
233 232 0.255208
233 234 0.0558376
234 171 0.0895522
234 202 0.037037
234 203 0.361111
234 204 0.080292
234 205 0.0474138
234 232 0.0143541
234 233 0.0558376
234 235 0.197044
234 264 0.00543478
234 265 0.0560345
234 266 0.00454545
235 174 0.0526316
235 203 0.0731707
235 205 0.131222
235 234 0.197044
235 236 0.0855615
235 265 0.0588235
235 266 0.172249
236 174 0.0490196
236 205 0.0416667
236 235 0.0855615
236 237 0.0666667
236 266 0.205882
236 267 0.269461
236 268 0.0939597
237 174 0.0374332
237 236 0.0666667
237 238 0.167939
237 267 0.133333
237 268 0.181818
237 269 0.104651
237 270 0.044335
238 174 0.0235294
238 175 0.00862069
238 176 0.011236
238 206 0.0614035
238 207 0.147436
238 208 0.0112994
238 237 0.167939
238 239 0.0569106
238 268 0.0173913
238 270 0.102151
239 206 0.0162602
239 207 0.0121212
239 208 0.0645161
239 209 0.010929
239 238 0.0569106
239 240 0.272727
239 270 0.0615385
239 271 0.0827068
240 208 0.0107527
240 209 0.131148
240 210 0.0308642
240 239 0.272727
240 241 0.237037
240 242 0.00869565
240 270 0.00512821
240 271 0.0225564
241 210 0.030303
241 211 0.134615
241 240 0.237037
241 242 0.220339
241 271 0.0147059
241 272 0.013245
241 273 0.100592
242 179 0.0229885
242 180 0.0571429
242 181 0.00970874
242 210 0.117241
242 211 0.382353
242 212 0.00595238
242 240 0.00869565
242 241 0.220339
242 243 0.0298507
242 273 0.0604027
243 211 0.145349
243 212 0.284314
243 213 0.00938967
243 242 0.0298507
243 244 0.010101
243 273 0.0918919
243 275 0.0675676
244 212 0.133621
244 214 0.00952381
244 243 0.010101
244 245 0.304569
244 274 0.0333333
244 275 0.261364
244 276 0.0643275
245 183 0.00806452
245 212 0.00985222
245 213 0.0566038
245 214 0.237569
245 215 0.00952381
245 244 0.304569
245 246 0.0625
245 276 0.0774648
245 277 0.0368098
246 214 0.031746
246 215 0.110092
246 245 0.0625
246 247 0.252525
246 277 0.163743
246 278 0.0810811
247 215 0.0431034
247 216 0.302198
247 246 0.252525
247 277 0.0108108
247 278 0.191358
248 186 0.0314961
248 217 0.248485
248 279 0.111111
248 280 0.0685714
248 310 0.0368098
249 217 0.027933
249 218 0.0254777
249 219 0.0591716
249 250 0.0451613
249 280 0.402116
249 281 0.240506
249 311 0.0555556
250 188 0.0484848
250 219 0.283951
250 220 0.0328947
250 249 0.0451613
250 251 0.363057
250 281 0.225166
250 313 0.010929
251 220 0.149068
251 250 0.363057
251 281 0.03125
251 282 0.121387
251 313 0.119792
252 189 0.0304878
252 190 0.391813
252 191 0.0060241
252 220 0.1375
252 221 0.0506329
252 253 0.00510204
252 282 0.0639535
252 283 0.00632911
253 190 0.0837438
253 191 0.176768
253 222 0.291866
253 223 0.0181818
253 252 0.00510204
253 254 0.016
253 283 0.0473684
253 284 0.227907
253 315 0.0288462
253 316 0.024
253 317 0.0119048
254 222 0.132075
254 224 0.0210526
254 253 0.016
254 255 0.448276
254 285 0.0526316
254 286 0.00704225
254 287 0.0114943
254 316 0.272727
254 317 0.0461538
255 222 0.0530973
255 224 0.00980392
255 225 0.0232558
255 254 0.448276
255 256 0.03125
255 285 0.222222
255 286 0.0738255
255 287 0.0106383
255 288 0.0941176
255 316 0.103448
256 194 0.05
256 195 0.234848
256 196 0.0322581
256 197 0.00806452
256 225 0.197183
256 226 0.0121951
256 227 0.00900901
256 255 0.03125
256 257 0.0631579
256 258 0.03
256 286 0.0225989
256 287 0.00819672
256 288 0.283186
257 226 0.364706
257 256 0.0631579
257 258 0.00970874
257 259 0.0142857
257 287 0.008
257 288 0.163793
257 289 0.0434783
258 226 0.222222
258 227 0.302521
258 228 0.015873
258 256 0.03
258 257 0.00970874
258 259 0.0933333
259 226 0.0350877
259 227 0.0348837
259 228 0.0107527
259 257 0.0142857
259 258 0.0933333
259 260 0.173913
259 289 0.0574713
259 291 0.0909091
260 227 0.0111111
260 228 0.103093
260 230 0.177083
260 259 0.173913
260 261 0.0952381
260 291 0.076087
261 202 0.0107527
261 230 0.155963
261 231 0.267606
261 260 0.0952381
261 291 0.00952381
261 292 0.0107527
261 294 0.0135135
262 202 0.0526316
262 230 0.00900901
262 231 0.0410959
262 232 0.0140845
262 263 0.109756
262 264 0.179487
262 292 0.136842
262 293 0.254098
262 294 0.0789474
262 324 0.00840336
263 232 0.00442478
263 262 0.109756
263 264 0.313433
263 265 0.289157
263 293 0.228155
263 294 0.06875
263 295 0.00684932
264 203 0.0322581
264 232 0.0670391
264 234 0.00543478
264 262 0.179487
264 263 0.313433
264 265 0.039604
264 293 0.0566038
265 203 0.0128205
265 234 0.0560345
265 235 0.0588235
265 263 0.289157
265 264 0.039604
265 266 0.193277
265 295 0.0204082
265 296 0.0126582
265 297 0.00598802
266 234 0.00454545
266 235 0.172249
266 236 0.205882
266 265 0.193277
266 267 0.0793651
266 295 0.0148148
266 296 0.00684932
266 298 0.0222222
267 236 0.269461
267 237 0.133333
267 266 0.0793651
267 268 0.164179
267 269 0.0229885
267 298 0.112245
268 236 0.0939597
268 237 0.181818
268 238 0.0173913
268 267 0.164179
268 269 0.121795
268 270 0.0320856
268 298 0.0625
268 331 0.0142857
269 237 0.104651
269 267 0.0229885
269 268 0.121795
269 270 0.387665
269 298 0.0166667
269 300 0.00892857
269 301 0.0295858
269 331 0.0444444
270 206 0.00537634
270 237 0.044335
270 238 0.102151
270 239 0.0615385
270 240 0.00512821
270 268 0.0320856
270 269 0.387665
270 271 0.270408
270 300 0.013986
271 239 0.0827068
271 240 0.0225564
271 241 0.0147059
271 270 0.270408
271 272 0.201342
271 300 0.0987654
271 303 0.0222222
271 332 0.0258065
272 211 0.00591716
272 241 0.013245
272 271 0.201342
272 273 0.357143
272 303 0.0533333
272 334 0.0402685
273 211 0.0534759
273 241 0.100592
273 242 0.0604027
273 243 0.0918919
273 272 0.357143
273 274 0.0437956
273 275 0.0736196
273 304 0.0144928
273 305 0.028777
274 244 0.0333333
274 273 0.0437956
274 275 0.04
274 276 0.178947
274 305 0.0131579
274 306 0.151515
275 212 0.0604396
275 243 0.0675676
275 244 0.261364
275 273 0.0736196
275 274 0.04
276 244 0.0643275
276 245 0.0774648
276 274 0.178947
276 277 0.284672
276 306 0.0229885
276 338 0.0276243
276 339 0.00662252
277 245 0.0368098
277 246 0.163743
277 247 0.0108108
277 276 0.284672
277 278 0.207407
277 308 0.123711
277 339 0.0174419
278 246 0.0810811
278 247 0.191358
278 277 0.207407
278 308 0.0540541
279 248 0.111111
279 280 0.011976
279 310 0.296774
279 341 0.136986
280 217 0.0194175
280 248 0.0685714
280 249 0.402116
280 279 0.011976
280 281 0.027027
280 310 0.240196
280 342 0.0434783
281 219 0.030303
281 249 0.240506
281 250 0.225166
281 251 0.03125
281 280 0.027027
281 311 0.101266
281 312 0.0585106
281 313 0.0645161
282 220 0.0119048
282 251 0.121387
282 252 0.0639535
282 283 0.289157
282 313 0.301508
282 314 0.0430108
283 252 0.00632911
283 253 0.0473684
283 282 0.289157
283 284 0.20904
283 313 0.0432432
283 314 0.0523256
284 222 0.0306122
284 253 0.227907
284 283 0.20904
284 285 0.015625
284 313 0.0047619
284 314 0.152284
284 315 0.205128
284 316 0.00892857
285 254 0.0526316
285 255 0.222222
285 284 0.015625
285 286 0.0759494
285 287 0.0194175
285 316 0.263158
285 317 0.308642
286 254 0.00704225
286 255 0.0738255
286 256 0.0225989
286 285 0.0759494
286 287 0.483092
286 288 0.176768
286 289 0.00507614
286 317 0.0972973
286 318 0.00480769
286 320 0.0102564
287 254 0.0114943
287 255 0.0106383
287 256 0.00819672
287 257 0.008
287 285 0.0194175
287 286 0.483092
287 288 0.048951
287 289 0.105634
287 317 0.0384615
287 319 0.00564972
287 320 0.00714286
288 225 0.0652174
288 255 0.0941176
288 256 0.283186
288 257 0.163793
288 286 0.176768
288 287 0.048951
288 289 0.0300752
289 257 0.0434783
289 259 0.0574713
289 286 0.00507614
289 287 0.105634
289 288 0.0300752
289 290 0.310078
289 291 0.0300752
289 320 0.123077
290 289 0.310078
290 291 0.161538
290 292 0.0254237
290 319 0.00609756
290 320 0.023622
290 322 0.0128205
291 230 0.0362319
291 259 0.0909091
291 260 0.076087
291 261 0.00952381
291 289 0.0300752
291 290 0.161538
291 292 0.131148
291 320 0.00763359
291 321 0.008
291 322 0.025
291 323 0.0136986
292 261 0.0107527
292 262 0.136842
292 290 0.0254237
292 291 0.131148
292 293 0.189781
292 294 0.010989
292 322 0.0135135
292 323 0.00746269
293 230 0.0326797
293 262 0.254098
293 263 0.228155
293 264 0.0566038
293 292 0.189781
293 294 0.169492
293 323 0.0186335
293 324 0.0372671
293 325 0.00980392
294 230 0.0280374
294 231 0.0724638
294 261 0.0135135
294 262 0.0789474
294 263 0.06875
294 292 0.010989
294 293 0.169492
294 295 0.0172414
294 324 0.00869565
294 325 0.285714
295 263 0.00684932
295 265 0.0204082
295 266 0.0148148
295 294 0.0172414
295 296 0.181818
295 297 0.015625
295 325 0.0952381
295 326 0.00819672
295 358 0.027027
296 265 0.0126582
296 266 0.00684932
296 295 0.181818
296 297 0.08
296 298 0.0181818
296 326 0.0075188
296 327 0.310606
296 358 0.0819672
296 359 0.0142857
297 265 0.00598802
297 295 0.015625
297 296 0.08
297 298 0.140625
297 299 0.0252101
297 327 0.0567376
297 328 0.0594059
297 329 0.178947
297 360 0.0196078
298 266 0.0222222
298 267 0.112245
298 268 0.0625
298 269 0.0166667
298 296 0.0181818
298 297 0.140625
298 329 0.0533333
298 330 0.0648148
298 331 0.00961538
299 297 0.0252101
299 301 0.0202703
299 329 0.0846154
299 330 0.478528
299 331 0.0943396
299 360 0.111702
299 361 0.0425532
299 362 0.0124224
300 269 0.00892857
300 270 0.013986
300 271 0.0987654
300 301 0.141176
300 302 0.0612245
300 331 0.0208333
300 332 0.0588235
301 269 0.0295858
301 299 0.0202703
301 300 0.141176
301 302 0.179245
301 330 0.00636943
301 331 0.300654
301 332 0.251572
301 333 0.0758621
301 362 0.0387097
301 363 0.0714286
302 300 0.0612245
302 301 0.179245
302 303 0.0485437
302 332 0.365854
302 333 0.0275229
302 363 0.0342466
302 365 0.00813008
303 271 0.0222222
303 272 0.0533333
303 302 0.0485437
303 304 0.113208
303 332 0.0961538
303 333 0.112676
303 334 0.407407
303 335 0.0294118
303 336 0.0188679
303 363 0.00558659
303 365 0.0448718
303 366 0.0735294
304 273 0.0144928
304 303 0.113208
304 305 0.12987
304 334 0.0666667
304 335 0.160377
304 336 0.0131579
304 366 0.00943396
305 273 0.028777
305 274 0.0131579
305 304 0.12987
305 306 0.205882
305 335 0.0841122
305 337 0.0265487
305 367 0.00819672
306 274 0.151515
306 276 0.0229885
306 305 0.205882
306 307 0.0638298
306 335 0.0103093
306 337 0.0194175
306 338 0.0263158
307 306 0.0638298
307 308 0.0240964
307 337 0.0719424
307 338 0.37766
307 339 0.0316456
308 277 0.123711
308 278 0.0540541
308 307 0.0240964
308 309 0.025641
308 338 0.0283688
308 339 0.0540541
309 308 0.025641
309 339 0.222222
309 340 0.407767
309 371 0.017094
310 248 0.0368098
310 279 0.296774
310 280 0.240196
310 311 0.0112994
310 341 0.142077
310 342 0.0564103
310 373 0.0555556
311 249 0.0555556
311 281 0.101266
311 310 0.0112994
311 312 0.229167
311 342 0.338889
311 373 0.0163934
311 374 0.0218978
312 281 0.0585106
312 311 0.229167
312 313 0.272727
312 314 0.0144928
