0 1 0.0930233
0 2 0.0833333
0 47 0.169643
0 49 0.344828
1 0 0.0930233
1 47 0.125
1 49 0.0165289
2 0 0.0833333
2 3 0.019802
2 48 0.285714
2 49 0.0839161
2 50 0.0232558
3 2 0.019802
3 4 0.0588235
3 49 0.144928
3 50 0.0123457
3 51 0.0869565
4 3 0.0588235
4 5 0.00719424
4 51 0.166667
4 52 0.345528
4 53 0.0350877
5 4 0.00719424
5 6 0.475728
5 7 0.0638298
5 8 0.0196078
5 51 0.0736842
5 52 0.0574163
5 53 0.0909091
6 5 0.475728
6 7 0.157895
6 8 0.145631
6 51 0.0104167
6 52 0.0428571
6 53 0.102564
7 5 0.0638298
7 6 0.157895
7 8 0.265957
7 52 0.0149254
7 53 0.0289855
7 54 0.166667
8 5 0.0196078
8 6 0.145631
8 7 0.265957
8 9 0.0708661
8 54 0.0978261
9 8 0.0708661
9 10 0.431818
9 54 0.0769231
9 56 0.08
10 9 0.431818
10 11 0.0542636
10 12 0.0140845
10 56 0.047619
10 57 0.030303
10 58 0.0111111
11 10 0.0542636
11 12 0.102273
11 57 0.0862069
11 58 0.121495
11 59 0.0928571
11 60 0.136691
12 10 0.0140845
12 11 0.102273
12 60 0.0493827
13 14 0.0344828
13 15 0.432
13 60 0.125
13 61 0.0106383
14 13 0.0344828
14 15 0.0416667
14 17 0.0361446
14 60 0.0841122
14 61 0.134831
14 62 0.197183
14 63 0.00714286
15 13 0.432
15 14 0.0416667
15 16 0.0243902
15 17 0.0909091
15 60 0.0137931
15 61 0.00787402
15 64 0.0133333
16 15 0.0243902
16 17 0.188976
16 63 0.141304
16 64 0.429487
16 65 0.19403
17 14 0.0361446
17 15 0.0909091
17 16 0.188976
17 18 0.0330578
17 63 0.0141844
17 64 0.345133
17 65 0.0769231
18 17 0.0330578
18 19 0.503704
18 64 0.08
18 65 0.140625
19 18 0.503704
19 20 0.00961538
19 66 0.0229885
19 67 0.205607
20 19 0.00961538
20 21 0.05
20 66 0.139241
20 67 0.323232
21 20 0.05
21 22 0.0902256
21 67 0.0873786
21 69 0.00617284
22 21 0.0902256
22 23 0.315556
22 68 0.120482
22 69 0.225131
23 22 0.315556
23 24 0.227848
23 68 0.00436681
23 69 0.456693
23 71 0.00840336
24 23 0.227848
24 25 0.27673
24 26 0.0240385
24 69 0.0246305
24 70 0.0153846
24 71 0.00534759
25 24 0.27673
25 26 0.0718232
25 71 0.025
25 72 0.0138889
25 73 0.287356
26 24 0.0240385
26 25 0.0718232
26 27 0.0582011
26 28 0.0172414
26 73 0.520179
26 74 0.0260417
27 26 0.0582011
27 28 0.203008
27 29 0.00746269
27 73 0.0164835
27 74 0.516556
27 75 0.0661157
28 26 0.0172414
28 27 0.203008
28 29 0.109244
28 30 0.025
28 74 0.404412
28 75 0.141509
28 76 0.0408163
29 27 0.00746269
29 28 0.109244
29 30 0.0743802
29 74 0.0364963
29 75 0.0186916
29 76 0.581081
29 77 0.190083
30 28 0.025
30 29 0.0743802
30 31 0.1
30 32 0.015625
30 76 0.00671141
30 77 0.213115
30 78 0.0247934
30 79 0.00515464
31 30 0.1
31 32 0.138554
31 34 0.00862069
31 77 0.00625
31 78 0.232704
31 79 0.482759
32 30 0.015625
32 31 0.138554
32 33 0.00819672
32 34 0.245
32 78 0.015748
32 79 0.02
32 81 0.0173913
33 32 0.00819672
33 34 0.25
33 35 0.0490196
33 81 0.0642202
33 82 0.0432099
34 31 0.00862069
34 32 0.245
34 33 0.25
34 79 0.018797
34 80 0.0313901
34 81 0.280405
35 33 0.0490196
35 36 0.205993
35 37 0.0386266
35 81 0.00320513
35 82 0.410156
35 83 0.120623
35 84 0.00373134
36 35 0.205993
36 37 0.356436
36 38 0.0490566
36 82 0.0311111
36 83 0.181416
36 84 0.00421941
36 85 0.0357143
37 35 0.0386266
37 36 0.356436
37 38 0.233766
37 39 0.00724638
37 82 0.0052356
37 83 0.09375
37 84 0.0295567
37 85 0.165138
38 36 0.0490566
38 37 0.233766
38 39 0.393035
38 40 0.076
38 42 0.0138249
38 83 0.00784314
38 84 0.0075188
38 85 0.359431
39 37 0.00724638
39 38 0.393035
39 40 0.11465
39 42 0.0725806
39 85 0.132979
39 86 0.0060241
40 38 0.076
40 39 0.11465
40 42 0.560694
40 85 0.0506329
40 86 0.00465116
40 87 0.0379747
40 88 0.00434783
41 42 0.0472973
41 86 0.105263
41 87 0.0451128
41 88 0.268293
41 89 0.00813008
41 90 0.0231214
42 38 0.0138249
42 39 0.0725806
42 40 0.560694
42 41 0.0472973
42 85 0.00980392
42 86 0.00549451
42 87 0.024
42 88 0.0304569
43 44 0.451852
43 88 0.0471204
43 90 0.226415
43 91 0.00571429
43 92 0.119048
44 43 0.451852
44 88 0.0151515
44 90 0.060241
44 92 0.217143
45 46 0.392157
45 92 0.0291971
45 93 0.0736842
46 45 0.392157
46 93 0.05
47 0 0.169643
47 1 0.125
47 49 0.0272109
47 94 0.201613
48 2 0.285714
48 49 0.0704225
48 50 0.223529
48 94 0.0336134
48 95 0.266667
48 96 0.0786517
48 98 0.0434783
49 0 0.344828
49 1 0.0165289
49 2 0.0839161
49 3 0.144928
49 47 0.0272109
49 48 0.0704225
49 50 0.0406504
49 94 0.133758
49 96 0.0314961
50 2 0.0232558
50 3 0.0123457
50 48 0.223529
50 49 0.0406504
50 94 0.01
50 95 0.0948276
50 96 0.371429
50 97 0.0660377
51 3 0.0869565
51 4 0.166667
51 5 0.0736842
51 6 0.0104167
51 52 0.247525
51 53 0.142857
51 99 0.021978
52 4 0.345528
52 5 0.0574163
52 6 0.0428571
52 7 0.0149254
52 51 0.247525
52 53 0.0271739
52 98 0.1
52 99 0.236486
53 4 0.0350877
53 5 0.0909091
53 6 0.102564
53 7 0.0289855
53 51 0.142857
53 52 0.0271739
54 7 0.166667
54 8 0.0978261
54 9 0.0769231
54 55 0.0306122
54 56 0.0666667
54 100 0.013986
54 101 0.328571
55 54 0.0306122
55 56 0.00943396
55 100 0.0125786
55 101 0.24359
55 102 0.123894
55 103 0.109091
56 9 0.08
56 10 0.047619
56 54 0.0666667
56 55 0.00943396
56 57 0.228261
56 101 0.00675676
56 103 0.186275
56 104 0.0113636
57 10 0.030303
57 11 0.0862069
57 56 0.228261
57 58 0.0649351
57 103 0.0104167
57 104 0.0121951
58 10 0.0111111
58 11 0.121495
58 57 0.0649351
58 59 0.0792079
58 104 0.0958904
58 105 0.0520833
59 11 0.0928571
59 58 0.0792079
59 60 0.0827068
59 61 0.173913
59 106 0.0114943
59 107 0.0232558
59 108 0.0306122
60 11 0.136691
60 12 0.0493827
60 13 0.125
60 14 0.0841122
60 15 0.0137931
60 59 0.0827068
60 61 0.114035
61 13 0.0106383
61 14 0.134831
61 15 0.00787402
61 59 0.173913
61 60 0.114035
61 62 0.0128205
61 107 0.0363636
61 108 0.126582
62 14 0.197183
62 61 0.0128205
62 63 0.00775194
62 107 0.141304
62 108 0.0983607
62 109 0.0405405
62 110 0.114286
63 14 0.00714286
63 16 0.141304
63 17 0.0141844
63 62 0.00775194
63 64 0.0411765
63 109 0.00460829
63 110 0.272727
63 111 0.25641
63 112 0.0179372
64 15 0.0133333
64 16 0.429487
64 17 0.345133
64 18 0.08
64 63 0.0411765
64 65 0.191667
64 111 0.0898204
65 16 0.19403
65 17 0.0769231
65 18 0.140625
65 64 0.191667
65 111 0.213793
65 112 0.0578035
65 114 0.117647
66 19 0.0229885
66 20 0.139241
66 67 0.134146
66 68 0.00862069
66 113 0.0493827
66 114 0.178218
66 115 0.0857143
67 19 0.205607
67 20 0.323232
67 21 0.0873786
67 66 0.134146
67 114 0.0247934
68 22 0.120482
68 23 0.00436681
68 66 0.00862069
68 69 0.2
68 113 0.037037
68 114 0.00645161
68 115 0.264151
68 116 0.12782
69 21 0.00617284
69 22 0.225131
69 23 0.456693
69 24 0.0246305
69 68 0.2
69 70 0.0204082
69 115 0.00543478
69 116 0.0822785
70 24 0.0153846
70 69 0.0204082
70 71 0.175573
70 116 0.223529
70 117 0.0597015
70 118 0.00877193
71 23 0.00840336
71 24 0.00534759
71 25 0.025
71 70 0.175573
71 72 0.296512
71 73 0.0148515
71 116 0.0140845
71 117 0.183246
71 118 0.0175439
71 120 0.027027
72 25 0.0138889
72 71 0.296512
72 73 0.00537634
72 117 0.0171429
72 118 0.0387097
72 119 0.0802469
72 120 0.272727
73 25 0.287356
73 26 0.520179
73 27 0.0164835
73 71 0.0148515
73 72 0.00537634
73 74 0.0108108
73 119 0.00520833
73 120 0.0308642
73 121 0.0628931
74 26 0.0260417
74 27 0.516556
74 28 0.404412
74 29 0.0364963
74 73 0.0108108
74 75 0.0483871
74 76 0.0363636
74 121 0.0078125
74 123 0.00714286
75 27 0.0661157
75 28 0.141509
75 29 0.0186916
75 74 0.0483871
75 76 0.0148148
75 121 0.0510204
75 122 0.0194175
76 28 0.0408163
76 29 0.581081
76 30 0.00671141
76 74 0.0363636
76 75 0.0148148
76 77 0.0402685
76 122 0.0208333
76 123 0.192053
77 29 0.190083
77 30 0.213115
77 31 0.00625
77 76 0.0402685
77 78 0.0826446
77 123 0.016129
77 124 0.270588
78 30 0.0247934
78 31 0.232704
78 32 0.015748
78 77 0.0826446
78 79 0.134715
78 124 0.202381
78 125 0.239583
78 126 0.0923077
79 30 0.00515464
79 31 0.482759
79 32 0.02
79 34 0.018797
79 78 0.134715
79 81 0.00675676
79 124 0.0254777
79 125 0.237736
79 126 0.044335
80 34 0.0313901
80 81 0.438735
80 125 0.0045045
80 126 0.13125
80 127 0.121795
80 128 0.0151515
81 32 0.0173913
81 33 0.0642202
81 34 0.280405
81 35 0.00320513
81 79 0.00675676
81 80 0.438735
81 82 0.0111111
81 125 0.00677966
81 126 0.253219
81 127 0.0131004
81 128 0.0585366
82 33 0.0432099
82 35 0.410156
82 36 0.0311111
82 37 0.0052356
82 81 0.0111111
82 83 0.204651
82 84 0.0353982
82 128 0.234899
82 129 0.026455
82 130 0.232804
82 131 0.0483092
83 35 0.120623
83 36 0.181416
83 37 0.09375
83 38 0.00784314
83 82 0.204651
83 84 0.303965
83 85 0.0289256
83 129 0.0157895
83 130 0.0368421
83 131 0.240385
84 35 0.00373134
84 36 0.00421941
84 37 0.0295567
84 38 0.0075188
84 82 0.0353982
84 83 0.303965
84 85 0.0909091
84 130 0.00995025
84 131 0.374429
84 132 0.0128205
85 36 0.0357143
85 37 0.165138
85 38 0.359431
85 39 0.132979
85 40 0.0506329
85 42 0.00980392
85 83 0.0289256
85 84 0.0909091
85 86 0.0365854
85 131 0.166667
85 132 0.0233918
85 133 0.0136364
86 39 0.0060241
86 40 0.00465116
86 41 0.105263
86 42 0.00549451
86 85 0.0365854
86 87 0.239521
86 88 0.0125523
86 89 0.00636943
86 132 0.033557
86 133 0.39899
86 134 0.338308
86 135 0.0714286
86 137 0.00518135
87 40 0.0379747
87 41 0.0451128
87 42 0.024
87 86 0.239521
87 88 0.010989
87 89 0.07
87 132 0.0108696
87 133 0.0283688
87 134 0.166667
87 135 0.302158
87 136 0.0388889
87 137 0.0441176
88 40 0.00434783
88 41 0.268293
88 42 0.0304569
88 43 0.0471204
88 44 0.0151515
88 86 0.0125523
88 87 0.010989
88 89 0.0523256
88 90 0.148649
88 135 0.0189573
88 136 0.289683
88 137 0.0673077
89 41 0.00813008
89 86 0.00636943
89 87 0.07
89 88 0.0523256
89 90 0.0214286
89 134 0.0149254
89 135 0.131783
89 136 0.247059
89 137 0.309524
90 41 0.0231214
90 43 0.226415
90 44 0.060241
90 88 0.148649
90 89 0.0214286
90 91 0.23301
90 92 0.0351759
90 136 0.0681818
90 137 0.0113636
90 138 0.107143
91 43 0.00571429
91 90 0.23301
91 136 0.0338983
91 138 0.408333
91 139 0.0819672
92 43 0.119048
92 44 0.217143
92 45 0.0291971
92 90 0.0351759
92 93 0.120482
92 138 0.00429185
92 139 0.113924
92 140 0.0746888
93 45 0.0736842
93 46 0.05
93 92 0.120482
93 139 0.0102564
93 140 0.140704
94 47 0.201613
94 48 0.0336134
94 49 0.133758
94 50 0.01
94 141 0.317647
94 142 0.167939
95 48 0.266667
95 50 0.0948276
95 96 0.0333333
95 97 0.0320513
95 98 0.00930233
95 141 0.0322581
95 142 0.0136054
96 48 0.0786517
96 49 0.0314961
96 50 0.371429
96 95 0.0333333
96 97 0.181818
96 98 0.0473373
96 144 0.2
96 145 0.0310078
97 50 0.0660377
97 95 0.0320513
97 96 0.181818
97 98 0.00487805
97 143 0.00826446
97 144 0.252747
97 145 0.00606061
98 48 0.0434783
98 52 0.1
98 95 0.00930233
98 96 0.0473373
98 97 0.00487805
98 99 0.177778
98 144 0.0266667
98 145 0.0178571
98 146 0.164835
99 51 0.021978
99 52 0.236486
99 98 0.177778
99 100 0.05
99 145 0.0652174
99 146 0.225806
99 147 0.00438596
100 54 0.013986
100 55 0.0125786
100 99 0.05
100 101 0.243781
100 147 0.119792
100 148 0.176829
101 54 0.328571
101 55 0.24359
101 56 0.00675676
101 100 0.243781
101 102 0.0129032
101 148 0.0124224
102 55 0.123894
102 101 0.0129032
102 103 0.0642202
102 148 0.177966
102 149 0.692308
103 55 0.109091
103 56 0.186275
103 57 0.0104167
103 102 0.0642202
103 149 0.131579
103 150 0.106383
104 56 0.0113636
104 57 0.0121951
104 58 0.0958904
104 105 0.294416
104 150 0.0625
104 152 0.077381
105 58 0.0520833
105 104 0.294416
105 150 0.0603015
105 151 0.0882353
105 152 0.606272
106 59 0.0114943
106 153 0.578947
106 154 0.07
107 59 0.0232558
107 61 0.0363636
107 62 0.141304
107 108 0.290323
107 154 0.0915493
107 155 0.0131579
108 59 0.0306122
108 61 0.126582
108 62 0.0983607
108 107 0.290323
108 154 0.0720721
108 155 0.00826446
109 62 0.0405405
109 63 0.00460829
109 110 0.403509
109 155 0.00480769
109 156 0.365217
109 157 0.0238095
109 158 0.00956938
110 62 0.114286
110 63 0.272727
110 109 0.403509
110 111 0.00970874
110 156 0.0135135
110 157 0.00625
110 158 0.0298507
111 63 0.25641
111 64 0.0898204
111 65 0.213793
111 110 0.00970874
111 112 0.2
111 157 0.00684932
111 158 0.0481283
111 159 0.0625
112 63 0.0179372
112 65 0.0578035
112 111 0.2
112 157 0.0114943
112 158 0.460465
112 159 0.168605
113 66 0.0493827
113 68 0.037037
113 114 0.166667
113 115 0.0806452
113 159 0.0408163
113 160 0.22963
113 161 0.12987
113 162 0.0102041
113 163 0.00793651
114 65 0.117647
114 66 0.178218
114 67 0.0247934
114 68 0.00645161
114 113 0.166667
114 115 0.0208333
114 159 0.00847458
114 160 0.148387
115 66 0.0857143
115 68 0.264151
115 69 0.00543478
115 113 0.0806452
115 114 0.0208333
115 164 0.00806452
116 68 0.12782
116 69 0.0822785
116 70 0.223529
116 71 0.0140845
116 117 0.0137931
116 118 0.104
116 164 0.122449
116 165 0.0119048
117 70 0.0597015
117 71 0.183246
117 72 0.0171429
117 116 0.0137931
117 118 0.293103
117 163 0.190751
117 164 0.278912
117 165 0.075188
117 166 0.228571
118 70 0.00877193
118 71 0.0175439
118 72 0.0387097
118 116 0.104
118 117 0.293103
118 163 0.0261438
118 164 0.0787402
118 165 0.362832
118 166 0.225806
119 72 0.0802469
119 73 0.00520833
119 120 0.413043
119 121 0.0666667
119 167 0.194737
119 168 0.0257732
119 169 0.0432099
120 71 0.027027
120 72 0.272727
120 73 0.0308642
120 119 0.413043
120 121 0.0571429
120 165 0.0111111
120 167 0.03125
121 73 0.0628931
121 74 0.0078125
121 75 0.0510204
121 119 0.0666667
121 120 0.0571429
121 169 0.00775194
122 75 0.0194175
122 76 0.0208333
122 123 0.0420168
122 167 0.00617284
122 168 0.0301205
122 169 0.335821
122 170 0.186207
123 74 0.00714286
123 76 0.192053
123 77 0.016129
123 122 0.0420168
123 170 0.203947
124 77 0.270588
124 78 0.202381
124 79 0.0254777
124 125 0.0320513
124 171 0.0934579
125 78 0.239583
125 79 0.237736
125 80 0.0045045
125 81 0.00677966
125 124 0.0320513
125 126 0.148515
125 127 0.00505051
125 171 0.00930233
125 172 0.16763
125 173 0.0262009
125 174 0.032967
126 78 0.0923077
126 79 0.044335
126 80 0.13125
126 81 0.253219
126 125 0.148515
126 172 0.0540541
126 174 0.183333
127 80 0.121795
127 81 0.0131004
127 125 0.00505051
127 128 0.0277778
127 172 0.121495
127 173 0.0306748
127 174 0.0689655
127 175 0.035461
128 80 0.0151515
128 81 0.0585366
128 82 0.234899
128 127 0.0277778
128 129 0.00806452
128 130 0.0806452
128 174 0.0108696
128 175 0.239316
128 176 0.107143
129 82 0.026455
129 83 0.0157895
129 128 0.00806452
129 130 0.280488
129 176 0.0564516
129 177 0.0260417
129 178 0.358289
130 82 0.232804
130 83 0.0368421
130 84 0.00995025
130 128 0.0806452
130 129 0.280488
130 175 0.0254777
130 176 0.0483871
130 177 0.0260417
130 178 0.197861
131 82 0.0483092
131 83 0.240385
131 84 0.374429
131 85 0.166667
131 132 0.0218978
131 178 0.0146341
131 180 0.0239521
132 84 0.0128205
132 85 0.0233918
132 86 0.033557
132 87 0.0108696
132 131 0.0218978
132 133 0.146341
132 134 0.015873
132 179 0.125
132 180 0.346154
132 181 0.0412371
133 85 0.0136364
133 86 0.39899
133 87 0.0283688
133 132 0.146341
133 134 0.08
133 135 0.00588235
133 180 0.0261438
134 86 0.338308
134 87 0.166667
134 89 0.0149254
134 132 0.015873
134 133 0.08
134 135 0.433526
134 136 0.0046729
134 137 0.0176471
134 180 0.0512821
134 181 0.0134228
134 182 0.147208
134 184 0.0330189
135 86 0.0714286
135 87 0.302158
135 88 0.0189573
135 89 0.131783
135 133 0.00588235
135 134 0.433526
135 136 0.0382775
135 137 0.121212
135 180 0.013245
135 181 0.0138889
135 182 0.265625
135 183 0.00641026
135 184 0.0193237
136 87 0.0388889
136 88 0.289683
136 89 0.247059
136 90 0.0681818
136 91 0.0338983
136 134 0.0046729
136 135 0.0382775
136 137 0.393204
136 138 0.0787402
136 182 0.00429185
136 183 0.106599
136 184 0.00403226
137 86 0.00518135
137 87 0.0441176
137 88 0.0673077
137 89 0.309524
137 90 0.0113636
137 134 0.0176471
137 135 0.121212
137 136 0.393204
137 138 0.0190476
137 182 0.100529
137 183 0.0915033
137 184 0.127451
138 90 0.107143
138 91 0.408333
138 92 0.00429185
138 136 0.0787402
138 137 0.0190476
138 139 0.0267176
138 183 0.253731
138 184 0.0396825
138 185 0.243802
138 186 0.03861
139 91 0.0819672
139 92 0.113924
139 93 0.0102564
139 138 0.0267176
139 140 0.307407
139 186 0.1673
139 187 0.0900474
140 92 0.0746888
140 93 0.140704
140 139 0.307407
140 186 0.00374532
140 187 0.162791
141 94 0.317647
141 95 0.0322581
141 142 0.11976
141 188 0.0721649
141 189 0.0110497
142 94 0.167939
142 95 0.0136054
142 141 0.11976
142 188 0.296774
142 189 0.0422535
143 97 0.00826446
143 189 0.119048
143 190 0.261261
143 191 0.0280374
144 96 0.2
144 97 0.252747
144 98 0.0266667
144 145 0.0363636
144 190 0.0123457
144 191 0.0779221
145 96 0.0310078
145 97 0.00606061
145 98 0.0178571
145 99 0.0652174
145 144 0.0363636
145 146 0.364807
145 190 0.0580645
145 191 0.0198676
145 192 0.10219
145 193 0.0277778
146 98 0.164835
146 99 0.225806
146 145 0.364807
146 147 0.047619
146 192 0.0537634
146 193 0.0466321
146 194 0.00819672
147 99 0.00438596
147 100 0.119792
147 146 0.047619
147 148 0.0197368
147 194 0.264249
147 195 0.126582
148 100 0.176829
148 101 0.0124224
148 102 0.177966
148 147 0.0197368
148 149 0.130081
148 195 0.0538462
148 196 0.121429
149 102 0.692308
149 103 0.131579
149 148 0.130081
149 196 0.057554
149 197 0.0564516
150 103 0.106383
150 104 0.0625
150 105 0.0603015
150 151 0.00826446
150 152 0.00588235
150 197 0.346154
151 105 0.0882353
151 150 0.00826446
151 152 0.0382775
151 197 0.0699301
151 198 0.0857143
151 199 0.048
152 104 0.077381
152 105 0.606272
152 150 0.00588235
152 151 0.0382775
152 153 0.00680272
152 154 0.0574163
152 197 0.00520833
152 199 0.0862069
152 200 0.00520833
153 106 0.578947
153 152 0.00680272
153 154 0.173469
153 199 0.015873
153 200 0.0123457
154 106 0.07
154 107 0.0915493
154 108 0.0720721
154 152 0.0574163
154 153 0.173469
154 199 0.016
154 200 0.0699301
154 201 0.00769231
155 107 0.0131579
155 108 0.00826446
155 109 0.00480769
155 156 0.029703
155 201 0.0142857
155 202 0.0660377
155 203 0.361963
156 109 0.365217
156 110 0.0135135
156 155 0.029703
156 157 0.0555556
156 203 0.302703
156 204 0.0223464
157 109 0.0238095
157 110 0.00625
157 111 0.00684932
157 112 0.0114943
157 156 0.0555556
157 158 0.205674
157 204 0.196581
157 205 0.0895522
158 109 0.00956938
158 110 0.0298507
158 111 0.0481283
158 112 0.460465
158 157 0.205674
158 159 0.0719424
158 205 0.142857
158 206 0.0405405
159 111 0.0625
159 112 0.168605
159 113 0.0408163
159 114 0.00847458
159 158 0.0719424
159 160 0.0075188
159 206 0.133333
159 207 0.126214
160 113 0.22963
160 114 0.148387
160 159 0.0075188
160 161 0.0625
160 207 0.0714286
160 208 0.270968
161 113 0.12987
161 160 0.0625
161 162 0.266667
161 163 0.116505
161 208 0.0309278
161 209 0.111111
161 210 0.03125
162 113 0.0102041
162 161 0.266667
162 163 0.201613
162 164 0.0102041
163 113 0.00793651
163 117 0.190751
163 118 0.0261438
163 161 0.116505
163 162 0.201613
163 164 0.198413
163 166 0.00649351
163 209 0.0247934
163 210 0.141593
164 115 0.00806452
164 116 0.122449
164 117 0.278912
164 118 0.0787402
164 162 0.0102041
164 163 0.198413
164 166 0.0078125
164 210 0.0114943
165 116 0.0119048
165 117 0.075188
165 118 0.362832
165 120 0.0111111
165 166 0.0438596
165 211 0.09
165 212 0.216867
165 213 0.0495868
165 215 0.0394737
166 117 0.228571
166 118 0.225806
166 163 0.00649351
166 164 0.0078125
166 165 0.0438596
166 167 0.00543478
166 210 0.0608696
166 211 0.028169
166 212 0.144
166 213 0.177914
166 215 0.00847458
167 119 0.194737
167 120 0.03125
167 122 0.00617284
167 166 0.00543478
167 168 0.203704
167 169 0.0217391
167 213 0.246073
167 214 0.0228571
167 215 0.109589
167 216 0.0718563
168 119 0.0257732
168 122 0.0301205
168 167 0.203704
168 169 0.143617
168 170 0.00502513
168 214 0.00558659
168 215 0.02
168 216 0.134503
168 217 0.229592
169 119 0.0432099
169 121 0.00775194
169 122 0.335821
169 167 0.0217391
169 168 0.143617
169 214 0.0952381
169 215 0.0254237
170 122 0.186207
170 123 0.203947
170 168 0.00502513
170 171 0.0639535
170 217 0.0685714
170 218 0.284946
171 124 0.0934579
171 125 0.00930233
171 170 0.0639535
171 172 0.0564516
171 173 0.288889
171 217 0.00591716
171 218 0.294444
171 219 0.0674157
171 220 0.0198676
172 125 0.16763
172 126 0.0540541
172 127 0.121495
172 171 0.0564516
172 173 0.15942
172 221 0.150838
173 125 0.0262009
173 127 0.0306748
173 171 0.288889
173 172 0.15942
173 218 0.0206186
173 219 0.166667
173 220 0.163636
173 221 0.00851064
174 125 0.032967
174 126 0.183333
174 127 0.0689655
174 128 0.0108696
174 175 0.016
174 176 0.0108696
174 221 0.159574
175 127 0.035461
175 128 0.239316
175 130 0.0254777
175 174 0.016
175 176 0.512821
175 221 0.0187793
175 222 0.104575
175 223 0.0310078
175 224 0.015544
176 128 0.107143
176 129 0.0564516
176 130 0.0483871
176 174 0.0108696
176 175 0.512821
176 178 0.0272109
176 221 0.0166667
176 222 0.15
176 223 0.0729167
176 224 0.025
177 129 0.0260417
177 130 0.0260417
177 178 0.148837
177 179 0.00564972
177 223 0.00609756
177 224 0.0833333
177 225 0.348
177 227 0.00406504
178 129 0.358289
178 130 0.197861
178 131 0.0146341
178 176 0.0272109
178 177 0.148837
178 223 0.0440252
178 224 0.161435
178 225 0.302041
179 132 0.125
179 177 0.00564972
179 180 0.126866
179 181 0.110236
179 225 0.00966184
179 226 0.169697
179 227 0.463054
179 228 0.0276243
180 131 0.0239521
180 132 0.346154
180 133 0.0261438
180 134 0.0512821
180 135 0.013245
180 179 0.126866
180 181 0.488189
180 182 0.00571429
180 227 0.0295567
181 132 0.0412371
181 134 0.0134228
181 135 0.0138889
181 179 0.110236
181 180 0.488189
181 182 0.142857
181 227 0.0153061
181 228 0.0344828
181 229 0.00884956
182 134 0.147208
182 135 0.265625
182 136 0.00429185
182 137 0.100529
182 180 0.00571429
182 181 0.142857
182 183 0.0277778
182 184 0.277056
182 228 0.00900901
182 229 0.0745342
183 135 0.00641026
183 136 0.106599
183 137 0.0915033
183 138 0.253731
183 182 0.0277778
183 184 0.138462
183 185 0.232432
183 231 0.062201
183 232 0.025
184 134 0.0330189
184 135 0.0193237
184 136 0.00403226
184 137 0.127451
184 138 0.0396825
184 182 0.277056
184 183 0.138462
184 185 0.0381356
184 229 0.0227273
184 232 0.00584795
185 138 0.243802
185 183 0.232432
185 184 0.0381356
185 186 0.0576132
185 230 0.0197368
185 231 0.34
185 232 0.15528
185 233 0.0304569
186 138 0.03861
186 139 0.1673
186 140 0.00374532
186 185 0.0576132
186 187 0.0240385
186 231 0.127341
186 233 0.443925
186 234 0.212454
187 139 0.0900474
187 140 0.162791
187 186 0.0240385
187 234 0.257919
188 141 0.0721649
188 142 0.296774
188 189 0.0177515
188 235 0.177515
188 236 0.0309278
189 141 0.0110497
189 142 0.0422535
189 143 0.119048
189 188 0.0177515
189 190 0.0070922
189 235 0.0320513
189 236 0.425414
189 237 0.0242424
189 238 0.00657895
190 143 0.261261
190 144 0.0123457
190 145 0.0580645
190 189 0.0070922
190 191 0.303279
190 192 0.0185185
190 237 0.186667
190 238 0.0218978
190 239 0.00877193
190 240 0.0151515
191 143 0.0280374
191 144 0.0779221
191 145 0.0198676
191 190 0.303279
191 192 0.00961538
191 237 0.0616438
192 145 0.10219
192 146 0.0537634
192 190 0.0185185
192 191 0.00961538
192 193 0.309278
192 238 0.0420168
192 239 0.395833
192 240 0.0614035
193 145 0.0277778
193 146 0.0466321
193 192 0.309278
193 194 0.0258065
193 238 0.0396825
193 239 0.126214
193 240 0.347107
194 146 0.00819672
194 147 0.264249
194 193 0.0258065
194 195 0.192982
194 240 0.0290698
195 147 0.126582
195 148 0.0538462
195 194 0.192982
195 196 0.164384
195 241 0.025641
195 242 0.0220994
196 148 0.121429
196 149 0.057554
196 195 0.164384
196 197 0.0425532
196 242 0.0314136
196 243 0.131783
196 244 0.0785714
196 245 0.0285714
197 149 0.0564516
197 150 0.346154
197 151 0.0699301
197 152 0.00520833
197 196 0.0425532
197 244 0.024
197 245 0.008
197 246 0.0207254
198 151 0.0857143
198 199 0.047619
198 200 0.0162602
198 244 0.0327869
198 245 0.0327869
198 246 0.310526
198 247 0.0149254
198 248 0.0420168
199 151 0.048
199 152 0.0862069
199 153 0.015873
199 154 0.016
199 198 0.047619
199 200 0.12963
199 245 0.0186916
199 246 0.337143
199 248 0.00961538
200 152 0.00520833
200 153 0.0123457
200 154 0.0699301
200 198 0.0162602
200 199 0.12963
200 201 0.150442
200 246 0.0259067
200 248 0.262295
201 154 0.00769231
201 155 0.0142857
201 200 0.150442
201 202 0.287879
201 203 0.0243902
201 248 0.0917431
202 155 0.0660377
202 201 0.287879
202 203 0.0224719
202 249 0.0526316
203 155 0.361963
203 156 0.302703
203 201 0.0243902
203 202 0.0224719
203 204 0.0285714
203 249 0.0328947
203 250 0.0138889
204 156 0.0223464
204 157 0.196581
204 203 0.0285714
204 250 0.304348
204 251 0.0218978
204 252 0.104
205 157 0.0895522
205 158 0.142857
205 206 0.0567376
205 207 0.00719424
205 252 0.183099
205 253 0.0268456
205 254 0.190217
206 158 0.0405405
206 159 0.133333
206 205 0.0567376
206 207 0.589286
206 208 0.0629921
206 253 0.221311
206 254 0.292994
207 159 0.126214
207 160 0.0714286
207 205 0.00719424
207 206 0.589286
207 208 0.048
207 253 0.158333
207 254 0.206452
208 160 0.270968
208 161 0.0309278
208 206 0.0629921
208 207 0.048
208 253 0.0592593
208 254 0.0117647
208 255 0.2
209 161 0.111111
209 163 0.0247934
209 210 0.134146
209 211 0.00917431
209 255 0.037037
209 256 0.150943
209 257 0.39881
209 258 0.00862069
210 161 0.03125
210 163 0.141593
210 164 0.0114943
210 166 0.0608696
210 209 0.134146
210 211 0.0990099
210 212 0.0357143
210 256 0.00662252
210 257 0.025
210 258 0.00925926
211 165 0.09
211 166 0.028169
211 209 0.00917431
211 210 0.0990099
211 212 0.171171
211 213 0.0201342
211 256 0.0280899
211 257 0.0160428
211 258 0.214815
211 259 0.230366
212 165 0.216867
212 166 0.144
212 210 0.0357143
212 211 0.171171
212 213 0.0757576
212 215 0.149425
212 259 0.0344828
212 260 0.059322
212 261 0.075
213 165 0.0495868
213 166 0.177914
213 167 0.246073
213 211 0.0201342
213 212 0.0757576
213 215 0.2
213 261 0.00632911
213 262 0.107345
214 167 0.0228571
214 168 0.00558659
214 169 0.0952381
214 215 0.0366972
215 165 0.0394737
215 166 0.00847458
215 167 0.109589
215 168 0.02
215 169 0.0254237
215 212 0.149425
215 213 0.2
215 214 0.0366972
215 216 0.0891089
215 259 0.00598802
215 260 0.018018
215 261 0.0884956
215 262 0.0530303
215 263 0.030303
216 167 0.0718563
216 168 0.134503
216 215 0.0891089
216 261 0.0671642
216 262 0.124183
216 263 0.254902
217 168 0.229592
217 170 0.0685714
217 171 0.00591716
217 218 0.0765027
217 263 0.0393258
217 264 0.152672
218 170 0.284946
218 171 0.294444
218 173 0.0206186
218 217 0.0765027
218 219 0.0625
218 220 0.0121212
218 264 0.0352113
218 266 0.11399
219 171 0.0674157
219 173 0.166667
219 218 0.0625
219 220 0.0797546
219 264 0.178571
219 265 0.0364583
219 266 0.324607
219 267 0.206522
220 171 0.0198676
220 173 0.163636
220 218 0.0121212
220 219 0.0797546
220 266 0.189024
220 267 0.146497
220 268 0.0182927
221 172 0.150838
221 173 0.00851064
221 174 0.159574
221 175 0.0187793
221 176 0.0166667
221 222 0.0277778
221 268 0.192308
222 175 0.104575
222 176 0.15
222 221 0.0277778
222 223 0.0909091
222 224 0.0153061
222 268 0.0344828
222 269 0.0209424
222 270 0.00483092
223 175 0.0310078
223 176 0.0729167
223 177 0.00609756
223 178 0.0440252
223 222 0.0909091
223 224 0.360465
223 225 0.0103093
223 269 0.191617
223 270 0.114754
223 271 0.0189873
224 175 0.015544
224 176 0.025
224 177 0.0833333
224 178 0.161435
224 222 0.0153061
224 223 0.360465
224 225 0.0581395
224 269 0.329004
224 270 0.0526316
224 271 0.0945946
225 177 0.348
225 178 0.302041
225 179 0.00966184
225 223 0.0103093
225 224 0.0581395
225 227 0.00724638
225 269 0.0118577
225 271 0.0655738
225 272 0.153846
226 179 0.169697
226 227 0.440171
226 271 0.0148515
226 272 0.0214286
226 273 0.244898
226 274 0.0393258
226 275 0.00558659
227 177 0.00406504
227 179 0.463054
227 180 0.0295567
227 181 0.0153061
227 225 0.00724638
227 226 0.440171
227 228 0.116
227 271 0.00416667
227 272 0.00561798
227 273 0.0982906
227 274 0.125
227 275 0.0875576
228 179 0.0276243
228 181 0.0344828
228 182 0.00900901
228 227 0.116
228 229 0.269461
228 273 0.00471698
228 274 0.190722
228 275 0.54359
229 181 0.00884956
229 182 0.0745342
229 184 0.0227273
229 228 0.269461
229 274 0.0676692
229 275 0.119403
229 276 0.0875912
229 277 0.0373134
230 185 0.0197368
230 231 0.0170455
230 232 0.114943
230 276 0.0325203
230 277 0.0333333
230 278 0.154255
230 279 0.0166667
231 183 0.062201
231 185 0.34
231 186 0.127341
231 230 0.0170455
231 232 0.205405
231 233 0.144796
231 279 0.338129
231 280 0.0408163
232 183 0.025
232 184 0.00584795
232 185 0.15528
232 230 0.114943
232 231 0.205405
232 278 0.00507614
232 279 0.285714
233 185 0.0304569
233 186 0.443925
233 231 0.144796
233 234 0.0440529
233 280 0.03125
234 186 0.212454
234 187 0.257919
234 233 0.0440529
234 279 0.0352113
234 280 0.207171
234 281 0.309735
235 188 0.177515
235 189 0.0320513
235 236 0.0939227
235 282 0.116129
235 283 0.0833333
235 284 0.134503
236 188 0.0309278
236 189 0.425414
236 235 0.0939227
236 237 0.0263158
236 283 0.187845
237 189 0.0242424
237 190 0.186667
237 191 0.0616438
237 236 0.0263158
237 238 0.130435
237 239 0.0217391
237 240 0.0128205
237 283 0.0424242
237 285 0.0608108
237 286 0.0920245
238 189 0.00657895
238 190 0.0218978
238 192 0.0420168
238 193 0.0396825
238 237 0.130435
238 240 0.104895
238 285 0.0222222
238 286 0.0133333
239 190 0.00877193
239 192 0.395833
239 193 0.126214
239 237 0.0217391
239 240 0.0916667
239 286 0.102362
240 190 0.0151515
240 192 0.0614035
240 193 0.347107
240 194 0.0290698
240 237 0.0128205
240 238 0.104895
240 239 0.0916667
240 286 0.131034
240 288 0.0443038
241 195 0.025641
241 242 0.0123457
241 288 0.101449
241 289 0.160584
242 195 0.0220994
242 196 0.0314136
242 241 0.0123457
242 243 0.262195
242 244 0.0171429
242 289 0.402985
242 290 0.113772
242 291 0.0985222
243 196 0.131783
243 242 0.262195
243 244 0.079646
243 245 0.0176991
243 289 0.0215827
243 290 0.0190476
243 291 0.0921986
244 196 0.0785714
244 197 0.024
244 198 0.0327869
244 242 0.0171429
244 243 0.079646
244 245 0.362903
244 246 0.0104167
244 290 0.0258621
244 291 0.0789474
244 292 0.038835
245 196 0.0285714
245 197 0.008
245 198 0.0327869
245 199 0.0186916
245 243 0.0176991
245 244 0.362903
245 246 0.0104167
245 290 0.0258621
245 292 0.213592
246 197 0.0207254
246 198 0.310526
246 199 0.337143
246 200 0.0259067
246 244 0.0104167
246 245 0.0104167
246 248 0.00529101
246 292 0.00584795
247 198 0.0149254
247 248 0.075188
247 292 0.0434783
247 293 0.243243
247 294 0.291667
247 295 0.0185185
248 198 0.0420168
248 199 0.00961538
248 200 0.262295
248 201 0.0917431
248 246 0.00529101
248 247 0.075188
248 292 0.07
248 293 0.0225564
248 294 0.163399
248 295 0.0752688
248 296 0.027027
249 202 0.0526316
249 203 0.0328947
249 250 0.04
249 251 0.0201342
249 297 0.196891
250 203 0.0138889
250 204 0.304348
250 249 0.04
250 251 0.170213
250 297 0.140541
250 298 0.0174419
251 204 0.0218978
251 249 0.0201342
251 250 0.170213
251 297 0.130435
251 298 0.251462
252 204 0.104
252 205 0.183099
252 298 0.157233
252 299 0.161677
252 300 0.0163934
253 205 0.0268456
253 206 0.221311
253 207 0.158333
253 208 0.0592593
253 254 0.369697
253 255 0.0451613
253 300 0.0315789
253 301 0.0650888
253 302 0.0078125
254 205 0.190217
254 206 0.292994
254 207 0.206452
254 208 0.0117647
254 253 0.369697
254 255 0.00526316
254 300 0.111111
254 301 0.0147059
255 208 0.2
255 209 0.037037
255 253 0.0451613
255 254 0.00526316
255 256 0.00980392
255 257 0.0328638
255 302 0.196078
255 303 0.0283688
255 304 0.0128205
256 209 0.150943
256 210 0.00662252
256 211 0.0280899
256 255 0.00980392
256 257 0.485232
256 258 0.102703
256 303 0.0969697
256 304 0.255814
257 209 0.39881
257 210 0.025
257 211 0.0160428
257 255 0.0328638
257 256 0.485232
257 258 0.0257732
257 259 0.004
257 303 0.0287356
257 304 0.093633
258 209 0.00862069
258 210 0.00925926
258 211 0.214815
258 256 0.102703
258 257 0.0257732
258 259 0.217172
258 303 0.0245902
258 304 0.172093
258 305 0.0264901
259 211 0.230366
259 212 0.0344828
259 215 0.00598802
259 257 0.004
259 258 0.217172
259 260 0.156566
259 261 0.105
259 304 0.0332103
259 305 0.289855
259 307 0.0446927
260 212 0.059322
260 215 0.018018
260 259 0.156566
260 261 0.333333
260 262 0.00613497
260 305 0.0860927
260 306 0.0285714
260 307 0.276423
260 308 0.0989011
261 212 0.075
261 213 0.00632911
261 215 0.0884956
261 216 0.0671642
261 259 0.105
261 260 0.333333
261 262 0.0666667
261 263 0.0242424
261 305 0.00653595
261 307 0.072
261 308 0.0860215
262 213 0.107345
262 215 0.0530303
262 216 0.124183
262 260 0.00613497
262 261 0.0666667
262 263 0.201087
262 306 0.0634921
262 307 0.0763889
262 308 0.0178571
262 310 0.0133333
263 215 0.030303
263 216 0.254902
263 217 0.0393258
263 261 0.0242424
263 262 0.201087
263 310 0.0733333
263 312 0.0874317
264 217 0.152672
264 218 0.0352113
264 219 0.178571
264 265 0.0211268
264 266 0.0070922
264 312 0.0735294
265 219 0.0364583
265 264 0.0211268
265 266 0.0932643
265 311 0.0714286
265 312 0.18617
265 313 0.102151
266 218 0.11399
266 219 0.324607
266 220 0.189024
266 264 0.0070922
266 265 0.0932643
266 267 0.0972973
266 313 0.108108
267 219 0.206522
267 220 0.146497
267 266 0.0972973
267 268 0.0810811
267 313 0.258427
267 314 0.05
268 220 0.0182927
268 221 0.192308
268 222 0.0344828
268 267 0.0810811
268 314 0.0204082
268 315 0.0182927
269 222 0.0209424
269 223 0.191617
269 224 0.329004
269 225 0.0118577
269 270 0.429752
269 271 0.078341
269 316 0.0574713
269 317 0.0408163
269 318 0.0745098
270 222 0.00483092
270 223 0.114754
270 224 0.0526316
270 269 0.429752
270 271 0.0171674
270 315 0.0101523
270 316 0.221053
270 317 0.187739
270 318 0.0553506
271 223 0.0189873
271 224 0.0945946
271 225 0.0655738
271 226 0.0148515
271 227 0.00416667
271 269 0.078341
271 270 0.0171674
271 272 0.171233
271 273 0.019802
271 318 0.304878
271 319 0.0128205
272 225 0.153846
272 226 0.0214286
272 227 0.00561798
272 271 0.171233
272 273 0.00714286
272 318 0.0326087
273 226 0.244898
273 227 0.0982906
273 228 0.00471698
273 271 0.019802
273 272 0.00714286
273 274 0.0449438
273 318 0.0166667
273 319 0.293333
273 320 0.210227
273 321 0.366516
274 226 0.0393258
274 227 0.125
274 228 0.190722
274 229 0.0676692
274 273 0.0449438
274 275 0.118012
274 320 0.0126582
274 321 0.0541872
274 322 0.140741
275 226 0.00558659
275 227 0.0875576
275 228 0.54359
275 229 0.119403
275 274 0.118012
275 321 0.00490196
275 322 0.00735294
276 229 0.0875912
276 230 0.0325203
276 277 0.0969697
276 278 0.00858369
277 229 0.0373134
277 230 0.0333333
277 276 0.0969697
277 278 0.221739
277 322 0.0514706
277 323 0.310078
277 324 0.11
277 325 0.106918
278 230 0.154255
278 232 0.00507614
278 276 0.00858369
278 277 0.221739
278 279 0.0275862
278 323 0.0406091
278 324 0.414179
278 325 0.511013
278 326 0.00411523
279 230 0.0166667
279 231 0.338129
279 232 0.285714
279 234 0.0352113
279 278 0.0275862
279 280 0.188755
279 325 0.0365297
279 326 0.131915
279 327 0.0174672
280 231 0.0408163
280 233 0.03125
280 234 0.207171
280 279 0.188755
280 281 0.183246
280 326 0.0148515
280 327 0.0204082
280 328 0.188312
281 234 0.309735
281 280 0.183246
281 328 0.0852713
282 235 0.116129
282 283 0.0322581
282 284 0.252941
282 330 0.0318471
283 235 0.0833333
283 236 0.187845
283 237 0.0424242
283 282 0.0322581
283 284 0.0643275
283 329 0.207101
283 330 0.120253
283 331 0.035461
284 235 0.134503
284 282 0.252941
284 283 0.0643275
284 329 0.00543478
284 330 0.33526
285 237 0.0608108
285 238 0.0222222
285 286 0.328467
285 331 0.0725806
285 332 0.155039
285 333 0.216867
286 237 0.0920245
286 238 0.0133333
286 239 0.102362
286 240 0.131034
286 285 0.328467
286 288 0.00606061
286 331 0.00719424
286 332 0.0138889
286 333 0.112245
287 288 0.0140845
287 335 0.193798
287 336 0.266667
288 240 0.0443038
288 241 0.101449
288 286 0.00606061
288 287 0.0140845
288 333 0.036036
288 334 0.190909
288 335 0.181818
288 336 0.0641026
289 241 0.160584
289 242 0.402985
289 243 0.0215827
289 290 0.0211268
289 291 0.0168539
289 337 0.0806452
290 242 0.113772
290 243 0.0190476
290 244 0.0258621
290 245 0.0258621
290 289 0.0211268
290 291 0.541667
290 337 0.190789
291 242 0.0985222
291 243 0.0921986
291 244 0.0789474
291 289 0.0168539
291 290 0.541667
291 337 0.0744681
291 338 0.170213
292 244 0.038835
292 245 0.213592
292 246 0.00584795
292 247 0.0434783
292 248 0.07
292 293 0.0869565
292 294 0.037037
292 339 0.0294118
292 340 0.0892857
293 247 0.243243
293 248 0.0225564
293 292 0.0869565
293 294 0.154762
293 338 0.008
293 339 0.019802
293 340 0.351724
294 247 0.291667
294 248 0.163399
294 292 0.037037
294 293 0.154762
294 295 0.0703125
294 296 0.0366972
294 340 0.0242424
294 341 0.0236686
294 342 0.0217391
295 247 0.0185185
295 248 0.0752688
295 294 0.0703125
295 296 0.244898
295 341 0.247706
295 342 0.0769231
295 343 0.0252101
296 248 0.027027
296 294 0.0366972
296 295 0.244898
296 341 0.0111111
296 342 0.254237
296 343 0.05
297 249 0.196891
297 250 0.140541
297 251 0.130435
297 342 0.126582
297 343 0.115578
297 344 0.0174672
298 250 0.0174419
298 251 0.251462
298 252 0.157233
298 299 0.280952
298 345 0.0116279
298 346 0.0656934
298 347 0.103448
299 252 0.161677
299 298 0.280952
299 300 0.222222
299 301 0.00469484
299 345 0.00555556
299 347 0.196078
300 252 0.0163934
300 253 0.0315789
300 254 0.111111
300 299 0.222222
300 301 0.49345
300 347 0.035503
300 348 0.0326797
301 253 0.0650888
301 254 0.0147059
301 299 0.00469484
301 300 0.49345
301 302 0.011976
301 347 0.0405405
301 348 0.219697
302 253 0.0078125
302 255 0.196078
302 301 0.011976
302 303 0.0175439
302 304 0.00483092
302 348 0.0769231
302 349 0.271318
302 350 0.078125
303 255 0.0283688
303 256 0.0969697
303 257 0.0287356
303 258 0.0245902
303 302 0.0175439
303 304 0.323077
303 305 0.0305344
303 350 0.0603448
303 351 0.0560748
303 352 0.0740741
304 255 0.0128205
304 256 0.255814
304 257 0.093633
304 258 0.172093
304 259 0.0332103
304 302 0.00483092
304 303 0.323077
304 305 0.107143
304 349 0.00952381
304 350 0.0382775
305 258 0.0264901
305 259 0.289855
305 260 0.0860927
305 261 0.00653595
305 303 0.0305344
305 304 0.107143
305 307 0.0530303
305 351 0.0147059
305 353 0.0900901
306 260 0.0285714
306 262 0.0634921
306 307 0.197674
306 351 0.0111111
306 353 0.0923077
306 354 0.117647
306 355 0.0192308
307 259 0.0446927
307 260 0.276423
307 261 0.072
307 262 0.0763889
307 305 0.0530303
307 306 0.197674
307 308 0.0277778
307 353 0.0481928
307 354 0.0697674
307 355 0.00819672
307 356 0.0173913
308 260 0.0989011
308 261 0.0860215
308 262 0.0178571
308 307 0.0277778
308 309 0.0540541
308 354 0.037037
308 356 0.0240964
308 357 0.0140845
309 308 0.0540541
309 310 0.0666667
309 356 0.0625
309 357 0.352941
310 262 0.0133333
310 263 0.0733333
310 309 0.0666667
310 357 0.330275
310 358 0.1875
311 265 0.0714286
311 312 0.191358
311 358 0.262411
311 359 0.161616
311 360 0.0365854
312 263 0.0874317
312 264 0.0735294
312 265 0.18617
312 311 0.191358
312 358 0.0248447
313 265 0.102151
313 266 0.108108
313 267 0.258427
313 314 0.15
313 360 0.137363
313 361 0.00689655
314 267 0.05
314 268 0.0204082
314 313 0.15
314 315 0.0756303
314 361 0.327103
314 362 0.0691824
315 268 0.0182927
315 270 0.0101523
315 314 0.0756303
315 316 0.248062
315 361 0.0967742
315 362 0.329545
315 363 0.00502513
316 269 0.0574713
316 270 0.221053
316 315 0.248062
316 317 0.0466321
316 361 0.00854701
316 362 0.100592
316 363 0.130208
317 269 0.0408163
317 270 0.187739
317 316 0.0466321
317 318 0.0948905
317 363 0.403042
317 364 0.0280899
317 365 0.133603
318 269 0.0745098
318 270 0.0553506
318 271 0.304878
318 272 0.0326087
318 273 0.0166667
318 317 0.0948905
318 319 0.0103093
318 363 0.010989
318 365 0.466926
318 367 0.00714286
319 271 0.0128205
319 273 0.293333
319 318 0.0103093
319 320 0.0615385
319 321 0.0342857
319 365 0.0359281
319 367 0.189474
320 273 0.210227
320 274 0.0126582
320 319 0.0615385
320 321 0.532338
320 367 0.087963
320 368 0.0445545
321 273 0.366516
321 274 0.0541872
321 275 0.00490196
321 319 0.0342857
321 320 0.532338
321 322 0.0337079
321 367 0.0651341
321 368 0.275304
322 274 0.140741
322 275 0.00735294
322 277 0.0514706
322 321 0.0337079
322 323 0.0970874
322 368 0.290503
322 369 0.2625
323 277 0.310078
323 278 0.0406091
323 322 0.0970874
323 324 0.0179641
323 368 0.0116279
323 369 0.136986
324 277 0.11
324 278 0.414179
324 323 0.0179641
324 325 0.22335
324 371 0.161905
324 373 0.0209424
325 277 0.106918
325 278 0.511013
325 279 0.0365297
325 324 0.22335
325 326 0.0116279
325 327 0.0060241
325 373 0.06
326 278 0.00411523
326 279 0.131915
326 280 0.0148515
326 325 0.0116279
326 327 0.362637
326 372 0.0923077
326 373 0.301205
326 374 0.0723404
327 279 0.0174672
327 280 0.0204082
327 325 0.0060241
