0 1 0.0232558
0 31 0.542857
1 0 0.0232558
1 31 0.123457
1 32 0.317881
1 33 0.164474
1 62 0.0227273
2 3 0.0333333
2 4 0.0227273
2 5 0.14
2 33 0.0392157
2 34 0.33125
3 2 0.0333333
3 4 0.227273
3 5 0.0283019
3 6 0.0178571
3 7 0.00980392
3 34 0.0258621
3 36 0.0860215
4 2 0.0227273
4 3 0.227273
4 5 0.0192308
4 6 0.0185185
5 2 0.14
5 3 0.0283019
5 4 0.0192308
5 34 0.0681818
5 35 0.156977
5 36 0.20915
5 67 0.0136054
6 3 0.0178571
6 4 0.0185185
6 7 0.133929
6 8 0.173913
6 38 0.0839695
7 3 0.00980392
7 6 0.133929
7 36 0.355705
7 38 0.0960452
7 68 0.103448
7 69 0.0503145
8 6 0.173913
8 9 0.148649
8 38 0.126866
8 39 0.00892857
8 40 0.0892857
9 8 0.148649
9 10 0.0648148
9 38 0.00735294
9 40 0.0877193
9 41 0.0322581
10 9 0.0648148
10 11 0.176
10 40 0.0273973
10 41 0.294872
11 10 0.176
11 12 0.0461538
11 41 0.0283688
11 42 0.201087
12 11 0.0461538
12 13 0.387931
12 14 0.0833333
12 42 0.122549
12 43 0.0777202
13 12 0.387931
13 14 0.453488
13 15 0.0661157
13 43 0.0188679
13 46 0.01
14 12 0.0833333
14 13 0.453488
14 15 0.36
14 43 0.00613497
14 44 0.0379747
14 45 0.0196078
14 46 0.0192308
14 76 0.0230769
15 13 0.0661157
15 14 0.36
15 44 0.00877193
15 45 0.0291971
15 46 0.28777
15 76 0.181818
15 77 0.00680272
16 17 0.382114
16 18 0.102564
16 19 0.135593
16 47 0.0542169
16 48 0.0384615
16 49 0.027972
16 77 0.0666667
17 16 0.382114
17 18 0.027972
17 46 0.0350877
17 47 0.0588235
17 77 0.106557
18 16 0.102564
18 17 0.027972
18 19 0.23913
18 20 0.0446927
18 47 0.00537634
18 48 0.12
18 49 0.190184
18 50 0.00598802
18 51 0.101695
19 16 0.135593
19 18 0.23913
19 48 0.0178571
19 49 0.136
19 80 0.0855263
20 18 0.0446927
20 22 0.216783
20 48 0.0261438
20 49 0.0240964
20 50 0.0117647
20 51 0.344444
20 82 0.0114943
21 22 0.0543478
21 23 0.1
21 51 0.00775194
21 52 0.163934
21 53 0.440476
21 54 0.0952381
22 20 0.216783
22 21 0.0543478
22 23 0.0625
22 51 0.0780142
22 53 0.0729167
23 21 0.1
23 22 0.0625
23 24 0.157303
23 53 0.00961538
23 54 0.144
23 55 0.178571
24 23 0.157303
24 25 0.0208333
24 55 0.175182
24 85 0.0441176
25 24 0.0208333
25 26 0.0162602
25 27 0.0263158
25 55 0.0314961
26 25 0.0162602
26 27 0.0487805
26 55 0.00943396
26 56 0.131429
26 57 0.3
26 58 0.174468
26 88 0.0361011
26 89 0.0333333
27 25 0.0263158
27 26 0.0487805
27 29 0.025641
27 58 0.04
28 29 0.101449
28 30 0.0447761
28 58 0.00401606
28 59 0.418118
28 60 0.11165
28 61 0.356784
28 90 0.00425532
28 91 0.00440529
29 27 0.025641
29 28 0.101449
29 30 0.0277778
29 58 0.0264901
29 60 0.00925926
29 61 0.00990099
30 28 0.0447761
30 29 0.0277778
30 61 0.0206186
31 0 0.542857
31 1 0.123457
31 32 0.03
31 62 0.0810811
32 1 0.317881
32 31 0.03
32 33 0.0935673
32 62 0.102804
32 64 0.159341
32 93 0.0416667
33 1 0.164474
33 2 0.0392157
33 32 0.0935673
33 34 0.100559
33 64 0.114754
33 65 0.0469799
34 2 0.33125
34 3 0.0258621
34 5 0.0681818
34 33 0.100559
34 35 0.10989
34 65 0.108974
34 96 0.0104712
35 5 0.156977
35 34 0.10989
35 65 0.0460526
35 66 0.00729927
35 67 0.183007
35 96 0.149733
35 98 0.0581395
36 3 0.0860215
36 5 0.20915
36 7 0.355705
36 67 0.0223881
36 68 0.0147059
36 98 0.0196078
37 68 0.126667
37 69 0.164634
37 98 0.00598802
37 99 0.4
37 100 0.112676
38 6 0.0839695
38 7 0.0960452
38 8 0.126866
38 9 0.00735294
38 39 0.333333
38 40 0.0977011
38 68 0.00609756
38 69 0.235955
38 70 0.0163934
39 8 0.00892857
39 38 0.333333
39 40 0.0657895
39 69 0.0128205
39 70 0.198758
40 8 0.0892857
40 9 0.0877193
40 10 0.0273973
40 38 0.0977011
40 39 0.0657895
40 41 0.191358
40 70 0.0496894
40 71 0.113095
41 9 0.0322581
41 10 0.294872
41 11 0.0283688
41 40 0.191358
41 42 0.00930233
41 71 0.213483
41 72 0.0346821
41 73 0.0105263
42 11 0.201087
42 12 0.122549
42 41 0.00930233
42 43 0.186235
42 72 0.0138889
42 73 0.253219
42 74 0.0135135
43 12 0.0777202
43 13 0.0188679
43 14 0.00613497
43 42 0.186235
43 44 0.0460526
43 73 0.103604
43 74 0.146919
43 75 0.0536913
43 105 0.0479452
43 106 0.361963
44 14 0.0379747
44 15 0.00877193
44 43 0.0460526
44 45 0.010989
44 74 0.00787402
44 76 0.109244
44 105 0.0645161
44 106 0.455696
44 107 0.157895
45 14 0.0196078
45 15 0.0291971
45 44 0.010989
45 46 0.0172414
45 47 0.0129032
45 76 0.309859
45 77 0.104839
45 109 0.0674157
46 13 0.01
46 14 0.0192308
46 15 0.28777
46 17 0.0350877
46 45 0.0172414
46 76 0.0555556
46 77 0.150794
47 16 0.0542169
47 17 0.0588235
47 18 0.00537634
47 45 0.0129032
47 48 0.01875
47 49 0.00578035
47 77 0.212121
47 79 0.334862
47 109 0.0307692
47 111 0.0130719
48 16 0.0384615
48 18 0.12
48 19 0.0178571
48 20 0.0261438
48 47 0.01875
48 49 0.350365
48 50 0.0212766
48 51 0.013245
48 79 0.032967
48 80 0.0731707
48 82 0.0206897
48 111 0.0683761
49 16 0.027972
49 18 0.190184
49 19 0.136
49 20 0.0240964
49 47 0.00578035
49 48 0.350365
49 50 0.0194805
49 51 0.0487805
49 79 0.0205128
49 80 0.20904
49 82 0.0822785
49 111 0.115385
50 18 0.00598802
50 20 0.0117647
50 48 0.0212766
50 49 0.0194805
50 51 0.0535714
50 52 0.15528
50 80 0.0331492
50 81 0.297521
50 82 0.271605
50 83 0.075
50 112 0.00819672
51 18 0.101695
51 20 0.344444
51 21 0.00775194
51 22 0.0780142
51 48 0.013245
51 49 0.0487805
51 50 0.0535714
51 52 0.0175439
51 81 0.0152672
51 82 0.0813954
52 21 0.163934
52 50 0.15528
52 51 0.0175439
52 53 0.015873
52 54 0.0136054
52 82 0.0121212
52 83 0.368098
52 84 0.0719424
53 21 0.440476
53 22 0.0729167
53 23 0.00961538
53 52 0.015873
53 54 0.0275229
53 84 0.029703
54 21 0.0952381
54 23 0.144
54 52 0.0136054
54 53 0.0275229
54 55 0.156069
54 84 0.0245902
54 85 0.134615
54 116 0.0512821
55 23 0.178571
55 24 0.175182
55 25 0.0314961
55 26 0.00943396
55 54 0.156069
55 57 0.118852
55 85 0.115646
55 88 0.0320285
56 26 0.131429
56 57 0.338164
56 58 0.10396
56 87 0.0776256
56 88 0.0614754
56 89 0.0483092
57 26 0.3
57 55 0.118852
57 56 0.338164
57 58 0.0337079
57 87 0.0211268
57 88 0.171521
58 26 0.174468
58 27 0.04
58 28 0.00401606
58 29 0.0264901
58 56 0.10396
58 57 0.0337079
58 59 0.0733333
58 60 0.223744
58 88 0.00657895
58 89 0.172285
58 90 0.00403226
59 28 0.418118
59 58 0.0733333
59 60 0.377432
59 61 0.052
59 89 0.0557377
59 90 0.136364
59 91 0.104317
59 123 0.0542373
60 28 0.11165
60 29 0.00925926
60 58 0.223744
60 59 0.377432
60 89 0.0758929
60 91 0.0101523
61 28 0.356784
61 29 0.00990099
61 30 0.0206186
61 59 0.052
61 123 0.0917874
62 1 0.0227273
62 31 0.0810811
62 32 0.102804
62 93 0.0987654
62 124 0.0232558
63 64 0.402367
63 65 0.00740741
63 93 0.0381679
63 94 0.0894309
63 95 0.194444
63 96 0.0176471
64 32 0.159341
64 33 0.114754
64 63 0.402367
64 65 0.08125
64 93 0.0128205
64 96 0.025641
65 33 0.0469799
65 34 0.108974
65 35 0.0460526
65 63 0.00740741
65 64 0.08125
65 96 0.217391
66 35 0.00729927
66 67 0.0446429
66 96 0.0821918
66 97 0.208589
66 98 0.206107
66 129 0.00854701
67 5 0.0136054
67 35 0.183007
67 36 0.0223881
67 66 0.0446429
67 68 0.00769231
67 98 0.435374
67 129 0.0225564
68 7 0.103448
68 36 0.0147059
68 37 0.126667
68 38 0.00609756
68 67 0.00769231
68 69 0.0753425
68 98 0.187919
68 99 0.0491803
68 129 0.0222222
68 130 0.0461538
69 7 0.0503145
69 37 0.164634
69 38 0.235955
69 39 0.0128205
69 68 0.0753425
69 70 0.121212
69 99 0.0147059
69 100 0.0289855
70 38 0.0163934
70 39 0.198758
70 40 0.0496894
70 69 0.121212
70 71 0.0960452
70 100 0.0979021
70 101 0.173611
70 134 0.0146341
71 40 0.113095
71 41 0.213483
71 70 0.0960452
71 72 0.0782123
71 102 0.167568
71 134 0.00943396
72 41 0.0346821
72 42 0.0138889
72 71 0.0782123
72 73 0.198953
72 102 0.211111
72 103 0.11875
72 104 0.020979
72 134 0.0193237
73 41 0.0105263
73 42 0.253219
73 43 0.103604
73 72 0.198953
73 74 0.152284
73 104 0.03125
74 42 0.0135135
74 43 0.146919
74 44 0.00787402
74 73 0.152284
74 75 0.217742
74 104 0.100671
74 105 0.198347
74 106 0.0217391
74 107 0.00649351
74 135 0.00487805
74 136 0.101911
74 137 0.0246914
75 43 0.0536913
75 74 0.217742
75 105 0.220339
75 106 0.0657895
75 137 0.04
76 14 0.0230769
76 15 0.181818
76 44 0.109244
76 45 0.309859
76 46 0.0555556
76 77 0.00657895
76 106 0.0153846
76 107 0.10274
76 108 0.0078125
76 109 0.00854701
76 139 0.00740741
77 15 0.00680272
77 16 0.0666667
77 17 0.106557
77 45 0.104839
77 46 0.150794
77 47 0.212121
77 76 0.00657895
77 79 0.0106952
78 79 0.357843
78 109 0.224138
78 111 0.00719424
78 140 0.0424242
78 141 0.114094
79 47 0.334862
79 48 0.032967
79 49 0.0205128
79 77 0.0106952
79 78 0.357843
79 80 0.0045045
79 109 0.0131579
79 111 0.0628571
79 141 0.00540541
80 19 0.0855263
80 48 0.0731707
80 49 0.20904
80 50 0.0331492
80 79 0.0045045
80 81 0.0625
80 82 0.2
80 110 0.0357143
80 111 0.203822
80 112 0.296552
80 113 0.0222222
80 144 0.0103627
81 50 0.297521
81 51 0.0152672
81 80 0.0625
81 82 0.144
81 83 0.0162602
81 111 0.0103093
81 112 0.117647
81 113 0.00833333
82 20 0.0114943
82 48 0.0206897
82 49 0.0822785
82 50 0.271605
82 51 0.0813954
82 52 0.0121212
82 80 0.2
82 81 0.144
82 83 0.0243902
82 112 0.015873
82 113 0.0310559
83 50 0.075
83 52 0.368098
83 81 0.0162602
83 82 0.0243902
83 84 0.00724638
83 113 0.0503145
83 114 0.0116959
83 143 0.0359281
83 144 0.0465116
83 145 0.0689655
83 146 0.0576923
84 52 0.0719424
84 53 0.029703
84 54 0.0245902
84 83 0.00724638
84 85 0.0104167
84 86 0.312
84 114 0.0204082
84 115 0.0705128
84 116 0.192661
84 117 0.0446429
84 146 0.310606
84 148 0.0116279
85 24 0.0441176
85 54 0.134615
85 55 0.115646
85 84 0.0104167
85 86 0.0186916
85 87 0.0106952
85 88 0.0377358
85 116 0.021978
85 117 0.0212766
85 119 0.0535714
86 84 0.312
86 85 0.0186916
86 114 0.0126582
86 115 0.0179641
86 116 0.458333
86 117 0.235772
86 146 0.174825
86 147 0.00568182
86 148 0.0218579
87 56 0.0776256
87 57 0.0211268
87 85 0.0106952
87 88 0.489097
87 89 0.0105634
87 117 0.00492611
87 118 0.0167598
87 119 0.0995475
87 120 0.155172
87 148 0.00380228
87 149 0.085
88 26 0.0361011
88 55 0.0320285
88 56 0.0614754
88 57 0.171521
88 58 0.00657895
88 85 0.0377358
88 87 0.489097
88 89 0.0355987
88 117 0.00877193
88 118 0.00490196
88 119 0.109756
88 120 0.0233463
89 26 0.0333333
89 56 0.0483092
89 58 0.172285
89 59 0.0557377
89 60 0.0758929
89 87 0.0105634
89 88 0.0355987
89 90 0.166008
89 91 0.00816326
89 120 0.0818182
89 121 0.25
89 122 0.0409836
90 28 0.00425532
90 58 0.00403226
90 59 0.136364
90 89 0.166008
90 91 0.30531
90 121 0.0404624
90 122 0.266667
90 123 0.0123457
90 153 0.018315
91 28 0.00440529
91 59 0.104317
91 60 0.0101523
91 89 0.00816326
91 90 0.30531
91 122 0.129032
91 123 0.323404
91 153 0.0301887
91 154 0.0375
92 123 0.180645
92 154 0.10625
93 32 0.0416667
93 62 0.0987654
93 63 0.0381679
93 64 0.0128205
93 94 0.154545
93 124 0.1625
93 155 0.078125
94 63 0.0894309
94 93 0.154545
94 95 0.0731707
94 126 0.138462
94 155 0.0583333
94 156 0.115646
95 63 0.194444
95 94 0.0731707
95 96 0.111765
95 97 0.0374332
95 126 0.225166
95 127 0.0457516
96 34 0.0104712
96 35 0.149733
96 63 0.0176471
96 64 0.025641
96 65 0.217391
96 66 0.0821918
96 95 0.111765
96 97 0.131455
96 98 0.0110497
97 66 0.208589
97 95 0.0374332
97 96 0.131455
97 127 0.260204
97 128 0.132597
97 129 0.0217391
97 158 0.00564972
98 35 0.0581395
98 36 0.0196078
98 37 0.00598802
98 66 0.206107
98 67 0.435374
98 68 0.187919
98 96 0.0110497
98 129 0.0592105
99 37 0.4
99 68 0.0491803
99 69 0.0147059
99 100 0.0614035
99 130 0.00833333
99 131 0.198758
100 37 0.112676
100 69 0.0289855
100 70 0.0979021
100 99 0.0614035
100 101 0.119658
100 131 0.110429
100 132 0.152174
100 161 0.00653595
101 70 0.173611
101 100 0.119658
101 132 0.165468
101 134 0.0111732
101 163 0.0810811
102 71 0.167568
102 72 0.211111
102 103 0.210843
102 133 0.00609756
102 134 0.248826
103 72 0.11875
103 102 0.210843
103 104 0.0697674
103 134 0.259067
103 135 0.0918919
104 72 0.020979
104 73 0.03125
104 74 0.100671
104 103 0.0697674
104 134 0.0113636
104 135 0.172619
104 136 0.0166667
104 166 0.0147059
104 167 0.00793651
105 43 0.0479452
105 44 0.0645161
105 74 0.198347
105 75 0.220339
105 106 0.123288
105 107 0.0786517
105 137 0.123711
105 138 0.0348837
105 167 0.0306122
105 168 0.0666667
106 43 0.361963
106 44 0.455696
106 74 0.0217391
106 75 0.0657895
106 76 0.0153846
106 105 0.123288
106 107 0.0471698
107 44 0.157895
107 74 0.00649351
107 76 0.10274
107 105 0.0786517
107 106 0.0471698
107 108 0.0769231
107 109 0.0537634
107 138 0.0168067
107 139 0.0810811
107 168 0.0897436
107 170 0.104167
107 171 0.0193548
108 76 0.0078125
108 107 0.0769231
108 109 0.0266667
108 138 0.019802
108 139 0.397849
108 168 0.0166667
108 170 0.015873
108 171 0.0145985
109 45 0.0674157
109 47 0.0307692
109 76 0.00854701
109 78 0.224138
109 79 0.0131579
109 107 0.0537634
109 108 0.0266667
109 139 0.195122
109 140 0.0973451
110 80 0.0357143
110 111 0.0909091
110 112 0.0550459
110 113 0.0486111
110 140 0.190476
110 141 0.0534351
110 142 0.167832
110 144 0.0764331
110 145 0.0153846
110 172 0.0197368
110 173 0.0305344
111 47 0.0130719
111 48 0.0683761
111 49 0.115385
111 78 0.00719424
111 79 0.0628571
111 80 0.203822
111 81 0.0103093
111 110 0.0909091
111 112 0.0714286
111 113 0.0225564
111 140 0.0147059
111 141 0.108333
111 142 0.0151515
111 144 0.0136986
112 50 0.00819672
112 80 0.296552
112 81 0.117647
112 82 0.015873
112 110 0.0550459
112 111 0.0714286
112 113 0.0247934
112 143 0.0310078
112 144 0.0895522
112 145 0.00934579
113 80 0.0222222
113 81 0.00833333
113 82 0.0310559
113 83 0.0503145
113 110 0.0486111
113 111 0.0225564
113 112 0.0247934
113 114 0.0238095
113 115 0.0169492
113 142 0.0903226
113 143 0.0426829
113 144 0.414201
113 145 0.084507
113 177 0.00621118
114 83 0.0116959
114 84 0.0204082
114 86 0.0126582
114 113 0.0238095
114 115 0.582011
114 117 0.00689655
114 145 0.00649351
114 146 0.133333
114 147 0.0252525
114 148 0.0878049
114 177 0.017341
115 84 0.0705128
115 86 0.0179641
115 113 0.0169492
115 114 0.582011
115 116 0.00662252
115 117 0.00649351
115 143 0.0108108
115 145 0.0122699
115 146 0.33908
115 147 0.00966184
115 148 0.0514019
115 176 0.0193548
115 177 0.032967
116 54 0.0512821
116 84 0.192661
116 85 0.021978
116 86 0.458333
116 115 0.00662252
116 117 0.11215
116 146 0.023622
116 148 0.00598802
117 84 0.0446429
117 85 0.0212766
117 86 0.235772
117 87 0.00492611
117 88 0.00877193
117 114 0.00689655
117 115 0.00649351
117 116 0.11215
117 118 0.0813954
117 119 0.0390625
117 146 0.00769231
117 147 0.0368098
117 148 0.205882
117 149 0.0280374
117 150 0.0111732
118 87 0.0167598
118 88 0.00490196
118 117 0.0813954
118 119 0.230769
118 148 0.00684932
118 149 0.060241
118 150 0.0967742
118 178 0.164557
119 85 0.0535714
119 87 0.0995475
119 88 0.109756
119 117 0.0390625
119 118 0.230769
119 120 0.00636943
119 148 0.0106383
119 149 0.168
119 150 0.0862944
119 178 0.0413223
119 181 0.0131579
120 87 0.155172
120 88 0.0233463
120 89 0.0818182
120 119 0.00636943
120 121 0.0642857
120 149 0.132353
120 150 0.0240385
120 151 0.203209
120 152 0.00512821
120 181 0.0122699
121 89 0.25
121 90 0.0404624
121 120 0.0642857
121 122 0.103659
121 152 0.113772
121 153 0.00471698
122 89 0.0409836
122 90 0.266667
122 91 0.129032
122 121 0.103659
122 151 0.0379147
122 152 0.210046
122 153 0.223485
122 183 0.0538922
122 184 0.012766
123 59 0.0542373
123 61 0.0917874
123 90 0.0123457
123 91 0.323404
123 92 0.180645
123 153 0.0212766
123 154 0.105058
124 62 0.0232558
124 93 0.1625
124 155 0.0888889
124 186 0.025641
125 155 0.00671141
125 156 0.301136
125 187 0.201258
125 188 0.107383
126 94 0.138462
126 95 0.225166
126 127 0.0875
126 156 0.268571
126 157 0.0218978
127 95 0.0457516
127 97 0.260204
127 126 0.0875
127 128 0.129252
127 157 0.0719424
127 158 0.0559441
128 97 0.132597
128 127 0.129252
128 129 0.185185
128 157 0.00806452
128 158 0.273438
128 159 0.0145985
128 160 0.035461
129 66 0.00854701
129 67 0.0225564
129 68 0.0222222
129 97 0.0217391
129 98 0.0592105
129 128 0.185185
129 130 0.270677
129 160 0.0625
130 68 0.0461538
130 99 0.00833333
130 129 0.270677
130 131 0.136095
130 160 0.057554
131 99 0.198758
131 100 0.110429
131 130 0.136095
131 132 0.0810811
131 160 0.00555556
131 161 0.345
131 162 0.00671141
131 191 0.00552486
132 100 0.152174
132 101 0.165468
132 131 0.0810811
132 133 0.0860927
132 134 0.005
132 162 0.0241935
132 163 0.219697
132 164 0.070922
132 195 0.0606061
133 102 0.00609756
133 132 0.0860927
133 134 0.282723
133 135 0.0163934
133 164 0.234848
133 165 0.2
133 166 0.00662252
134 70 0.0146341
134 71 0.00943396
134 72 0.0193237
134 101 0.0111732
134 102 0.248826
134 103 0.259067
134 104 0.0113636
134 132 0.005
134 133 0.282723
134 135 0.0258621
134 164 0.00552486
134 165 0.010582
135 74 0.00487805
135 103 0.0918919
135 104 0.172619
135 133 0.0163934
135 134 0.0258621
135 136 0.170455
135 165 0.0441989
135 166 0.260417
135 167 0.0164835
135 197 0.0326797
136 74 0.101911
136 104 0.0166667
136 135 0.170455
136 137 0.0225564
136 167 0.19403
136 197 0.0285714
137 74 0.0246914
137 75 0.04
137 105 0.123711
137 136 0.0225564
137 138 0.0472441
137 167 0.309353
137 168 0.151163
137 171 0.00613497
138 105 0.0348837
138 107 0.0168067
138 108 0.019802
138 137 0.0472441
138 139 0.00925926
138 140 0.0143885
138 167 0.0234375
138 168 0.106667
138 170 0.219858
138 171 0.375
138 201 0.0653595
138 202 0.0131579
139 76 0.00740741
139 107 0.0810811
139 108 0.397849
139 109 0.195122
139 138 0.00925926
139 140 0.0458015
139 168 0.0149254
139 170 0.0075188
139 171 0.0694444
140 78 0.0424242
140 109 0.0973451
140 110 0.190476
140 111 0.0147059
140 138 0.0143885
140 139 0.0458015
140 141 0.0890411
140 142 0.0506329
140 170 0.0365854
140 171 0.108571
140 172 0.221557
140 173 0.143836
140 201 0.00568182
140 202 0.0228571
140 203 0.0755814
140 204 0.0337079
141 78 0.114094
141 79 0.00540541
141 110 0.0534351
141 111 0.108333
141 140 0.0890411
141 142 0.232394
141 172 0.15894
141 173 0.00769231
141 204 0.00617284
142 110 0.167832
142 111 0.0151515
142 113 0.0903226
142 140 0.0506329
142 141 0.232394
142 143 0.0122699
142 144 0.0178571
142 145 0.0070922
142 172 0.134969
142 173 0.0140845
142 174 0.0224719
142 203 0.00595238
142 204 0.206897
142 205 0.0596026
142 206 0.0588235
143 83 0.0359281
143 112 0.0310078
143 113 0.0426829
143 115 0.0108108
143 142 0.0122699
143 144 0.0960452
143 145 0.313333
143 146 0.0248447
143 174 0.0160428
143 175 0.023622
143 177 0.248521
143 206 0.00558659
143 207 0.00769231
144 80 0.0103627
144 83 0.0465116
144 110 0.0764331
144 111 0.0136986
144 112 0.0895522
144 113 0.414201
144 142 0.0178571
144 143 0.0960452
144 145 0.380645
144 146 0.0120482
144 174 0.0260417
144 177 0.0517241
145 83 0.0689655
145 110 0.0153846
145 112 0.00934579
145 113 0.084507
145 114 0.00649351
145 115 0.0122699
145 142 0.0070922
145 143 0.313333
145 144 0.380645
145 146 0.028777
145 174 0.0909091
145 175 0.0190476
145 177 0.0612245
145 206 0.0191083
145 207 0.0185185
146 83 0.0576923
146 84 0.310606
146 86 0.174825
146 114 0.133333
146 115 0.33908
146 116 0.023622
146 117 0.00769231
146 143 0.0248447
146 144 0.0120482
146 145 0.028777
146 147 0.00546448
146 148 0.0105263
146 177 0.0126582
147 86 0.00568182
147 114 0.0252525
147 115 0.00966184
147 117 0.0368098
147 146 0.00546448
147 148 0.515695
147 150 0.00862069
147 178 0.00641026
147 179 0.0828402
147 207 0.0131579
147 209 0.127273
148 84 0.0116279
148 86 0.0218579
148 87 0.00380228
148 114 0.0878049
148 115 0.0514019
148 116 0.00598802
148 117 0.205882
148 118 0.00684932
148 119 0.0106383
148 146 0.0105263
148 147 0.515695
148 150 0.0334728
148 178 0.0122699
149 87 0.085
149 117 0.0280374
149 118 0.060241
149 119 0.168
149 120 0.132353
149 150 0.153409
149 151 0.0451613
149 181 0.137405
149 213 0.0458716
150 117 0.0111732
150 118 0.0967742
150 119 0.0862944
150 120 0.0240385
150 147 0.00862069
150 148 0.0334728
150 149 0.153409
150 151 0.030837
150 178 0.151163
150 179 0.00540541
150 181 0.453202
150 182 0.00662252
150 212 0.00431034
150 213 0.0220994
151 120 0.203209
151 122 0.0379147
151 149 0.0451613
151 150 0.030837
151 152 0.242991
151 181 0.159341
151 182 0.00769231
151 213 0.19375
152 120 0.00512821
152 121 0.113772
152 122 0.210046
152 151 0.242991
152 153 0.082397
152 183 0.105882
152 184 0.105042
152 214 0.0833333
152 215 0.0294118
153 90 0.018315
153 91 0.0301887
153 121 0.00471698
153 122 0.223485
153 123 0.0212766
153 152 0.082397
153 154 0.372822
153 183 0.237209
153 184 0.257951
153 215 0.024735
153 216 0.0560345
154 91 0.0375
154 92 0.10625
154 123 0.105058
154 153 0.372822
154 183 0.00526316
154 184 0.0581395
154 185 0.125828
154 216 0.125604
155 93 0.078125
155 94 0.0583333
155 124 0.0888889
155 125 0.00671141
155 156 0.0606061
155 186 0.114943
155 187 0.0472973
155 218 0.147239
156 94 0.115646
156 125 0.301136
156 126 0.268571
156 155 0.0606061
156 157 0.0454545
156 188 0.0181818
157 126 0.0218978
157 127 0.0719424
157 128 0.00806452
157 156 0.0454545
157 158 0.0166667
157 159 0.0930233
157 188 0.15748
157 189 0.0661765
157 220 0.0294118
158 97 0.00564972
158 127 0.0559441
158 128 0.273438
158 157 0.0166667
158 159 0.285714
158 160 0.124088
158 189 0.0571429
158 191 0.0144928
159 128 0.0145985
159 157 0.0930233
159 158 0.285714
159 160 0.0410959
159 189 0.416107
159 190 0.0283688
159 191 0.0884354
159 220 0.0134228
160 128 0.035461
160 129 0.0625
160 130 0.057554
160 131 0.00555556
160 158 0.124088
160 159 0.0410959
160 161 0.0352941
160 190 0.0137931
160 191 0.364238
160 192 0.00769231
161 100 0.00653595
161 131 0.345
161 160 0.0352941
161 162 0.0647482
161 191 0.0701754
161 192 0.0666667
161 193 0.287582
162 131 0.00671141
162 132 0.0241935
162 161 0.0647482
162 192 0.010101
162 193 0.0686275
162 195 0.255814
162 224 0.175824
162 225 0.146067
162 226 0.0136986
163 101 0.0810811
163 132 0.219697
163 164 0.0353982
163 194 0.163934
163 195 0.0145985
164 132 0.070922
164 133 0.234848
164 134 0.00552486
164 163 0.0353982
164 165 0.115385
164 195 0.109589
164 196 0.0384615
165 133 0.2
165 134 0.010582
165 135 0.0441989
165 164 0.115385
165 166 0.0402685
165 196 0.207317
166 104 0.0147059
166 133 0.00662252
166 135 0.260417
166 165 0.0402685
166 167 0.00666667
166 196 0.171429
166 197 0.0743802
166 227 0.00641026
167 104 0.00793651
167 105 0.0306122
167 135 0.0164835
167 136 0.19403
167 137 0.309353
167 138 0.0234375
167 166 0.00666667
167 168 0.0344828
167 170 0.0130719
167 197 0.0810811
167 198 0.0078125
167 229 0.0982143
167 230 0.0462963
168 105 0.0666667
168 107 0.0897436
168 108 0.0166667
168 137 0.151163
168 138 0.106667
168 139 0.0149254
168 167 0.0344828
168 170 0.05
168 171 0.00900901
169 170 0.015625
169 198 0.00970874
169 199 0.163265
169 200 0.232143
169 201 0.0142857
169 230 0.26506
169 232 0.0142857
169 233 0.023622
170 107 0.104167
170 108 0.015873
170 138 0.219858
170 139 0.0075188
170 140 0.0365854
170 167 0.0130719
170 168 0.05
170 169 0.015625
170 171 0.40113
170 173 0.0202703
170 201 0.168539
170 202 0.0169492
170 203 0.0114943
170 233 0.0181818
171 107 0.0193548
171 108 0.0145985
171 137 0.00613497
171 138 0.375
171 139 0.0694444
171 140 0.108571
171 168 0.00900901
171 170 0.40113
171 172 0.00555556
171 173 0.176101
171 201 0.00529101
171 203 0.0216216
172 110 0.0197368
172 140 0.221557
172 141 0.15894
172 142 0.134969
172 171 0.00555556
172 173 0.0728477
172 202 0.205556
172 203 0.135593
172 204 0.120219
172 205 0.04375
172 233 0.00595238
172 234 0.0116959
173 110 0.0305344
173 140 0.143836
173 141 0.00769231
173 142 0.0140845
173 170 0.0202703
173 171 0.176101
173 172 0.0728477
173 202 0.0125786
173 203 0.429487
173 204 0.0308642
173 233 0.0816327
173 235 0.00578035
174 142 0.0224719
174 143 0.0160428
174 144 0.0260417
174 145 0.0909091
174 175 0.00704225
174 177 0.0108696
174 204 0.106061
174 205 0.0857143
174 206 0.319588
174 235 0.00478469
174 237 0.0150376
175 143 0.023622
175 145 0.0190476
175 174 0.00704225
175 176 0.185567
175 177 0.193548
175 206 0.00746269
175 207 0.0941176
175 208 0.0337079
175 239 0.0344828
175 240 0.00833333
176 115 0.0193548
176 175 0.185567
176 177 0.273381
176 178 0.0576923
176 207 0.22
176 208 0.0288462
176 209 0.168142
176 239 0.0136986
176 240 0.00740741
177 113 0.00621118
177 114 0.017341
177 115 0.032967
177 143 0.248521
177 144 0.0517241
177 145 0.0612245
177 146 0.0126582
177 174 0.0108696
177 175 0.193548
177 176 0.273381
177 206 0.0227273
177 207 0.15748
177 208 0.0687023
178 118 0.164557
178 119 0.0413223
178 147 0.00641026
178 148 0.0122699
178 150 0.151163
178 176 0.0576923
178 179 0.0366972
178 181 0.0314961
178 209 0.0380952
179 147 0.0828402
179 150 0.00540541
179 178 0.0366972
179 180 0.150376
179 181 0.0214286
179 209 0.161017
179 211 0.0629371
179 212 0.112426
179 240 0.0142857
179 241 0.0442478
180 179 0.150376
180 181 0.013245
180 210 0.52
180 211 0.103896
180 212 0.0166667
180 240 0.0463576
180 241 0.241935
181 119 0.0131579
181 120 0.0122699
181 149 0.137405
181 150 0.453202
181 151 0.159341
181 178 0.0314961
181 179 0.0214286
181 180 0.013245
181 182 0.0849057
181 211 0.0124224
181 212 0.00534759
181 213 0.147059
182 150 0.00662252
182 151 0.00769231
182 181 0.0849057
182 211 0.0825688
182 212 0.111111
182 213 0.261905
182 243 0.015873
182 244 0.00694444
182 245 0.0821918
183 122 0.0538922
183 152 0.105882
183 153 0.237209
183 154 0.00526316
183 184 0.188172
183 215 0.209677
183 244 0.0170455
184 122 0.012766
184 152 0.105042
184 153 0.257951
184 154 0.0581395
184 183 0.188172
184 214 0.0363636
184 215 0.314961
184 216 0.108374
184 244 0.00409836
184 247 0.0625
185 154 0.125828
185 216 0.21875
186 124 0.025641
186 155 0.114943
186 217 0.0441176
186 218 0.0446429
186 248 0.027027
187 125 0.201258
187 155 0.0472973
187 188 0.0608108
187 218 0.156069
187 250 0.125
188 125 0.107383
188 156 0.0181818
188 157 0.15748
188 187 0.0608108
188 189 0.0136054
188 219 0.100775
188 220 0.170068
188 250 0.0266667
189 157 0.0661765
189 158 0.0571429
189 159 0.416107
189 188 0.0136054
189 190 0.0202703
189 220 0.179487
190 159 0.0283688
190 160 0.0137931
190 189 0.0202703
190 191 0.116438
190 192 0.056
190 220 0.0540541
190 221 0.254438
190 222 0.0230769
190 252 0.0583942
191 131 0.00552486
191 158 0.0144928
191 159 0.0884354
191 160 0.364238
191 161 0.0701754
191 190 0.116438
191 192 0.167939
191 222 0.0294118
192 160 0.00769231
192 161 0.0666667
192 162 0.010101
192 190 0.056
192 191 0.167939
192 193 0.0973451
192 222 0.252174
192 223 0.0217391
193 161 0.287582
193 162 0.0686275
193 192 0.0973451
193 222 0.0338983
193 223 0.0567376
193 224 0.12381
194 163 0.163934
194 195 0.232258
194 226 0.238372
194 256 0.017094
194 257 0.00632911
195 132 0.0606061
195 162 0.255814
195 163 0.0145985
195 164 0.109589
195 194 0.232258
195 196 0.0111111
195 225 0.0230769
195 226 0.0695187
195 227 0.0310559
195 256 0.0227273
195 258 0.0126582
196 164 0.0384615
196 165 0.207317
196 166 0.171429
196 195 0.0111111
196 197 0.0588235
196 227 0.327485
196 258 0.0119048
197 135 0.0326797
197 136 0.0285714
197 166 0.0743802
197 167 0.0810811
197 196 0.0588235
197 227 0.034188
197 229 0.253012
197 260 0.0406504
198 167 0.0078125
198 169 0.00970874
198 199 0.315315
198 200 0.12
198 228 0.00813008
198 229 0.09
198 230 0.125
198 261 0.0333333
199 169 0.163265
199 198 0.315315
199 200 0.258333
199 228 0.00847458
199 229 0.168421
199 230 0.296703
199 232 0.0128205
199 261 0.0347826
200 169 0.232143
200 198 0.12
200 199 0.258333
200 201 0.191358
200 229 0.00917431
200 230 0.0380952
200 233 0.00671141
200 261 0.00775194
200 263 0.0185185
201 138 0.0653595
201 140 0.00568182
201 169 0.0142857
201 170 0.168539
201 171 0.00529101
201 200 0.191358
201 202 0.121693
201 203 0.0322581
201 231 0.0193548
201 232 0.0333333
201 233 0.158192
201 263 0.0789474
201 265 0.0374332
202 138 0.0131579
202 140 0.0228571
202 170 0.0169492
202 172 0.205556
202 173 0.0125786
202 201 0.121693
202 203 0.151351
202 204 0.0366492
202 231 0.00649351
202 232 0.00840336
202 233 0.0568182
202 234 0.027933
202 235 0.0247525
202 265 0.231183
203 140 0.0755814
203 142 0.00595238
203 170 0.0114943
203 171 0.0216216
203 172 0.135593
203 173 0.429487
203 201 0.0322581
203 202 0.151351
203 204 0.111702
203 205 0.00606061
203 233 0.17341
203 235 0.0150754
203 263 0.00537634
203 265 0.15847
204 140 0.0337079
204 141 0.00617284
204 142 0.206897
204 172 0.120219
204 173 0.0308642
204 174 0.106061
204 202 0.0366492
204 203 0.111702
204 205 0.298246
204 206 0.126316
204 234 0.0494506
204 235 0.0243902
204 265 0.015873
204 268 0.071066
205 142 0.0596026
205 172 0.04375
205 174 0.0857143
205 203 0.00606061
205 204 0.298246
205 206 0.179641
205 234 0.113208
205 235 0.0989011
205 236 0.0192308
205 265 0.0301205
205 268 0.0632184
206 142 0.0588235
206 143 0.00558659
206 145 0.0191083
206 174 0.319588
206 175 0.00746269
206 177 0.0227273
206 204 0.126316
206 205 0.179641
206 208 0.184397
206 235 0.0199005
206 236 0.0114286
206 268 0.264249
206 269 0.0122699
207 143 0.00769231
207 145 0.0185185
207 147 0.0131579
207 175 0.0941176
207 176 0.22
207 177 0.15748
207 208 0.119565
207 209 0.0693069
207 238 0.0285714
207 239 0.0655738
207 240 0.138211
207 269 0.157895
208 175 0.0337079
208 176 0.0288462
208 177 0.0687023
208 206 0.184397
208 207 0.119565
208 209 0.0571429
208 237 0.0125
208 238 0.0275229
208 240 0.0787402
208 268 0.00675676
208 269 0.135593
209 147 0.127273
209 176 0.168142
209 178 0.0380952
209 179 0.161017
209 207 0.0693069
209 208 0.0571429
209 210 0.00740741
209 240 0.183824
209 241 0.0275229
209 269 0.00787402
210 180 0.52
210 209 0.00740741
210 211 0.03125
210 240 0.127389
210 241 0.146154
210 242 0.00689655
210 272 0.0272727
210 274 0.00495049
211 179 0.0629371
211 180 0.103896
211 181 0.0124224
211 182 0.0825688
211 210 0.03125
211 212 0.457895
211 213 0.00719424
211 241 0.171642
211 242 0.00671141
211 243 0.0508475
211 273 0.0144928
211 274 0.0242718
212 150 0.00431034
212 179 0.112426
212 180 0.0166667
212 181 0.00534759
212 182 0.111111
212 211 0.457895
212 213 0.0242424
212 241 0.0125
212 243 0.111111
212 245 0.012987
212 273 0.0182927
212 274 0.0258621
213 149 0.0458716
213 150 0.0220994
213 151 0.19375
213 181 0.147059
213 182 0.261905
213 211 0.00719424
213 212 0.0242424
213 245 0.145631
214 152 0.0833333
214 184 0.0363636
214 215 0.0863636
214 244 0.580952
214 245 0.0719424
214 246 0.0366972
214 276 0.0518135
215 152 0.0294118
215 153 0.024735
215 183 0.209677
215 184 0.314961
215 214 0.0863636
215 216 0.0394089
215 244 0.127049
215 245 0.00578035
215 246 0.214286
215 247 0.0166667
216 153 0.0560345
216 154 0.125604
216 184 0.108374
216 185 0.21875
216 215 0.0394089
216 246 0.00497512
216 247 0.206349
217 186 0.0441176
217 218 0.375
217 248 0.26087
217 280 0.110345
218 155 0.147239
218 186 0.0446429
218 187 0.156069
218 217 0.375
218 249 0.0122699
218 250 0.04
219 188 0.100775
219 220 0.0869565
219 250 0.22695
219 251 0.0431655
219 282 0.08
220 157 0.0294118
220 159 0.0134228
220 188 0.170068
220 189 0.179487
220 190 0.0540541
220 219 0.0869565
220 221 0.0169492
220 251 0.146497
220 252 0.0344828
221 190 0.254438
221 220 0.0169492
221 222 0.0314465
221 251 0.0280899
221 252 0.463855
221 253 0.0778443
221 254 0.0280899
221 283 0.00561798
221 284 0.251656
222 190 0.0230769
222 191 0.0294118
222 192 0.252174
222 193 0.0338983
222 221 0.0314465
222 223 0.328671
222 224 0.00934579
222 254 0.0719424
223 192 0.0217391
223 193 0.0567376
223 222 0.328671
223 224 0.192308
223 254 0.0617284
223 255 0.0458015
223 285 0.0632184
224 162 0.175824
224 193 0.12381
224 222 0.00934579
224 223 0.192308
224 225 0.141304
224 255 0.0947368
225 162 0.146067
225 195 0.0230769
225 224 0.141304
225 255 0.11828
225 256 0.130435
225 287 0.0543478
226 162 0.0136986
226 194 0.238372
226 195 0.0695187
226 256 0.134228
226 257 0.415789
226 258 0.102857
226 259 0.00543478
226 288 0.0191083
227 166 0.00641026
227 195 0.0310559
227 196 0.327485
227 197 0.034188
227 228 0.035461
227 258 0.234899
227 260 0.0126582
228 198 0.00813008
228 199 0.00847458
228 227 0.035461
228 229 0.0186916
228 258 0.115942
228 259 0.278912
228 260 0.156463
229 167 0.0982143
229 197 0.253012
229 198 0.09
229 199 0.168421
229 200 0.00917431
229 228 0.0186916
229 230 0.1
229 260 0.0725806
229 261 0.0865385
230 167 0.0462963
230 169 0.26506
230 198 0.125
230 199 0.296703
230 200 0.0380952
230 229 0.1
231 201 0.0193548
231 202 0.00649351
231 232 0.341176
231 233 0.161972
231 262 0.00613497
231 263 0.322581
231 264 0.020979
231 265 0.00657895
231 293 0.05
231 295 0.0421687
232 169 0.0142857
232 199 0.0128205
232 201 0.0333333
232 202 0.00840336
232 231 0.341176
232 233 0.0841122
232 261 0.103448
232 263 0.108333
232 264 0.0185185
232 265 0.025641
232 293 0.133333
232 295 0.0381679
233 169 0.023622
233 170 0.0181818
233 172 0.00595238
233 173 0.0816327
233 200 0.00671141
233 201 0.158192
233 202 0.0568182
233 203 0.17341
233 231 0.161972
233 232 0.0841122
233 234 0.00598802
233 263 0.0847458
233 265 0.235632
234 172 0.0116959
234 202 0.027933
234 204 0.0494506
234 205 0.113208
234 233 0.00598802
234 235 0.378238
234 236 0.0179641
234 264 0.0416667
234 265 0.0564972
234 266 0.00680272
234 295 0.0052356
234 296 0.208333
234 297 0.0100503
234 299 0.00763359
235 173 0.00578035
235 174 0.00478469
235 202 0.0247525
235 203 0.0150754
235 204 0.0243902
235 205 0.0989011
235 206 0.0199005
235 234 0.378238
235 236 0.189474
235 265 0.07
235 266 0.0705882
235 268 0.0384615
235 296 0.183246
235 297 0.0585586
236 205 0.0192308
236 206 0.0114286
236 234 0.0179641
236 235 0.189474
236 237 0.00877193
236 266 0.145833
236 267 0.027972
236 268 0.28022
236 269 0.0394737
236 270 0.00520833
236 296 0.00606061
236 297 0.0459184
236 298 0.0785714
236 299 0.0390625
236 300 0.0357143
237 174 0.0150376
237 208 0.0125
237 236 0.00877193
237 238 0.172043
237 239 0.0408163
237 268 0.0378788
237 269 0.156863
237 270 0.028169
237 300 0.0111111
238 207 0.0285714
238 208 0.0275229
238 237 0.172043
238 239 0.24359
238 240 0.0785714
238 269 0.0916031
238 270 0.0292398
238 272 0.0107527
239 175 0.0344828
239 176 0.0136986
239 207 0.0655738
239 237 0.0408163
239 238 0.24359
239 240 0.0208333
239 269 0.0804598
239 270 0.0551181
240 175 0.00833333
240 176 0.00740741
240 179 0.0142857
240 180 0.0463576
240 207 0.138211
240 208 0.0787402
240 209 0.183824
240 210 0.127389
240 238 0.0785714
240 239 0.0208333
240 241 0.0610687
240 269 0.0604027
240 270 0.010582
240 271 0.0964912
240 272 0.0990991
240 302 0.0195122
241 179 0.0442478
241 180 0.241935
241 209 0.0275229
241 210 0.146154
241 211 0.171642
241 212 0.0125
241 240 0.0610687
241 242 0.0420168
241 271 0.0344828
241 272 0.190476
241 274 0.00568182
242 210 0.00689655
242 211 0.00671141
242 241 0.0420168
242 271 0.0686275
242 272 0.010101
242 274 0.0628272
242 302 0.0310881
242 303 0.119792
242 304 0.409091
242 305 0.0188679
243 182 0.015873
243 211 0.0508475
243 212 0.111111
243 245 0.0731707
243 273 0.152174
243 274 0.0375
243 275 0.0172414
243 306 0.325301
244 182 0.00694444
244 183 0.0170455
244 184 0.00409836
244 214 0.580952
244 215 0.127049
244 245 0.233129
244 246 0.0454545
244 273 0.0115607
244 275 0.0253807
244 276 0.0737327
245 182 0.0821918
245 212 0.012987
245 213 0.145631
245 214 0.0719424
245 215 0.00578035
245 243 0.0731707
245 244 0.233129
245 273 0.0588235
245 275 0.0238095
246 214 0.0366972
246 215 0.214286
246 216 0.00497512
246 244 0.0454545
246 247 0.176471
246 275 0.00487805
246 276 0.106667
246 277 0.123077
246 307 0.0646388
246 309 0.200957
247 184 0.0625
247 215 0.0166667
247 216 0.206349
247 246 0.176471
247 278 0.120567
247 309 0.137056
248 186 0.027027
248 217 0.26087
248 279 0.0263158
248 310 0.0111111
249 218 0.0122699
249 250 0.146667
249 280 0.121951
249 281 0.165217
249 282 0.00746269
249 310 0.0142857
249 311 0.092437
249 312 0.0714286
250 187 0.125
250 188 0.0266667
250 218 0.04
250 219 0.22695
250 249 0.146667
250 281 0.015748
250 282 0.0342466
251 219 0.0431655
251 220 0.146497
251 221 0.0280899
251 252 0.157534
251 282 0.25
251 283 0.0316456
251 284 0.0458015
251 313 0.0253165
252 190 0.0583942
252 220 0.0344828
252 221 0.463855
252 251 0.157534
252 254 0.00684932
252 283 0.0753425
252 284 0.117647
252 313 0.0342466
253 221 0.0778443
253 254 0.197279
253 283 0.102041
253 284 0.175
253 285 0.0125786
253 313 0.0748299
253 315 0.115646
253 316 0.128
254 221 0.0280899
254 222 0.0719424
254 223 0.0617284
254 252 0.00684932
254 253 0.197279
254 285 0.323529
254 316 0.0882353
255 223 0.0458015
255 224 0.0947368
255 225 0.11828
255 285 0.151079
255 286 0.039604
255 287 0.157895
255 317 0.0340909
255 318 0.01
256 194 0.017094
256 195 0.0227273
256 225 0.130435
256 226 0.134228
256 257 0.00740741
256 287 0.234043
256 288 0.147059
256 319 0.00970874
257 194 0.00632911
257 226 0.415789
257 256 0.00740741
257 258 0.0310559
257 259 0.0352941
257 288 0.041958
257 289 0.106509
257 319 0.222222
258 195 0.0126582
258 196 0.0119048
258 226 0.102857
258 227 0.234899
258 228 0.115942
258 257 0.0310559
258 259 0.0580645
259 226 0.00543478
259 228 0.278912
259 257 0.0352941
259 258 0.0580645
259 289 0.0306748
259 290 0.251534
259 292 0.011236
259 319 0.0144928
260 197 0.0406504
260 227 0.0126582
260 228 0.156463
260 229 0.0725806
260 261 0.284722
260 262 0.0108108
260 292 0.0168539
260 322 0.135802
261 198 0.0333333
261 199 0.0347826
261 200 0.00775194
261 229 0.0865385
261 232 0.103448
261 260 0.284722
261 262 0.248485
261 263 0.0318471
261 292 0.00632911
261 293 0.0853659
261 322 0.0140845
262 231 0.00613497
262 260 0.0108108
262 261 0.248485
262 263 0.010101
262 291 0.0752688
262 292 0.236181
262 293 0.0813008
262 294 0.00689655
262 323 0.133858
262 324 0.00729927
263 200 0.0185185
263 201 0.0789474
263 203 0.00537634
263 231 0.322581
263 232 0.108333
263 233 0.0847458
263 261 0.0318471
263 262 0.010101
263 264 0.0786517
263 265 0.026738
263 293 0.0869565
263 294 0.0145985
263 295 0.189055
264 231 0.020979
264 232 0.0185185
264 234 0.0416667
264 263 0.0786517
264 265 0.0914286
264 293 0.00970874
264 294 0.008
264 295 0.354497
264 296 0.162651
264 297 0.0101523
264 325 0.00793651
264 326 0.144385
264 327 0.0125
264 328 0.0163043
265 201 0.0374332
265 202 0.231183
265 203 0.15847
265 204 0.015873
265 205 0.0301205
265 231 0.00657895
265 232 0.025641
265 233 0.235632
265 234 0.0564972
265 235 0.07
265 263 0.026738
265 264 0.0914286
265 295 0.040404
265 296 0.0114286
265 297 0.0194175
266 234 0.00680272
266 235 0.0705882
266 236 0.145833
266 296 0.0275862
266 297 0.267045
266 298 0.0166667
266 299 0.101852
266 327 0.0215827
266 328 0.257669
267 236 0.027972
267 269 0.0152672
267 270 0.239766
267 298 0.00840336
267 299 0.0841122
267 300 0.159664
267 329 0.108911
267 331 0.0430108
268 204 0.071066
268 205 0.0632184
268 206 0.264249
268 208 0.00675676
268 235 0.0384615
268 236 0.28022
268 237 0.0378788
268 269 0.105882
269 206 0.0122699
269 207 0.157895
269 208 0.135593
269 209 0.00787402
269 236 0.0394737
269 237 0.156863
269 238 0.0916031
269 239 0.0804598
269 240 0.0604027
269 267 0.0152672
269 268 0.105882
269 270 0.0666667
269 300 0.0859375
270 236 0.00520833
270 237 0.028169
270 238 0.0292398
270 239 0.0551181
270 240 0.010582
270 267 0.239766
270 269 0.0666667
270 299 0.00641026
270 300 0.285714
270 301 0.148936
270 302 0.0889831
270 330 0.00930233
270 331 0.00425532
270 332 0.00398406
271 240 0.0964912
271 241 0.0344828
271 242 0.0686275
271 272 0.313433
271 302 0.204969
271 304 0.0421687
272 210 0.0272727
272 238 0.0107527
272 240 0.0990991
272 241 0.190476
272 242 0.010101
272 271 0.313433
272 302 0.0506329
272 304 0.0122699
273 211 0.0144928
273 212 0.0182927
273 243 0.152174
273 244 0.0115607
273 245 0.0588235
273 274 0.188889
273 275 0.0955882
273 303 0.0441989
273 305 0.00675676
273 306 0.320388
273 336 0.118812
273 337 0.0380952
274 210 0.00495049
274 211 0.0242718
274 212 0.0258621
274 241 0.00568182
274 242 0.0628272
274 243 0.0375
274 273 0.188889
274 275 0.107843
274 303 0.26506
274 304 0.027451
274 305 0.175926
274 306 0.0409357
274 337 0.0115607
275 243 0.0172414
275 244 0.0253807
275 245 0.0238095
275 246 0.00487805
275 273 0.0955882
275 274 0.107843
275 276 0.122222
275 305 0.0348837
275 306 0.0551181
275 307 0.353211
275 336 0.032
275 337 0.0542636
275 338 0.0315789
276 214 0.0518135
276 244 0.0737327
276 246 0.106667
276 275 0.122222
276 277 0.0468085
276 307 0.386555
276 308 0.0316742
276 338 0.0904762
277 246 0.123077
277 276 0.0468085
277 278 0.0368098
277 307 0.0586081
277 308 0.484375
277 309 0.0639269
277 338 0.044898
277 339 0.0717131
277 340 0.117886
278 247 0.120567
278 277 0.0368098
