0 1 0.219355
0 31 0.0900901
1 0 0.219355
1 2 0.190265
1 31 0.119565
1 32 0.114833
1 33 0.00512821
1 62 0.0462185
2 1 0.190265
2 3 0.198113
2 32 0.00966184
2 33 0.253886
2 34 0.00966184
2 65 0.00537634
3 2 0.198113
3 4 0.125
3 33 0.0110497
3 34 0.261538
3 35 0.0437158
3 36 0.0277778
3 65 0.0114943
4 3 0.125
4 5 0.254098
4 34 0.0193548
4 35 0.125874
4 36 0.114286
5 4 0.254098
5 6 0.153846
5 7 0.024
5 35 0.0206897
5 36 0.0422535
5 37 0.0150376
5 67 0.0241935
5 70 0.0148148
6 5 0.153846
6 7 0.257143
6 8 0.0238095
6 38 0.0333333
6 39 0.0521739
6 70 0.026087
7 5 0.024
7 6 0.257143
7 8 0.156463
7 9 0.0242424
7 38 0.0496454
7 40 0.00636943
7 70 0.0220588
8 6 0.0238095
8 7 0.156463
8 9 0.225806
8 10 0.0277778
8 38 0.0617284
8 39 0.121019
8 40 0.168539
8 70 0.00636943
9 7 0.0242424
9 8 0.225806
9 10 0.484848
9 11 0.0203046
9 39 0.00571429
9 40 0.132653
9 41 0.0205128
10 8 0.0277778
10 9 0.484848
10 11 0.0837696
10 39 0.00591716
10 40 0.0421053
10 41 0.10582
10 71 0.0144928
11 9 0.0203046
11 10 0.0837696
11 12 0.236025
11 41 0.202128
11 42 0.0820513
11 43 0.00518135
12 11 0.236025
12 13 0.125926
12 41 0.0188679
12 42 0.0361446
12 43 0.0609756
13 12 0.125926
13 14 0.100671
13 43 0.113772
13 44 0.0461538
13 45 0.0653595
13 76 0.0285714
14 13 0.100671
14 15 0.372222
14 45 0.134146
14 76 0.013245
14 77 0.0240964
15 14 0.372222
15 16 0.00840336
15 45 0.0217391
15 46 0.228188
15 77 0.0806452
15 78 0.170886
16 15 0.00840336
16 17 0.0233918
16 46 0.0882353
16 47 0.236842
16 48 0.0136986
16 77 0.00952381
16 78 0.12987
17 16 0.0233918
17 18 0.0361011
17 19 0.0336134
17 46 0.0248756
17 47 0.0292398
17 48 0.663082
17 79 0.0844595
18 17 0.0361011
18 19 0.578199
18 20 0.147059
18 21 0.00732601
18 48 0.0198413
18 49 0.129534
18 50 0.133065
18 51 0.00543478
18 79 0.00371747
18 81 0.0671937
19 17 0.0336134
19 18 0.578199
19 20 0.00502513
19 48 0.00469484
19 49 0.188312
19 50 0.0430622
19 81 0.0046729
20 18 0.147059
20 19 0.00502513
20 21 0.570881
20 51 0.145349
20 52 0.0131579
20 53 0.00775194
20 81 0.0580913
20 83 0.0633484
21 18 0.00732601
21 20 0.570881
21 22 0.00952381
21 23 0.00483092
21 51 0.130435
21 52 0.110266
21 53 0.0682594
21 81 0.0615942
21 82 0.00561798
21 83 0.113281
22 21 0.00952381
22 23 0.165289
22 24 0.113043
22 52 0.418079
22 53 0.0386473
22 54 0.11215
22 55 0.00862069
22 84 0.0517241
22 86 0.0544218
23 21 0.00483092
23 22 0.165289
23 24 0.0446429
23 52 0.367816
23 53 0.0147059
23 54 0.307692
23 84 0.0233918
23 86 0.00694444
24 22 0.113043
24 23 0.0446429
24 25 0.00675676
24 26 0.159091
24 54 0.0102041
24 55 0.196262
24 56 0.00934579
24 86 0.057971
25 24 0.00675676
25 26 0.448276
25 27 0.0253807
25 56 0.362416
25 58 0.0604651
25 86 0.0388889
25 87 0.00416667
25 88 0.180556
26 24 0.159091
26 25 0.448276
26 27 0.0110497
26 56 0.0902256
26 86 0.0304878
26 88 0.0078125
27 25 0.0253807
27 26 0.0110497
27 28 0.261682
27 57 0.175
27 58 0.202703
27 59 0.0444444
27 87 0.0121457
27 88 0.0331126
27 90 0.00699301
28 27 0.261682
28 57 0.0428571
28 58 0.00431034
28 59 0.357447
28 60 0.0375
28 90 0.0709459
29 30 0.172414
29 59 0.0955414
29 60 0.0185185
29 61 0.0693069
30 29 0.172414
30 60 0.00552486
30 61 0.333333
31 0 0.0900901
31 1 0.119565
31 62 0.335052
31 93 0.0550459
32 1 0.114833
32 2 0.00966184
32 33 0.107955
32 62 0.273973
32 63 0.144279
32 64 0.00526316
32 94 0.0776699
33 1 0.00512821
33 2 0.253886
33 3 0.0110497
33 32 0.107955
33 34 0.0852273
33 63 0.026738
33 64 0.0738636
33 65 0.0709677
34 2 0.00966184
34 3 0.261538
34 4 0.0193548
34 33 0.0852273
34 35 0.224719
34 36 0.0571429
34 64 0.0105263
34 65 0.343195
34 66 0.0700637
34 96 0.00469484
35 3 0.0437158
35 4 0.125874
35 5 0.0206897
35 34 0.224719
35 36 0.527607
35 65 0.00636943
35 66 0.131034
35 67 0.0137931
35 96 0.00995025
36 3 0.0277778
36 4 0.114286
36 5 0.0422535
36 34 0.0571429
36 35 0.527607
36 65 0.0194805
36 66 0.0633803
36 67 0.0704225
37 5 0.0150376
37 38 0.0201342
37 67 0.330827
37 68 0.04375
37 70 0.277778
37 98 0.0493827
37 99 0.0164835
38 6 0.0333333
38 7 0.0496454
38 8 0.0617284
38 37 0.0201342
38 39 0.238411
38 40 0.0406977
38 68 0.0419162
38 69 0.056962
38 70 0.172185
38 71 0.010582
39 6 0.0521739
39 8 0.121019
39 9 0.00571429
39 10 0.00591716
39 38 0.238411
39 40 0.293413
39 68 0.0308642
39 69 0.0522876
39 70 0.0342466
39 71 0.0543478
39 101 0.00735294
40 7 0.00636943
40 8 0.168539
40 9 0.132653
40 10 0.0421053
40 38 0.0406977
40 39 0.293413
40 41 0.0213904
40 69 0.0114943
40 71 0.2
40 101 0.0318471
41 9 0.0205128
41 10 0.10582
41 11 0.202128
41 12 0.0188679
41 40 0.0213904
41 42 0.202073
41 71 0.0294118
41 72 0.0625
41 73 0.101351
42 11 0.0820513
42 12 0.0361446
42 41 0.202073
42 43 0.262626
42 44 0.0310559
42 72 0.0273224
42 73 0.0709677
42 74 0.0677966
42 105 0.0116279
43 11 0.00518135
43 12 0.0609756
43 13 0.113772
43 42 0.262626
43 44 0.371069
43 74 0.188571
43 75 0.0177515
44 13 0.0461538
44 42 0.0310559
44 43 0.371069
44 74 0.0507246
44 75 0.106061
44 76 0.121212
45 13 0.0653595
45 14 0.134146
45 15 0.0217391
45 76 0.316129
45 77 0.152941
45 108 0.0304878
46 15 0.228188
46 16 0.0882353
46 17 0.0248756
46 47 0.0294118
46 78 0.186916
47 16 0.236842
47 17 0.0292398
47 46 0.0294118
47 48 0.0890411
47 77 0.0761905
47 109 0.0238095
47 110 0.012987
48 16 0.0136986
48 17 0.663082
48 18 0.0198413
48 19 0.00469484
48 47 0.0890411
48 50 0.004
48 79 0.221402
48 110 0.0229008
49 18 0.129534
49 19 0.188312
49 50 0.439791
49 79 0.0141509
49 80 0.103093
49 81 0.0255102
49 82 0.0102041
49 113 0.0188679
50 18 0.133065
50 19 0.0430622
50 48 0.004
50 49 0.439791
50 79 0.0898876
50 80 0.0526316
50 81 0.123506
50 82 0.0196078
50 110 0.0387597
50 111 0.0452489
50 112 0.130802
50 113 0.0560748
51 18 0.00543478
51 20 0.145349
51 21 0.130435
51 52 0.0114943
51 53 0.0980392
51 81 0.240642
51 82 0.134831
51 83 0.149701
51 84 0.0116959
51 113 0.0133333
51 114 0.0151515
52 20 0.0131579
52 21 0.110266
52 22 0.418079
52 23 0.367816
52 51 0.0114943
52 53 0.15
52 54 0.09375
52 83 0.00448431
52 84 0.030837
53 20 0.00775194
53 21 0.0682594
53 22 0.0386473
53 23 0.0147059
53 51 0.0980392
53 52 0.15
53 54 0.0736842
53 81 0.003663
53 83 0.304348
53 84 0.315175
53 85 0.0452675
53 113 0.00423729
53 114 0.0809859
53 115 0.00934579
54 22 0.11215
54 23 0.307692
54 24 0.0102041
54 52 0.09375
54 53 0.0736842
54 84 0.121019
54 85 0.027972
54 86 0.00769231
55 22 0.00862069
55 24 0.196262
55 56 0.00925926
55 85 0.00657895
55 86 0.28777
56 24 0.00934579
56 25 0.362416
56 26 0.0902256
56 55 0.00925926
56 58 0.0172414
56 86 0.0791367
56 87 0.0603015
56 88 0.0291262
56 118 0.0222222
57 27 0.175
57 28 0.0428571
57 58 0.211009
57 59 0.0135747
57 87 0.283951
57 88 0.0340136
57 89 0.0324324
57 90 0.0177305
57 118 0.0335196
57 119 0.0222222
57 120 0.0176471
57 121 0.017316
58 25 0.0604651
58 27 0.202703
58 28 0.00431034
58 56 0.0172414
58 57 0.211009
58 87 0.162264
58 88 0.307692
58 90 0.0296053
58 118 0.00497512
58 119 0.00809717
59 27 0.0444444
59 28 0.357447
59 29 0.0955414
59 57 0.0135747
59 60 0.0916335
59 90 0.0977199
60 28 0.0375
60 29 0.0185185
60 30 0.00552486
60 59 0.0916335
60 61 0.112821
60 90 0.288462
60 91 0.178261
60 92 0.0528455
60 122 0.0215054
61 29 0.0693069
61 30 0.333333
61 60 0.112821
61 92 0.167568
62 1 0.0462185
62 31 0.335052
62 32 0.273973
62 93 0.104294
62 94 0.106383
62 124 0.0277778
63 32 0.144279
63 33 0.026738
63 64 0.159204
63 94 0.258065
63 95 0.172589
63 96 0.0178571
63 125 0.052356
63 126 0.00561798
64 32 0.00526316
64 33 0.0738636
64 34 0.0105263
64 63 0.159204
64 65 0.213018
64 66 0.044586
64 95 0.0322581
64 96 0.361502
64 127 0.0197368
65 2 0.00537634
65 3 0.0114943
65 33 0.0709677
65 34 0.343195
65 35 0.00636943
65 36 0.0194805
65 64 0.213018
65 66 0.0294118
65 96 0.0572917
66 34 0.0700637
66 35 0.131034
66 36 0.0633803
66 64 0.044586
66 65 0.0294118
66 67 0.00806452
66 96 0.222222
66 97 0.136
66 127 0.00840336
67 5 0.0241935
67 35 0.0137931
67 36 0.0704225
67 37 0.330827
67 66 0.00806452
67 70 0.037037
67 97 0.024
67 98 0.0326797
68 37 0.04375
68 38 0.0419162
68 39 0.0308642
68 69 0.295858
68 70 0.160494
68 98 0.0166667
68 99 0.09
68 100 0.0437158
68 131 0.00526316
69 38 0.056962
69 39 0.0522876
69 40 0.0114943
69 68 0.295858
69 70 0.00653595
69 71 0.120419
69 99 0.0052356
69 100 0.316092
69 101 0.118881
69 131 0.00552486
69 132 0.0264901
70 5 0.0148148
70 6 0.026087
70 7 0.0220588
70 8 0.00636943
70 37 0.277778
70 38 0.172185
70 39 0.0342466
70 67 0.037037
70 68 0.160494
70 69 0.00653595
71 10 0.0144928
71 38 0.010582
71 39 0.0543478
71 40 0.2
71 41 0.0294118
71 69 0.120419
71 72 0.0360825
71 100 0.0097561
71 101 0.350575
71 103 0.146226
71 132 0.00549451
72 41 0.0625
72 42 0.0273224
72 71 0.0360825
72 73 0.0507246
72 101 0.00684932
72 102 0.00719424
72 103 0.38587
72 104 0.0493827
72 105 0.0322581
73 41 0.101351
73 42 0.0709677
73 72 0.0507246
73 74 0.159091
73 104 0.11194
73 105 0.393701
73 106 0.00775194
73 134 0.00826446
73 136 0.0127389
74 42 0.0677966
74 43 0.188571
74 44 0.0507246
74 73 0.159091
74 75 0.0945946
74 104 0.0192308
74 105 0.389262
74 106 0.0198676
75 43 0.0177515
75 44 0.106061
75 74 0.0945946
75 76 0.147887
75 105 0.00699301
75 106 0.172414
75 107 0.133333
75 138 0.0208333
76 13 0.0285714
76 14 0.013245
76 44 0.121212
76 45 0.316129
76 75 0.147887
76 107 0.0222222
77 14 0.0240964
77 15 0.0806452
77 16 0.00952381
77 45 0.152941
77 47 0.0761905
77 78 0.215278
77 108 0.204819
77 109 0.0733945
78 15 0.170886
78 16 0.12987
78 46 0.186916
78 77 0.215278
78 109 0.0123457
79 17 0.0844595
79 18 0.00371747
79 48 0.221402
79 49 0.0141509
79 50 0.0898876
79 109 0.00598802
79 110 0.451613
79 111 0.0247934
79 112 0.00775194
79 141 0.00727273
80 49 0.103093
80 50 0.0526316
80 111 0.0866142
80 112 0.223776
80 142 0.0241935
81 18 0.0671937
81 19 0.0046729
81 20 0.0580913
81 21 0.0615942
81 49 0.0255102
81 50 0.123506
81 51 0.240642
81 53 0.003663
81 82 0.183544
81 83 0.194915
81 112 0.00826446
81 113 0.150685
81 114 0.00749064
81 143 0.106996
82 21 0.00561798
82 49 0.0102041
82 50 0.0196078
82 51 0.134831
82 81 0.183544
82 83 0.0797101
82 111 0.0078125
82 112 0.00694444
82 113 0.0495868
82 143 0.0896552
82 144 0.00847458
82 145 0.00980392
83 20 0.0633484
83 21 0.113281
83 51 0.149701
83 52 0.00448431
83 53 0.304348
83 81 0.194915
83 82 0.0797101
83 84 0.0318182
83 113 0.110553
83 114 0.137652
83 143 0.0179372
84 22 0.0517241
84 23 0.0233918
84 51 0.0116959
84 52 0.030837
84 53 0.315175
84 54 0.121019
84 83 0.0318182
84 85 0.242857
84 86 0.0456853
84 114 0.0557769
84 115 0.0939227
84 116 0.00578035
84 145 0.0163043
85 53 0.0452675
85 54 0.027972
85 55 0.00657895
85 84 0.242857
85 86 0.0327869
85 114 0.0843882
85 115 0.227545
85 116 0.320755
85 117 0.0647059
85 146 0.0702479
85 148 0.00649351
86 22 0.0544218
86 23 0.00694444
86 24 0.057971
86 25 0.0388889
86 26 0.0304878
86 54 0.00769231
86 55 0.28777
86 56 0.0791367
86 84 0.0456853
86 85 0.0327869
86 116 0.00684932
86 117 0.0764331
86 118 0.0481928
87 25 0.00416667
87 27 0.0121457
87 56 0.0603015
87 57 0.283951
87 58 0.162264
87 88 0.0360825
87 89 0.012931
87 118 0.252212
87 119 0.3125
87 120 0.0737327
87 121 0.00719424
87 150 0.019802
88 25 0.180556
88 26 0.0078125
88 27 0.0331126
88 56 0.0291262
88 57 0.0340136
88 58 0.307692
88 87 0.0360825
88 118 0.0153846
88 119 0.00568182
89 57 0.0324324
89 87 0.012931
89 90 0.118081
89 91 0.0529101
89 119 0.0607477
89 120 0.0628931
89 121 0.290909
89 122 0.0275862
89 151 0.0939227
90 27 0.00699301
90 28 0.0709459
90 57 0.0177305
90 58 0.0296053
90 59 0.0977199
90 60 0.288462
90 89 0.118081
90 91 0.251748
90 121 0.138801
90 122 0.0495868
91 60 0.178261
91 89 0.0529101
91 90 0.251748
91 92 0.127273
91 121 0.123404
91 122 0.23125
92 60 0.0528455
92 61 0.167568
92 91 0.127273
92 122 0.107955
92 123 0.254335
92 153 0.0121951
92 154 0.100478
93 31 0.0550459
93 62 0.104294
93 124 0.252632
93 155 0.0117647
94 32 0.0776699
94 62 0.106383
94 63 0.258065
94 95 0.00990099
94 124 0.239521
94 125 0.122449
95 63 0.172589
95 64 0.0322581
95 94 0.00990099
95 96 0.114833
95 125 0.153409
95 126 0.294479
95 127 0.0405405
95 156 0.015873
95 157 0.0897436
95 158 0.0118343
96 34 0.00469484
96 35 0.00995025
96 63 0.0178571
96 64 0.361502
96 65 0.0572917
96 66 0.222222
96 95 0.114833
96 97 0.0220994
96 126 0.0263158
96 127 0.131429
97 66 0.136
97 67 0.024
97 96 0.0220994
97 98 0.168831
97 99 0.0172414
97 127 0.0333333
97 128 0.204225
98 37 0.0493827
98 67 0.0326797
98 68 0.0166667
98 97 0.168831
98 99 0.391089
98 128 0.1
98 129 0.0060241
98 130 0.0122699
99 37 0.0164835
99 68 0.09
99 69 0.0052356
99 97 0.0172414
99 98 0.391089
99 100 0.0097561
99 128 0.0263158
99 129 0.129032
99 130 0.229508
99 131 0.0660377
100 68 0.0437158
100 69 0.316092
100 71 0.0097561
100 99 0.0097561
100 101 0.0127389
100 102 0.00666667
100 130 0.0180723
100 131 0.112821
100 132 0.321212
100 162 0.0248756
100 163 0.0459184
101 39 0.00735294
101 40 0.0318471
101 69 0.118881
101 71 0.350575
101 72 0.00684932
101 100 0.0127389
101 102 0.10084
101 103 0.140244
101 132 0.0522388
102 72 0.00719424
102 100 0.00666667
102 101 0.10084
102 103 0.0955414
102 132 0.125984
102 133 0.0359712
102 134 0.0655738
102 163 0.056962
102 165 0.0597015
103 71 0.146226
103 72 0.38587
103 101 0.140244
103 102 0.0955414
103 104 0.105556
103 134 0.0598802
103 135 0.0229885
103 165 0.00558659
104 72 0.0493827
104 73 0.11194
104 74 0.0192308
104 103 0.105556
104 105 0.0529801
104 106 0.00653595
104 134 0.110345
104 135 0.473684
104 136 0.0220994
104 165 0.00636943
104 166 0.00549451
104 167 0.0169492
105 42 0.0116279
105 72 0.0322581
105 73 0.393701
105 74 0.389262
105 75 0.00699301
105 104 0.0529801
105 106 0.219178
105 135 0.00689655
105 136 0.091954
106 73 0.00775194
106 74 0.0198676
106 75 0.172414
106 104 0.00653595
106 105 0.219178
106 135 0.0204082
106 136 0.0852273
106 137 0.145695
106 138 0.0272109
107 75 0.133333
107 76 0.0222222
107 108 0.145833
107 137 0.0141844
107 138 0.19708
107 139 0.0588235
107 170 0.00813008
108 45 0.0304878
108 77 0.204819
108 107 0.145833
108 109 0.0776699
108 139 0.0710059
108 171 0.282759
109 47 0.0238095
109 77 0.0733945
109 78 0.0123457
109 79 0.00598802
109 108 0.0776699
109 110 0.132911
109 111 0.00826446
109 141 0.0454545
109 171 0.0113636
110 47 0.012987
110 48 0.0229008
110 50 0.0387597
110 79 0.451613
110 109 0.132911
110 111 0.0515021
110 112 0.0160643
110 141 0.199248
111 50 0.0452489
111 79 0.0247934
111 80 0.0866142
111 82 0.0078125
111 109 0.00826446
111 110 0.0515021
111 112 0.433962
111 113 0.026455
111 141 0.227074
111 142 0.0621762
111 143 0.0187793
111 144 0.016129
111 174 0.0593607
112 50 0.130802
112 79 0.00775194
112 80 0.223776
112 81 0.00826446
112 82 0.00694444
112 110 0.0160643
112 111 0.433962
112 113 0.0390244
112 141 0.0408163
112 142 0.239234
112 143 0.0524017
112 144 0.029703
112 174 0.0893617
113 49 0.0188679
113 50 0.0560748
113 51 0.0133333
113 53 0.00423729
113 81 0.150685
113 82 0.0495868
113 83 0.110553
113 111 0.026455
113 112 0.0390244
113 114 0.121739
113 143 0.412621
113 144 0.145251
113 145 0.0736196
113 176 0.0409357
114 51 0.0151515
114 53 0.0809859
114 81 0.00749064
114 83 0.137652
114 84 0.0557769
114 85 0.0843882
114 113 0.121739
114 115 0.120192
114 116 0.02
114 143 0.0708661
114 145 0.270142
114 146 0.0918728
114 176 0.109589
115 53 0.00934579
115 84 0.0939227
115 85 0.227545
115 114 0.120192
115 116 0.0692308
115 145 0.035461
115 146 0.234742
115 176 0.0134228
115 177 0.0106952
115 178 0.0555556
116 84 0.00578035
116 85 0.320755
116 86 0.00684932
116 114 0.02
116 115 0.0692308
116 117 0.0902256
116 146 0.195122
116 147 0.0106383
116 148 0.00854701
116 178 0.0220588
117 85 0.0647059
117 86 0.0764331
117 116 0.0902256
117 118 0.0392157
117 146 0.0231481
117 147 0.0571429
117 148 0.445312
117 149 0.0138889
117 178 0.0136054
117 179 0.0413223
118 56 0.0222222
118 57 0.0335196
118 58 0.00497512
118 86 0.0481928
118 87 0.252212
118 88 0.0153846
118 117 0.0392157
118 119 0.0865385
118 149 0.176471
118 150 0.104603
119 57 0.0222222
119 58 0.00809717
119 87 0.3125
119 88 0.00568182
119 89 0.0607477
119 118 0.0865385
119 120 0.115578
119 121 0.0576923
119 149 0.0150754
119 150 0.207018
119 151 0.0723982
120 57 0.0176471
120 87 0.0737327
120 89 0.0628931
120 119 0.115578
120 121 0.229268
120 150 0.104348
120 151 0.150602
120 180 0.0128755
120 182 0.0136054
121 57 0.017316
121 87 0.00719424
121 89 0.290909
121 90 0.138801
121 91 0.123404
121 119 0.0576923
121 120 0.229268
121 122 0.13089
121 151 0.0881057
121 152 0.0153061
121 153 0.00558659
121 182 0.0192308
122 60 0.0215054
122 89 0.0275862
122 90 0.0495868
122 91 0.23125
122 92 0.107955
122 121 0.13089
122 123 0.00884956
122 152 0.0247934
122 153 0.00961538
122 154 0.0134228
122 182 0.0300752
123 92 0.254335
123 122 0.00884956
123 154 0.219178
123 184 0.0225564
124 62 0.0277778
124 93 0.252632
124 94 0.239521
124 125 0.070922
124 155 0.0588235
124 186 0.0308642
125 63 0.052356
125 94 0.122449
125 95 0.153409
125 124 0.070922
125 155 0.0152672
125 156 0.262295
125 157 0.02
125 186 0.104712
125 187 0.0060241
126 63 0.00561798
126 95 0.294479
126 96 0.0263158
126 127 0.108527
126 156 0.0117647
126 157 0.167883
126 158 0.313333
127 64 0.0197368
127 66 0.00840336
127 95 0.0405405
127 96 0.131429
127 97 0.0333333
127 126 0.108527
127 128 0.0661765
127 158 0.118519
127 159 0.00787402
127 189 0.0222222
128 97 0.204225
128 98 0.1
128 99 0.0263158
128 127 0.0661765
128 129 0.00649351
128 158 0.0509554
128 159 0.0268456
128 160 0.266234
129 98 0.0060241
129 99 0.129032
129 128 0.00649351
129 130 0.047619
129 131 0.0113636
129 159 0.0137931
129 160 0.373333
129 161 0.112676
129 190 0.00704225
129 191 0.0254777
129 192 0.042735
130 98 0.0122699
130 99 0.229508
130 100 0.0180723
130 129 0.047619
130 131 0.421965
130 161 0.0215827
130 162 0.117318
131 68 0.00526316
131 69 0.00552486
131 99 0.0660377
131 100 0.112821
131 129 0.0113636
131 130 0.421965
131 132 0.0116279
131 161 0.0119048
131 162 0.403846
131 163 0.0935961
132 69 0.0264901
132 71 0.00549451
132 100 0.321212
132 101 0.0522388
132 102 0.125984
132 131 0.0116279
132 133 0.00649351
132 162 0.0224719
132 163 0.184971
133 102 0.0359712
133 132 0.00649351
133 134 0.0805369
133 163 0.227027
133 164 0.0145985
133 165 0.335404
133 166 0.0215054
133 195 0.0405405
134 73 0.00826446
134 102 0.0655738
134 103 0.0598802
134 104 0.110345
134 133 0.0805369
134 135 0.172662
134 165 0.194444
134 166 0.0177515
134 167 0.0182927
135 103 0.0229885
135 104 0.473684
135 105 0.00689655
135 106 0.0204082
135 134 0.172662
135 136 0.268571
135 165 0.013245
135 166 0.0397727
135 167 0.0175439
136 73 0.0127389
136 104 0.0220994
136 105 0.091954
136 106 0.0852273
136 135 0.268571
136 137 0.100559
136 166 0.0097561
136 167 0.27
136 168 0.010989
137 106 0.145695
137 107 0.0141844
137 136 0.100559
137 138 0.18
137 168 0.127389
137 169 0.278912
138 75 0.0208333
138 106 0.0272109
138 107 0.19708
138 137 0.18
138 139 0.0185185
138 169 0.181818
138 170 0.143939
138 201 0.037037
139 107 0.0588235
139 108 0.0710059
139 138 0.0185185
139 141 0.00909091
139 170 0.310811
139 171 0.162338
139 202 0.1875
139 203 0.0505618
140 141 0.0608108
140 172 0.135922
140 173 0.1875
140 203 0.0660377
140 205 0.00617284
141 79 0.00727273
141 109 0.0454545
141 110 0.199248
141 111 0.227074
141 112 0.0408163
141 139 0.00909091
141 140 0.0608108
141 142 0.0132743
141 171 0.0612245
141 172 0.138249
141 203 0.0772727
142 80 0.0241935
142 111 0.0621762
142 112 0.239234
142 141 0.0132743
142 144 0.010929
142 172 0.0110497
142 174 0.333333
142 175 0.0255319
142 203 0.103261
142 204 0.0674157
142 205 0.0375
143 81 0.106996
143 82 0.0896552
143 83 0.0179372
143 111 0.0187793
143 112 0.0524017
143 113 0.412621
143 114 0.0708661
143 144 0.384236
143 145 0.122995
143 174 0.0508475
143 176 0.112821
144 82 0.00847458
144 111 0.016129
144 112 0.029703
144 113 0.145251
144 142 0.010929
144 143 0.384236
144 145 0.175
144 174 0.119617
144 175 0.105263
144 176 0.119048
144 177 0.00485437
144 206 0.0544218
145 82 0.00980392
145 84 0.0163043
145 113 0.0736196
145 114 0.270142
145 115 0.035461
145 143 0.122995
145 144 0.175
145 146 0.0231481
145 174 0.00518135
145 175 0.0377358
145 176 0.151316
145 177 0.0421053
145 206 0.0687023
146 85 0.0702479
146 114 0.0918728
146 115 0.234742
146 116 0.195122
146 117 0.0231481
146 145 0.0231481
146 147 0.141243
146 176 0.03125
146 177 0.20229
146 178 0.406393
146 179 0.0207254
146 208 0.0395683
146 210 0.0159574
147 116 0.0106383
147 117 0.0571429
147 146 0.141243
147 148 0.0561798
147 177 0.0198676
147 178 0.037037
147 179 0.182927
147 180 0.00515464
147 208 0.011976
147 209 0.0166667
147 210 0.103896
148 85 0.00649351
148 116 0.00854701
148 117 0.445312
148 147 0.0561798
148 149 0.117188
148 179 0.190476
148 210 0.01
149 117 0.0138889
149 118 0.176471
149 119 0.0150754
149 148 0.117188
149 150 0.213043
149 179 0.0413223
149 180 0.111588
149 210 0.0172414
149 211 0.00961538
150 87 0.019802
150 118 0.104603
150 119 0.207018
150 120 0.104348
150 149 0.213043
150 151 0.190476
150 180 0.172414
150 181 0.0195122
150 211 0.0748299
151 89 0.0939227
151 119 0.0723982
151 120 0.150602
151 121 0.0881057
151 150 0.190476
151 180 0.00392157
151 181 0.0992908
151 182 0.112426
151 183 0.0220994
151 213 0.00740741
152 121 0.0153061
152 122 0.0247934
152 153 0.229358
152 182 0.0942029
152 183 0.166667
152 184 0.070922
152 185 0.0318471
152 213 0.00961538
152 214 0.00578035
152 215 0.197279
152 216 0.0239521
153 92 0.0121951
153 121 0.00558659
153 122 0.00961538
153 152 0.229358
153 154 0.109489
153 182 0.00826446
153 183 0.0526316
153 184 0.0725806
153 215 0.00769231
153 216 0.02
154 92 0.100478
154 122 0.0134228
154 123 0.219178
154 153 0.109489
154 184 0.16568
154 185 0.0108108
154 216 0.266667
155 93 0.0117647
155 124 0.0588235
155 125 0.0152672
155 156 0.0138889
155 186 0.315789
156 95 0.015873
156 125 0.262295
156 126 0.0117647
156 155 0.0138889
156 157 0.0797546
156 186 0.367647
156 187 0.150838
156 217 0.0103627
157 95 0.0897436
157 125 0.02
157 126 0.167883
157 156 0.0797546
157 158 0.034965
157 187 0.0958904
157 188 0.077381
157 189 0.027972
158 95 0.0118343
158 126 0.313333
158 127 0.118519
158 128 0.0509554
158 157 0.034965
158 159 0.155405
158 160 0.00653595
158 188 0.0441989
158 189 0.141026
159 127 0.00787402
159 128 0.0268456
159 129 0.0137931
159 158 0.155405
159 160 0.206897
159 189 0.0675676
159 190 0.226277
159 191 0.0460526
159 220 0.0142857
160 128 0.266234
160 129 0.373333
160 158 0.00653595
160 159 0.206897
160 190 0.0140845
160 191 0.0127389
160 192 0.00854701
161 129 0.112676
161 130 0.0215827
161 131 0.0119048
161 162 0.0632184
161 190 0.0223881
161 191 0.107383
161 192 0.458716
161 193 0.0357143
161 223 0.0362319
162 100 0.0248756
162 130 0.117318
162 131 0.403846
162 132 0.0224719
162 161 0.0632184
162 163 0.133971
162 193 0.0666667
162 194 0.0307692
163 100 0.0459184
163 102 0.056962
163 131 0.0935961
163 132 0.184971
163 133 0.227027
163 162 0.133971
163 164 0.0384615
163 165 0.0166667
163 193 0.00571429
163 194 0.0421053
163 195 0.101796
164 133 0.0145985
164 163 0.0384615
164 165 0.00757576
164 193 0.0393701
164 194 0.443662
164 195 0.10084
164 226 0.0291971
164 227 0.010101
165 102 0.0597015
165 103 0.00558659
165 104 0.00636943
165 133 0.335404
165 134 0.194444
165 135 0.013245
165 163 0.0166667
165 164 0.00757576
165 166 0.104972
165 195 0.181818
165 196 0.0324675
166 104 0.00549451
166 133 0.0215054
166 134 0.0177515
166 135 0.0397727
166 136 0.0097561
166 165 0.104972
166 167 0.273632
166 196 0.273743
166 197 0.119565
166 198 0.103627
166 230 0.00529101
167 104 0.0169492
167 134 0.0182927
167 135 0.0175439
167 136 0.27
167 166 0.273632
167 168 0.0337079
167 197 0.0335196
167 198 0.132979
167 199 0.0361446
167 230 0.0923913
168 136 0.010989
168 137 0.127389
168 167 0.0337079
168 169 0.133333
168 199 0.371622
168 200 0.0909091
168 230 0.0542169
168 231 0.0121951
169 137 0.278912
169 138 0.181818
169 168 0.133333
169 200 0.0833333
169 201 0.121212
170 107 0.00813008
170 138 0.143939
170 139 0.310811
170 171 0.00806452
170 201 0.181818
170 202 0.0701754
171 108 0.282759
171 109 0.0113636
171 139 0.162338
171 141 0.0612245
171 170 0.00806452
171 202 0.00833333
172 140 0.135922
172 141 0.138249
172 142 0.0110497
172 173 0.136752
172 203 0.308571
172 204 0.00591716
172 205 0.047619
172 233 0.00943396
172 234 0.0284091
172 235 0.0196078
173 140 0.1875
173 172 0.136752
173 202 0.0116279
173 203 0.2
173 233 0.0196078
173 234 0.0495868
173 235 0.0714286
174 111 0.0593607
174 112 0.0893617
174 142 0.333333
174 143 0.0508475
174 144 0.119617
174 145 0.00518135
174 175 0.222222
174 176 0.00497512
174 203 0.00952381
174 204 0.0539216
174 205 0.146617
174 206 0.0277778
174 207 0.0105263
175 142 0.0255319
175 144 0.105263
175 145 0.0377358
175 174 0.222222
175 176 0.190909
175 177 0.0348837
175 205 0.0491228
175 206 0.356784
175 207 0.215311
175 208 0.0109489
175 236 0.0187266
175 237 0.177419
175 239 0.0133333
176 113 0.0409357
176 114 0.109589
176 115 0.0134228
176 143 0.112821
176 144 0.119048
176 145 0.151316
176 146 0.03125
176 174 0.00497512
176 175 0.190909
176 177 0.106061
176 206 0.0791367
176 207 0.0402685
176 208 0.00934579
176 240 0.00510204
177 115 0.0106952
177 144 0.00485437
177 145 0.0421053
177 146 0.20229
177 147 0.0198676
177 175 0.0348837
177 176 0.106061
177 178 0.108808
177 206 0.0734463
177 207 0.106952
177 208 0.265873
177 209 0.0146341
177 237 0.00442478
177 239 0.0197044
177 240 0.145299
178 115 0.0555556
178 116 0.0220588
178 117 0.0136054
178 146 0.406393
178 147 0.037037
178 177 0.108808
178 179 0.0241935
178 208 0.0478469
178 209 0.0123457
178 210 0.0252101
178 240 0.167539
179 117 0.0413223
179 146 0.0207254
179 147 0.182927
179 148 0.190476
179 149 0.0413223
179 178 0.0241935
179 180 0.00952381
179 209 0.0294118
179 210 0.215054
179 240 0.0484848
180 120 0.0128755
180 147 0.00515464
180 149 0.111588
180 150 0.172414
180 151 0.00392157
180 179 0.00952381
180 181 0.0336538
180 209 0.016129
180 210 0.121951
180 211 0.430976
180 212 0.0147783
180 213 0.00990099
180 241 0.0680272
181 150 0.0195122
181 151 0.0992908
181 180 0.0336538
181 182 0.122951
181 211 0.0273224
181 212 0.404494
181 213 0.0568182
181 243 0.010929
181 244 0.00617284
182 120 0.0136054
182 121 0.0192308
182 122 0.0300752
182 151 0.112426
182 152 0.0942029
182 153 0.00826446
182 181 0.122951
182 183 0.376543
182 212 0.00854701
182 213 0.0689655
182 214 0.0486486
182 244 0.00526316
182 245 0.00537634
183 151 0.0220994
183 152 0.166667
183 153 0.0526316
183 182 0.376543
183 184 0.0606061
183 185 0.00552486
183 213 0.117188
183 214 0.101523
183 215 0.0877193
183 244 0.00990099
183 245 0.262626
184 123 0.0225564
184 152 0.070922
184 153 0.0725806
184 154 0.16568
184 183 0.0606061
184 185 0.255814
184 215 0.0123457
184 216 0.318681
184 245 0.010582
184 246 0.04
185 152 0.0318471
185 154 0.0108108
185 183 0.00552486
185 184 0.255814
185 215 0.0224719
185 216 0.267677
185 245 0.00487805
185 246 0.26506
185 247 0.0677966
186 124 0.0308642
186 125 0.104712
186 155 0.315789
186 156 0.367647
186 187 0.0160428
186 217 0.0447761
186 248 0.106918
187 125 0.0060241
187 156 0.150838
187 157 0.0958904
187 186 0.0160428
187 188 0.309783
187 217 0.119318
187 218 0.0128205
187 219 0.0253165
187 249 0.0121951
188 157 0.077381
188 158 0.0441989
188 187 0.309783
188 189 0.254144
188 217 0.010101
188 218 0.0224719
188 219 0.0888889
188 220 0.0982659
188 249 0.00537634
189 127 0.0222222
189 157 0.027972
189 158 0.141026
189 159 0.0675676
189 188 0.254144
189 219 0.0516129
189 220 0.0743243
189 251 0.027933
190 129 0.00704225
190 159 0.226277
190 160 0.0140845
190 161 0.0223881
190 191 0.375839
190 192 0.00917431
190 220 0.0437956
190 221 0.0598802
190 251 0.0892857
191 129 0.0254777
191 159 0.0460526
191 160 0.0127389
191 161 0.107383
191 190 0.375839
191 192 0.145161
191 220 0.00657895
191 221 0.10989
191 222 0.0588235
191 223 0.0326797
191 253 0.00540541
192 129 0.042735
192 160 0.00854701
192 161 0.458716
192 190 0.00917431
192 191 0.145161
192 193 0.0782609
192 221 0.0211268
192 222 0.00884956
192 223 0.0619469
193 161 0.0357143
193 162 0.0666667
193 163 0.00571429
193 164 0.0393701
193 192 0.0782609
193 194 0.0559006
193 223 0.194444
193 224 0.121951
193 253 0.0511364
193 255 0.0123457
193 257 0.00552486
194 162 0.0307692
194 163 0.0421053
194 164 0.443662
194 193 0.0559006
194 195 0.169935
194 196 0.0121951
194 224 0.0869565
194 226 0.0116959
194 257 0.00510204
195 133 0.0405405
195 163 0.101796
195 164 0.10084
195 165 0.181818
195 194 0.169935
195 196 0.170213
195 197 0.0273973
195 224 0.026087
195 226 0.027027
195 227 0.0545455
196 165 0.0324675
196 166 0.273743
196 194 0.0121951
196 195 0.170213
196 197 0.33758
196 198 0.0180723
196 226 0.0188679
196 227 0.0991736
196 228 0.00613497
197 166 0.119565
197 167 0.0335196
197 195 0.0273973
197 196 0.33758
197 198 0.222222
197 227 0.047619
197 228 0.0238095
197 230 0.00598802
197 259 0.00628931
198 166 0.103627
198 167 0.132979
198 196 0.0180723
198 197 0.222222
198 199 0.0189873
198 228 0.158192
198 229 0.0117647
198 230 0.142045
199 167 0.0361446
199 168 0.371622
199 198 0.0189873
199 200 0.00704225
199 229 0.0810811
199 230 0.350649
199 231 0.0263158
199 261 0.00613497
200 168 0.0909091
200 169 0.0833333
200 199 0.00704225
200 201 0.139706
200 231 0.183544
200 232 0.0858896
200 261 0.00591716
200 263 0.0544218
201 138 0.037037
201 169 0.121212
201 170 0.181818
201 200 0.139706
201 202 0.0598291
201 232 0.0794702
201 264 0.00787402
202 139 0.1875
202 170 0.0701754
202 171 0.00833333
202 173 0.0116279
202 201 0.0598291
202 203 0.0347222
202 232 0.0833333
202 264 0.1
203 139 0.0505618
203 140 0.0660377
203 141 0.0772727
203 142 0.103261
203 172 0.308571
203 173 0.2
203 174 0.00952381
203 202 0.0347222
203 204 0.0232558
203 205 0.123932
203 234 0.0111732
203 235 0.0512821
204 142 0.0674157
204 172 0.00591716
204 174 0.0539216
204 203 0.0232558
204 205 0.421053
204 234 0.0115607
204 235 0.0133333
204 236 0.0714286
204 237 0.026178
204 266 0.0301205
204 267 0.0617284
205 140 0.00617284
205 142 0.0375
205 172 0.047619
205 174 0.146617
205 175 0.0491228
205 203 0.123932
205 204 0.421053
205 234 0.0212766
205 235 0.15566
205 236 0.165441
205 237 0.0355731
205 266 0.0131579
205 267 0.0786885
206 144 0.0544218
206 145 0.0687023
206 174 0.0277778
206 175 0.356784
206 176 0.0791367
206 177 0.0734463
206 207 0.117188
206 208 0.0777202
206 236 0.00537634
206 237 0.11976
206 239 0.0416667
207 174 0.0105263
207 175 0.215311
207 176 0.0402685
207 177 0.106952
207 206 0.117188
207 208 0.137931
207 236 0.0306122
207 237 0.163842
207 238 0.0734463
207 239 0.155844
207 269 0.021978
208 146 0.0395683
208 147 0.011976
208 175 0.0109489
208 176 0.00934579
208 177 0.265873
208 178 0.0478469
208 206 0.0777202
208 207 0.137931
208 209 0.0271493
208 237 0.0165289
208 238 0.0578512
208 239 0.223744
208 240 0.28
208 269 0.0283401
208 271 0.0474453
209 147 0.0166667
209 177 0.0146341
209 178 0.0123457
209 179 0.0294118
209 180 0.016129
209 208 0.0271493
209 210 0.0916031
209 211 0.0538117
209 240 0.226601
209 241 0.213636
209 242 0.138393
209 270 0.02
209 271 0.105727
209 272 0.144
210 146 0.0159574
210 147 0.103896
210 148 0.01
210 149 0.0172414
210 178 0.0252101
210 179 0.215054
210 180 0.121951
210 209 0.0916031
210 211 0.0222222
210 240 0.0625
210 241 0.0282486
210 272 0.0121951
211 149 0.00961538
211 150 0.0748299
211 180 0.430976
211 181 0.0273224
211 209 0.0538117
211 210 0.0222222
211 212 0.0168539
211 213 0.0112994
211 241 0.182156
211 242 0.018315
211 243 0.00735294
211 272 0.00574713
212 180 0.0147783
212 181 0.404494
212 182 0.00854701
212 211 0.0168539
212 213 0.0120482
212 214 0.0328947
212 243 0.0393258
212 244 0.248408
212 274 0.0762712
213 151 0.00740741
213 152 0.00961538
213 180 0.00990099
213 181 0.0568182
213 182 0.0689655
213 183 0.117188
213 211 0.0112994
213 212 0.0120482
213 214 0.0264901
213 215 0.04
213 244 0.115385
213 245 0.105263
213 276 0.00757576
214 152 0.00578035
214 182 0.0486486
214 183 0.101523
214 212 0.0328947
214 213 0.0264901
214 244 0.426667
214 245 0.20362
214 275 0.0140187
214 276 0.124378
214 277 0.00531915
215 152 0.197279
215 153 0.00769231
215 183 0.0877193
215 184 0.0123457
215 185 0.0224719
215 213 0.04
215 216 0.037234
215 245 0.358974
215 246 0.0384615
215 276 0.0228571
215 277 0.0246914
216 152 0.0239521
216 153 0.02
216 154 0.266667
216 184 0.318681
216 185 0.267677
216 215 0.037234
216 246 0.0625
216 247 0.0427807
216 278 0.00632911
217 156 0.0103627
217 186 0.0447761
217 187 0.119318
217 188 0.010101
217 218 0.2
217 248 0.222973
217 249 0.0168539
217 250 0.00985222
217 279 0.0875
218 187 0.0128205
218 188 0.0224719
218 217 0.2
218 249 0.0949367
218 250 0.0874317
218 279 0.171429
218 280 0.0124224
219 187 0.0253165
219 188 0.0888889
219 189 0.0516129
219 220 0.136054
219 249 0.2625
219 250 0.0324324
219 251 0.11236
219 281 0.00680272
219 282 0.0133333
220 159 0.0142857
220 188 0.0982659
220 189 0.0743243
220 190 0.0437956
220 191 0.00657895
220 219 0.136054
220 222 0.0070922
220 249 0.0261438
220 251 0.292398
220 281 0.0214286
221 190 0.0598802
221 191 0.10989
221 192 0.0211268
221 222 0.526316
221 223 0.00584795
221 251 0.164179
221 252 0.0782123
221 253 0.00492611
221 254 0.0361446
221 283 0.0111111
221 284 0.00510204
222 191 0.0588235
222 192 0.00884956
222 220 0.0070922
222 221 0.526316
222 223 0.0352113
222 251 0.0232558
222 252 0.0866667
222 253 0.0287356
222 283 0.00662252
222 284 0.00598802
223 161 0.0362319
223 191 0.0326797
223 192 0.0619469
223 193 0.194444
223 221 0.00584795
223 222 0.0352113
223 224 0.00826446
223 253 0.442529
223 254 0.0510949
223 255 0.0125
224 193 0.121951
224 194 0.0869565
224 195 0.026087
224 223 0.00826446
224 225 0.0305344
224 226 0.0150376
224 253 0.0196078
224 255 0.00719424
224 257 0.0886076
225 224 0.0305344
225 226 0.0304878
225 255 0.1
225 256 0.0805369
225 257 0.486772
225 288 0.00653595
226 164 0.0291971
226 194 0.0116959
226 195 0.027027
226 196 0.0188679
226 224 0.0150376
226 225 0.0304878
226 227 0.164062
226 256 0.00662252
226 257 0.246073
226 258 0.0764331
226 259 0.0248447
226 288 0.0516129
227 164 0.010101
227 195 0.0545455
227 196 0.0991736
227 197 0.047619
227 226 0.164062
227 228 0.0681818
227 259 0.105691
228 196 0.00613497
228 197 0.0238095
228 198 0.158192
228 227 0.0681818
228 229 0.143713
228 258 0.0248447
228 259 0.327273
228 260 0.0322581
228 291 0.0206897
229 198 0.0117647
229 199 0.0810811
229 228 0.143713
229 230 0.295181
229 231 0.0121951
229 259 0.0126582
229 260 0.175676
229 261 0.125714
230 166 0.00529101
230 167 0.0923913
230 168 0.0542169
230 197 0.00598802
230 198 0.142045
230 199 0.350649
230 229 0.295181
230 231 0.0176471
230 261 0.0276243
231 168 0.0121951
231 199 0.0263158
231 200 0.183544
231 229 0.0121951
231 230 0.0176471
231 261 0.201117
231 262 0.139073
231 263 0.0955414
231 294 0.0185185
232 200 0.0858896
232 201 0.0794702
232 202 0.0833333
232 233 0.165138
232 263 0.166667
232 264 0.344156
232 295 0.0254777
233 172 0.00943396
233 173 0.0196078
233 232 0.165138
233 234 0.145455
233 264 0.0352941
233 296 0.0416667
234 172 0.0284091
234 173 0.0495868
234 203 0.0111732
234 204 0.0115607
234 205 0.0212766
234 233 0.145455
234 235 0.414013
234 265 0.0826446
234 266 0.017341
234 267 0.008
234 296 0.0633803
235 172 0.0196078
235 173 0.0714286
235 203 0.0512821
235 204 0.0133333
235 205 0.15566
235 234 0.414013
235 236 0.00515464
235 265 0.0102041
235 266 0.0533333
235 267 0.0969163
235 296 0.00840336
236 175 0.0187266
236 204 0.0714286
236 205 0.165441
236 206 0.00537634
236 207 0.0306122
236 235 0.00515464
236 237 0.340426
236 238 0.0553191
236 266 0.047619
236 267 0.296167
236 268 0.0366492
236 269 0.00416667
236 298 0.0204082
236 299 0.0515873
236 300 0.00485437
237 175 0.177419
237 177 0.00442478
237 204 0.026178
237 205 0.0355731
237 206 0.11976
237 207 0.163842
237 208 0.0165289
237 236 0.340426
237 238 0.12037
237 239 0.0362694
237 267 0.011194
237 268 0.0988372
237 269 0.00452489
238 207 0.0734463
238 208 0.0578512
238 236 0.0553191
238 237 0.12037
238 239 0.165803
238 240 0.00892857
238 268 0.0872093
238 269 0.556561
238 271 0.0443548
238 299 0.0429185
238 300 0.171123
238 301 0.0339806
239 175 0.0133333
239 177 0.0197044
239 206 0.0416667
239 207 0.155844
239 208 0.223744
239 237 0.0362694
239 238 0.165803
239 240 0.0348259
239 268 0.0201342
239 269 0.19697
239 270 0.027027
239 271 0.146667
239 300 0.00609756
240 176 0.00510204
240 177 0.145299
240 178 0.167539
240 179 0.0484848
240 208 0.28
240 209 0.226601
240 210 0.0625
240 238 0.00892857
240 239 0.0348259
240 241 0.0160643
240 242 0.0118577
240 269 0.00873362
240 270 0.0837989
240 271 0.101562
241 180 0.0680272
241 209 0.213636
241 210 0.0282486
241 211 0.182156
241 240 0.0160643
241 242 0.337037
241 243 0.0892193
241 270 0.00510204
241 271 0.003663
241 272 0.0643275
241 273 0.0046729
241 274 0.062201
241 302 0.0152672
241 305 0.0052356
242 209 0.138393
242 211 0.018315
242 240 0.0118577
242 241 0.337037
242 243 0.139194
242 271 0.0216607
242 272 0.188571
242 273 0.110092
242 274 0.0469484
242 302 0.199248
242 303 0.0046729
242 304 0.0896861
243 181 0.010929
243 211 0.00735294
243 212 0.0393258
243 241 0.0892193
243 242 0.139194
243 273 0.078341
243 274 0.400943
243 275 0.0166667
243 304 0.0045045
243 305 0.304124
243 306 0.016129
244 181 0.00617284
244 182 0.00526316
244 183 0.00990099
244 212 0.248408
244 213 0.115385
244 214 0.426667
244 245 0.0707965
244 274 0.026178
244 275 0.0319635
244 276 0.0679612
244 305 0.00578035
245 182 0.00537634
245 183 0.262626
245 184 0.010582
245 185 0.00487805
245 213 0.105263
245 214 0.20362
245 215 0.358974
245 244 0.0707965
245 275 0.00465116
245 276 0.0990099
245 277 0.042328
246 184 0.04
246 185 0.26506
246 215 0.0384615
246 216 0.0625
246 247 0.206452
246 276 0.0674847
246 277 0.0266667
246 278 0.0396825
247 185 0.0677966
247 216 0.0427807
247 246 0.206452
247 277 0.0869565
247 278 0.49635
247 309 0.015544
248 186 0.106918
248 217 0.222973
248 279 0.0932203
249 187 0.0121951
249 188 0.00537634
249 217 0.0168539
249 218 0.0949367
249 219 0.2625
249 220 0.0261438
249 250 0.403141
249 280 0.0236686
249 282 0.00641026
249 312 0.0121951
250 217 0.00985222
250 218 0.0874317
250 219 0.0324324
250 249 0.403141
250 280 0.221649
250 281 0.0786517
250 311 0.0137615
250 312 0.0740741
251 189 0.027933
251 190 0.0892857
251 219 0.11236
251 220 0.292398
251 221 0.164179
251 222 0.0232558
251 252 0.0888889
251 281 0.0701754
251 282 0.12069
251 283 0.00552486
252 221 0.0782123
252 222 0.0866667
252 251 0.0888889
252 282 0.138158
252 283 0.358491
252 284 0.0342857
252 313 0.0616438
252 314 0.0142857
253 191 0.00540541
253 193 0.0511364
253 221 0.00492611
253 222 0.0287356
253 223 0.442529
253 224 0.0196078
253 254 0.331361
253 255 0.046875
253 284 0.0452261
254 221 0.0361446
254 223 0.0510949
254 253 0.331361
254 255 0.232258
254 283 0.0136986
254 284 0.166667
254 285 0.0727273
254 286 0.00636943
254 287 0.0384615
255 193 0.0123457
255 223 0.0125
255 224 0.00719424
255 225 0.1
255 253 0.046875
255 254 0.232258
255 256 0.044586
255 257 0.0152284
255 284 0.0108108
255 285 0.154255
255 286 0.0333333
255 287 0.229268
256 225 0.0805369
256 226 0.00662252
256 255 0.044586
256 257 0.238636
256 286 0.0251572
256 287 0.119565
256 288 0.0785714
256 289 0.025641
256 319 0.154839
257 193 0.00552486
257 194 0.00510204
257 224 0.0886076
257 225 0.486772
257 226 0.246073
257 255 0.0152284
257 256 0.238636
257 287 0.03125
257 288 0.0388889
258 226 0.0764331
258 228 0.0248447
258 259 0.236842
258 288 0.294521
258 289 0.0925926
258 290 0.151899
258 291 0.030303
259 197 0.00628931
259 226 0.0248447
259 227 0.105691
259 228 0.327273
259 229 0.0126582
259 258 0.236842
259 260 0.00684932
259 288 0.02
259 290 0.0493827
259 291 0.110294
260 228 0.0322581
260 229 0.175676
260 259 0.00684932
260 261 0.190184
260 262 0.00740741
260 290 0.0197368
260 291 0.206349
260 292 0.00628931
261 199 0.00613497
261 200 0.00591716
261 229 0.125714
261 230 0.0276243
261 231 0.201117
261 260 0.190184
261 262 0.185185
261 292 0.0913979
261 293 0.0170455
262 231 0.139073
262 260 0.00740741
262 261 0.185185
262 263 0.0714286
262 292 0.0822785
