0 1 0.29064
0 2 0.028777
0 31 0.118012
0 32 0.00694444
1 0 0.29064
1 2 0.145161
1 31 0.182692
1 32 0.340314
1 33 0.10177
1 63 0.0230769
1 64 0.0401606
2 0 0.028777
2 1 0.145161
2 3 0.0168067
2 4 0.0535714
2 32 0.015748
2 33 0.191358
2 34 0.0658683
2 35 0.0346821
3 2 0.0168067
3 4 0.315152
3 5 0.00793651
3 6 0.107438
3 34 0.121951
4 2 0.0535714
4 3 0.315152
4 5 0.245714
4 6 0.294118
4 34 0.211268
4 35 0.0136986
4 36 0.0365297
4 67 0.0576132
5 3 0.00793651
5 4 0.245714
5 6 0.0992366
5 34 0.189655
5 35 0.0888889
5 36 0.0611111
5 37 0.00546448
5 67 0.0441176
6 3 0.107438
6 4 0.294118
6 5 0.0992366
6 7 0.0496894
6 34 0.0177515
6 36 0.04
6 37 0.0449438
6 67 0.115578
7 6 0.0496894
7 8 0.00921659
7 9 0.0297619
7 37 0.497653
7 38 0.0143541
7 67 0.0299145
8 7 0.00921659
8 9 0.354497
8 10 0.110553
8 37 0.0128205
8 38 0.195652
8 40 0.264463
8 42 0.0593607
8 71 0.0334928
9 7 0.0297619
9 8 0.354497
9 10 0.00666667
9 37 0.172973
9 38 0.0497238
9 40 0.015544
9 41 0.00598802
9 71 0.0125
10 8 0.110553
10 9 0.00666667
10 11 0.00502513
10 39 0.00671141
10 40 0.280788
10 41 0.0677966
10 42 0.227778
10 71 0.0529412
11 10 0.00502513
11 12 0.512605
11 14 0.0242718
11 41 0.00462963
11 42 0.200913
11 44 0.005
11 71 0.0191388
11 72 0.0201005
11 73 0.0990566
12 11 0.512605
12 14 0.160194
12 42 0.0228311
12 43 0.0128205
12 44 0.04
12 73 0.0707547
12 75 0.00442478
13 14 0.0598291
13 43 0.402985
14 11 0.0242718
14 12 0.160194
14 13 0.0598291
14 15 0.0481283
14 43 0.282258
14 44 0.22619
14 45 0.0710059
14 46 0.0414508
14 73 0.00555556
14 75 0.0618557
14 76 0.00625
15 14 0.0481283
15 16 0.0918367
15 44 0.0662983
15 46 0.334951
15 47 0.0208333
16 15 0.0918367
16 18 0.107143
16 46 0.143564
16 47 0.473404
16 48 0.0350877
17 18 0.471264
17 19 0.281768
17 47 0.0103093
17 48 0.0508475
17 49 0.0145985
17 50 0.00434783
18 16 0.107143
18 17 0.471264
18 47 0.0365854
18 48 0.0884354
19 17 0.281768
19 20 0.226667
19 49 0.00877193
19 50 0.0869565
20 19 0.226667
20 21 0.137143
20 50 0.140704
20 51 0.00806452
20 53 0.0752688
21 20 0.137143
21 22 0.2
21 23 0.0471204
21 53 0.232877
21 54 0.0388889
22 21 0.2
22 23 0.240506
22 24 0.0454545
22 53 0.00537634
22 54 0.00680272
23 21 0.0471204
23 22 0.240506
23 24 0.0705882
23 54 0.208589
23 55 0.170854
23 84 0.0172414
24 22 0.0454545
24 23 0.0705882
24 25 0.282609
24 26 0.107595
24 55 0.107692
24 56 0.0864198
24 57 0.00740741
25 24 0.282609
25 26 0.176923
25 55 0.00598802
25 56 0.0522388
25 87 0.00699301
26 24 0.107595
26 25 0.176923
26 27 0.0872093
26 56 0.012987
26 57 0.291339
26 59 0.0217391
26 87 0.0552147
26 89 0.00877193
27 26 0.0872093
27 28 0.0301205
27 29 0.035461
27 58 0.397516
27 59 0.165049
27 60 0.0531915
27 87 0.00540541
27 91 0.0319635
28 27 0.0301205
28 29 0.185841
28 30 0.0774648
28 58 0.120301
28 60 0.23125
28 61 0.00724638
29 27 0.035461
29 28 0.185841
29 30 0.034188
29 58 0.0185185
29 60 0.177778
30 28 0.0774648
30 29 0.034188
30 60 0.0792683
30 61 0.387324
31 0 0.118012
31 1 0.182692
31 32 0.0201342
31 62 0.0545455
31 63 0.155963
31 93 0.00806452
32 0 0.00694444
32 1 0.340314
32 2 0.015748
32 31 0.0201342
32 33 0.0299401
32 62 0.0135135
32 63 0.119403
32 64 0.136842
33 1 0.10177
33 2 0.191358
33 32 0.0299401
33 34 0.115942
33 35 0.230047
33 63 0.00423729
33 64 0.12
33 65 0.00581395
34 2 0.0658683
34 3 0.121951
34 4 0.211268
34 5 0.189655
34 6 0.0177515
34 33 0.115942
34 35 0.197248
34 36 0.0183486
34 66 0.0292683
34 67 0.0123967
34 98 0.0162162
35 2 0.0346821
35 4 0.0136986
35 5 0.0888889
35 33 0.230047
35 34 0.197248
35 64 0.122881
35 66 0.199052
35 97 0.0349345
35 98 0.052356
36 4 0.0365297
36 5 0.0611111
36 6 0.04
36 34 0.0183486
36 37 0.0176211
36 38 0.0403587
36 66 0.00473934
36 67 0.491935
36 68 0.149758
36 98 0.026178
36 101 0.073913
37 5 0.00546448
37 6 0.0449438
37 7 0.497653
37 8 0.0128205
37 9 0.172973
37 36 0.0176211
37 38 0.154867
37 67 0.163347
37 101 0.0171674
38 7 0.0143541
38 8 0.195652
38 9 0.0497238
38 36 0.0403587
38 37 0.154867
38 39 0.0111111
38 40 0.00854701
38 67 0.105263
38 68 0.00485437
38 69 0.0523256
38 70 0.0681818
38 100 0.047619
38 101 0.349345
39 10 0.00671141
39 38 0.0111111
39 40 0.0625
39 41 0.36747
39 70 0.0149254
39 71 0.125786
39 72 0.0469799
39 101 0.0160428
39 102 0.0738255
39 103 0.246032
40 8 0.264463
40 9 0.015544
40 10 0.280788
40 38 0.00854701
40 39 0.0625
40 41 0.172727
40 42 0.165919
40 71 0.197183
40 72 0.0197044
40 101 0.0165975
41 9 0.00598802
41 10 0.0677966
41 11 0.00462963
41 39 0.36747
41 40 0.172727
41 42 0.0203046
41 70 0.00617284
41 71 0.417112
41 72 0.101695
41 73 0.00526316
41 102 0.0451977
41 103 0.0779221
42 8 0.0593607
42 10 0.227778
42 11 0.200913
42 12 0.0228311
42 40 0.165919
42 41 0.0203046
42 71 0.115789
42 72 0.138889
42 73 0.0777202
43 12 0.0128205
43 13 0.402985
43 14 0.282258
43 44 0.0508475
43 73 0.00769231
43 74 0.0142857
43 75 0.0277778
43 106 0.00775194
44 11 0.005
44 12 0.04
44 14 0.22619
44 15 0.0662983
44 43 0.0508475
44 45 0.0122699
44 46 0.0534759
44 73 0.0344828
44 74 0.00877193
44 75 0.297872
44 106 0.0404624
45 14 0.0710059
45 44 0.0122699
45 46 0.132979
45 75 0.0634921
45 76 0.367742
45 106 0.132184
45 107 0.0903614
46 14 0.0414508
46 15 0.334951
46 16 0.143564
46 44 0.0534759
46 45 0.132979
46 47 0.126263
46 76 0.027933
46 77 0.00581395
47 15 0.0208333
47 16 0.473404
47 17 0.0103093
47 18 0.0365854
47 46 0.126263
47 48 0.185629
47 76 0.0363636
47 77 0.0379747
48 16 0.0350877
48 17 0.0508475
48 18 0.0884354
48 47 0.185629
48 49 0.0363636
48 77 0.0425532
48 78 0.036036
48 79 0.136752
48 80 0.0405405
48 108 0.109677
48 109 0.0240964
48 110 0.0558376
49 17 0.0145985
49 19 0.00877193
49 48 0.0363636
49 50 0.0613497
49 79 0.25974
49 80 0.0740741
49 81 0.0127389
50 17 0.00434783
50 19 0.0869565
50 20 0.140704
50 49 0.0613497
50 51 0.198895
50 80 0.00497512
50 81 0.308
51 20 0.00806452
51 50 0.198895
51 52 0.0222222
51 53 0.119048
51 81 0.0457143
51 82 0.0566038
52 51 0.0222222
52 53 0.314721
52 54 0.0253165
52 82 0.111111
52 83 0.279221
52 86 0.0277778
52 114 0.03125
52 115 0.0292683
53 20 0.0752688
53 21 0.232877
53 22 0.00537634
53 51 0.119048
53 52 0.314721
53 54 0.0680628
53 82 0.0119048
53 83 0.13369
53 86 0.0169492
53 115 0.0294118
53 116 0.00568182
54 21 0.0388889
54 22 0.00680272
54 23 0.208589
54 52 0.0253165
54 53 0.0680628
54 55 0.196809
54 56 0.00645161
54 83 0.0202703
54 84 0.233129
54 86 0.0869565
54 115 0.0100503
55 23 0.170854
55 24 0.107692
55 25 0.00598802
55 54 0.196809
55 56 0.193717
55 84 0.0753769
55 85 0.00775194
55 86 0.0114943
55 118 0.0180995
56 24 0.0864198
56 25 0.0522388
56 26 0.012987
56 54 0.00645161
56 55 0.193717
56 57 0.0610687
56 85 0.0416667
56 87 0.203593
56 117 0.012987
56 118 0.0531915
57 24 0.00740741
57 26 0.291339
57 56 0.0610687
57 87 0.05
57 89 0.197802
58 27 0.397516
58 28 0.120301
58 29 0.0185185
58 59 0.00578035
58 60 0.0774194
58 91 0.00537634
59 26 0.0217391
59 27 0.165049
59 58 0.00578035
59 60 0.01
59 87 0.0913706
59 88 0.107143
59 89 0.0135135
59 90 0.248555
59 91 0.207792
59 119 0.0248756
59 120 0.05
60 27 0.0531915
60 28 0.23125
60 29 0.177778
60 30 0.0792683
60 58 0.0774194
60 59 0.01
60 61 0.04375
60 90 0.0129032
60 91 0.258216
60 92 0.00649351
60 123 0.032967
61 28 0.00724638
61 30 0.387324
61 60 0.04375
61 123 0.1375
62 31 0.0545455
62 32 0.0135135
62 63 0.248848
62 93 0.105691
62 94 0.23913
62 124 0.0115607
62 125 0.177215
63 1 0.0230769
63 31 0.155963
63 32 0.119403
63 33 0.00423729
63 62 0.248848
63 64 0.23166
63 65 0.0631068
63 93 0.0965909
63 94 0.135021
63 125 0.00947867
63 126 0.00851064
64 1 0.0401606
64 32 0.136842
64 33 0.12
64 35 0.122881
64 63 0.23166
64 65 0.215385
64 66 0.0269058
64 94 0.0132743
64 95 0.0295567
64 97 0.0207469
64 126 0.03125
65 33 0.00581395
65 63 0.0631068
65 64 0.215385
65 66 0.0294118
65 94 0.017341
65 95 0.0333333
65 96 0.125
65 97 0.223404
65 126 0.116959
65 127 0.0387097
65 128 0.0310559
66 34 0.0292683
66 35 0.199052
66 36 0.00473934
66 64 0.0269058
66 65 0.0294118
66 68 0.0103093
66 96 0.0388889
66 97 0.375
66 98 0.174157
66 126 0.00502513
66 128 0.100529
66 130 0.0115607
67 4 0.0576132
67 5 0.0441176
67 6 0.115578
67 7 0.0299145
67 34 0.0123967
67 36 0.491935
67 37 0.163347
67 38 0.105263
67 68 0.004329
67 98 0.00930233
67 101 0.011811
68 36 0.149758
68 38 0.00485437
68 66 0.0103093
68 67 0.004329
68 69 0.134615
68 98 0.402299
68 99 0.291262
68 100 0.0131579
68 101 0.0704225
68 130 0.0295858
68 131 0.0102564
69 38 0.0523256
69 68 0.134615
69 100 0.0338983
69 101 0.374302
69 131 0.068323
69 132 0.0129032
70 38 0.0681818
70 39 0.0149254
70 41 0.00617284
70 71 0.0258065
70 100 0.0245902
70 101 0.0601093
70 102 0.17931
70 131 0.0484848
70 132 0.0440252
70 133 0.153846
71 8 0.0334928
71 9 0.0125
71 10 0.0529412
71 11 0.0191388
71 39 0.125786
71 40 0.197183
71 41 0.417112
71 42 0.115789
71 70 0.0258065
71 72 0.223529
71 73 0.00546448
71 102 0.0176471
71 103 0.0136054
72 11 0.0201005
72 39 0.0469799
72 40 0.0197044
72 41 0.101695
72 42 0.138889
72 71 0.223529
72 73 0.190751
72 102 0.0375
72 103 0.0291971
72 104 0.0116279
72 134 0.0895522
73 11 0.0990566
73 12 0.0707547
73 14 0.00555556
73 41 0.00526316
73 42 0.0777202
73 43 0.00769231
73 44 0.0344828
73 71 0.00546448
73 72 0.190751
73 74 0.0555556
73 75 0.095
73 102 0.00578035
73 104 0.0162162
73 106 0.0162162
73 134 0.0514019
74 43 0.0142857
74 44 0.00877193
74 73 0.0555556
74 75 0.0357143
74 104 0.032
74 105 0.135417
74 106 0.152
74 135 0.0617284
74 136 0.021978
74 137 0.00840336
75 12 0.00442478
75 14 0.0618557
75 43 0.0277778
75 44 0.297872
75 45 0.0634921
75 73 0.095
75 74 0.0357143
75 106 0.331658
75 107 0.0994764
76 14 0.00625
76 45 0.367742
76 46 0.027933
76 47 0.0363636
76 77 0.230216
76 78 0.0183486
76 107 0.0127389
76 108 0.0130719
76 109 0.0121951
76 137 0.0251572
76 138 0.0222222
77 46 0.00581395
77 47 0.0379747
77 48 0.0425532
77 76 0.230216
77 78 0.284314
77 79 0.037037
77 108 0.136986
77 109 0.11465
77 110 0.0106383
77 138 0.015625
77 139 0.00833333
78 48 0.036036
78 76 0.0183486
78 77 0.284314
78 79 0.269231
78 108 0.0689655
78 109 0.023622
78 110 0.0316456
79 48 0.136752
79 49 0.25974
79 77 0.037037
79 78 0.269231
79 80 0.0869565
79 108 0.00819672
80 48 0.0405405
80 49 0.0740741
80 50 0.00497512
80 79 0.0869565
80 81 0.0102564
80 108 0.0130719
80 110 0.246154
80 112 0.11194
80 141 0.0597015
81 49 0.0127389
81 50 0.308
81 51 0.0457143
81 80 0.0102564
81 82 0.08
81 111 0.177273
81 112 0.218579
81 113 0.00584795
81 143 0.0401606
81 145 0.00490196
82 51 0.0566038
82 52 0.111111
82 53 0.0119048
82 81 0.08
82 83 0.024
82 111 0.0662252
82 112 0.00877193
82 113 0.176471
82 114 0.181818
82 143 0.00555556
82 145 0.037037
83 52 0.279221
83 53 0.13369
83 54 0.0202703
83 82 0.024
83 86 0.0447761
83 114 0.059322
83 115 0.112821
83 116 0.0075188
83 145 0.214286
83 146 0.0774194
84 23 0.0172414
84 54 0.233129
84 55 0.0753769
84 85 0.105769
84 86 0.120805
84 115 0.2
84 116 0.195946
84 117 0.0493827
84 118 0.0306122
85 55 0.00775194
85 56 0.0416667
85 84 0.105769
85 86 0.0126582
85 116 0.025641
85 117 0.0217391
85 118 0.0238095
86 52 0.0277778
86 53 0.0169492
86 54 0.0869565
86 55 0.0114943
86 83 0.0447761
86 84 0.120805
86 85 0.0126582
86 115 0.302703
86 116 0.00813008
86 117 0.0145985
86 118 0.0818713
86 146 0.0344828
86 147 0.0441989
87 25 0.00699301
87 26 0.0552147
87 27 0.00540541
87 56 0.203593
87 57 0.05
87 59 0.0913706
87 89 0.267717
87 117 0.0122699
87 118 0.00507614
87 119 0.161111
87 120 0.0335196
87 150 0.038674
88 59 0.107143
88 119 0.178862
88 151 0.0857143
89 26 0.00877193
89 57 0.197802
89 59 0.0135135
89 87 0.267717
89 119 0.00763359
89 120 0.138462
89 150 0.0151515
90 59 0.248555
90 60 0.0129032
90 91 0.177419
90 120 0.109677
90 151 0.0231214
90 153 0.125714
91 27 0.0319635
91 58 0.00537634
91 59 0.207792
91 60 0.258216
91 90 0.177419
91 92 0.118919
91 122 0.00392157
91 153 0.11588
92 60 0.00649351
92 91 0.118919
92 122 0.362245
92 123 0.0714286
92 152 0.0826446
92 153 0.00574713
92 154 0.0075188
93 31 0.00806452
93 62 0.105691
93 63 0.0965909
93 94 0.132867
93 95 0.00833333
93 124 0.106061
93 125 0.034188
94 62 0.23913
94 63 0.135021
94 64 0.0132743
94 65 0.017341
94 93 0.132867
94 95 0.0552486
94 124 0.119171
94 125 0.331461
94 126 0.143564
94 155 0.0700637
94 156 0.0219298
94 157 0.0189873
95 64 0.0295567
95 65 0.0333333
95 93 0.00833333
95 94 0.0552486
95 124 0.152941
95 125 0.00645161
95 126 0.335196
95 127 0.0490798
95 128 0.0177515
95 156 0.131707
95 157 0.192593
96 65 0.125
96 66 0.0388889
96 97 0.242424
96 126 0.0276243
96 127 0.139394
96 128 0.146199
96 130 0.0129032
96 159 0.0530973
97 35 0.0349345
97 64 0.0207469
97 65 0.223404
97 66 0.375
97 96 0.242424
97 98 0.0204082
97 126 0.0276498
97 127 0.0149254
97 128 0.217391
97 130 0.0209424
98 34 0.0162162
98 35 0.052356
98 36 0.026178
98 66 0.174157
98 67 0.00930233
98 68 0.402299
98 97 0.0204082
98 99 0.0684211
98 100 0.00735294
98 128 0.0177515
98 130 0.0784314
99 68 0.291262
99 98 0.0684211
99 100 0.166667
99 101 0.0349345
99 130 0.0432432
99 131 0.0331754
99 132 0.0195122
99 160 0.191919
99 161 0.0142857
99 162 0.0989583
100 38 0.047619
100 68 0.0131579
100 69 0.0338983
100 70 0.0245902
100 98 0.00735294
100 99 0.166667
100 101 0.0514286
100 131 0.0828025
100 132 0.251656
100 133 0.0124224
100 162 0.0217391
101 36 0.073913
101 37 0.0171674
101 38 0.349345
101 39 0.0160428
101 40 0.0165975
101 67 0.011811
101 68 0.0704225
101 69 0.374302
101 70 0.0601093
101 99 0.0349345
101 100 0.0514286
101 131 0.0917431
101 132 0.0283019
102 39 0.0738255
102 41 0.0451977
102 70 0.17931
102 71 0.0176471
102 72 0.0375
102 73 0.00578035
102 103 0.145985
102 104 0.0174419
102 131 0.0555556
102 132 0.0402299
102 133 0.255435
102 134 0.079602
102 165 0.0460526
103 39 0.246032
103 41 0.0779221
103 71 0.0136054
103 72 0.0291971
103 102 0.145985
103 104 0.0805369
103 134 0.011236
104 72 0.0116279
104 73 0.0162162
104 74 0.032
104 102 0.0174419
104 103 0.0805369
104 134 0.328638
104 135 0.235714
104 165 0.00609756
104 166 0.126263
104 167 0.166667
105 74 0.135417
105 106 0.0193548
105 135 0.153153
105 136 0.53719
105 137 0.0469799
105 167 0.0550459
105 168 0.00588235
105 169 0.00819672
106 43 0.00775194
106 44 0.0404624
106 45 0.132184
106 73 0.0162162
106 74 0.152
106 75 0.331658
106 105 0.0193548
106 107 0.142045
106 137 0.117978
106 138 0.00649351
106 169 0.00662252
107 45 0.0903614
107 75 0.0994764
107 76 0.0127389
107 106 0.142045
107 137 0.241176
107 138 0.0958904
107 169 0.111888
108 48 0.109677
108 76 0.0130719
108 77 0.136986
108 78 0.0689655
108 79 0.00819672
108 80 0.0130719
108 109 0.28655
108 110 0.282178
108 139 0.0447761
108 140 0.00806452
109 48 0.0240964
109 76 0.0121951
109 77 0.11465
109 78 0.023622
109 108 0.28655
109 110 0.131455
109 139 0.144828
109 140 0.00740741
109 170 0.0714286
110 48 0.0558376
110 77 0.0106383
110 78 0.0316456
110 80 0.246154
110 108 0.282178
110 109 0.131455
110 139 0.0113636
110 140 0.0481928
110 141 0.120219
111 81 0.177273
111 82 0.0662252
111 112 0.113208
111 142 0.00819672
111 143 0.497778
111 144 0.0723684
111 145 0.00555556
111 175 0.027972
112 80 0.11194
112 81 0.218579
112 82 0.00877193
112 111 0.113208
112 141 0.057377
112 142 0.0352941
112 143 0.255319
112 173 0.0125
112 174 0.00840336
113 81 0.00584795
113 82 0.176471
113 143 0.0113636
113 144 0.165049
113 145 0.206107
114 52 0.03125
114 82 0.181818
114 83 0.059322
114 144 0.03
114 145 0.28125
114 178 0.018018
115 52 0.0292683
115 53 0.0294118
115 54 0.0100503
115 83 0.112821
115 84 0.2
115 86 0.302703
115 116 0.353261
115 117 0.0656566
115 145 0.0292683
115 146 0.179612
115 147 0.0371901
116 53 0.00568182
116 83 0.0075188
116 84 0.195946
116 85 0.025641
116 86 0.00813008
116 115 0.353261
116 117 0.0367647
116 146 0.0625
116 147 0.00555556
117 56 0.012987
117 84 0.0493827
117 85 0.0217391
117 86 0.0145985
117 87 0.0122699
117 115 0.0656566
117 116 0.0367647
117 118 0.255435
117 146 0.0126582
117 147 0.0412371
117 150 0.125
117 180 0.0454545
117 181 0.0119048
118 55 0.0180995
118 56 0.0531915
118 84 0.0306122
118 85 0.0238095
118 86 0.0818713
118 87 0.00507614
118 117 0.255435
118 147 0.109649
118 150 0.173267
118 180 0.00531915
118 181 0.00495049
119 59 0.0248756
119 87 0.161111
119 88 0.178862
119 89 0.00763359
119 120 0.191257
119 121 0.0344828
119 150 0.108108
119 151 0.179104
119 153 0.00985222
120 59 0.05
120 87 0.0335196
120 89 0.138462
120 90 0.109677
120 119 0.191257
120 121 0.194444
120 150 0.0326087
120 151 0.135
120 153 0.0940594
120 181 0.0108696
120 183 0.0206186
121 119 0.0344828
121 120 0.194444
121 151 0.0246914
121 153 0.0365854
121 183 0.179487
121 184 0.0555556
122 91 0.00392157
122 92 0.362245
122 123 0.348214
122 152 0.0732984
122 154 0.137931
123 60 0.032967
123 61 0.1375
123 92 0.0714286
123 122 0.348214
124 62 0.0115607
124 93 0.106061
124 94 0.119171
124 95 0.152941
124 125 0.0299401
124 126 0.0157068
124 155 0.349315
124 156 0.133641
124 157 0.0136054
124 186 0.030303
124 188 0.00584795
125 62 0.177215
125 63 0.00947867
125 93 0.034188
125 94 0.331461
125 95 0.00645161
125 124 0.0299401
125 126 0.0738636
125 155 0.145038
125 156 0.019802
125 157 0.00757576
126 63 0.00851064
126 64 0.03125
126 65 0.116959
126 66 0.00502513
126 94 0.143564
126 95 0.335196
126 96 0.0276243
126 97 0.0276498
126 124 0.0157068
126 125 0.0738636
126 127 0.228261
126 128 0.0526316
126 156 0.0707965
126 157 0.0320513
126 159 0.0454545
126 189 0.00943396
127 65 0.0387097
127 95 0.0490798
127 96 0.139394
127 97 0.0149254
127 126 0.228261
127 128 0.0862069
127 156 0.0619048
127 157 0.0142857
127 158 0.0212766
127 159 0.327586
127 188 0.0243902
127 189 0.102041
128 65 0.0310559
128 66 0.100529
128 95 0.0177515
128 96 0.146199
128 97 0.217391
128 98 0.0177515
128 126 0.0526316
128 127 0.0862069
128 130 0.0914634
128 157 0.0205479
128 158 0.0824742
128 160 0.00564972
128 189 0.0247525
128 191 0.0849673
129 130 0.0708661
129 161 0.407895
129 162 0.0820896
129 163 0.00645161
129 191 0.0517241
129 192 0.0214286
129 193 0.00689655
129 194 0.0633803
130 66 0.0115607
130 68 0.0295858
130 96 0.0129032
130 97 0.0209424
130 98 0.0784314
130 99 0.0432432
130 128 0.0914634
130 129 0.0708661
130 158 0.00561798
130 160 0.186335
130 161 0.317919
130 162 0.0709677
130 191 0.10219
130 192 0.0496894
130 194 0.00613497
131 68 0.0102564
131 69 0.068323
131 70 0.0484848
131 99 0.0331754
131 100 0.0828025
131 101 0.0917431
131 102 0.0555556
131 132 0.505155
131 133 0.0294118
131 161 0.040201
131 162 0.248619
131 163 0.019802
132 69 0.0129032
132 70 0.0440252
132 99 0.0195122
132 100 0.251656
132 101 0.0283019
132 102 0.0402299
132 131 0.505155
132 133 0.166667
132 161 0.00518135
132 162 0.0971429
132 163 0.0918367
133 70 0.153846
133 100 0.0124224
133 102 0.255435
133 131 0.0294118
133 132 0.166667
133 134 0.0222222
133 163 0.00970874
133 164 0.0227273
133 165 0.00568182
133 195 0.0397727
134 72 0.0895522
134 73 0.0514019
134 102 0.079602
134 103 0.011236
134 104 0.328638
134 133 0.0222222
134 135 0.0414201
134 165 0.00518135
134 166 0.105727
134 167 0.0299401
134 195 0.0362694
135 74 0.0617284
135 104 0.235714
135 105 0.153153
135 134 0.0414201
135 136 0.103774
135 137 0.0298507
135 165 0.0333333
135 166 0.012987
135 167 0.404255
135 199 0.00662252
136 74 0.021978
136 105 0.53719
136 135 0.103774
136 137 0.0138889
136 167 0.0288462
136 168 0.0242424
136 198 0.084507
137 74 0.00840336
137 76 0.0251572
137 105 0.0469799
137 106 0.117978
137 107 0.241176
137 135 0.0298507
137 136 0.0138889
137 138 0.290541
137 167 0.0151515
137 168 0.00518135
137 169 0.151724
137 170 0.0469799
137 201 0.0515464
138 76 0.0222222
138 77 0.015625
138 106 0.00649351
138 107 0.0958904
138 137 0.290541
138 139 0.0172414
138 168 0.0650888
138 169 0.0165289
138 170 0.408
138 201 0.0705882
139 77 0.00833333
139 108 0.0447761
139 109 0.144828
139 110 0.0113636
139 138 0.0172414
139 140 0.357143
139 170 0.205128
139 171 0.00763359
139 172 0.0152672
139 201 0.00617284
140 108 0.00806452
140 109 0.00740741
140 110 0.0481928
140 139 0.357143
140 142 0.191176
140 170 0.0186916
140 171 0.00826446
140 172 0.0247934
141 80 0.0597015
141 110 0.120219
141 112 0.057377
141 142 0.0705882
141 143 0.0106383
141 171 0.0434783
141 172 0.224638
141 173 0.03125
141 174 0.0504202
141 203 0.0225989
141 205 0.0138889
142 111 0.00819672
142 112 0.0352941
142 140 0.191176
142 141 0.0705882
142 143 0.0264901
142 172 0.0891089
143 81 0.0401606
143 82 0.00555556
143 111 0.497778
143 112 0.255319
143 113 0.0113636
143 141 0.0106383
143 142 0.0264901
143 144 0.0110497
143 172 0.00490196
143 173 0.0663717
143 174 0.0108108
143 175 0.0465116
143 205 0.161905
144 111 0.0723684
144 113 0.165049
144 114 0.03
144 143 0.0110497
144 145 0.0441176
144 175 0.151515
144 176 0.0704225
144 207 0.025974
145 81 0.00490196
145 82 0.037037
145 83 0.214286
145 111 0.00555556
145 113 0.206107
145 114 0.28125
145 115 0.0292683
145 144 0.0441176
145 146 0.0242424
145 175 0.00787402
145 177 0.0307692
145 178 0.0136054
145 207 0.032967
146 83 0.0774194
146 86 0.0344828
146 115 0.179612
146 116 0.0625
146 117 0.0126582
146 145 0.0242424
146 147 0.247525
146 148 0.0150376
146 177 0.0687023
146 178 0.0810811
146 208 0.0419162
147 86 0.0441989
147 115 0.0371901
147 116 0.00555556
147 117 0.0412371
147 118 0.109649
147 146 0.247525
147 148 0.319527
147 177 0.0179641
147 178 0.125
147 180 0.0353535
147 208 0.133005
147 210 0.00502513
148 146 0.0150376
148 147 0.319527
148 149 0.0434783
148 177 0.0510204
148 178 0.182609
148 180 0.00775194
148 208 0.0149254
149 148 0.0434783
149 150 0.0148148
149 180 0.140496
149 181 0.325926
150 87 0.038674
150 89 0.0151515
150 117 0.125
150 118 0.173267
150 119 0.108108
150 120 0.0326087
150 149 0.0148148
150 180 0.0697674
150 181 0.188172
150 183 0.0459184
151 88 0.0857143
151 90 0.0231214
151 119 0.179104
151 120 0.135
151 121 0.0246914
151 152 0.0359281
151 153 0.181818
151 183 0.278302
152 92 0.0826446
152 122 0.0732984
152 151 0.0359281
152 153 0.224852
152 154 0.0625
152 183 0.0310559
152 184 0.0604027
152 185 0.035503
153 90 0.125714
153 91 0.11588
153 92 0.00574713
153 119 0.00985222
153 120 0.0940594
153 121 0.0365854
153 151 0.181818
153 152 0.224852
153 183 0.0046729
153 184 0.0841584
153 185 0.0045045
154 92 0.0075188
154 122 0.137931
154 152 0.0625
154 185 0.232044
155 94 0.0700637
155 124 0.349315
155 125 0.145038
155 156 0.121547
155 186 0.25
155 188 0.037037
156 94 0.0219298
156 95 0.131707
156 124 0.133641
156 125 0.019802
156 126 0.0707965
156 127 0.0619048
156 155 0.121547
156 157 0.153846
156 159 0.0189873
156 186 0.00598802
156 187 0.0676328
156 188 0.169903
156 189 0.105042
156 217 0.0700935
156 219 0.00943396
156 220 0.0585774
157 94 0.0189873
157 95 0.192593
157 124 0.0136054
157 125 0.00757576
157 126 0.0320513
157 127 0.0142857
157 128 0.0205479
157 156 0.153846
157 158 0.00625
157 187 0.00729927
157 188 0.00735294
157 189 0.214286
158 127 0.0212766
158 128 0.0824742
158 130 0.00561798
158 157 0.00625
158 160 0.0680628
158 189 0.273148
158 190 0.0493274
158 191 0.155689
158 192 0.052356
158 221 0.120773
158 222 0.012605
159 96 0.0530973
159 126 0.0454545
159 127 0.327586
159 156 0.0189873
159 189 0.0486111
160 99 0.191919
160 128 0.00564972
160 130 0.186335
160 158 0.0680628
160 161 0.0537634
160 162 0.0178571
160 191 0.0333333
160 192 0.275862
161 99 0.0142857
161 129 0.407895
161 130 0.317919
161 131 0.040201
161 132 0.00518135
161 160 0.0537634
161 162 0.3
161 163 0.0298507
161 191 0.0432099
161 192 0.0752688
161 193 0.0104712
161 194 0.0744681
161 222 0.00429185
162 99 0.0989583
162 100 0.0217391
162 129 0.0820896
162 130 0.0709677
162 131 0.248619
162 132 0.0971429
162 160 0.0178571
162 161 0.3
162 163 0.125683
162 192 0.00595238
162 193 0.00578035
162 194 0.0117647
163 129 0.00645161
163 131 0.019802
163 132 0.0918367
163 133 0.00970874
163 161 0.0298507
163 162 0.125683
163 164 0.0689655
163 192 0.015873
163 193 0.324742
163 194 0.109948
163 222 0.00423729
163 224 0.0207254
163 225 0.241706
163 226 0.08
164 133 0.0227273
164 163 0.0689655
164 165 0.0277778
164 195 0.104167
164 196 0.0426829
164 197 0.0148148
164 224 0.0184049
164 225 0.40884
164 226 0.1
164 227 0.084507
164 228 0.113924
165 102 0.0460526
165 104 0.00609756
165 133 0.00568182
165 134 0.00518135
165 135 0.0333333
165 164 0.0277778
165 195 0.340278
165 197 0.311111
165 199 0.0228571
165 225 0.00552486
166 104 0.126263
166 134 0.105727
166 135 0.012987
166 167 0.0263158
166 195 0.0337079
166 197 0.0118343
166 199 0.45933
167 104 0.166667
167 105 0.0550459
167 134 0.0299401
167 135 0.404255
167 136 0.0288462
167 137 0.0151515
167 166 0.0263158
167 198 0.0461538
167 199 0.120805
168 105 0.00588235
168 136 0.0242424
168 137 0.00518135
168 138 0.0650888
168 169 0.198795
168 170 0.0764706
168 198 0.052356
168 201 0.297674
168 230 0.290984
168 231 0.0805687
168 233 0.0171429
169 105 0.00819672
169 106 0.00662252
169 107 0.111888
169 137 0.151724
169 138 0.0165289
169 168 0.198795
169 198 0.020979
169 201 0.0419162
169 230 0.0204082
170 109 0.0714286
170 137 0.0469799
170 138 0.408
170 139 0.205128
170 140 0.0186916
170 168 0.0764706
170 201 0.0116959
171 139 0.00763359
171 140 0.00826446
171 141 0.0434783
171 172 0.025974
171 201 0.0648649
171 203 0.212435
171 232 0.0857143
171 233 0.172414
172 139 0.0152672
172 140 0.0247934
172 141 0.224638
172 142 0.0891089
172 143 0.00490196
172 171 0.025974
172 173 0.0113636
172 174 0.0222222
172 202 0.0217391
172 203 0.373057
172 232 0.0142857
172 233 0.00689655
173 112 0.0125
173 141 0.03125
173 143 0.0663717
173 172 0.0113636
173 174 0.43949
173 202 0.00625
173 203 0.0139535
173 205 0.417582
173 235 0.0201342
173 236 0.0113636
174 112 0.00840336
174 141 0.0504202
174 143 0.0108108
174 172 0.0222222
174 173 0.43949
174 203 0.0344828
174 205 0.120567
174 235 0.00925926
174 236 0.0148148
175 111 0.027972
175 143 0.0465116
175 144 0.151515
175 145 0.00787402
175 205 0.03125
175 206 0.122137
175 207 0.0137931
175 236 0.204918
175 237 0.00645161
176 144 0.0704225
176 177 0.0514706
176 206 0.281609
176 207 0.56383
176 238 0.0405405
176 239 0.0479042
177 145 0.0307692
177 146 0.0687023
177 147 0.0179641
177 148 0.0510204
177 176 0.0514706
177 178 0.0530973
177 206 0.00746269
177 207 0.27027
177 208 0.0378788
177 239 0.0708661
178 114 0.018018
178 145 0.0136054
178 146 0.0810811
178 147 0.125
178 148 0.182609
178 177 0.0530973
178 207 0.030303
178 208 0.201342
178 210 0.0137931
178 239 0.0763889
178 241 0.00757576
179 210 0.232
179 211 0.251799
179 212 0.0588235
179 242 0.038835
180 117 0.0454545
180 118 0.00531915
180 147 0.0353535
180 148 0.00775194
180 149 0.140496
180 150 0.0697674
180 181 0.215116
180 208 0.0981595
180 210 0.207547
180 211 0.208092
180 212 0.0294118
180 243 0.00636943
181 117 0.0119048
181 118 0.00495049
181 120 0.0108696
181 149 0.325926
181 150 0.188172
181 180 0.215116
181 182 0.0208333
181 183 0.0765306
181 210 0.017341
181 211 0.0802139
181 243 0.00584795
182 181 0.0208333
182 183 0.012987
182 213 0.019802
182 214 0.0232558
182 243 0.0542636
182 244 0.285714
182 246 0.0148148
183 120 0.0206186
183 121 0.179487
183 150 0.0459184
183 151 0.278302
183 152 0.0310559
183 153 0.0046729
183 181 0.0765306
183 182 0.012987
183 184 0.0257732
183 211 0.0152284
183 212 0.05
183 213 0.0326797
183 214 0.0552486
183 244 0.213542
184 121 0.0555556
184 152 0.0604027
184 153 0.0841584
184 183 0.0257732
184 185 0.30198
184 214 0.130178
184 244 0.0166667
184 245 0.1875
185 152 0.035503
185 153 0.0045045
185 154 0.232044
185 184 0.30198
185 245 0.29717
185 247 0.0989583
186 124 0.030303
186 155 0.25
186 156 0.00598802
186 188 0.140496
186 217 0.0775194
186 248 0.0337079
187 156 0.0676328
187 157 0.00729927
187 188 0.0434783
187 217 0.242604
187 218 0.0289855
187 219 0.0538922
187 220 0.206186
187 249 0.112994
187 250 0.07
188 124 0.00584795
188 127 0.0243902
188 155 0.037037
188 156 0.169903
188 157 0.00735294
188 186 0.140496
188 187 0.0434783
188 189 0.00520833
188 217 0.244048
188 218 0.0729927
188 219 0.126506
188 220 0.0932643
188 248 0.078125
189 126 0.00943396
189 127 0.102041
189 128 0.0247525
189 156 0.105042
189 157 0.214286
189 158 0.273148
189 159 0.0486111
189 188 0.00520833
189 190 0.155844
189 191 0.04
189 220 0.04
189 221 0.0465116
189 252 0.0215054
190 158 0.0493274
190 189 0.155844
190 191 0.0384615
190 192 0.00485437
190 219 0.0146341
190 220 0.107759
190 221 0.310811
190 222 0.0197628
190 250 0.012605
190 252 0.440415
191 128 0.0849673
191 129 0.0517241
191 130 0.10219
191 158 0.155689
191 160 0.0333333
191 161 0.0432099
191 189 0.04
191 190 0.0384615
191 192 0.0733333
191 221 0.0481928
191 222 0.071066
191 223 0.0387597
191 252 0.0291971
192 129 0.0214286
192 130 0.0496894
192 158 0.052356
192 160 0.275862
192 161 0.0752688
192 162 0.00595238
192 163 0.015873
192 190 0.00485437
192 191 0.0733333
192 193 0.0223464
192 194 0.0738636
192 221 0.0263158
192 222 0.276018
192 223 0.0130719
192 255 0.00507614
193 129 0.00689655
193 161 0.0104712
193 162 0.00578035
193 163 0.324742
193 192 0.0223464
193 194 0.392265
193 222 0.00442478
193 223 0.00632911
193 224 0.202186
193 225 0.0497512
193 226 0.0263158
193 255 0.163366
193 256 0.0111111
194 129 0.0633803
194 130 0.00613497
194 161 0.0744681
194 162 0.0117647
194 163 0.109948
194 192 0.0738636
194 193 0.392265
194 222 0.0358744
194 223 0.0516129
194 224 0.05
194 225 0.0151515
194 255 0.140704
195 133 0.0397727
195 134 0.0362694
195 164 0.104167
195 165 0.340278
195 166 0.0337079
195 196 0.0243902
195 197 0.185185
195 199 0.0171429
195 225 0.0331492
195 228 0.139241
196 164 0.0426829
196 195 0.0243902
196 225 0.0199005
196 226 0.142105
196 227 0.037037
196 228 0.297753
196 256 0.0111111
196 258 0.0153846
196 259 0.269767
196 260 0.00617284
197 164 0.0148148
197 165 0.311111
197 166 0.0118343
197 195 0.185185
197 199 0.13253
197 228 0.00671141
197 229 0.0833333
197 261 0.16129
198 136 0.084507
198 167 0.0461538
198 168 0.052356
198 169 0.020979
198 199 0.0748663
198 200 0.00675676
198 229 0.30303
198 230 0.0135747
198 231 0.037234
198 260 0.038961
198 261 0.0344828
199 135 0.00662252
199 165 0.0228571
199 166 0.45933
199 167 0.120805
199 195 0.0171429
199 197 0.13253
199 198 0.0748663
199 228 0.0529101
199 260 0.0115607
199 261 0.0243902
200 198 0.00675676
200 229 0.0551724
200 230 0.0646766
200 231 0.220238
200 262 0.308824
200 263 0.00574713
201 137 0.0515464
201 138 0.0705882
201 139 0.00617284
201 168 0.297674
201 169 0.0419162
201 170 0.0116959
201 171 0.0648649
201 230 0.102041
201 233 0.0795455
202 172 0.0217391
202 173 0.00625
202 203 0.0847458
202 204 0.0887097
202 232 0.0887097
202 233 0.0155039
202 264 0.0785714
202 265 0.366667
203 141 0.0225989
203 171 0.212435
203 172 0.373057
203 173 0.0139535
203 174 0.0344828
203 202 0.0847458
203 204 0.00558659
203 205 0.00502513
203 232 0.0837989
203 233 0.0869565
203 265 0.2
204 202 0.0887097
204 203 0.00558659
204 235 0.185841
204 236 0.00714286
204 264 0.0140845
204 265 0.131579
204 266 0.242991
204 267 0.0322581
205 141 0.0138889
205 143 0.161905
205 173 0.417582
205 174 0.120567
205 175 0.03125
205 203 0.00502513
205 235 0.0526316
205 236 0.26875
205 265 0.00581395
206 175 0.122137
206 176 0.281609
206 177 0.00746269
206 207 0.0698925
206 236 0.0429448
206 237 0.0510204
206 238 0.0616438
206 269 0.132653
207 144 0.025974
207 145 0.032967
207 175 0.0137931
207 176 0.56383
207 177 0.27027
207 178 0.030303
207 206 0.0698925
207 208 0.00543478
207 238 0.05
207 239 0.0167598
208 146 0.0419162
208 147 0.133005
208 148 0.0149254
208 177 0.0378788
208 178 0.201342
208 180 0.0981595
208 207 0.00543478
208 209 0.0684932
208 210 0.115854
208 239 0.110429
208 241 0.112583
209 208 0.0684932
209 210 0.169014
209 239 0.0212766
209 240 0.00869565
209 241 0.356589
209 270 0.0588235
209 273 0.107595
210 147 0.00502513
210 178 0.0137931
210 179 0.232
210 180 0.207547
210 181 0.017341
210 208 0.115854
210 209 0.169014
210 211 0.137931
210 243 0.0379747
210 273 0.0113636
211 179 0.251799
211 180 0.208092
211 181 0.0802139
211 183 0.0152284
211 210 0.137931
211 212 0.304636
211 242 0.0657895
211 243 0.186047
211 273 0.0105263
211 275 0.00561798
212 179 0.0588235
212 180 0.0294118
212 183 0.05
212 211 0.304636
212 213 0.0186916
212 242 0.0521739
212 243 0.0888889
212 244 0.0479452
212 273 0.0392157
213 182 0.019802
213 183 0.0326797
213 212 0.0186916
213 244 0.115108
213 246 0.238806
213 277 0.0985916
214 182 0.0232558
214 183 0.0552486
214 184 0.130178
214 244 0.239521
214 245 0.0111732
214 246 0.148148
214 276 0.0204082
215 216 0.194915
215 245 0.0828729
215 247 0.285714
215 277 0.0174419
215 278 0.132275
216 215 0.194915
216 247 0.168067
216 278 0.0272109
217 156 0.0700935
217 186 0.0775194
217 187 0.242604
217 188 0.244048
217 218 0.00689655
217 219 0.0402299
217 248 0.132353
217 249 0.125
218 187 0.0289855
218 188 0.0729927
218 217 0.00689655
218 219 0.517483
218 220 0.123529
218 249 0.0784314
218 250 0.0852273
218 251 0.0147059
218 279 0.00680272
218 280 0.0495868
218 281 0.00609756
219 156 0.00943396
219 187 0.0538922
219 188 0.126506
219 190 0.0146341
219 217 0.0402299
219 218 0.517483
219 220 0.351759
219 249 0.0989011
219 250 0.102439
219 251 0.0242424
219 252 0.00625
219 279 0.0113636
219 280 0.0466667
219 281 0.015544
220 156 0.0585774
220 187 0.206186
220 188 0.0932643
220 189 0.04
220 190 0.107759
220 218 0.123529
220 219 0.351759
220 221 0.00462963
220 249 0.0239234
220 250 0.159483
220 252 0.122995
220 281 0.00909091
221 158 0.120773
221 189 0.0465116
221 190 0.310811
221 191 0.0481928
221 192 0.0263158
221 220 0.00462963
221 222 0.105485
221 223 0.0414201
221 252 0.079096
221 253 0.1125
221 254 0.056338
221 282 0.0731707
221 283 0.034632
222 158 0.012605
222 161 0.00429185
222 163 0.00423729
222 190 0.0197628
222 191 0.071066
222 192 0.276018
222 193 0.00442478
222 194 0.0358744
222 221 0.105485
222 223 0.285
222 252 0.0288462
222 253 0.0575916
222 254 0.0901639
222 255 0.0122951
222 283 0.00381679
222 285 0.25
223 191 0.0387597
223 192 0.0130719
223 193 0.00632911
223 194 0.0516129
223 221 0.0414201
223 222 0.285
223 252 0.0142857
223 253 0.00813008
223 254 0.0227273
223 255 0.0170455
223 285 0.35
224 163 0.0207254
224 164 0.0184049
224 193 0.202186
224 194 0.05
224 225 0.03
224 226 0.0793651
224 254 0.00497512
224 255 0.18408
224 256 0.223464
224 257 0.01875
224 285 0.0162162
224 286 0.2
224 287 0.0153846
225 163 0.241706
225 164 0.40884
225 165 0.00552486
225 193 0.0497512
225 194 0.0151515
225 195 0.0331492
225 196 0.0199005
225 224 0.03
225 226 0.2657
225 227 0.027933
225 228 0.0461538
226 163 0.08
226 164 0.1
226 193 0.0263158
226 196 0.142105
226 224 0.0793651
226 225 0.2657
226 227 0.047619
226 228 0.0543478
226 256 0.0591398
226 257 0.00598802
227 164 0.084507
227 196 0.037037
227 225 0.027933
227 226 0.047619
227 228 0.0961538
227 256 0.0696203
227 258 0.306358
227 259 0.0466321
227 289 0.12766
228 164 0.113924
228 195 0.139241
228 196 0.297753
228 197 0.00671141
228 199 0.0529101
228 225 0.0461538
228 226 0.0543478
228 227 0.0961538
228 256 0.0114943
228 258 0.031746
228 259 0.220096
228 260 0.0320513
229 197 0.0833333
229 198 0.30303
229 200 0.0551724
229 230 0.00458716
229 260 0.013245
229 261 0.309859
229 262 0.0130719
229 291 0.015873
230 168 0.290984
230 169 0.0204082
230 198 0.0135747
230 200 0.0646766
230 201 0.102041
230 229 0.00458716
230 231 0.39834
230 232 0.005
230 262 0.0239234
230 263 0.1417
231 168 0.0805687
231 198 0.037234
231 200 0.220238
231 230 0.39834
231 232 0.0778443
231 233 0.0348837
231 261 0.00606061
231 262 0.153409
231 263 0.0747664
231 293 0.0515021
231 294 0.00913242
232 171 0.0857143
232 172 0.0142857
232 202 0.0887097
232 203 0.0837989
232 230 0.005
232 231 0.0778443
232 233 0.244275
232 234 0.0774648
232 263 0.0346821
232 264 0.028169
232 265 0.0526316
233 168 0.0171429
233 171 0.172414
233 172 0.00689655
233 201 0.0795455
233 202 0.0155039
233 203 0.0869565
233 231 0.0348837
233 232 0.244275
233 234 0.047619
233 263 0.0730337
233 265 0.0191083
234 232 0.0774648
234 233 0.047619
234 263 0.206349
234 264 0.386076
234 265 0.0297619
234 294 0.0154639
234 295 0.163158
235 173 0.0201342
235 174 0.00925926
235 204 0.185841
235 205 0.0526316
235 236 0.267717
235 237 0.13125
235 265 0.0143885
235 297 0.0408163
236 173 0.0113636
236 174 0.0148148
236 175 0.204918
236 204 0.00714286
236 205 0.26875
236 206 0.0429448
236 235 0.267717
236 237 0.203209
236 265 0.0180723
236 297 0.032
237 175 0.00645161
237 206 0.0510204
237 235 0.13125
237 236 0.203209
237 238 0.0294118
237 267 0.233918
237 268 0.0206897
237 269 0.0318182
237 297 0.0316456
237 298 0.00442478
237 300 0.0122449
238 176 0.0405405
238 206 0.0616438
238 207 0.05
238 237 0.0294118
238 239 0.136691
238 269 0.335294
238 300 0.0358974
239 176 0.0479042
239 177 0.0708661
239 178 0.0763889
239 207 0.0167598
239 208 0.110429
239 209 0.0212766
239 238 0.136691
239 241 0.267123
239 269 0.0740741
239 270 0.0588235
239 300 0.0140187
240 209 0.00869565
240 241 0.00833333
240 270 0.490683
240 272 0.00793651
240 273 0.0201342
241 178 0.00757576
241 208 0.112583
241 209 0.356589
241 239 0.267123
241 240 0.00833333
241 270 0.0228571
241 272 0.0428571
242 179 0.038835
242 211 0.0657895
242 212 0.0521739
242 273 0.376623
243 180 0.00636943
243 181 0.00584795
243 182 0.0542636
243 210 0.0379747
243 211 0.186047
243 212 0.0888889
243 244 0.0658683
243 273 0.201149
243 274 0.0121212
243 275 0.166667
244 182 0.285714
244 183 0.213542
244 184 0.0166667
244 212 0.0479452
244 213 0.115108
244 214 0.239521
244 243 0.0658683
244 245 0.00526316
244 246 0.127168
244 276 0.0126582
244 306 0.0717949
245 184 0.1875
245 185 0.29717
245 214 0.0111732
245 215 0.0828729
245 244 0.00526316
245 246 0.102703
245 247 0.159341
245 277 0.0103627
246 182 0.0148148
246 213 0.238806
246 214 0.148148
246 244 0.127168
246 245 0.102703
246 276 0.189542
246 277 0.215909
246 306 0.0210526
247 185 0.0989583
247 215 0.285714
247 216 0.168067
247 245 0.159341
247 277 0.0115607
247 278 0.0736842
248 186 0.0337079
248 188 0.078125
248 217 0.132353
248 249 0.194444
248 280 0.0446429
248 310 0.0196078
249 187 0.112994
249 217 0.125
249 218 0.0784314
249 219 0.0989011
249 220 0.0239234
249 248 0.194444
249 250 0.0883721
249 251 0.0685714
249 279 0.263441
249 280 0.19375
249 281 0.00492611
249 310 0.0866667
249 312 0.042328
250 187 0.07
250 190 0.012605
250 218 0.0852273
250 219 0.102439
250 220 0.159483
250 249 0.0883721
250 251 0.207071
250 252 0.0725389
250 279 0.0143541
250 280 0.0382514
250 281 0.336283
250 283 0.0121457
250 312 0.0613208
250 313 0.0217391
251 218 0.0147059
251 219 0.0242424
251 249 0.0685714
251 250 0.207071
251 252 0.0130719
251 279 0.00591716
251 280 0.0979021
251 281 0.193548
251 311 0.0333333
251 312 0.284884
251 313 0.0263158
252 189 0.0215054
252 190 0.440415
252 191 0.0291971
252 219 0.00625
252 220 0.122995
252 221 0.079096
252 222 0.0288462
252 223 0.0142857
252 250 0.0725389
252 251 0.0130719
252 281 0.0441989
252 282 0.00568182
252 283 0.173267
252 313 0.00540541
253 221 0.1125
253 222 0.0575916
253 223 0.00813008
253 254 0.359281
253 255 0.00598802
253 282 0.0691824
253 283 0.00540541
253 284 0.0723684
253 285 0.0596026
253 314 0.00724638
253 317 0.00653595
254 221 0.056338
254 222 0.0901639
254 223 0.0227273
254 224 0.00497512
254 253 0.359281
254 255 0.0590909
254 282 0.15566
254 283 0.0294118
254 284 0.170732
254 285 0.210784
254 314 0.0418848
254 315 0.00505051
254 316 0.0695187
254 317 0.0485437
255 192 0.00507614
255 193 0.163366
255 194 0.140704
255 222 0.0122951
255 223 0.0170455
255 224 0.18408
255 253 0.00598802
255 254 0.0590909
255 256 0.0353535
255 284 0.0390244
255 285 0.181373
255 286 0.30131
255 287 0.0233645
255 316 0.0213904
255 317 0.00485437
256 193 0.0111111
256 196 0.0111111
256 224 0.223464
256 226 0.0591398
256 227 0.0696203
256 228 0.0114943
256 255 0.0353535
256 257 0.382166
256 258 0.0942408
256 286 0.120773
256 287 0.161458
256 289 0.0377358
257 224 0.01875
257 226 0.00598802
257 256 0.382166
257 258 0.0581395
257 286 0.00531915
257 287 0.0982659
257 288 0.0510949
257 289 0.0142857
257 320 0.00628931
258 196 0.0153846
258 227 0.306358
258 228 0.031746
258 256 0.0942408
258 257 0.0581395
258 259 0.172566
258 260 0.0289017
258 288 0.0935673
258 289 0.316092
