0 1 0.150442
0 2 0.00775194
0 47 0.0431034
0 48 0.0186916
0 49 0.313869
1 0 0.150442
1 2 0.303279
1 48 0.08
1 49 0.184615
2 0 0.00775194
2 1 0.303279
2 3 0.273381
2 48 0.103448
2 49 0.0136986
2 50 0.00819672
3 2 0.273381
3 5 0.191489
3 50 0.00813008
3 51 0.0122699
3 52 0.0372671
4 5 0.0653595
4 6 0.204969
4 51 0.274286
4 52 0.0346821
4 53 0.0070922
5 3 0.191489
5 4 0.0653595
5 51 0.20122
5 52 0.0679012
6 4 0.204969
6 7 0.0680272
6 51 0.00581395
6 52 0.00588235
6 53 0.0652174
6 55 0.169154
7 6 0.0680272
7 8 0.0670732
7 9 0.142857
7 55 0.189474
8 7 0.0670732
8 9 0.28022
8 11 0.0229008
8 55 0.0825688
8 56 0.375
9 7 0.142857
9 8 0.28022
9 10 0.142857
9 11 0.0578512
9 55 0.00480769
9 56 0.0379747
9 57 0.0470588
9 58 0.00480769
10 9 0.142857
10 11 0.0683761
10 12 0.143836
10 13 0.00735294
10 57 0.301205
10 58 0.147059
10 59 0.00763359
11 8 0.0229008
11 9 0.0578512
11 10 0.0683761
11 12 0.10101
11 56 0.0186916
11 57 0.00840336
11 58 0.0127389
12 10 0.143836
12 11 0.10101
12 13 0.169492
12 57 0.202703
12 58 0.0967742
12 59 0.0353982
12 60 0.0198676
13 10 0.00735294
13 12 0.169492
13 57 0.0434783
13 58 0.0284091
13 59 0.0291262
13 60 0.170213
14 15 0.00884956
14 16 0.0612245
14 60 0.294872
14 61 0.0463576
14 62 0.19214
15 14 0.00884956
15 16 0.0491803
15 62 0.240196
16 14 0.0612245
16 15 0.0491803
16 17 0.00641026
16 62 0.277311
16 63 0.254438
17 16 0.00641026
17 18 0.047619
17 19 0.0429448
17 62 0.0168067
17 63 0.218935
17 64 0.317568
17 65 0.0461538
17 67 0.0359712
18 17 0.047619
18 19 0.368421
18 20 0.0103093
18 63 0.0431655
18 64 0.0338983
18 66 0.0619469
18 67 0.0642202
19 17 0.0429448
19 18 0.368421
19 20 0.104478
19 63 0.0227273
19 65 0.0656934
19 66 0.16
19 67 0.328767
20 18 0.0103093
20 19 0.104478
20 21 0.0188679
20 22 0.0761905
20 66 0.0789474
20 67 0.0363636
20 68 0.0973451
21 20 0.0188679
21 22 0.336283
21 23 0.0967742
21 24 0.0413223
22 20 0.0761905
22 21 0.336283
22 23 0.0108696
22 66 0.132231
22 68 0.0333333
23 21 0.0967742
23 22 0.0108696
23 24 0.14
23 25 0.047619
23 69 0.0258621
23 71 0.147727
24 21 0.0413223
24 23 0.14
24 25 0.241071
24 26 0.0962963
25 23 0.047619
25 24 0.241071
25 26 0.252101
25 71 0.04
25 73 0.09
26 24 0.0962963
26 25 0.252101
26 27 0.0555556
26 28 0.100559
26 73 0.0325203
26 75 0.0192308
27 26 0.0555556
27 28 0.337931
27 75 0.2
27 76 0.0163934
28 26 0.100559
28 27 0.337931
28 29 0.338889
28 75 0.0141844
28 76 0.0227273
29 28 0.338889
29 30 0.127273
29 76 0.114583
30 29 0.127273
30 31 0.0526316
30 77 0.062069
31 30 0.0526316
31 78 0.324324
32 33 0.266667
32 79 0.0296296
32 80 0.262411
33 32 0.266667
33 34 0.0725806
33 81 0.10101
34 33 0.0725806
34 35 0.171569
34 36 0.00793651
34 81 0.252033
34 82 0.0342466
34 83 0.0372093
35 34 0.171569
35 36 0.230769
35 81 0.117318
35 82 0.20297
35 83 0.228782
36 34 0.00793651
36 35 0.230769
36 37 0.115044
36 82 0.00806452
36 83 0.165803
36 84 0.02
37 36 0.115044
37 38 0.174757
37 84 0.0183486
37 85 0.0636364
38 37 0.174757
38 39 0.173469
38 85 0.208791
39 38 0.173469
39 40 0.0655738
39 41 0.00568182
39 86 0.134021
39 88 0.0111111
40 39 0.0655738
40 41 0.107527
40 42 0.165563
40 88 0.268421
41 39 0.00568182
41 40 0.107527
41 42 0.00487805
41 86 0.0248447
41 88 0.508197
42 40 0.165563
42 41 0.00487805
42 43 0.0536913
42 88 0.114833
42 89 0.26
43 42 0.0536913
43 45 0.144444
43 89 0.0620155
43 90 0.328467
43 92 0.00757576
44 45 0.0470588
44 46 0.0833333
44 91 0.0775194
44 92 0.401575
44 93 0.0381679
45 43 0.144444
45 44 0.0470588
45 90 0.050505
45 91 0.0104167
45 92 0.106383
46 44 0.0833333
46 92 0.0310078
46 93 0.43609
47 0 0.0431034
47 48 0.126214
47 49 0.165414
47 94 0.0272727
47 95 0.00714286
48 0 0.0186916
48 1 0.08
48 2 0.103448
48 47 0.126214
48 49 0.290323
48 94 0.0693069
48 95 0.129771
49 0 0.313869
49 1 0.184615
49 2 0.0136986
49 47 0.165414
49 48 0.290323
49 95 0.0310559
50 2 0.00819672
50 3 0.00813008
50 51 0.123288
50 52 0.0277778
50 95 0.131387
50 96 0.0288462
50 97 0.284314
50 98 0.00595238
51 3 0.0122699
51 4 0.274286
51 5 0.20122
51 6 0.00581395
51 50 0.123288
51 52 0.271739
51 97 0.00704225
51 98 0.0240385
51 99 0.0566038
52 3 0.0372671
52 4 0.0346821
52 5 0.0679012
52 6 0.00588235
52 50 0.0277778
52 51 0.271739
52 53 0.0933333
52 97 0.05
52 98 0.334951
52 99 0.0700637
53 4 0.0070922
53 6 0.0652174
53 52 0.0933333
53 54 0.015873
53 98 0.218391
53 99 0.064
53 100 0.0384615
53 101 0.0229008
54 53 0.015873
54 55 0.031746
54 99 0.037594
54 100 0.428571
54 101 0.00719424
54 102 0.0566038
55 6 0.169154
55 7 0.189474
55 8 0.0825688
55 9 0.00480769
55 54 0.031746
55 56 0.0103093
55 100 0.0479042
55 101 0.170103
55 102 0.313084
56 8 0.375
56 9 0.0379747
56 11 0.0186916
56 55 0.0103093
56 102 0.097561
56 103 0.125
56 104 0.0472973
57 9 0.0470588
57 10 0.301205
57 11 0.00840336
57 12 0.202703
57 13 0.0434783
57 58 0.0825243
57 59 0.0225564
58 9 0.00480769
58 10 0.147059
58 11 0.0127389
58 12 0.0967742
58 13 0.0284091
58 57 0.0825243
58 59 0.309942
58 60 0.00478469
58 104 0.00505051
58 105 0.255208
58 106 0.00675676
58 107 0.03
59 10 0.00763359
59 12 0.0353982
59 13 0.0291262
59 57 0.0225564
59 58 0.309942
59 105 0.00840336
59 106 0.0266667
59 107 0.110236
60 12 0.0198676
60 13 0.170213
60 14 0.294872
60 58 0.00478469
60 107 0.0606061
61 14 0.0463576
61 62 0.0165289
61 106 0.00925926
61 107 0.2
61 108 0.168317
61 109 0.22449
62 14 0.19214
62 15 0.240196
62 16 0.277311
62 17 0.0168067
62 61 0.0165289
62 63 0.0318725
62 109 0.135036
62 110 0.0273438
63 16 0.254438
63 17 0.218935
63 18 0.0431655
63 19 0.0227273
63 62 0.0318725
63 67 0.00657895
64 17 0.317568
64 18 0.0338983
64 65 0.139344
64 67 0.122137
64 110 0.10241
64 111 0.184397
64 112 0.0130719
65 17 0.0461538
65 19 0.0656934
65 64 0.139344
65 66 0.102564
65 111 0.0162602
65 112 0.125926
66 18 0.0619469
66 19 0.16
66 20 0.0789474
66 22 0.132231
66 65 0.102564
66 67 0.00793651
66 68 0.108527
66 112 0.0945946
67 17 0.0359712
67 18 0.0642202
67 19 0.328767
67 20 0.0363636
67 63 0.00657895
67 64 0.122137
67 66 0.00793651
67 112 0.0972222
68 20 0.0973451
68 22 0.0333333
68 66 0.108527
68 69 0.298611
68 112 0.0748299
68 113 0.0859375
68 114 0.0645161
69 23 0.0258621
69 68 0.298611
69 70 0.137097
69 71 0.113636
69 114 0.05
69 115 0.013245
69 117 0.0758621
70 69 0.137097
70 71 0.0208333
70 72 0.047619
70 115 0.0347826
70 116 0.127907
70 117 0.119266
70 118 0.0444444
70 119 0.0887097
71 23 0.147727
71 25 0.04
71 69 0.113636
71 70 0.0208333
71 73 0.0384615
71 118 0.00699301
71 119 0.19697
72 70 0.047619
72 73 0.108696
72 74 0.149425
72 118 0.0229008
72 119 0.0916667
72 120 0.00763359
73 25 0.09
73 26 0.0325203
73 71 0.0384615
73 72 0.108696
73 74 0.0909091
73 75 0.0470588
73 118 0.034965
73 119 0.136364
73 120 0.027972
74 72 0.149425
74 73 0.0909091
74 75 0.0375
74 120 0.00724638
74 121 0.0519481
74 123 0.129032
75 26 0.0192308
75 27 0.2
75 28 0.0141844
75 73 0.0470588
75 74 0.0375
75 76 0.0175439
75 77 0.0142857
75 123 0.0506329
76 27 0.0163934
76 28 0.0227273
76 29 0.114583
76 75 0.0175439
76 77 0.0839695
77 30 0.062069
77 75 0.0142857
77 76 0.0839695
77 78 0.0310559
77 121 0.0364963
77 122 0.0357143
77 123 0.20915
77 125 0.0314465
78 31 0.324324
78 77 0.0310559
78 125 0.103774
79 32 0.0296296
79 80 0.471698
79 124 0.0280374
79 126 0.310811
80 32 0.262411
80 79 0.471698
80 124 0.079646
80 126 0.025974
81 33 0.10101
81 34 0.252033
81 35 0.117318
81 82 0.0743802
81 83 0.00526316
81 128 0.0342857
81 129 0.0229008
82 34 0.0342466
82 35 0.20297
82 36 0.00806452
82 81 0.0743802
82 83 0.159624
82 128 0.20202
82 129 0.025974
82 130 0.0785714
83 34 0.0372093
83 35 0.228782
83 36 0.165803
83 81 0.00526316
83 82 0.159624
83 84 0.042328
83 128 0.0973783
83 129 0.0717489
83 130 0.263158
84 36 0.02
84 37 0.0183486
84 83 0.042328
84 130 0.0689655
85 37 0.0636364
85 38 0.208791
85 132 0.209524
85 133 0.016129
86 39 0.134021
86 41 0.0248447
86 87 0.0461538
86 133 0.198276
87 86 0.0461538
87 133 0.030303
87 134 0.0737705
87 135 0.128205
88 39 0.0111111
88 40 0.268421
88 41 0.508197
88 42 0.114833
88 89 0.026455
88 134 0.126126
88 136 0.014218
89 42 0.26
89 43 0.0620155
89 88 0.026455
89 90 0.0507246
89 136 0.00657895
89 137 0.0314961
90 43 0.328467
90 45 0.050505
90 89 0.0507246
90 137 0.118519
90 138 0.0177515
90 139 0.0185185
91 44 0.0775194
91 45 0.0104167
91 137 0.0909091
91 138 0.451807
91 139 0.0190476
92 43 0.00757576
92 44 0.401575
92 45 0.106383
92 46 0.0310078
92 138 0.0609756
92 139 0.145631
93 44 0.0381679
93 46 0.43609
93 140 0.186747
94 47 0.0272727
94 48 0.0693069
94 95 0.0869565
94 141 0.256757
94 142 0.00694444
95 47 0.00714286
95 48 0.129771
95 49 0.0310559
95 50 0.131387
95 94 0.0869565
95 96 0.303704
95 97 0.0075188
95 141 0.0449438
95 142 0.00574713
95 143 0.17931
96 50 0.0288462
96 95 0.303704
96 97 0.01
96 143 0.0535714
97 50 0.284314
97 51 0.00704225
97 52 0.05
97 95 0.0075188
97 96 0.01
97 143 0.0272727
97 144 0.171642
97 145 0.0243902
98 50 0.00595238
98 51 0.0240385
98 52 0.334951
98 53 0.218391
98 99 0.0220994
98 145 0.0529101
98 146 0.165829
98 147 0.00568182
99 51 0.0566038
99 52 0.0700637
99 53 0.064
99 54 0.037594
99 98 0.0220994
99 100 0.135135
99 101 0.00724638
99 145 0.207143
99 146 0.0733333
99 147 0.188976
99 148 0.0506329
100 53 0.0384615
100 54 0.428571
100 55 0.0479042
100 99 0.135135
100 101 0.034188
100 102 0.0510949
100 145 0.00840336
100 147 0.179245
100 148 0.0218978
101 53 0.0229008
101 54 0.00719424
101 55 0.170103
101 99 0.00724638
101 100 0.034188
101 102 0.0243902
101 147 0.0150376
101 148 0.152439
101 149 0.19375
102 54 0.0566038
102 55 0.313084
102 56 0.097561
102 100 0.0510949
102 101 0.0243902
102 103 0.185714
102 104 0.0535714
102 147 0.0196078
102 148 0.0434783
102 149 0.05
102 150 0.00546448
103 56 0.125
103 102 0.185714
103 104 0.0403226
103 150 0.0791367
103 151 0.0884956
104 56 0.0472973
104 58 0.00505051
104 102 0.0535714
104 103 0.0403226
104 105 0.0205479
104 150 0.0359281
104 151 0.170213
105 58 0.255208
105 59 0.00840336
105 104 0.0205479
105 106 0.0208333
105 151 0.148148
105 152 0.146667
105 153 0.0325203
105 154 0.00757576
106 58 0.00675676
106 59 0.0266667
106 61 0.00925926
106 105 0.0208333
106 107 0.0865385
106 108 0.0666667
106 152 0.0188679
106 153 0.0759494
107 58 0.03
107 59 0.110236
107 60 0.0606061
107 61 0.2
107 106 0.0865385
107 108 0.0103093
107 153 0.0152672
108 61 0.168317
108 106 0.0666667
108 107 0.0103093
108 109 0.0075188
108 153 0.152778
109 61 0.22449
109 62 0.135036
109 108 0.0075188
109 110 0.257143
109 155 0.00649351
109 156 0.0617978
110 62 0.0273438
110 64 0.10241
110 109 0.257143
110 111 0.0359281
110 156 0.26875
110 158 0.027027
111 64 0.184397
111 65 0.0162602
111 110 0.0359281
111 112 0.116883
111 113 0.0888889
111 158 0.121951
111 159 0.119048
111 160 0.0761905
112 64 0.0130719
112 65 0.125926
112 66 0.0945946
112 67 0.0972222
112 68 0.0748299
112 111 0.116883
112 113 0.251701
112 158 0.00740741
112 159 0.00724638
112 160 0.042735
113 68 0.0859375
113 111 0.0888889
113 112 0.251701
113 114 0.177419
113 159 0.12605
113 160 0.285714
113 162 0.00917431
114 68 0.0645161
114 69 0.05
114 113 0.177419
114 115 0.145038
114 116 0.0294118
114 159 0.130435
114 160 0.0106383
114 162 0.00952381
115 69 0.013245
115 70 0.0347826
115 114 0.145038
115 116 0.318584
115 117 0.154412
115 160 0.00952381
115 162 0.112069
115 163 0.0555556
116 70 0.127907
116 114 0.0294118
116 115 0.318584
116 117 0.00934579
117 69 0.0758621
117 70 0.119266
117 115 0.154412
117 116 0.00934579
117 118 0.160256
117 119 0.0689655
117 162 0.00909091
117 163 0.107843
117 164 0.117188
118 70 0.0444444
118 71 0.00699301
118 72 0.0229008
118 73 0.034965
118 117 0.160256
118 119 0.239766
118 163 0.046875
118 164 0.0714286
118 166 0.046875
119 70 0.0887097
119 71 0.19697
119 72 0.0916667
119 73 0.136364
119 117 0.0689655
119 118 0.239766
119 120 0.00584795
119 166 0.017094
120 72 0.00763359
120 73 0.027972
120 74 0.00724638
120 119 0.00584795
120 121 0.0165289
120 122 0.0460526
120 123 0.00729927
120 165 0.0150376
120 166 0.15625
120 167 0.235294
120 168 0.301205
120 169 0.10628
121 74 0.0519481
121 77 0.0364963
121 120 0.0165289
121 122 0.285714
121 123 0.0789474
121 168 0.142857
121 169 0.0958904
122 77 0.0357143
122 120 0.0460526
122 121 0.285714
122 123 0.0560748
122 168 0.279412
122 169 0.338983
122 170 0.00680272
123 74 0.129032
123 75 0.0506329
123 77 0.20915
123 120 0.00729927
123 121 0.0789474
123 122 0.0560748
123 168 0.00826446
123 169 0.00617284
124 79 0.0280374
124 80 0.079646
124 171 0.045977
125 77 0.0314465
125 78 0.103774
125 170 0.0362319
125 171 0.0853659
125 172 0.00943396
125 173 0.0791367
126 79 0.310811
126 80 0.025974
126 127 0.109375
126 129 0.0166667
126 171 0.015625
126 173 0.313514
126 175 0.0263158
127 126 0.109375
127 128 0.0512821
127 174 0.0178571
127 175 0.0652174
127 176 0.00671141
128 81 0.0342857
128 82 0.20202
128 83 0.0973783
128 127 0.0512821
128 129 0.389423
128 174 0.210526
128 176 0.0204082
128 177 0.0886076
129 81 0.0229008
129 82 0.025974
129 83 0.0717489
129 126 0.0166667
129 128 0.389423
129 174 0.0555556
129 175 0.0102041
129 176 0.0547264
129 177 0.0829016
130 82 0.0785714
130 83 0.263158
130 84 0.0689655
130 177 0.0391061
130 178 0.013245
131 177 0.0391061
131 178 0.198675
131 179 0.127907
132 85 0.209524
132 133 0.0305344
132 178 0.0503597
132 179 0.23125
133 85 0.016129
133 86 0.198276
133 87 0.030303
133 132 0.0305344
133 134 0.0115607
133 179 0.128492
133 180 0.0218978
134 87 0.0737705
134 88 0.126126
134 133 0.0115607
134 135 0.00884956
134 136 0.027027
134 180 0.01875
134 181 0.0416667
134 182 0.23348
134 183 0.00990099
135 87 0.128205
135 134 0.00884956
135 182 0.0416667
135 183 0.134454
136 88 0.014218
136 89 0.00657895
136 134 0.027027
136 137 0.0402685
136 181 0.0552486
136 182 0.148148
136 183 0.424084
136 184 0.00671141
137 89 0.0314961
137 90 0.118519
137 91 0.0909091
137 136 0.0402685
137 138 0.0253165
137 183 0.0361446
137 184 0.241935
137 185 0.00884956
137 186 0.033557
138 90 0.0177515
138 91 0.451807
138 92 0.0609756
138 137 0.0253165
138 139 0.206107
138 140 0.0526316
138 185 0.122449
138 186 0.0491803
138 187 0.0108108
139 90 0.0185185
139 91 0.0190476
139 92 0.145631
139 138 0.206107
139 185 0.0813954
139 187 0.016129
140 93 0.186747
140 138 0.0526316
140 187 0.234973
141 94 0.256757
141 95 0.0449438
141 142 0.211957
141 189 0.0100503
142 94 0.00694444
142 95 0.00574713
142 141 0.211957
142 143 0.264901
142 189 0.0102564
142 190 0.0310559
142 191 0.126316
143 95 0.17931
143 96 0.0535714
143 97 0.0272727
143 142 0.264901
143 144 0.0958904
143 189 0.0361446
143 190 0.0606061
143 191 0.0372671
143 192 0.0806452
144 97 0.171642
144 143 0.0958904
144 145 0.0251572
144 146 0.00591716
144 190 0.0961538
144 191 0.205405
144 192 0.162162
145 97 0.0243902
145 98 0.0529101
145 99 0.207143
145 100 0.00840336
145 144 0.0251572
145 146 0.436709
145 147 0.00740741
145 192 0.0948905
145 193 0.0125
145 194 0.032
146 98 0.165829
146 99 0.0733333
146 144 0.00591716
146 145 0.436709
146 148 0.00568182
146 192 0.0408163
146 193 0.264706
146 194 0.0444444
147 98 0.00568182
147 99 0.188976
147 100 0.179245
147 101 0.0150376
147 102 0.0196078
147 145 0.00740741
147 148 0.196078
147 194 0.107143
148 99 0.0506329
148 100 0.0218978
148 101 0.152439
148 102 0.0434783
148 146 0.00568182
148 147 0.196078
148 149 0.183333
148 193 0.0168539
148 194 0.104895
148 195 0.048
149 101 0.19375
149 102 0.05
149 148 0.183333
149 150 0.117318
149 195 0.107438
149 197 0.153374
150 102 0.00546448
150 103 0.0791367
150 104 0.0359281
150 149 0.117318
150 151 0.134615
150 152 0.0175439
150 197 0.433735
150 198 0.00694444
150 199 0.0125
151 103 0.0884956
151 104 0.170213
151 105 0.148148
151 150 0.134615
151 152 0.0482759
151 197 0.00714286
151 200 0.01
152 105 0.146667
152 106 0.0188679
152 150 0.0175439
152 151 0.0482759
152 153 0.0225564
152 154 0.0704225
152 197 0.0387097
152 198 0.0075188
152 199 0.268456
152 200 0.121739
153 105 0.0325203
153 106 0.0759494
153 107 0.0152672
153 108 0.152778
153 152 0.0225564
153 154 0.269565
153 155 0.0860215
153 199 0.0655738
153 200 0.0340909
153 202 0.0851064
154 105 0.00757576
154 152 0.0704225
154 153 0.269565
154 155 0.0392157
154 199 0.0763359
154 200 0.350515
154 202 0.0291262
155 109 0.00649351
155 153 0.0860215
155 154 0.0392157
155 156 0.0576923
155 200 0.0133333
155 202 0.0740741
155 203 0.0630631
156 109 0.0617978
156 110 0.26875
156 155 0.0576923
156 157 0.00598802
156 202 0.0285714
156 203 0.148148
156 205 0.0140845
157 156 0.00598802
157 158 0.0580645
157 203 0.114943
157 204 0.330986
157 205 0.232044
158 110 0.027027
158 111 0.121951
158 112 0.00740741
158 157 0.0580645
158 159 0.00934579
158 160 0.0116279
158 205 0.192308
158 206 0.0581395
158 207 0.0754717
159 111 0.119048
159 112 0.00724638
159 113 0.12605
159 114 0.130435
159 158 0.00934579
159 160 0.0561798
159 207 0.220183
160 111 0.0761905
160 112 0.042735
160 113 0.285714
160 114 0.0106383
160 115 0.00952381
160 158 0.0116279
160 159 0.0561798
160 162 0.0126582
160 207 0.0681818
160 208 0.05
160 209 0.0746269
161 162 0.102804
161 208 0.0340909
161 209 0.105263
162 113 0.00917431
162 114 0.00952381
162 115 0.112069
162 117 0.00909091
162 160 0.0126582
162 161 0.102804
162 163 0.146341
162 209 0.179487
162 211 0.0113636
163 115 0.0555556
163 117 0.107843
163 118 0.046875
163 162 0.146341
163 164 0.01
163 209 0.0285714
164 117 0.117188
164 118 0.0714286
164 163 0.01
164 166 0.07
164 167 0.00628931
164 211 0.132075
164 213 0.0816327
164 214 0.0150754
165 120 0.0150376
165 166 0.21519
165 167 0.0652174
165 213 0.126984
165 214 0.297753
166 118 0.046875
166 119 0.017094
166 120 0.15625
166 164 0.07
166 165 0.21519
166 167 0.0526316
166 213 0.190083
166 214 0.0115607
167 120 0.235294
167 164 0.00628931
167 165 0.0652174
167 166 0.0526316
167 168 0.0292398
167 169 0.0283019
167 213 0.0277778
167 214 0.508621
167 215 0.0158103
167 216 0.0781893
168 120 0.301205
168 121 0.142857
168 122 0.279412
168 123 0.00826446
168 167 0.0292398
168 169 0.314136
168 216 0.045045
169 120 0.10628
169 121 0.0958904
169 122 0.338983
169 123 0.00617284
169 167 0.0283019
169 168 0.314136
169 170 0.019802
169 215 0.018315
169 216 0.34981
169 217 0.0537634
170 122 0.00680272
170 125 0.0362319
170 169 0.019802
170 171 0.0344828
170 216 0.00858369
170 217 0.211538
170 218 0.0273973
171 124 0.045977
171 125 0.0853659
171 126 0.015625
171 170 0.0344828
171 173 0.111111
172 125 0.00943396
172 173 0.219858
172 219 0.442623
172 220 0.00819672
173 125 0.0791367
173 126 0.313514
173 171 0.111111
173 172 0.219858
173 219 0.0129032
173 220 0.0516129
174 127 0.0178571
174 128 0.210526
174 129 0.0555556
174 175 0.0714286
174 176 0.00689655
174 221 0.0166667
174 222 0.0263158
175 126 0.0263158
175 127 0.0652174
175 129 0.0102041
175 174 0.0714286
175 176 0.0888889
175 177 0.00787402
175 220 0.0357143
175 221 0.06
175 222 0.00961538
176 127 0.00671141
176 128 0.0204082
176 129 0.0547264
176 174 0.00689655
176 175 0.0888889
176 177 0.0956522
176 220 0.00534759
176 221 0.0326797
176 222 0.309179
176 223 0.137652
176 224 0.0529101
177 128 0.0886076
177 129 0.0829016
177 130 0.0391061
177 131 0.0391061
177 175 0.00787402
177 176 0.0956522
177 178 0.00515464
177 222 0.0854271
177 223 0.225941
177 224 0.392265
178 130 0.013245
178 131 0.198675
178 132 0.0503597
178 177 0.00515464
178 179 0.026738
179 131 0.127907
179 132 0.23125
179 133 0.128492
179 178 0.026738
179 180 0.174699
179 225 0.0961538
179 226 0.165803
179 227 0.0555556
180 133 0.0218978
180 134 0.01875
180 179 0.174699
180 181 0.0320513
180 226 0.231788
180 227 0.137255
180 229 0.00613497
181 134 0.0416667
181 136 0.0552486
181 180 0.0320513
181 182 0.206278
181 226 0.010929
181 228 0.0126582
181 229 0.205128
182 134 0.23348
182 135 0.0416667
182 136 0.148148
182 181 0.206278
182 183 0.214592
182 229 0.130435
183 134 0.00990099
183 135 0.134454
183 136 0.424084
183 137 0.0361446
183 182 0.214592
183 184 0.0060241
183 229 0.0097561
183 230 0.00746269
184 136 0.00671141
184 137 0.241935
184 183 0.0060241
184 185 0.0353982
184 186 0.0268456
184 230 0.0543478
184 231 0.261538
184 232 0.00862069
185 137 0.00884956
185 138 0.122449
185 139 0.0813954
185 184 0.0353982
185 186 0.246377
185 187 0.0642857
185 232 0.0190476
186 137 0.033557
186 138 0.0491803
186 184 0.0268456
186 185 0.246377
186 187 0.0340909
186 231 0.0258065
186 232 0.219858
186 233 0.0877193
187 138 0.0108108
187 139 0.016129
187 140 0.234973
187 185 0.0642857
187 186 0.0340909
187 234 0.251429
188 189 0.204225
188 235 0.0142857
188 236 0.0896552
189 141 0.0100503
189 142 0.0102564
189 143 0.0361446
189 188 0.204225
189 190 0.0284091
189 191 0.00487805
189 236 0.394366
189 237 0.0595238
190 142 0.0310559
190 143 0.0606061
190 144 0.0961538
190 189 0.0284091
190 191 0.222222
190 192 0.0970149
190 236 0.0223464
190 237 0.253731
191 142 0.126316
191 143 0.0372671
191 144 0.205405
191 189 0.00487805
191 190 0.222222
191 192 0.0245399
191 237 0.0122699
192 143 0.0806452
192 144 0.162162
192 145 0.0948905
192 146 0.0408163
192 190 0.0970149
192 191 0.0245399
192 193 0.0134228
192 237 0.00793651
192 238 0.0384615
192 240 0.0126582
193 145 0.0125
193 146 0.264706
193 148 0.0168539
193 192 0.0134228
193 240 0.226519
194 145 0.032
194 146 0.0444444
194 147 0.107143
194 148 0.104895
194 195 0.0714286
194 240 0.164384
194 241 0.0387597
195 148 0.048
195 149 0.107438
195 194 0.0714286
195 196 0.0898876
195 197 0.037037
195 241 0.018018
195 242 0.0595238
195 243 0.0851064
195 244 0.0322581
196 195 0.0898876
196 243 0.307692
196 244 0.310345
196 245 0.0245902
197 149 0.153374
197 150 0.433735
197 151 0.00714286
197 152 0.0387097
197 195 0.037037
197 198 0.078125
197 199 0.0138889
197 244 0.0444444
198 150 0.00694444
198 152 0.0075188
198 197 0.078125
198 199 0.057377
198 244 0.283186
198 245 0.184874
199 150 0.0125
199 152 0.268456
199 153 0.0655738
199 154 0.0763359
199 197 0.0138889
199 198 0.057377
199 245 0.0518519
199 246 0.0186916
199 247 0.00609756
199 248 0.0130719
200 151 0.01
200 152 0.121739
200 153 0.0340909
200 154 0.350515
200 155 0.0133333
201 247 0.0740741
201 248 0.153226
201 249 0.193277
202 153 0.0851064
202 154 0.0291262
202 155 0.0740741
202 156 0.0285714
202 203 0.0267857
202 247 0.0220588
202 249 0.133333
203 155 0.0630631
203 156 0.148148
203 157 0.114943
203 202 0.0267857
203 204 0.00909091
203 249 0.133333
204 157 0.330986
204 203 0.00909091
204 205 0.034188
204 250 0.0291262
204 251 0.0833333
205 156 0.0140845
205 157 0.232044
205 158 0.192308
205 204 0.034188
205 206 0.0625
205 207 0.0984849
205 250 0.0211268
205 251 0.0888889
205 252 0.0573248
205 254 0.0444444
206 158 0.0581395
206 205 0.0625
206 207 0.0113636
206 250 0.0408163
206 251 0.10989
206 252 0.00884956
206 253 0.109244
206 254 0.0588235
207 158 0.0754717
207 159 0.220183
207 160 0.0681818
207 205 0.0984849
207 206 0.0113636
207 208 0.0125
207 252 0.0526316
207 253 0.00719424
207 254 0.24359
208 160 0.05
208 161 0.0340909
208 207 0.0125
208 209 0.0338983
208 254 0.0703125
208 255 0.146341
209 160 0.0746269
209 161 0.105263
209 162 0.179487
209 163 0.0285714
209 208 0.0338983
209 254 0.00740741
209 255 0.00769231
209 256 0.06
209 257 0.0367647
210 256 0.378947
210 257 0.0381679
211 162 0.0113636
211 164 0.132075
211 212 0.146341
211 257 0.0616438
211 258 0.0510949
211 259 0.0561798
212 211 0.146341
212 258 0.218045
212 259 0.0352941
213 164 0.0816327
213 165 0.126984
213 166 0.190083
213 167 0.0277778
213 214 0.00909091
214 164 0.0150754
214 165 0.297753
214 166 0.0115607
214 167 0.508621
214 213 0.00909091
214 215 0.0238908
214 216 0.0141343
214 260 0.0130719
214 261 0.0695971
214 262 0.201613
215 167 0.0158103
215 169 0.018315
215 214 0.0238908
215 216 0.384868
215 217 0.0176211
215 261 0.0136054
215 262 0.0594796
215 263 0.217593
215 264 0.0134529
215 265 0.00434783
216 167 0.0781893
216 168 0.045045
216 169 0.34981
216 170 0.00858369
216 214 0.0141343
216 215 0.384868
216 217 0.0230415
216 263 0.00970874
216 264 0.00938967
216 265 0.0136364
217 169 0.0537634
217 170 0.211538
217 215 0.0176211
217 216 0.0230415
217 263 0.0155039
217 264 0.220588
217 265 0.111888
218 170 0.0273973
218 219 0.101562
218 264 0.047619
218 265 0.0977444
219 172 0.442623
219 173 0.0129032
219 218 0.101562
219 266 0.102564
220 172 0.00819672
220 173 0.0516129
220 175 0.0357143
220 176 0.00534759
220 222 0.00641026
220 266 0.0769231
220 267 0.261538
220 268 0.00609756
220 269 0.023622
221 174 0.0166667
221 175 0.06
221 176 0.0326797
221 222 0.229508
221 267 0.0416667
221 268 0.107692
221 269 0.0537634
221 270 0.0209424
222 174 0.0263158
222 175 0.00961538
222 176 0.309179
222 177 0.0854271
222 220 0.00641026
222 221 0.229508
222 223 0.0601852
222 224 0.0189873
222 267 0.00666667
222 268 0.152174
222 269 0.0340136
222 270 0.0122449
223 176 0.137652
223 177 0.225941
223 222 0.0601852
223 224 0.121212
223 225 0.00862069
223 268 0.00446429
223 269 0.106952
223 270 0.0561404
223 271 0.323353
224 176 0.0529101
224 177 0.392265
224 222 0.0189873
224 223 0.121212
224 225 0.00574713
224 271 0.0550459
225 179 0.0961538
225 223 0.00862069
225 224 0.00574713
225 226 0.0984456
225 271 0.0909091
225 272 0.0283688
226 179 0.165803
226 180 0.231788
226 181 0.010929
226 225 0.0984456
226 227 0.0852713
226 229 0.0105263
226 273 0.028777
226 274 0.0534351
226 275 0.00483092
227 179 0.0555556
227 180 0.137255
227 226 0.0852713
227 228 0.0192308
227 229 0.0212766
227 274 0.0121951
228 181 0.0126582
228 227 0.0192308
228 229 0.163636
228 273 0.0175439
228 274 0.0471698
228 275 0.362637
228 276 0.00657895
228 277 0.0230769
229 180 0.00613497
229 181 0.205128
229 182 0.130435
229 183 0.0097561
229 226 0.0105263
229 227 0.0212766
229 228 0.163636
229 275 0.155251
229 276 0.0899471
229 277 0.191617
230 183 0.00746269
230 184 0.0543478
230 231 0.0306122
230 276 0.254237
230 277 0.0416667
230 278 0.0598291
231 184 0.261538
231 186 0.0258065
231 230 0.0306122
231 233 0.0131579
231 278 0.212903
232 184 0.00862069
232 185 0.0190476
232 186 0.219858
232 233 0.00724638
232 279 0.11465
233 186 0.0877193
233 231 0.0131579
233 232 0.00724638
233 278 0.0409357
233 279 0.390374
233 280 0.00595238
233 281 0.0299401
234 187 0.251429
234 281 0.313609
235 188 0.0142857
235 236 0.0070922
235 237 0.0625
235 283 0.146789
236 188 0.0896552
236 189 0.394366
236 190 0.0223464
236 235 0.0070922
236 237 0.00584795
236 282 0.0447761
236 283 0.0815217
237 189 0.0595238
237 190 0.253731
237 191 0.0122699
237 192 0.00793651
237 235 0.0625
237 236 0.00584795
237 238 0.025641
237 284 0.011976
237 285 0.156463
238 192 0.0384615
238 237 0.025641
238 239 0.0263158
238 240 0.0265957
238 284 0.0558376
238 285 0.129944
238 286 0.278761
239 238 0.0263158
239 240 0.142857
239 286 0.244792
240 192 0.0126582
240 193 0.226519
240 194 0.164384
240 238 0.0265957
240 239 0.142857
240 241 0.017341
240 286 0.0614035
240 287 0.0522876
240 289 0.0124224
241 194 0.0387597
241 195 0.018018
241 240 0.017341
241 242 0.0155039
241 287 0.0514706
241 289 0.305556
241 290 0.311258
242 195 0.0595238
242 241 0.0155039
242 243 0.214286
242 290 0.201613
243 195 0.0851064
243 196 0.307692
243 242 0.214286
243 290 0.0522388
244 195 0.0322581
244 196 0.310345
244 197 0.0444444
244 198 0.283186
244 245 0.119048
244 246 0.0102041
244 291 0.0315789
245 196 0.0245902
245 198 0.184874
245 199 0.0518519
245 244 0.119048
245 246 0.413462
245 247 0.00621118
245 248 0.0266667
245 292 0.0322581
245 293 0.0306748
246 199 0.0186916
246 244 0.0102041
246 245 0.413462
246 248 0.0327869
247 199 0.00609756
247 201 0.0740741
247 202 0.0220588
247 245 0.00621118
247 248 0.446927
247 249 0.0747126
247 293 0.046875
247 294 0.0390625
247 295 0.00675676
248 199 0.0130719
248 201 0.153226
248 245 0.0266667
248 246 0.0327869
248 247 0.446927
248 249 0.0368098
248 293 0.0110497
248 294 0.0598291
248 295 0.0437956
249 201 0.193277
249 202 0.133333
249 203 0.133333
249 247 0.0747126
249 248 0.0368098
249 294 0.0803571
249 296 0.025641
249 297 0.0289855
250 204 0.0291262
250 205 0.0211268
250 206 0.0408163
250 251 0.00826446
250 253 0.0134228
250 298 0.265306
250 299 0.303797
250 300 0.0232558
251 204 0.0833333
251 205 0.0888889
251 206 0.10989
251 250 0.00826446
251 252 0.25
251 253 0.0211268
251 298 0.0428571
252 205 0.0573248
252 206 0.00884956
252 207 0.0526316
252 251 0.25
252 253 0.140244
252 298 0.037037
252 300 0.00990099
252 301 0.117241
252 302 0.148148
253 206 0.109244
253 207 0.00719424
253 250 0.0134228
253 251 0.0211268
253 252 0.140244
253 254 0.0320856
253 298 0.0119048
253 300 0.214953
253 302 0.238095
254 205 0.0444444
254 206 0.0588235
254 207 0.24359
254 208 0.0703125
254 209 0.00740741
254 253 0.0320856
254 255 0.135678
254 301 0.00595238
254 302 0.0702703
255 208 0.146341
255 209 0.00769231
255 254 0.135678
255 256 0.0792683
255 257 0.05
255 302 0.0222222
255 303 0.19883
256 209 0.06
256 210 0.378947
256 255 0.0792683
256 257 0.247059
256 304 0.0254777
257 209 0.0367647
257 210 0.0381679
257 211 0.0616438
257 255 0.05
257 256 0.247059
257 258 0.0253807
257 303 0.0169492
257 304 0.160622
258 211 0.0510949
258 212 0.218045
258 257 0.0253807
258 259 0.0571429
258 304 0.255435
258 306 0.0833333
259 211 0.0561798
259 212 0.0352941
259 258 0.0571429
259 260 0.190476
259 261 0.00546448
259 307 0.0617284
260 214 0.0130719
260 259 0.190476
260 261 0.025974
260 262 0.0387597
260 307 0.0576923
260 308 0.00719424
261 214 0.0695971
261 215 0.0136054
261 259 0.00546448
261 260 0.025974
261 262 0.445783
261 263 0.0102041
261 307 0.290698
261 308 0.19305
261 309 0.0540541
261 310 0.0208333
262 214 0.201613
262 215 0.0594796
262 260 0.0387597
262 261 0.445783
262 263 0.00584795
262 307 0.0680272
262 308 0.0726496
262 309 0.0147601
262 310 0.00465116
263 215 0.217593
263 216 0.00970874
263 217 0.0155039
263 261 0.0102041
263 262 0.00584795
263 264 0.024
263 265 0.0151515
263 309 0.197248
263 310 0.197531
263 311 0.0423729
264 215 0.0134529
264 216 0.00938967
264 217 0.220588
264 218 0.047619
264 263 0.024
264 265 0.410072
264 311 0.096
264 312 0.0390625
265 215 0.00434783
265 216 0.0136364
265 217 0.111888
265 218 0.0977444
265 263 0.0151515
265 264 0.410072
265 311 0.0681818
265 312 0.0222222
266 219 0.102564
266 220 0.0769231
266 313 0.15625
267 220 0.261538
267 221 0.0416667
267 222 0.00666667
267 268 0.0253165
267 269 0.0330578
267 313 0.110092
267 314 0.15493
267 316 0.0208333
268 220 0.00609756
268 221 0.107692
268 222 0.152174
268 223 0.00446429
268 267 0.0253165
268 269 0.329032
268 270 0.201581
268 271 0.0148148
268 314 0.00568182
268 316 0.101124
269 220 0.023622
269 221 0.0537634
269 222 0.0340136
269 223 0.106952
269 267 0.0330578
269 268 0.329032
269 270 0.0462963
269 271 0.112245
269 314 0.00719424
269 316 0.0070922
269 317 0.0171429
270 221 0.0209424
270 222 0.0122449
270 223 0.0561404
270 268 0.201581
270 269 0.0462963
270 271 0.00510204
270 316 0.267782
270 317 0.322344
271 223 0.323353
271 224 0.0550459
271 225 0.0909091
271 268 0.0148148
271 269 0.112245
271 270 0.00510204
271 272 0.0131579
271 317 0.0322581
272 225 0.0283688
272 271 0.0131579
272 317 0.0784314
272 319 0.321637
273 226 0.028777
273 228 0.0175439
273 274 0.0652174
273 275 0.00595238
273 320 0.257353
273 322 0.0211268
274 226 0.0534351
274 227 0.0121951
274 228 0.0471698
274 273 0.0652174
274 275 0.0125
274 320 0.15625
274 321 0.0543478
275 226 0.00483092
275 228 0.362637
275 229 0.155251
275 273 0.00595238
275 274 0.0125
275 277 0.108696
275 320 0.00490196
275 322 0.247619
275 323 0.0153846
275 324 0.0526316
276 228 0.00657895
276 229 0.0899471
276 230 0.254237
276 277 0.168831
276 278 0.0285714
276 323 0.030303
276 324 0.0808081
277 228 0.0230769
277 229 0.191617
277 230 0.0416667
277 275 0.108696
277 276 0.168831
277 278 0.00653595
277 322 0.0189873
277 323 0.013986
277 324 0.176136
277 325 0.016
278 230 0.0598291
278 231 0.212903
278 233 0.0409357
278 276 0.0285714
278 277 0.00653595
278 279 0.00526316
278 323 0.0243902
278 324 0.00507614
278 325 0.123288
279 232 0.11465
279 233 0.390374
279 278 0.00526316
279 280 0.0160428
279 281 0.0645161
279 326 0.111801
280 233 0.00595238
280 279 0.0160428
280 281 0.0958084
280 326 0.0140845
280 327 0.403226
280 328 0.118519
281 233 0.0299401
281 234 0.313609
281 279 0.0645161
281 280 0.0958084
281 327 0.0243902
281 328 0.0597015
282 236 0.0447761
282 283 0.166667
283 235 0.146789
283 236 0.0815217
283 282 0.166667
283 284 0.0333333
283 330 0.354839
284 237 0.011976
284 238 0.0558376
284 283 0.0333333
284 285 0.111702
284 330 0.224299
284 331 0.147059
284 332 0.0114943
285 237 0.156463
285 238 0.129944
285 284 0.111702
285 286 0.0276498
285 330 0.00515464
286 238 0.278761
286 239 0.244792
286 240 0.0614035
286 285 0.0276498
286 287 0.0890052
286 332 0.172414
287 240 0.0522876
287 241 0.0514706
287 286 0.0890052
287 288 0.0104167
287 289 0.0403226
287 333 0.0833333
287 334 0.0173913
287 335 0.168224
288 287 0.0104167
288 289 0.230769
288 335 0.0229885
288 336 0.238938
289 240 0.0124224
289 241 0.305556
289 287 0.0403226
289 288 0.230769
289 290 0.00719424
289 334 0.0162602
289 335 0.0521739
289 336 0.184397
290 241 0.311258
290 242 0.201613
290 243 0.0522388
290 289 0.00719424
290 336 0.0135135
290 337 0.0434783
290 338 0.0408163
291 244 0.0315789
291 292 0.11828
291 338 0.35
291 339 0.00869565
292 245 0.0322581
292 291 0.11828
292 293 0.148387
292 338 0.0120482
292 339 0.0434783
292 340 0.0898204
293 245 0.0306748
293 247 0.046875
293 248 0.0110497
293 292 0.148387
293 340 0.364078
293 341 0.0927152
294 247 0.0390625
294 248 0.0598291
294 249 0.0803571
295 247 0.00675676
295 248 0.0437956
295 296 0.164835
295 297 0.00892857
295 341 0.0934579
295 343 0.128205
295 344 0.0704225
296 249 0.025641
296 295 0.164835
296 297 0.0206186
296 298 0.0165289
296 343 0.262411
296 344 0.00787402
297 249 0.0289855
297 295 0.00892857
297 296 0.0206186
297 298 0.028169
297 342 0.0465116
297 343 0.283951
297 344 0.0202703
297 345 0.015625
297 346 0.176471
298 250 0.265306
298 251 0.0428571
298 252 0.037037
298 253 0.0119048
298 296 0.0165289
298 297 0.028169
298 299 0.0204082
298 343 0.0806452
298 344 0.0174419
298 345 0.0526316
298 346 0.013986
299 250 0.303797
299 298 0.0204082
299 300 0.027027
300 250 0.0232558
300 252 0.00990099
300 253 0.214953
300 299 0.027027
301 252 0.117241
301 254 0.00595238
301 302 0.228188
301 303 0.00714286
301 347 0.141593
301 348 0.0784314
301 349 0.00540541
302 252 0.148148
302 253 0.238095
302 254 0.0702703
302 255 0.0222222
302 301 0.228188
302 303 0.11465
302 347 0.0153846
303 255 0.19883
303 257 0.0169492
303 301 0.00714286
303 302 0.11465
303 304 0.0365854
303 349 0.129534
303 350 0.0173913
304 256 0.0254777
304 257 0.160622
304 258 0.255435
304 303 0.0365854
304 305 0.00847458
304 306 0.0738636
304 349 0.0334928
304 350 0.0610687
304 351 0.0740741
304 352 0.0291971
305 304 0.00847458
305 306 0.0701754
305 351 0.03
305 352 0.453333
306 258 0.0833333
306 304 0.0738636
306 305 0.0701754
306 351 0.132911
306 352 0.360902
306 353 0.075
307 259 0.0617284
307 260 0.0576923
307 261 0.290698
307 262 0.0680272
307 308 0.0382166
307 353 0.0869565
307 354 0.0666667
307 355 0.0461538
308 260 0.00719424
308 261 0.19305
308 262 0.0726496
308 307 0.0382166
308 309 0.0213523
308 353 0.0192308
308 354 0.405797
308 355 0.0506912
309 261 0.0540541
309 262 0.0147601
309 263 0.197248
309 308 0.0213523
309 310 0.209924
309 355 0.397638
309 356 0.0340909
309 357 0.122172
309 358 0.012605
310 261 0.0208333
310 262 0.00465116
310 263 0.197531
310 309 0.209924
310 355 0.0555556
310 357 0.10303
311 263 0.0423729
311 264 0.096
311 265 0.0681818
311 312 0.0661157
311 357 0.132231
311 358 0.166667
312 264 0.0390625
312 265 0.0222222
312 311 0.0661157
312 359 0.166667
312 360 0.025641
313 266 0.15625
313 267 0.110092
313 314 0.0551181
313 359 0.010101
313 360 0.107843
314 267 0.15493
314 268 0.00568182
314 269 0.00719424
314 313 0.0551181
314 316 0.0246914
314 360 0.0888889
314 361 0.266055
314 362 0.0325203
315 316 0.101124
315 362 0.02
315 363 0.0483871
316 267 0.0208333
316 268 0.101124
316 269 0.0070922
316 270 0.267782
316 314 0.0246914
316 315 0.101124
316 317 0.020202
316 361 0.045045
316 362 0.112
316 363 0.116788
317 269 0.0171429
317 270 0.322344
317 271 0.0322581
317 272 0.0784314
317 316 0.020202
317 319 0.012
317 364 0.0225989
318 319 0.145251
319 272 0.321637
319 317 0.012
319 318 0.145251
319 320 0.0681818
319 321 0.00543478
319 364 0.0102564
319 365 0.137931
319 366 0.015873
319 367 0.0392157
320 273 0.257353
320 274 0.15625
320 275 0.00490196
320 319 0.0681818
320 321 0.00735294
320 322 0.011236
320 367 0.115385
321 274 0.0543478
321 319 0.00543478
321 320 0.00735294
321 365 0.00675676
321 367 0.175
321 368 0.0571429
322 273 0.0211268
322 275 0.247619
322 277 0.0189873
322 320 0.011236
322 323 0.00591716
322 324 0.0742574
322 367 0.0123457
322 368 0.274725
322 369 0.22
322 370 0.0159574
322 371 0.139535
323 275 0.0153846
323 276 0.030303
323 277 0.013986
323 278 0.0243902
323 322 0.00591716
323 324 0.475936
323 325 0.0147059
323 370 0.0462428
323 371 0.0573248
323 372 0.0170455
324 275 0.0526316
324 276 0.0808081
324 277 0.176136
324 278 0.00507614
324 322 0.0742574
324 323 0.475936
324 368 0.005
324 370 0.038835
324 371 0.152632
324 372 0.00478469
325 277 0.016
325 278 0.123288
325 323 0.0147059
325 326 0.034188
325 371 0.0359712
325 372 0.43038
325 373 0.0248447
326 279 0.111801
326 280 0.0140845
326 325 0.034188
326 327 0.0306122
326 373 0.33125
327 280 0.403226
327 281 0.0243902
327 326 0.0306122
327 373 0.0140845
327 374 0.109756
328 280 0.118519
328 281 0.0597015
328 375 0.185484
329 331 0.0362319
329 376 0.379888
330 283 0.354839
330 284 0.224299
330 285 0.00515464
330 331 0.00568182
330 376 0.0599078
331 284 0.147059
331 329 0.0362319
331 330 0.00568182
331 376 0.0404624
331 377 0.045977
331 378 0.00657895
331 379 0.148571
332 284 0.0114943
332 286 0.172414
332 333 0.21875
332 377 0.021978
332 378 0.00641026
332 379 0.173184
332 380 0.00869565
333 287 0.0833333
333 332 0.21875
333 334 0.0240964
333 378 0.00892857
333 379 0.0296296
333 380 0.0985916
334 287 0.0173913
334 289 0.0162602
334 333 0.0240964
334 380 0.107843
334 381 0.212121
334 382 0.201681
334 383 0.0116279
335 287 0.168224
335 288 0.0229885
335 289 0.0521739
335 336 0.00806452
335 382 0.171171
335 383 0.282051
335 384 0.230769
336 288 0.238938
336 289 0.184397
336 290 0.0135135
336 335 0.00806452
336 337 0.179487
336 382 0.080292
336 383 0.00961538
336 384 0.0979021
336 385 0.00671141
337 290 0.0434783
337 336 0.179487
337 338 0.19403
337 339 0.0163934
337 384 0.00909091
337 385 0.232759
338 290 0.0408163
338 291 0.35
338 292 0.0120482
338 337 0.19403
338 339 0.0285714
339 291 0.00869565
339 292 0.0434783
339 337 0.0163934
339 338 0.0285714
339 340 0.0952381
339 385 0.155844
339 386 0.00970874
339 387 0.0921053
340 292 0.0898204
340 293 0.364078
340 339 0.0952381
340 341 0.0858896
340 387 0.0165746
340 388 0.0117647
341 293 0.0927152
341 295 0.0934579
341 340 0.0858896
341 342 0.148148
341 388 0.0347826
341 390 0.0454545
342 297 0.0465116
342 341 0.148148
342 343 0.00769231
342 344 0.0603448
342 390 0.0380952
343 295 0.128205
343 296 0.262411
343 297 0.283951
343 298 0.0806452
343 342 0.00769231
343 344 0.0729167
343 345 0.0290698
343 346 0.00613497
344 295 0.0704225
344 296 0.00787402
344 297 0.0202703
344 298 0.0174419
344 342 0.0603448
344 343 0.0729167
344 345 0.208861
344 390 0.161677
344 392 0.10274
345 297 0.015625
345 298 0.0526316
345 343 0.0290698
345 344 0.208861
345 346 0.209302
345 390 0.00680272
345 392 0.0873016
345 394 0.0740741
346 297 0.176471
346 298 0.013986
346 343 0.00613497
346 345 0.209302
346 347 0.196262
346 394 0.0238095
347 301 0.141593
347 302 0.0153846
347 346 0.196262
347 394 0.0176991
347 395 0.179487
348 301 0.0784314
348 395 0.103774
348 396 0.23301
349 301 0.00540541
349 303 0.129534
349 304 0.0334928
349 350 0.2
349 396 0.0322581
349 397 0.39823
350 303 0.0173913
350 304 0.0610687
350 349 0.2
350 397 0.0337838
351 304 0.0740741
351 305 0.03
351 306 0.132911
351 352 0.0672269
351 397 0.0837989
351 398 0.211382
351 399 0.00833333
352 304 0.0291971
352 305 0.453333
352 306 0.360902
352 351 0.0672269
352 398 0.0306122
353 306 0.075
353 307 0.0869565
353 308 0.0192308
353 354 0.0588235
353 399 0.146341
