0 1 0.160714
0 31 0.0421053
1 0 0.160714
1 2 0.06
1 31 0.255034
1 32 0.181818
2 1 0.06
2 3 0.0307692
2 32 0.341969
2 33 0.013986
3 2 0.0307692
3 4 0.152542
3 32 0.047619
3 33 0.0503597
3 34 0.259843
3 35 0.109375
4 3 0.152542
4 5 0.160305
4 35 0.075
4 36 0.119048
4 66 0.137931
5 4 0.160305
5 6 0.01875
5 36 0.353741
5 37 0.242105
5 38 0.00985222
6 5 0.01875
6 7 0.160256
6 37 0.363636
6 38 0.0616114
7 6 0.160256
7 8 0.219858
7 9 0.1
7 37 0.0107527
7 38 0.0552764
7 40 0.00578035
8 7 0.219858
8 9 0.0564972
8 38 0.0459184
8 39 0.217105
8 40 0.0705882
8 69 0.00671141
9 7 0.1
9 8 0.0564972
9 10 0.275676
9 39 0.0104712
9 40 0.315789
9 41 0.0273973
9 73 0.015544
10 9 0.275676
10 11 0.0169492
10 40 0.0337079
10 42 0.266667
10 73 0.0432099
11 10 0.0169492
11 42 0.210526
11 43 0.17284
11 74 0.16129
12 13 0.21978
12 43 0.289157
12 74 0.0105263
13 12 0.21978
13 14 0.141732
13 44 0.0784314
13 74 0.03
13 75 0.0133333
14 13 0.141732
14 15 0.136364
14 44 0.26087
14 45 0.0971429
14 46 0.00606061
14 75 0.0220994
15 14 0.136364
15 16 0.139706
15 45 0.233918
15 46 0.136646
15 47 0.145695
16 15 0.139706
16 17 0.0952381
16 47 0.0948905
16 48 0.0896552
16 79 0.10687
17 16 0.0952381
17 18 0.192771
17 19 0.00735294
17 48 0.221477
17 49 0.0778443
18 17 0.192771
18 19 0.290698
18 48 0.00540541
18 49 0.221675
18 81 0.0246305
19 17 0.00735294
19 18 0.290698
19 50 0.102941
19 51 0.151316
19 81 0.0231214
20 21 0.280255
20 22 0.00862069
20 50 0.0738255
20 51 0.321212
20 52 0.03
20 83 0.0136054
20 84 0.0534351
21 20 0.280255
21 22 0.133333
21 23 0.010101
21 52 0.0337079
21 53 0.194915
21 54 0.00666667
21 84 0.0916667
22 20 0.00862069
22 21 0.133333
22 23 0.37931
22 24 0.0108696
22 52 0.0416667
22 53 0.272727
22 54 0.0366972
22 55 0.00980392
22 83 0.0105263
22 84 0.0632911
23 21 0.010101
23 22 0.37931
23 24 0.162791
23 52 0.0238095
23 53 0.056338
23 54 0.0679612
23 55 0.0625
23 84 0.0410959
23 85 0.0204082
23 86 0.0229008
24 22 0.0108696
24 23 0.162791
24 25 0.164706
24 55 0.246154
24 56 0.0382166
24 86 0.0909091
24 87 0.0108696
25 24 0.164706
25 26 0.0530612
25 56 0.589372
25 57 0.0776256
25 86 0.0232558
25 87 0.0940171
26 25 0.0530612
26 27 0.435
26 28 0.0786026
26 56 0.0474138
26 57 0.377049
26 58 0.0628931
26 59 0.0121457
26 88 0.0734694
27 26 0.435
27 28 0.138365
27 57 0.0402299
27 58 0.179775
27 59 0.039548
27 88 0.00571429
28 26 0.0786026
28 27 0.138365
28 29 0.12
28 57 0.0837438
28 59 0.252427
28 60 0.0128205
28 88 0.00980392
28 90 0.0334928
28 91 0.021164
29 28 0.12
29 30 0.042735
29 59 0.10119
29 60 0.169492
29 61 0.035461
29 91 0.013245
30 29 0.042735
30 61 0.273973
31 0 0.0421053
31 1 0.255034
31 32 0.0677083
31 62 0.152542
31 63 0.10303
32 1 0.181818
32 2 0.341969
32 3 0.047619
32 31 0.0677083
32 33 0.247525
32 63 0.115556
33 2 0.013986
33 3 0.0503597
33 32 0.247525
33 34 0.0214286
33 63 0.108571
33 64 0.103825
33 65 0.0722222
33 95 0.0322581
34 3 0.259843
34 33 0.0214286
34 35 0.0542636
34 65 0.232143
34 96 0.0227273
35 3 0.109375
35 4 0.075
35 34 0.0542636
35 36 0.00735294
35 65 0.153846
35 66 0.293651
35 97 0.027027
36 4 0.119048
36 5 0.353741
36 35 0.00735294
36 37 0.0540541
36 38 0.020202
36 66 0.159091
36 67 0.215827
36 68 0.00636943
37 5 0.242105
37 6 0.363636
37 7 0.0107527
37 36 0.0540541
37 38 0.381743
37 68 0.01
38 5 0.00985222
38 6 0.0616114
38 7 0.0552764
38 8 0.0459184
38 36 0.020202
38 37 0.381743
38 67 0.00512821
38 68 0.230047
38 69 0.0338164
39 8 0.217105
39 9 0.0104712
39 40 0.0869565
39 41 0.0257732
39 69 0.0858896
39 70 0.170732
39 71 0.0785714
39 72 0.00581395
39 99 0.0238095
40 7 0.00578035
40 8 0.0705882
40 9 0.315789
40 10 0.0337079
40 39 0.0869565
40 41 0.429245
40 42 0.0114943
40 72 0.0368421
40 73 0.0483871
41 9 0.0273973
41 39 0.0257732
41 40 0.429245
41 42 0.0163043
41 71 0.0297619
41 72 0.34
41 73 0.117347
41 104 0.0140845
42 10 0.266667
42 11 0.210526
42 40 0.0114943
42 41 0.0163043
42 73 0.164557
42 74 0.056
43 11 0.17284
43 12 0.289157
43 74 0.108696
44 13 0.0784314
44 14 0.26087
44 45 0.0646766
44 46 0.0104712
44 74 0.044586
44 75 0.357488
45 14 0.0971429
45 15 0.233918
45 44 0.0646766
45 46 0.362637
45 47 0.00581395
45 75 0.0454545
45 77 0.131429
46 14 0.00606061
46 15 0.136646
46 44 0.0104712
46 45 0.362637
46 47 0.0925926
46 77 0.151515
46 78 0.173333
46 109 0.0122699
47 15 0.145695
47 16 0.0948905
47 45 0.00581395
47 46 0.0925926
47 78 0.228571
47 79 0.321918
47 110 0.0115607
48 16 0.0896552
48 17 0.221477
48 18 0.00540541
48 49 0.182796
48 79 0.136364
48 80 0.0497238
48 111 0.0726257
49 17 0.0778443
49 18 0.221675
49 48 0.182796
49 80 0.080402
49 81 0.151961
49 112 0.0373832
50 19 0.102941
50 20 0.0738255
50 51 0.212329
50 52 0.0246914
50 81 0.275449
50 82 0.0410959
50 83 0.03125
50 112 0.0225989
51 19 0.151316
51 20 0.321212
51 50 0.212329
51 81 0.0163934
52 20 0.03
52 21 0.0337079
52 22 0.0416667
52 23 0.0238095
52 50 0.0246914
52 53 0.0491803
52 54 0.0967742
52 81 0.0508475
52 82 0.0416667
52 83 0.126582
52 84 0.0793651
53 21 0.194915
53 22 0.272727
53 23 0.056338
53 52 0.0491803
53 54 0.0491803
53 84 0.358696
53 85 0.0441176
53 86 0.00666667
54 21 0.00666667
54 22 0.0366972
54 23 0.0679612
54 52 0.0967742
54 53 0.0491803
54 55 0.00680272
54 83 0.235714
54 84 0.0241935
54 85 0.08
54 86 0.0549451
54 115 0.213115
54 117 0.0982143
55 22 0.00980392
55 23 0.0625
55 24 0.246154
55 54 0.00680272
55 86 0.394286
55 87 0.0618557
55 117 0.0190476
56 24 0.0382166
56 25 0.589372
56 26 0.0474138
56 57 0.0145631
56 86 0.0445545
56 87 0.0723982
57 25 0.0776256
57 26 0.377049
57 27 0.0402299
57 28 0.0837438
57 56 0.0145631
57 58 0.037594
57 59 0.0180995
57 87 0.0429185
57 88 0.191781
57 89 0.0555556
57 90 0.0223214
57 118 0.0761905
57 120 0.0235849
58 26 0.0628931
58 27 0.179775
58 57 0.037594
58 59 0.0514706
58 88 0.149254
58 89 0.194805
58 120 0.015748
59 26 0.0121457
59 27 0.039548
59 28 0.252427
59 29 0.10119
59 57 0.0180995
59 58 0.0514706
59 60 0.132184
59 88 0.0855856
59 89 0.030303
59 90 0.167401
59 91 0.188406
59 120 0.00930233
60 28 0.0128205
60 29 0.169492
60 59 0.132184
60 61 0.0612245
60 91 0.414013
60 92 0.00684932
60 123 0.0320513
61 29 0.035461
61 30 0.273973
61 60 0.0612245
61 91 0.0555556
61 92 0.0946746
61 123 0.156425
62 31 0.152542
62 63 0.198675
62 64 0.0125786
62 93 0.217742
63 31 0.10303
63 32 0.115556
63 33 0.108571
63 62 0.198675
63 64 0.223301
63 93 0.00584795
63 94 0.00502513
63 95 0.00680272
64 33 0.103825
64 62 0.0125786
64 63 0.223301
64 65 0.014218
64 93 0.178771
64 94 0.246377
64 95 0.103226
65 33 0.0722222
65 34 0.232143
65 35 0.153846
65 64 0.014218
65 95 0.0921053
65 96 0.203488
65 97 0.106952
65 127 0.132597
65 128 0.0289017
66 4 0.137931
66 35 0.293651
66 36 0.159091
66 67 0.147287
66 97 0.0625
67 36 0.215827
67 38 0.00512821
67 66 0.147287
67 68 0.149351
67 69 0.00675676
67 97 0.10596
67 98 0.223077
68 36 0.00636943
68 37 0.01
68 38 0.230047
68 67 0.149351
68 69 0.240964
68 98 0.0135135
69 8 0.00671141
69 38 0.0338164
69 39 0.0858896
69 67 0.00675676
69 68 0.240964
69 98 0.126761
69 99 0.333333
70 39 0.170732
70 71 0.224638
70 72 0.00588235
70 99 0.0722892
70 100 0.135593
70 101 0.311377
70 102 0.0253165
70 131 0.00595238
71 39 0.0785714
71 41 0.0297619
71 70 0.224638
71 72 0.184932
71 101 0.013986
71 102 0.141791
72 39 0.00581395
72 40 0.0368421
72 41 0.34
72 70 0.00588235
72 71 0.184932
72 73 0.0114943
72 102 0.114458
72 103 0.0764331
72 104 0.0418848
73 9 0.015544
73 10 0.0432099
73 40 0.0483871
73 41 0.117347
73 42 0.164557
73 72 0.0114943
73 74 0.0364963
73 104 0.176471
74 11 0.16129
74 12 0.0105263
74 13 0.03
74 42 0.056
74 43 0.108696
74 44 0.044586
74 73 0.0364963
74 75 0.012987
74 104 0.0519481
74 105 0.10101
75 13 0.0133333
75 14 0.0220994
75 44 0.357488
75 45 0.0454545
75 74 0.012987
75 76 0.204651
75 77 0.00552486
75 105 0.0671141
75 107 0.03125
76 75 0.204651
76 77 0.125
76 106 0.0318471
76 107 0.397004
76 108 0.1875
76 137 0.0309278
77 45 0.131429
77 46 0.151515
77 75 0.00552486
77 76 0.125
77 107 0.00429185
77 108 0.202532
77 109 0.0576923
77 140 0.0191083
78 46 0.173333
78 47 0.228571
78 79 0.00746269
78 109 0.134752
78 110 0.198758
78 141 0.00714286
79 16 0.10687
79 47 0.321918
79 48 0.136364
79 78 0.00746269
79 110 0.101796
79 111 0.127273
80 48 0.0497238
80 49 0.080402
80 111 0.28125
80 112 0.358852
80 144 0.100503
81 18 0.0246305
81 19 0.0231214
81 49 0.151961
81 50 0.275449
81 51 0.0163934
81 52 0.0508475
81 82 0.0363636
81 83 0.00606061
81 112 0.233645
81 114 0.01875
82 50 0.0410959
82 52 0.0416667
82 81 0.0363636
82 83 0.0704225
82 112 0.05
82 113 0.166667
82 114 0.0606061
82 144 0.0181818
83 20 0.0136054
83 22 0.0105263
83 50 0.03125
83 52 0.126582
83 54 0.235714
83 81 0.00606061
83 82 0.0704225
83 84 0.00909091
83 85 0.0232558
83 112 0.00571429
83 114 0.0578512
83 115 0.16568
84 20 0.0534351
84 21 0.0916667
84 22 0.0632911
84 23 0.0410959
84 52 0.0793651
84 53 0.358696
84 54 0.0241935
84 83 0.00909091
84 85 0.171429
84 115 0.00653595
84 116 0.0933333
84 117 0.0243902
85 23 0.0204082
85 53 0.0441176
85 54 0.08
85 83 0.0232558
85 84 0.171429
85 86 0.015625
85 115 0.0930233
85 116 0.176471
85 117 0.189655
85 145 0.02
85 148 0.0423729
86 23 0.0229008
86 24 0.0909091
86 25 0.0232558
86 53 0.00666667
86 54 0.0549451
86 55 0.394286
86 56 0.0445545
86 85 0.015625
86 87 0.283843
86 116 0.0075188
86 117 0.114286
86 118 0.0436893
86 148 0.07
87 24 0.0108696
87 25 0.0940171
87 55 0.0618557
87 56 0.0723982
87 57 0.0429185
87 86 0.283843
87 118 0.382222
87 148 0.00456621
88 26 0.0734694
88 27 0.00571429
88 28 0.00980392
88 57 0.191781
88 58 0.149254
88 59 0.0855856
88 89 0.312883
88 90 0.0977778
88 118 0.0758294
88 119 0.00423729
88 120 0.225352
88 150 0.005
88 151 0.085
89 57 0.0555556
89 58 0.194805
89 59 0.030303
89 88 0.312883
89 90 0.0595238
89 120 0.102564
89 151 0.0979021
89 152 0.00662252
90 28 0.0334928
90 57 0.0223214
90 59 0.167401
90 88 0.0977778
90 89 0.0595238
90 91 0.12381
90 120 0.247706
90 121 0.190955
90 151 0.0097561
90 153 0.0193237
91 28 0.021164
91 29 0.013245
91 59 0.188406
91 60 0.414013
91 61 0.0555556
91 90 0.12381
91 92 0.0726257
91 121 0.0614525
91 122 0.00892857
91 123 0.010582
91 153 0.0374332
92 60 0.00684932
92 61 0.0946746
92 91 0.0726257
92 121 0.0416667
92 123 0.337079
92 153 0.0568182
92 154 0.104294
93 62 0.217742
93 63 0.00584795
93 64 0.178771
93 94 0.0639535
93 124 0.171171
93 155 0.0620155
94 63 0.00502513
94 64 0.246377
94 93 0.0639535
94 95 0.0608108
94 96 0.00595238
94 125 0.233831
94 155 0.089172
94 157 0.0326797
95 33 0.0322581
95 63 0.00680272
95 64 0.103226
95 65 0.0921053
95 94 0.0608108
95 96 0.0172414
95 125 0.0201342
95 127 0.024
95 157 0.277228
96 34 0.0227273
96 65 0.203488
96 94 0.00595238
96 95 0.0172414
96 126 0.0214286
96 127 0.282759
96 157 0.0413223
96 158 0.0382166
97 35 0.027027
97 65 0.106952
97 66 0.0625
97 67 0.10596
97 98 0.172414
97 128 0.230263
97 129 0.0342466
98 67 0.223077
98 68 0.0135135
98 69 0.126761
98 97 0.172414
98 99 0.0544218
98 128 0.0229008
98 129 0.272
99 39 0.0238095
99 69 0.333333
99 70 0.0722892
99 98 0.0544218
99 100 0.163934
99 129 0.0135135
99 130 0.178771
100 70 0.135593
100 99 0.163934
100 101 0.260163
100 130 0.0458015
100 131 0.0241935
100 132 0.00862069
100 161 0.05
101 70 0.311377
101 71 0.013986
101 100 0.260163
101 102 0.110429
101 131 0.410405
101 132 0.00606061
101 133 0.0238095
101 161 0.0118343
102 70 0.0253165
102 71 0.141791
102 72 0.114458
102 101 0.110429
102 103 0.124138
102 131 0.054878
102 133 0.245283
102 134 0.0314465
103 72 0.0764331
103 102 0.124138
103 104 0.323529
103 134 0.28
103 166 0.0318471
104 41 0.0140845
104 72 0.0418848
104 73 0.176471
104 74 0.0519481
104 103 0.323529
104 105 0.00671141
104 134 0.0597826
104 135 0.0544218
104 166 0.0628272
105 74 0.10101
105 75 0.0671141
105 104 0.00671141
105 107 0.00497512
105 135 0.173913
105 136 0.177778
105 167 0.0449438
106 76 0.0318471
106 107 0.0808081
106 136 0.195402
106 137 0.096
106 168 0.111111
107 75 0.03125
107 76 0.397004
107 77 0.00429185
107 105 0.00497512
107 106 0.0808081
107 108 0.0128755
107 137 0.459574
107 138 0.0247934
107 139 0.0132159
107 170 0.04329
108 76 0.1875
108 77 0.202532
108 107 0.0128755
108 109 0.0192308
108 140 0.171975
108 170 0.160256
108 171 0.032967
109 46 0.0122699
109 77 0.0576923
109 78 0.134752
109 108 0.0192308
109 110 0.0172414
109 140 0.258065
109 141 0.254902
109 142 0.00719424
109 172 0.0561798
109 173 0.00578035
110 47 0.0115607
110 78 0.198758
110 79 0.101796
110 109 0.0172414
110 111 0.213542
110 141 0.17341
110 142 0.132075
110 143 0.039548
111 48 0.0726257
111 79 0.127273
111 80 0.28125
111 110 0.213542
111 112 0.00966184
111 142 0.00636943
111 143 0.125714
111 144 0.0456853
112 49 0.0373832
112 50 0.0225989
112 80 0.358852
112 81 0.233645
112 82 0.05
112 83 0.00571429
112 111 0.00966184
112 113 0.00819672
112 114 0.00588235
112 144 0.158879
112 176 0.0118343
113 82 0.166667
113 112 0.00819672
113 114 0.25
113 144 0.0446429
113 176 0.0597015
114 81 0.01875
114 82 0.0606061
114 83 0.0578512
114 112 0.00588235
114 113 0.25
114 115 0.146341
114 145 0.0352941
114 146 0.0105263
114 147 0.0797101
114 176 0.0695652
115 54 0.213115
115 83 0.16568
115 84 0.00653595
115 85 0.0930233
115 114 0.146341
115 116 0.0149254
115 117 0.0780142
115 145 0.0075188
115 146 0.020979
115 147 0.209677
116 84 0.0933333
116 85 0.176471
116 86 0.0075188
116 115 0.0149254
116 117 0.031746
116 145 0.236364
116 146 0.0307692
116 148 0.0243902
116 149 0.0612245
117 54 0.0982143
117 55 0.0190476
117 84 0.0243902
117 85 0.189655
117 86 0.114286
117 115 0.0780142
117 116 0.031746
117 145 0.0645161
117 147 0.00869565
117 148 0.0769231
117 149 0.0190476
118 57 0.0761905
118 86 0.0436893
118 87 0.382222
118 88 0.0758294
118 119 0.0264317
118 120 0.0147059
118 148 0.0102041
118 150 0.0209424
118 151 0.0052356
118 179 0.177966
119 88 0.00423729
119 118 0.0264317
119 148 0.190045
119 149 0.0102041
119 150 0.175926
119 179 0.436782
119 180 0.0772059
120 57 0.0235849
120 58 0.015748
120 59 0.00930233
120 88 0.225352
120 89 0.102564
120 90 0.247706
120 118 0.0147059
120 121 0.0481283
120 150 0.0725389
120 151 0.170984
120 152 0.144279
121 90 0.190955
121 91 0.0614525
121 92 0.0416667
121 120 0.0481283
121 152 0.043956
121 153 0.238636
121 154 0.0122699
121 183 0.0613497
121 184 0.165803
122 91 0.00892857
122 123 0.00900901
122 153 0.275229
122 184 0.015873
123 60 0.0320513
123 61 0.156425
123 91 0.010582
123 92 0.337079
123 122 0.00900901
123 153 0.016129
123 154 0.0982659
123 184 0.0147783
124 93 0.171171
124 155 0.145833
124 186 0.137931
125 94 0.233831
125 95 0.0201342
125 126 0.0346821
125 155 0.120253
125 156 0.324468
125 157 0.025974
125 188 0.00925926
126 96 0.0214286
126 125 0.0346821
126 127 0.00671141
126 156 0.0188679
126 157 0.216
126 158 0.223602
126 187 0.0505618
126 188 0.240642
126 189 0.0507246
127 65 0.132597
127 95 0.024
127 96 0.282759
127 126 0.00671141
127 128 0.136986
127 157 0.138462
127 158 0.198795
127 159 0.0211268
127 188 0.0104167
128 65 0.0289017
128 97 0.230263
128 98 0.0229008
128 127 0.136986
128 129 0.219697
128 158 0.00632911
128 159 0.0970149
128 160 0.0444444
129 97 0.0342466
129 98 0.272
129 99 0.0135135
129 128 0.219697
129 130 0.089172
129 160 0.0310078
130 99 0.178771
130 100 0.0458015
130 129 0.089172
130 131 0.00552486
130 160 0.11875
130 161 0.299435
130 162 0.0111111
130 191 0.0108696
131 70 0.00595238
131 100 0.0241935
131 101 0.410405
131 102 0.054878
131 130 0.00552486
131 132 0.301205
131 133 0.0710059
131 161 0.0117647
131 162 0.0809249
131 163 0.0125
131 164 0.0157895
132 100 0.00862069
132 101 0.00606061
132 131 0.301205
132 133 0.0434783
132 161 0.0493827
132 162 0.121212
132 163 0.388158
132 164 0.0769231
133 101 0.0238095
133 102 0.245283
133 131 0.0710059
133 132 0.0434783
133 134 0.054878
133 163 0.0129032
133 164 0.313514
133 165 0.0606061
133 195 0.00591716
134 102 0.0314465
134 103 0.28
134 104 0.0597826
134 133 0.054878
134 165 0.156566
134 166 0.350877
135 104 0.0544218
135 105 0.173913
135 165 0.00621118
135 166 0.11194
135 167 0.0804598
135 197 0.0102041
136 105 0.177778
136 106 0.195402
136 167 0.152941
136 168 0.1
137 76 0.0309278
137 106 0.096
137 107 0.459574
137 138 0.201183
137 139 0.038961
137 170 0.0253165
138 107 0.0247934
138 137 0.201183
138 139 0.223602
138 168 0.032
138 169 0.0246914
138 199 0.0763359
138 200 0.201058
138 201 0.0382166
139 107 0.0132159
139 137 0.038961
139 138 0.223602
139 170 0.286667
139 200 0.0344828
139 201 0.105634
139 202 0.104938
140 77 0.0191083
140 108 0.171975
140 109 0.258065
140 141 0.00649351
140 170 0.00645161
140 171 0.237569
140 172 0.128492
140 203 0.0172414
141 78 0.00714286
141 109 0.254902
141 110 0.17341
141 140 0.00649351
141 142 0.253623
141 172 0.107345
141 173 0.127907
141 174 0.00649351
142 109 0.00719424
142 110 0.132075
142 111 0.00636943
142 141 0.253623
142 143 0.260563
142 173 0.0379747
142 174 0.114286
143 110 0.039548
143 111 0.125714
143 142 0.260563
143 144 0.175824
143 174 0.0696203
143 175 0.112583
143 206 0.0196078
144 80 0.100503
144 82 0.0181818
144 111 0.0456853
144 112 0.158879
144 113 0.0446429
144 143 0.175824
144 175 0.104046
144 176 0.169811
144 206 0.0171429
144 207 0.120603
145 85 0.02
145 114 0.0352941
145 115 0.0075188
145 116 0.236364
145 117 0.0645161
145 146 0.109375
145 147 0.046729
145 149 0.0309278
145 176 0.0833333
145 177 0.00917431
145 207 0.0403226
146 114 0.0105263
146 115 0.020979
146 116 0.0307692
146 145 0.109375
146 147 0.42735
146 148 0.0378788
146 149 0.121495
146 176 0.0638298
146 177 0.00840336
146 178 0.0677966
146 207 0.0149254
146 209 0.0517241
146 210 0.0603015
147 114 0.0797101
147 115 0.209677
147 117 0.00869565
147 145 0.046729
147 146 0.42735
147 148 0.00571429
147 149 0.0266667
147 178 0.0588235
147 209 0.019802
147 210 0.00413223
148 85 0.0423729
148 86 0.07
148 87 0.00456621
148 116 0.0243902
148 117 0.0769231
148 118 0.0102041
148 119 0.190045
148 146 0.0378788
148 147 0.00571429
148 149 0.236364
148 179 0.156522
148 210 0.0350195
149 116 0.0612245
149 117 0.0190476
149 119 0.0102041
149 145 0.0309278
149 146 0.121495
149 147 0.0266667
149 148 0.236364
149 209 0.0549451
149 210 0.25
150 88 0.005
150 118 0.0209424
150 119 0.175926
150 120 0.0725389
150 151 0.0944444
150 152 0.0159574
150 179 0.177778
150 180 0.0550847
150 181 0.025641
150 182 0.0116959
150 210 0.0119048
150 212 0.151832
151 88 0.085
151 89 0.0979021
151 90 0.0097561
151 118 0.0052356
151 120 0.170984
151 150 0.0944444
151 152 0.281915
151 183 0.0295858
151 212 0.052356
151 214 0.00465116
152 89 0.00662252
152 120 0.144279
152 121 0.043956
152 150 0.0159574
152 151 0.281915
152 182 0.22905
152 183 0.163842
152 184 0.00483092
152 212 0.0452261
152 214 0.0672646
153 90 0.0193237
153 91 0.0374332
153 92 0.0568182
153 121 0.238636
153 122 0.275229
153 123 0.016129
153 154 0.0818713
153 183 0.00584795
153 184 0.393035
153 215 0.029661
154 92 0.104294
154 121 0.0122699
154 123 0.0982659
154 153 0.0818713
154 184 0.12234
154 215 0.170404
154 216 0.177143
155 93 0.0620155
155 94 0.089172
155 124 0.145833
155 125 0.120253
155 156 0.0625
155 186 0.133333
156 125 0.324468
156 126 0.0188679
156 155 0.0625
156 186 0.0296296
156 187 0.295337
156 188 0.0346535
156 217 0.012987
157 94 0.0326797
157 95 0.277228
157 96 0.0413223
157 125 0.025974
157 126 0.216
157 127 0.138462
157 158 0.0492958
157 188 0.0119048
158 96 0.0382166
158 126 0.223602
158 127 0.198795
158 128 0.00632911
158 157 0.0492958
158 159 0.0584416
158 188 0.352941
158 189 0.0451613
158 190 0.00617284
159 127 0.0211268
159 128 0.0970149
159 158 0.0584416
159 160 0.0305344
159 188 0.00555556
159 189 0.0992366
159 190 0.224638
159 221 0.204918
160 128 0.0444444
160 129 0.0310078
160 130 0.11875
160 159 0.0305344
160 161 0.0604027
160 190 0.00719424
160 191 0.320513
160 192 0.0285714
160 221 0.0487805
161 100 0.05
161 101 0.0118343
161 130 0.299435
161 131 0.0117647
161 132 0.0493827
161 160 0.0604027
161 162 0.218935
161 191 0.0924855
161 192 0.03125
162 130 0.0111111
162 131 0.0809249
162 132 0.121212
162 161 0.218935
162 163 0.0754717
162 191 0.0170455
162 192 0.0717949
162 193 0.301775
163 131 0.0125
163 132 0.388158
163 133 0.0129032
163 162 0.0754717
163 164 0.0625
163 193 0.282051
163 194 0.111801
163 195 0.0375
163 225 0.00645161
164 131 0.0157895
164 132 0.0769231
164 133 0.313514
164 163 0.0625
164 165 0.0730594
164 193 0.00537634
164 194 0.0157068
164 195 0.347368
164 196 0.00884956
164 227 0.00436681
165 133 0.0606061
165 134 0.156566
165 135 0.00621118
165 164 0.0730594
165 166 0.419512
165 195 0.00492611
165 196 0.251046
165 197 0.00591716
165 227 0.00826446
166 103 0.0318471
166 104 0.0628272
166 134 0.350877
166 135 0.11194
166 165 0.419512
166 196 0.0235849
166 197 0.028169
167 105 0.0449438
167 135 0.0804598
167 136 0.152941
167 168 0.0886076
167 197 0.105263
167 198 0.0769231
167 229 0.0470588
168 106 0.111111
168 136 0.1
168 138 0.032
168 167 0.0886076
168 199 0.2125
168 229 0.15
169 138 0.0246914
169 200 0.571429
169 201 0.020979
169 231 0.0707071
170 107 0.04329
170 108 0.160256
170 137 0.0253165
170 139 0.286667
170 140 0.00645161
170 171 0.166667
170 201 0.0136986
170 202 0.060241
171 108 0.032967
171 140 0.237569
171 170 0.166667
171 172 0.0294118
171 202 0.171875
171 203 0.256281
171 234 0.039604
171 235 0.00469484
172 109 0.0561798
172 140 0.128492
172 141 0.107345
172 171 0.0294118
172 173 0.162437
172 203 0.329949
172 204 0.0736842
173 109 0.00578035
173 141 0.127907
173 142 0.0379747
173 172 0.162437
173 174 0.270115
173 203 0.0208333
173 204 0.156757
173 205 0.0614525
173 236 0.015544
174 141 0.00649351
174 142 0.114286
174 143 0.0696203
174 173 0.270115
174 204 0.0239521
174 205 0.136646
174 206 0.258278
174 237 0.0121951
175 143 0.112583
175 144 0.104046
175 206 0.277778
175 207 0.0654762
175 237 0.0127389
175 238 0.350746
176 112 0.0118343
176 113 0.0597015
176 114 0.0695652
176 144 0.169811
176 145 0.0833333
176 146 0.0638298
176 177 0.179856
176 178 0.0126582
176 207 0.175325
176 238 0.00833333
177 145 0.00917431
177 146 0.00840336
177 176 0.179856
177 178 0.0961538
177 207 0.307263
177 208 0.018018
177 238 0.0206897
177 240 0.119266
178 146 0.0677966
178 147 0.0588235
178 176 0.0126582
178 177 0.0961538
178 207 0.0252101
178 208 0.0588235
178 209 0.325581
178 237 0.0185185
178 239 0.0421053
178 240 0.183673
179 118 0.177966
179 119 0.436782
179 148 0.156522
179 150 0.177778
179 180 0.00355872
179 210 0.013468
180 119 0.0772059
180 150 0.0550847
180 179 0.00355872
180 210 0.331169
180 211 0.0507246
180 212 0.311741
180 241 0.00384615
180 242 0.12549
180 244 0.00367647
181 150 0.025641
181 212 0.101563
181 214 0.138158
181 243 0.15942
181 244 0.0261438
182 150 0.0116959
182 152 0.22905
182 183 0.05
182 212 0.0879121
182 213 0.06875
182 214 0.291262
182 244 0.0483092
183 121 0.0613497
183 151 0.0295858
183 152 0.163842
183 153 0.00584795
183 182 0.05
183 184 0.106383
183 185 0.0290698
183 214 0.279412
183 215 0.0941704
183 244 0.0097561
183 246 0.0352113
184 121 0.165803
184 122 0.015873
184 123 0.0147783
184 152 0.00483092
184 153 0.393035
184 154 0.12234
184 183 0.106383
184 214 0.0042735
184 215 0.237154
184 216 0.0243902
184 246 0.0116279
185 183 0.0290698
185 215 0.139241
185 216 0.015873
185 245 0.229787
185 246 0.0641026
185 247 0.222857
186 124 0.137931
186 155 0.133333
186 156 0.0296296
186 187 0.0454545
186 248 0.18
187 126 0.0505618
187 156 0.295337
187 186 0.0454545
187 188 0.0859729
187 217 0.34104
187 218 0.00534759
187 219 0.0106383
187 248 0.0759494
188 125 0.00925926
188 126 0.240642
188 127 0.0104167
188 156 0.0346535
188 157 0.0119048
188 158 0.352941
188 159 0.00555556
188 187 0.0859729
188 189 0.0662983
188 190 0.0851064
188 217 0.032967
188 219 0.0761421
189 126 0.0507246
189 158 0.0451613
189 159 0.0992366
189 188 0.0662983
189 190 0.208633
189 219 0.236486
189 220 0.0192308
189 221 0.0162602
189 250 0.0931677
189 251 0.00763359
190 158 0.00617284
190 159 0.224638
190 160 0.00719424
190 188 0.0851064
190 189 0.208633
190 191 0.00613497
190 219 0.0193548
190 220 0.202454
190 221 0.107692
190 250 0.0119048
190 251 0.00724638
191 130 0.0108696
191 160 0.320513
191 161 0.0924855
191 162 0.0170455
191 190 0.00613497
191 192 0.407035
191 220 0.0111111
191 221 0.0612245
191 223 0.00552486
192 160 0.0285714
192 161 0.03125
192 162 0.0717949
192 191 0.407035
192 193 0.03125
192 220 0.0150754
192 221 0.0301205
192 222 0.0860215
192 223 0.19
192 224 0.0184332
192 252 0.012987
193 162 0.301775
193 163 0.282051
193 164 0.00537634
193 192 0.03125
193 194 0.152047
193 223 0.0977011
193 224 0.0994764
193 225 0.030303
194 163 0.111801
194 164 0.0157068
194 193 0.152047
194 195 0.188571
194 224 0.0306122
194 225 0.335294
194 226 0.0983607
194 256 0.0126582
195 133 0.00591716
195 163 0.0375
195 164 0.347368
195 165 0.00492611
195 194 0.188571
195 226 0.203297
195 227 0.056338
196 164 0.00884956
196 165 0.251046
196 166 0.0235849
196 197 0.176136
196 227 0.333333
196 228 0.0346821
196 258 0.0166667
197 135 0.0102041
197 165 0.00591716
197 166 0.028169
197 167 0.105263
197 196 0.176136
197 198 0.127451
197 227 0.0391061
197 228 0.038835
198 167 0.0769231
198 197 0.127451
198 228 0.222222
198 229 0.26087
199 138 0.0763359
199 168 0.2125
199 229 0.174419
199 230 0.119048
199 231 0.0838323
200 138 0.201058
200 139 0.0344828
200 169 0.571429
200 201 0.164706
200 231 0.222222
200 262 0.00534759
201 138 0.0382166
201 139 0.105634
201 169 0.020979
201 170 0.0136986
201 200 0.164706
201 202 0.0443038
201 231 0.170984
201 232 0.248485
201 233 0.0310559
201 262 0.0193548
201 263 0.0340136
202 139 0.104938
202 170 0.060241
202 171 0.171875
202 201 0.0443038
202 203 0.0162162
202 232 0.0648649
202 233 0.187845
202 234 0.234043
202 235 0.0150754
203 140 0.0172414
203 171 0.256281
203 172 0.329949
203 173 0.0208333
203 202 0.0162162
203 204 0.113514
203 234 0.107692
203 235 0.165049
203 236 0.0621762
203 267 0.00520833
204 172 0.0736842
204 173 0.156757
204 174 0.0239521
204 203 0.113514
204 205 0.238372
204 235 0.0301508
204 236 0.38172
204 267 0.0648649
205 173 0.0614525
205 174 0.136646
205 204 0.238372
205 206 0.00641026
205 236 0.0833333
205 237 0.112426
205 267 0.00558659
205 268 0.212644
206 143 0.0196078
206 144 0.0171429
206 174 0.258278
206 175 0.277778
206 205 0.00641026
206 207 0.00588235
206 237 0.125786
206 238 0.0220588
207 144 0.120603
207 145 0.0403226
207 146 0.0149254
207 175 0.0654762
207 176 0.175325
207 177 0.307263
207 178 0.0252101
207 206 0.00588235
207 237 0.00546448
207 238 0.325
207 269 0.0322581
208 177 0.018018
208 178 0.0588235
208 209 0.06
208 210 0.0052356
208 237 0.026087
208 238 0.0217391
208 239 0.235294
208 240 0.160714
208 241 0.020979
208 268 0.0416667
208 269 0.0535714
208 270 0.0606061
208 271 0.0363636
208 272 0.125
209 146 0.0517241
209 147 0.019802
209 149 0.0549451
209 178 0.325581
209 208 0.06
209 210 0.0218579
209 239 0.0319149
209 240 0.0208333
209 241 0.0888889
209 272 0.05
210 146 0.0603015
210 147 0.00413223
210 148 0.0350195
210 149 0.25
210 150 0.0119048
210 179 0.013468
210 180 0.331169
210 208 0.0052356
210 209 0.0218579
210 211 0.0445205
210 212 0.0152091
210 241 0.126812
210 242 0.0516605
211 180 0.0507246
211 210 0.0445205
211 212 0.004329
211 241 0.213115
211 242 0.426778
211 244 0.00390625
211 273 0.0790514
211 274 0.00925926
212 150 0.151832
212 151 0.052356
212 152 0.0452261
212 180 0.311741
212 181 0.101563
212 182 0.0879121
212 210 0.0152091
212 211 0.004329
212 214 0.0353982
212 242 0.0142857
212 244 0.0264317
213 182 0.06875
213 214 0.0637255
213 243 0.0165289
213 244 0.370732
213 275 0.273684
213 276 0.0616438
214 151 0.00465116
214 152 0.0672646
214 181 0.138158
214 182 0.291262
214 183 0.279412
214 184 0.0042735
214 212 0.0353982
214 213 0.0637255
214 215 0.00371747
214 243 0.0538922
214 244 0.131474
214 245 0.0599251
214 246 0.0106383
214 276 0.03125
215 153 0.029661
215 154 0.170404
215 183 0.0941704
215 184 0.237154
215 185 0.139241
215 214 0.00371747
215 216 0.354167
215 246 0.0772947
215 247 0.0132743
216 154 0.177143
216 184 0.0243902
216 185 0.015873
216 215 0.354167
216 245 0.00840336
216 246 0.0125786
216 247 0.202247
217 156 0.012987
217 187 0.34104
217 188 0.032967
217 218 0.0675676
217 219 0.0134228
217 248 0.092437
217 249 0.0507246
217 280 0.062069
218 187 0.00534759
218 217 0.0675676
218 219 0.171779
218 249 0.401316
218 250 0.0738636
218 280 0.251572
218 281 0.0248447
219 187 0.0106383
219 188 0.0761421
219 189 0.236486
219 190 0.0193548
219 217 0.0134228
219 218 0.171779
219 249 0.00653595
219 250 0.237288
220 189 0.0192308
220 190 0.202454
220 191 0.0111111
220 192 0.0150754
220 221 0.258503
220 222 0.167665
220 250 0.0540541
220 251 0.322581
220 252 0.0444444
221 159 0.204918
221 160 0.0487805
221 189 0.0162602
221 190 0.107692
221 191 0.0612245
221 192 0.0301205
221 220 0.258503
221 222 0.00746269
221 252 0.00980392
222 192 0.0860215
222 220 0.167665
222 221 0.00746269
222 223 0.0595238
222 251 0.0774648
222 252 0.155738
222 253 0.335329
222 254 0.0114943
222 283 0.0194805
222 284 0.00552486
223 191 0.00552486
223 192 0.19
223 193 0.0977011
223 222 0.0595238
223 224 0.306533
223 253 0.0939227
223 254 0.0744681
223 255 0.0103093
224 192 0.0184332
224 193 0.0994764
224 194 0.0306122
224 223 0.306533
224 225 0.0315789
224 254 0.22439
224 255 0.260664
225 163 0.00645161
225 193 0.030303
225 194 0.335294
225 224 0.0315789
225 226 0.169492
225 255 0.0648649
225 256 0.197368
225 257 0.0276243
226 194 0.0983607
226 195 0.203297
226 225 0.169492
226 227 0.0950226
226 256 0.00606061
226 257 0.206186
226 258 0.0141509
227 164 0.00436681
227 165 0.00826446
227 195 0.056338
227 196 0.333333
227 197 0.0391061
227 226 0.0950226
227 228 0.0113636
227 258 0.308642
227 259 0.00473934
228 196 0.0346821
228 197 0.038835
228 198 0.222222
228 227 0.0113636
228 258 0.0838323
228 259 0.0814815
228 260 0.0659341
228 290 0.0721649
229 167 0.0470588
229 168 0.15
229 198 0.26087
229 199 0.174419
229 230 0.047619
229 260 0.0119048
230 199 0.119048
230 229 0.047619
230 231 0.0969697
230 260 0.0853659
230 262 0.0472441
230 291 0.0823529
230 292 0.0444444
231 169 0.0707071
231 199 0.0838323
231 200 0.222222
231 201 0.170984
231 230 0.0969697
231 232 0.00454545
231 262 0.261905
231 263 0.10396
232 201 0.248485
232 202 0.0648649
232 231 0.00454545
232 233 0.457447
232 234 0.00512821
232 263 0.0747126
232 264 0.259067
232 296 0.005
233 201 0.0310559
233 202 0.187845
233 232 0.457447
233 234 0.115183
233 264 0.037037
233 265 0.125
233 296 0.0255102
233 297 0.0131579
234 171 0.039604
234 202 0.234043
234 203 0.107692
234 232 0.00512821
234 233 0.115183
234 235 0.358852
234 265 0.185792
234 266 0.0277778
235 171 0.00469484
235 202 0.0150754
235 203 0.165049
235 204 0.0301508
235 234 0.358852
235 236 0.0917874
235 265 0.0927835
235 266 0.17801
235 267 0.208738
235 297 0.00588235
235 298 0.0046729
236 173 0.015544
236 203 0.0621762
236 204 0.38172
236 205 0.0833333
236 235 0.0917874
236 266 0.0280899
236 267 0.440415
236 268 0.00531915
236 299 0.06
237 174 0.0121951
237 175 0.0127389
237 178 0.0185185
237 205 0.112426
237 206 0.125786
237 207 0.00546448
237 208 0.026087
237 238 0.0604027
237 240 0.00884956
237 268 0.344633
237 269 0.345133
237 299 0.031746
238 175 0.350746
238 176 0.00833333
238 177 0.0206897
238 206 0.0220588
238 207 0.325
238 208 0.0217391
238 237 0.0604027
238 240 0.0111111
238 269 0.0888889
239 178 0.0421053
239 208 0.235294
239 209 0.0319149
239 240 0.06
239 241 0.0106952
239 269 0.02
239 270 0.127273
239 271 0.050505
239 272 0.0869565
239 301 0.157895
240 177 0.119266
240 178 0.183673
240 208 0.160714
240 209 0.0208333
240 237 0.00884956
240 238 0.0111111
240 239 0.06
240 272 0.23913
241 180 0.00384615
241 208 0.020979
241 209 0.0888889
241 210 0.126812
241 211 0.213115
241 239 0.0106952
241 242 0.0358744
241 271 0.0142857
241 272 0.0300752
241 303 0.174107
242 180 0.12549
242 210 0.0516605
242 211 0.426778
242 212 0.0142857
242 241 0.0358744
242 243 0.00662252
242 244 0.102128
242 273 0.012931
242 274 0.0307692
242 303 0.0319635
242 304 0.0183486
243 181 0.15942
243 213 0.0165289
243 214 0.0538922
243 242 0.00662252
243 244 0.303571
243 274 0.0078125
243 275 0.0196078
243 305 0.204082
244 180 0.00367647
244 181 0.0261438
244 182 0.0483092
244 183 0.0097561
244 211 0.00390625
244 212 0.0264317
244 213 0.370732
244 214 0.131474
244 242 0.102128
244 243 0.303571
244 273 0.00401606
244 274 0.0424528
244 275 0.147679
244 276 0.0362694
244 305 0.0659341
245 185 0.229787
245 214 0.0599251
245 216 0.00840336
245 246 0.312195
245 247 0.0625
245 275 0.0197628
245 276 0.301435
245 277 0.0738636
245 278 0.0515021
245 307 0.00865801
245 308 0.0396476
245 309 0.0546875
246 183 0.0352113
246 184 0.0116279
246 185 0.0641026
246 214 0.0106383
246 215 0.0772947
246 216 0.0125786
246 245 0.312195
246 276 0.0384615
247 185 0.222857
247 215 0.0132743
247 216 0.202247
247 245 0.0625
247 278 0.0115607
247 309 0.0459184
248 186 0.18
248 187 0.0759494
248 217 0.092437
248 279 0.163265
248 280 0.1
249 217 0.0507246
249 218 0.401316
249 219 0.00653595
249 280 0.120805
249 281 0.119205
249 311 0.0559006
249 312 0.038961
250 189 0.0931677
250 190 0.0119048
250 218 0.0738636
250 219 0.237288
250 220 0.0540541
250 251 0.15
250 281 0.177143
250 282 0.0666667
251 189 0.00763359
251 190 0.00724638
251 220 0.322581
251 222 0.0774648
251 250 0.15
251 252 0.109091
251 253 0.0129032
251 282 0.133333
251 283 0.0211268
252 192 0.012987
252 220 0.0444444
252 221 0.00980392
252 222 0.155738
252 251 0.109091
252 253 0.0444444
252 282 0.0153846
252 283 0.262295
252 284 0.0134228
253 222 0.335329
253 223 0.0939227
253 251 0.0129032
253 252 0.0444444
253 254 0.235294
253 282 0.0114286
253 283 0.131737
253 284 0.14433
253 315 0.00518135
254 222 0.0114943
254 223 0.0744681
254 224 0.22439
254 253 0.235294
254 255 0.145
254 283 0.0114943
254 284 0.243781
254 285 0.0511364
254 315 0.02
255 223 0.0103093
255 224 0.260664
255 225 0.0648649
255 254 0.145
255 256 0.109827
255 284 0.00483092
255 285 0.313187
255 287 0.0125786
256 194 0.0126582
256 225 0.197368
256 226 0.00606061
256 255 0.109827
256 257 0.0236686
256 285 0.033557
256 287 0.18254
256 288 0.169591
256 319 0.19708
257 225 0.0276243
257 226 0.206186
257 256 0.0236686
257 258 0.0740741
257 259 0.163043
257 288 0.415
257 289 0.0326797
257 319 0.0180723
258 196 0.0166667
258 226 0.0141509
258 227 0.308642
258 228 0.0838323
258 257 0.0740741
258 259 0.366337
258 288 0.00917431
258 289 0.00584795
259 227 0.00473934
259 228 0.0814815
259 257 0.163043
259 258 0.366337
259 288 0.0107527
259 289 0.194245
259 290 0.0378788
260 228 0.0659341
260 229 0.0119048
260 230 0.0853659
260 290 0.147727
260 291 0.152941
260 321 0.0430108
261 262 0.28
261 263 0.0299401
261 292 0.144928
261 293 0.126316
261 294 0.11828
262 200 0.00534759
262 201 0.0193548
262 230 0.0472441
262 231 0.261905
262 261 0.28
262 263 0.109756
262 292 0.0222222
262 294 0.00546448
263 201 0.0340136
263 231 0.10396
263 232 0.0747126
263 261 0.0299401
263 262 0.109756
263 264 0.302857
263 294 0.182857
263 295 0.0120482
264 232 0.259067
264 233 0.037037
264 263 0.302857
264 265 0.00552486
264 294 0.00515464
264 295 0.0918919
264 296 0.18408
264 327 0.015625
265 233 0.125
265 234 0.185792
265 235 0.0927835
265 264 0.00552486
265 266 0.266667
265 296 0.138298
265 297 0.201389
265 298 0.0212766
265 329 0.00510204
266 234 0.0277778
266 235 0.17801
266 236 0.0280899
266 265 0.266667
266 267 0.101695
266 296 0.0162162
266 297 0.0070922
266 298 0.221622
266 329 0.0569948
267 203 0.00520833
267 204 0.0648649
267 205 0.00558659
267 235 0.208738
267 236 0.440415
267 266 0.101695
267 298 0.115
267 299 0.0351759
267 330 0.0194175
268 205 0.212644
268 208 0.0416667
268 236 0.00531915
268 237 0.344633
268 269 0.0423729
268 270 0.015625
268 299 0.412371
268 300 0.0234375
268 301 0.00529101
268 330 0.00995025
268 331 0.00961538
269 207 0.0322581
269 208 0.0535714
269 237 0.345133
269 238 0.0888889
269 239 0.02
269 268 0.0423729
269 270 0.0625
269 299 0.0153846
270 208 0.0606061
270 239 0.127273
270 268 0.015625
270 269 0.0625
270 299 0.0214286
270 300 0.0810811
270 301 0.311111
270 332 0.0176991
270 333 0.00952381
271 208 0.0363636
271 239 0.050505
271 241 0.0142857
271 272 0.111111
271 301 0.153226
271 302 0.0333333
271 303 0.117647
271 333 0.0851064
271 335 0.0225989
272 208 0.125
272 209 0.05
272 239 0.0869565
272 240 0.23913
272 241 0.0300752
272 271 0.111111
272 301 0.017094
272 303 0.0232558
273 211 0.0790514
273 242 0.012931
273 244 0.00401606
273 274 0.110048
273 303 0.158798
273 304 0.426724
273 335 0.186131
274 211 0.00925926
274 242 0.0307692
274 243 0.0078125
274 244 0.0424528
274 273 0.110048
274 275 0.0203046
274 304 0.276923
274 305 0.232394
274 306 0.110465
274 336 0.0131579
274 337 0.055794
275 213 0.273684
275 243 0.0196078
275 244 0.147679
275 245 0.0197628
275 274 0.0203046
275 276 0.280899
275 305 0.0898204
275 306 0.335025
275 307 0.02
275 308 0.0102041
276 213 0.0616438
276 214 0.03125
276 244 0.0362694
276 245 0.301435
276 246 0.0384615
276 275 0.280899
276 278 0.0253165
276 306 0.0196078
276 307 0.0833333
276 308 0.0394737
277 245 0.0738636
277 307 0.0406504
277 308 0.277311
277 309 0.0540541
277 338 0.092437
277 339 0.0769231
278 245 0.0515021
278 247 0.0115607
278 276 0.0253165
278 307 0.0666667
278 308 0.0227273
278 309 0.497561
278 340 0.048913
279 248 0.163265
279 280 0.177419
279 310 0.247706
280 217 0.062069
280 218 0.251572
280 248 0.1
280 249 0.120805
280 279 0.177419
280 310 0.0425532
280 311 0.172619
281 218 0.0248447
281 249 0.119205
281 250 0.177143
281 282 0.0727273
281 311 0.117647
281 312 0.202454
281 313 0.00584795
281 343 0.015873
282 250 0.0666667
282 251 0.133333
282 252 0.0153846
282 253 0.0114286
282 281 0.0727273
282 283 0.0740741
282 313 0.357955
282 343 0.0103093
283 222 0.0194805
283 251 0.0211268
283 252 0.262295
283 253 0.131737
283 254 0.0114943
283 282 0.0740741
283 284 0.0939227
283 313 0.0238095
283 314 0.218935
283 315 0.00555556
284 222 0.00552486
284 252 0.0134228
284 253 0.14433
284 254 0.243781
284 255 0.00483092
284 283 0.0939227
284 285 0.010929
284 314 0.0765306
284 315 0.323671
284 316 0.0218579
284 346 0.00970874
285 254 0.0511364
285 255 0.313187
285 256 0.033557
285 284 0.010929
285 286 0.0440252
285 287 0.037037
285 315 0.0494506
285 317 0.351064
285 319 0.00684932
286 285 0.0440252
286 315 0.0491803
286 316 0.0314465
286 317 0.550265
286 318 0.0638298
286 348 0.147239
286 349 0.00632911
287 255 0.0125786
287 256 0.18254
287 285 0.037037
287 288 0.0127389
287 317 0.0545455
287 318 0.025641
287 319 0.325203
287 350 0.0147059
288 256 0.169591
288 257 0.415
288 258 0.00917431
288 259 0.0107527
288 287 0.0127389
288 289 0.0129032
288 319 0.208333
288 350 0.198895
289 257 0.0326797
289 258 0.00584795
289 259 0.194245
289 288 0.0129032
289 290 0.138614
289 320 0.0580645
289 321 0.00943396
289 350 0.104478
290 228 0.0721649
290 259 0.0378788
290 260 0.147727
290 289 0.138614
290 321 0.111111
291 230 0.0823529
291 260 0.152941
291 292 0.0322581
291 321 0.0520833
291 322 0.170455
291 352 0.0631579
292 230 0.0444444
292 261 0.144928
292 262 0.0222222
292 291 0.0322581
292 293 0.12
292 322 0.107527
292 323 0.0842105
292 354 0.0648148
293 261 0.126316
293 292 0.12
293 294 0.247475
293 324 0.242105
293 325 0.0655738
293 354 0.0875
293 355 0.0170213
294 261 0.11828
294 262 0.00546448
294 263 0.182857
294 264 0.00515464
294 293 0.247475
294 295 0.108108
294 324 0.00537634
294 325 0.0614525
294 326 0.0276243
294 357 0.0322581
295 263 0.0120482
295 264 0.0918919
295 294 0.108108
295 296 0.0260417
295 326 0.395349
295 327 0.322404
295 356 0.0107527
295 357 0.0821918
295 358 0.00591716
296 232 0.005
296 233 0.0255102
296 264 0.18408
296 265 0.138298
296 266 0.0162162
296 295 0.0260417
296 297 0.310976
296 326 0.00531915
296 327 0.211055
296 328 0.15
296 359 0.0165746
297 233 0.0131579
297 235 0.00588235
297 265 0.201389
297 266 0.0070922
297 296 0.310976
297 298 0.0121951
297 327 0.0129032
297 328 0.103448
297 329 0.0348837
297 359 0.0510949
298 235 0.0046729
298 265 0.0212766
298 266 0.221622
298 267 0.115
298 297 0.0121951
298 299 0.0193237
298 329 0.319444
298 330 0.238318
298 361 0.038674
299 236 0.06
299 237 0.031746
