0 1 0.181818
0 31 0.0545455
0 32 0.0277778
1 0 0.181818
1 2 0.142857
1 32 0.115385
2 1 0.142857
2 4 0.149254
2 33 0.157895
2 34 0.015873
3 4 0.12766
3 35 0.238095
4 2 0.149254
4 3 0.12766
4 5 0.159236
4 34 0.335366
4 35 0.181818
5 4 0.159236
5 6 0.115607
5 7 0.0738636
5 34 0.0671141
5 35 0.0714286
5 36 0.0409357
5 67 0.0480769
6 5 0.115607
6 7 0.434783
6 8 0.0325203
6 9 0.00617284
6 36 0.287129
6 37 0.190141
6 38 0.046875
6 66 0.00581395
6 67 0.0962963
6 68 0.0153846
6 69 0.015873
7 5 0.0738636
7 6 0.434783
7 8 0.0555556
7 9 0.2
7 36 0.0829268
7 37 0.00689655
7 38 0.0820513
7 39 0.0267857
8 6 0.0325203
8 7 0.0555556
8 9 0.135802
8 38 0.0900901
8 39 0.25
8 68 0.0816327
8 70 0.0403226
9 6 0.00617284
9 7 0.2
9 8 0.135802
9 10 0.0707965
9 38 0.06
10 9 0.0707965
10 11 0.0865385
10 38 0.0979021
10 40 0.0490196
10 70 0.0192308
11 10 0.0865385
11 12 0.0915493
11 13 0.0472973
11 40 0.07
11 41 0.0510204
11 42 0.00980392
11 72 0.0508475
12 11 0.0915493
12 13 0.340426
12 14 0.0189873
12 42 0.056338
12 43 0.21547
12 44 0.0441176
12 72 0.0316456
12 75 0.037037
13 11 0.0472973
13 12 0.340426
13 14 0.189024
13 42 0.00675676
13 43 0.0160428
13 44 0.056338
13 75 0.0350877
14 12 0.0189873
14 13 0.189024
14 15 0.0188679
14 16 0.128713
14 44 0.125
14 48 0.08
14 75 0.0238095
14 77 0.118012
15 14 0.0188679
15 16 0.219178
15 44 0.119048
15 45 0.265306
15 46 0.206349
15 76 0.0740741
15 77 0.037594
15 78 0.144737
16 14 0.128713
16 15 0.219178
16 17 0.027027
16 18 0.0510204
16 44 0.0126582
16 45 0.0681818
16 47 0.22
16 48 0.105634
16 77 0.0859375
16 78 0.0422535
17 16 0.027027
17 18 0.170213
17 48 0.356757
17 49 0.0503145
18 16 0.0510204
18 17 0.170213
18 19 0.121212
18 48 0.0813954
18 49 0.0273973
18 50 0.113333
19 18 0.121212
19 20 0.181102
19 50 0.207792
20 19 0.181102
20 21 0.226087
20 50 0.0275862
20 51 0.0909091
21 20 0.226087
21 22 0.195489
21 51 0.0470588
22 21 0.195489
22 23 0.120567
22 51 0.0188679
22 52 0.0603448
22 54 0.0277778
22 55 0.23913
23 22 0.120567
23 24 0.303704
23 25 0.00909091
23 55 0.144
23 56 0.027972
24 23 0.303704
24 25 0.136752
24 55 0.00757576
24 56 0.14
24 57 0.00653595
25 23 0.00909091
25 24 0.136752
25 26 0.1875
25 56 0.032
25 57 0.117188
26 25 0.1875
26 27 0.155963
26 57 0.0833333
26 58 0.0701754
27 26 0.155963
27 28 0.0172414
27 57 0.0070922
27 58 0.162602
27 59 0.192
27 89 0.034188
28 27 0.0172414
28 29 0.204545
28 59 0.186992
28 60 0.09375
29 28 0.204545
29 30 0.253623
29 60 0.0684932
29 61 0.146667
30 29 0.253623
30 61 0.246377
31 0 0.0545455
31 32 0.179104
31 62 0.0392157
31 63 0.0322581
32 0 0.0277778
32 1 0.115385
32 31 0.179104
32 33 0.146067
33 2 0.157895
33 32 0.146067
33 34 0.064
33 63 0.0714286
33 64 0.0240964
33 65 0.0291262
34 2 0.015873
34 4 0.335366
34 5 0.0671141
34 33 0.064
34 35 0.043956
34 36 0.0505618
34 65 0.0671642
34 66 0.00675676
35 3 0.238095
35 4 0.181818
35 5 0.0714286
35 34 0.043956
36 5 0.0409357
36 6 0.287129
36 7 0.0829268
36 34 0.0505618
36 37 0.0928571
36 66 0.0823529
36 67 0.203008
36 69 0.016129
36 98 0.0909091
37 6 0.190141
37 7 0.00689655
37 36 0.0928571
37 38 0.00769231
37 66 0.0636364
37 67 0.109589
37 68 0.147059
37 69 0.296875
37 70 0.00699301
37 98 0.138298
37 99 0.0289855
38 6 0.046875
38 7 0.0820513
38 8 0.0900901
38 9 0.06
38 10 0.0979021
38 37 0.00769231
38 39 0.0618557
38 40 0.0215827
38 68 0.0338983
38 69 0.00877193
38 70 0.264249
38 98 0.0138889
38 99 0.00840336
38 101 0.0363636
39 7 0.0267857
39 8 0.25
39 38 0.0618557
40 10 0.0490196
40 11 0.07
40 38 0.0215827
40 41 0.114583
40 70 0.0855263
40 71 0.0393701
40 72 0.0258621
40 101 0.0391061
41 11 0.0510204
41 40 0.114583
41 71 0.16
41 72 0.114035
42 11 0.00980392
42 12 0.056338
42 13 0.00675676
42 43 0.0780142
42 72 0.152542
42 73 0.03125
42 103 0.0560748
43 12 0.21547
43 13 0.0160428
43 42 0.0780142
43 44 0.0148148
43 73 0.209581
43 74 0.010929
43 105 0.13587
43 106 0.0484848
44 12 0.0441176
44 13 0.056338
44 14 0.125
44 15 0.119048
44 16 0.0126582
44 43 0.0148148
44 46 0.0144928
44 74 0.0217391
44 75 0.241935
44 76 0.0166667
44 77 0.136691
44 78 0.121951
44 106 0.125
45 15 0.265306
45 16 0.0681818
45 46 0.264706
45 76 0.08
45 77 0.0192308
46 15 0.206349
46 44 0.0144928
46 45 0.264706
46 76 0.153846
46 77 0.00847458
46 78 0.0163934
47 16 0.22
47 48 0.0403226
47 79 0.072
47 108 0.025
48 14 0.08
48 16 0.105634
48 17 0.356757
48 18 0.0813954
48 47 0.0403226
48 49 0.0578947
48 77 0.0693069
48 79 0.0599078
49 17 0.0503145
49 18 0.0273973
49 48 0.0578947
49 50 0.267857
49 79 0.0994764
49 80 0.015873
50 18 0.113333
50 19 0.207792
50 20 0.0275862
50 49 0.267857
50 51 0.130435
50 80 0.0384615
50 81 0.00552486
50 110 0.0134228
50 113 0.0217391
51 20 0.0909091
51 21 0.0470588
51 22 0.0188679
51 50 0.130435
51 52 0.0294118
51 82 0.0186916
51 83 0.111111
51 113 0.0787402
52 22 0.0603448
52 51 0.0294118
52 53 0.196262
52 54 0.0428571
52 82 0.025641
52 83 0.131868
52 84 0.0128205
52 113 0.00729927
52 115 0.016
53 52 0.196262
53 54 0.0808081
53 83 0.0416667
53 84 0.00934579
53 85 0.0537634
53 86 0.413793
53 87 0.0689655
53 115 0.11039
53 117 0.017341
53 118 0.0629921
54 22 0.0277778
54 52 0.0428571
54 53 0.0808081
54 55 0.195652
54 56 0.0727273
54 87 0.0648148
55 22 0.23913
55 23 0.144
55 24 0.00757576
55 54 0.195652
55 56 0.121429
56 23 0.027972
56 24 0.14
56 25 0.032
56 54 0.0727273
56 55 0.121429
56 57 0.223602
56 87 0.0128205
57 24 0.00653595
57 25 0.117188
57 26 0.0833333
57 27 0.0070922
57 56 0.223602
57 58 0.0479452
57 87 0.00628931
57 89 0.121429
57 119 0.0536913
57 120 0.0078125
58 26 0.0701754
58 27 0.162602
58 57 0.0479452
58 59 0.0384615
58 88 0.00917431
58 89 0.122951
58 90 0.114286
59 27 0.192
59 28 0.186992
59 58 0.0384615
59 60 0.116788
59 90 0.105634
59 91 0.037037
60 28 0.09375
60 29 0.0684932
60 59 0.116788
60 61 0.0821918
60 91 0.164286
60 92 0.0694444
60 123 0.0387097
61 29 0.146667
61 30 0.246377
61 60 0.0821918
61 92 0.027027
61 123 0.201258
62 31 0.0392157
62 63 0.174603
62 93 0.05
62 94 0.015625
63 31 0.0322581
63 33 0.0714286
63 62 0.174603
63 64 0.136986
63 94 0.04
64 33 0.0240964
64 63 0.136986
64 65 0.141304
64 94 0.027027
64 95 0.0649351
64 96 0.0246914
65 33 0.0291262
65 34 0.0671642
65 64 0.141304
65 66 0.126984
65 96 0.029703
65 97 0.136364
65 128 0.00694444
66 6 0.00581395
66 34 0.00675676
66 36 0.0823529
66 37 0.0636364
66 65 0.126984
66 67 0.320388
66 69 0.0106383
66 97 0.00980392
66 98 0.0725806
66 128 0.177215
67 5 0.0480769
67 6 0.0962963
67 36 0.203008
67 37 0.109589
67 66 0.320388
67 69 0.0175439
67 98 0.0114943
68 6 0.0153846
68 8 0.0816327
68 37 0.147059
68 38 0.0338983
68 69 0.403846
68 70 0.00763359
68 98 0.0121951
68 99 0.175439
68 100 0.015625
68 130 0.166667
68 131 0.040404
69 6 0.015873
69 36 0.016129
69 37 0.296875
69 38 0.00877193
69 66 0.0106383
69 67 0.0175439
69 68 0.403846
69 98 0.025641
69 99 0.113208
69 100 0.05
69 129 0.021978
69 130 0.136364
69 131 0.0315789
70 8 0.0403226
70 10 0.0192308
70 37 0.00699301
70 38 0.264249
70 40 0.0855263
70 68 0.00763359
70 71 0.0276243
70 101 0.201717
70 131 0.0747126
71 40 0.0393701
71 41 0.16
71 70 0.0276243
71 72 0.0689655
71 101 0.163462
71 102 0.176871
71 132 0.015625
72 11 0.0508475
72 12 0.0316456
72 40 0.0258621
72 41 0.114035
72 42 0.152542
72 71 0.0689655
72 102 0.0882353
73 42 0.03125
73 43 0.209581
73 74 0.0529412
73 103 0.112782
73 104 0.0147059
73 105 0.233918
74 43 0.010929
74 44 0.0217391
74 73 0.0529412
74 105 0.299465
74 106 0.238095
74 136 0.128079
74 137 0.0643275
75 12 0.037037
75 13 0.0350877
75 14 0.0238095
75 44 0.241935
75 106 0.0108696
76 15 0.0740741
76 44 0.0166667
76 45 0.08
76 46 0.153846
76 77 0.0183486
76 78 0.269231
76 106 0.0111111
76 107 0.0294118
76 139 0.0769231
77 14 0.118012
77 15 0.037594
77 16 0.0859375
77 44 0.136691
77 45 0.0192308
77 46 0.00847458
77 48 0.0693069
77 76 0.0183486
77 78 0.175573
77 79 0.0591133
77 106 0.0710059
77 107 0.0552486
77 108 0.0151515
78 15 0.144737
78 16 0.0422535
78 44 0.121951
78 46 0.0163934
78 76 0.269231
78 77 0.175573
78 106 0.00892857
78 107 0.0967742
78 139 0.0163934
79 47 0.072
79 48 0.0599078
79 49 0.0994764
79 77 0.0591133
79 80 0.0522876
79 108 0.366197
79 109 0.0117647
80 49 0.015873
80 50 0.0384615
80 79 0.0522876
80 81 0.136691
80 108 0.00675676
80 109 0.133333
80 110 0.252336
80 113 0.00704225
81 50 0.00552486
81 80 0.136691
81 82 0.0924855
81 110 0.183544
81 112 0.0728477
81 113 0.34715
81 114 0.0117647
81 145 0.010989
82 51 0.0186916
82 52 0.025641
82 81 0.0924855
82 83 0.0846154
82 84 0.196581
82 112 0.141791
82 113 0.130682
82 114 0.124183
82 115 0.00609756
82 145 0.206061
83 51 0.111111
83 52 0.131868
83 53 0.0416667
83 82 0.0846154
83 84 0.032967
83 86 0.05
83 113 0.1
83 114 0.0551181
83 115 0.253623
83 117 0.0127389
83 145 0.0143885
84 52 0.0128205
84 53 0.00934579
84 82 0.196581
84 83 0.032967
84 86 0.0114943
84 114 0.131579
84 115 0.08
84 145 0.031746
85 53 0.0537634
85 86 0.123288
85 87 0.00980392
85 115 0.0720721
85 117 0.0384615
85 118 0.166667
86 53 0.413793
86 83 0.05
86 84 0.0114943
86 85 0.123288
86 87 0.064
86 115 0.216418
86 117 0.0196078
86 118 0.0934579
87 53 0.0689655
87 54 0.0648148
87 56 0.0128205
87 57 0.00628931
87 85 0.00980392
87 86 0.064
87 88 0.245902
87 118 0.0588235
87 119 0.145833
87 120 0.0487805
87 149 0.0185185
88 58 0.00917431
88 87 0.245902
88 118 0.144231
88 119 0.0357143
88 120 0.285714
88 149 0.0384615
88 151 0.0136986
89 27 0.034188
89 57 0.121429
89 58 0.122951
89 90 0.141791
89 119 0.056
89 120 0.0480769
90 58 0.114286
90 59 0.105634
90 89 0.141791
90 91 0.289655
90 92 0.00671141
90 120 0.00819672
90 121 0.0135135
90 122 0.0410959
91 59 0.037037
91 60 0.164286
91 90 0.289655
91 92 0.169014
91 122 0.0359712
92 60 0.0694444
92 61 0.027027
92 90 0.00671141
92 91 0.169014
92 122 0.013986
92 123 0.484076
93 62 0.05
93 94 0.194444
93 124 0.172043
93 125 0.0123457
94 62 0.015625
94 63 0.04
94 64 0.027027
94 93 0.194444
94 95 0.101266
94 125 0.0235294
95 64 0.0649351
95 94 0.101266
95 96 0.104651
95 125 0.193182
95 127 0.1
95 157 0.0520833
96 64 0.0246914
96 65 0.029703
96 95 0.104651
96 97 0.155844
96 127 0.109375
96 128 0.0150376
96 157 0.1
96 158 0.030303
97 65 0.136364
97 66 0.00980392
97 96 0.155844
97 128 0.0833333
98 36 0.0909091
98 37 0.138298
98 38 0.0138889
98 66 0.0725806
98 67 0.0114943
98 68 0.0121951
98 69 0.025641
98 99 0.108434
98 100 0.0222222
98 128 0.0492958
98 129 0.115702
98 130 0.0675676
98 131 0.064
98 159 0.0227273
99 37 0.0289855
99 38 0.00840336
99 68 0.175439
99 69 0.113208
99 98 0.108434
99 100 0.169231
99 129 0.114583
99 130 0.326531
99 131 0.01
99 161 0.0204082
100 68 0.015625
100 69 0.05
100 98 0.0222222
100 99 0.169231
100 129 0.398058
100 130 0.125
100 131 0.046729
100 160 0.0769231
100 161 0.0535714
100 162 0.101124
100 163 0.00826446
101 38 0.0363636
101 40 0.0391061
101 70 0.201717
101 71 0.163462
101 102 0.0201005
101 131 0.293532
101 132 0.102459
101 133 0.00492611
102 71 0.176871
102 72 0.0882353
102 101 0.0201005
102 103 0.12
102 132 0.0765027
102 133 0.0492958
103 42 0.0560748
103 73 0.112782
103 102 0.12
103 133 0.0542636
103 134 0.0305344
104 73 0.0147059
104 105 0.0522876
104 134 0.223881
104 135 0.253968
104 136 0.112426
105 43 0.13587
105 73 0.233918
105 74 0.299465
105 104 0.0522876
105 136 0.0833333
106 43 0.0484848
106 44 0.125
106 74 0.238095
106 75 0.0108696
106 76 0.0111111
106 77 0.0710059
106 78 0.00892857
106 107 0.0617284
106 136 0.027027
106 137 0.0130719
107 76 0.0294118
107 77 0.0552486
107 78 0.0967742
107 106 0.0617284
107 108 0.219895
107 137 0.0666667
107 138 0.0896552
107 139 0.144144
107 168 0.0290698
107 169 0.00826446
108 47 0.025
108 77 0.0151515
108 79 0.366197
108 80 0.00675676
108 107 0.219895
108 109 0.0787879
108 138 0.0308642
108 139 0.03125
108 141 0.00595238
108 169 0.0217391
109 79 0.0117647
109 80 0.133333
109 108 0.0787879
109 110 0.0483871
109 111 0.00714286
109 138 0.0168067
109 141 0.168
109 169 0.0631579
109 170 0.30137
109 172 0.00628931
110 50 0.0134228
110 80 0.252336
110 81 0.183544
110 109 0.0483871
110 111 0.0915493
110 112 0.00840336
110 141 0.19685
110 142 0.0229008
110 144 0.0273973
111 109 0.00714286
111 110 0.0915493
111 141 0.447552
111 142 0.204082
111 172 0.0960452
111 173 0.00606061
112 81 0.0728477
112 82 0.141791
112 110 0.00840336
112 113 0.0194805
112 114 0.0229008
112 142 0.016129
112 144 0.366906
112 145 0.125874
112 146 0.122302
112 175 0.0344828
113 50 0.0217391
113 51 0.0787402
113 52 0.00729927
113 80 0.00704225
113 81 0.34715
113 82 0.130682
113 83 0.1
113 112 0.0194805
113 114 0.202312
113 144 0.00552486
113 145 0.0432432
114 81 0.0117647
114 82 0.124183
114 83 0.0551181
114 84 0.131579
114 112 0.0229008
114 113 0.202312
114 115 0.15528
114 116 0.041958
114 145 0.364198
114 146 0.0759494
115 52 0.016
115 53 0.11039
115 82 0.00609756
115 83 0.253623
115 84 0.08
115 85 0.0720721
115 86 0.216418
115 114 0.15528
115 116 0.0909091
115 117 0.240838
115 118 0.0206897
115 145 0.0231214
116 114 0.041958
116 115 0.0909091
116 117 0.439306
116 118 0.015748
116 145 0.0451613
116 146 0.0331126
116 147 0.146853
116 149 0.0130719
116 176 0.0163934
116 179 0.0137931
116 180 0.00515464
117 53 0.017341
117 83 0.0127389
117 85 0.0384615
117 86 0.0196078
117 115 0.240838
117 116 0.439306
117 118 0.27439
117 147 0.0277778
117 149 0.0578947
117 180 0.025974
118 53 0.0629921
118 85 0.166667
118 86 0.0934579
118 87 0.0588235
118 88 0.144231
118 115 0.0206897
118 116 0.015748
118 117 0.27439
118 149 0.0555556
119 57 0.0536913
119 87 0.145833
119 88 0.0357143
119 89 0.056
119 120 0.230089
119 121 0.129496
119 149 0.00657895
120 57 0.0078125
120 87 0.0487805
120 88 0.285714
120 89 0.0480769
120 90 0.00819672
120 119 0.230089
120 121 0.211864
120 149 0.00763359
120 151 0.0204082
120 183 0.0471698
121 90 0.0135135
121 119 0.129496
121 120 0.211864
121 122 0.295775
121 152 0.0120482
121 153 0.00531915
121 183 0.0909091
122 90 0.0410959
122 91 0.0359712
122 92 0.013986
122 121 0.295775
122 123 0.0194805
122 153 0.0483871
122 154 0.0943396
122 183 0.0230769
122 185 0.0060241
123 60 0.0387097
123 61 0.201258
123 92 0.484076
123 122 0.0194805
123 154 0.025
124 93 0.172043
124 125 0.216981
124 155 0.121429
124 156 0.108333
124 186 0.027027
125 93 0.0123457
125 94 0.0235294
125 95 0.193182
125 124 0.216981
125 156 0.0648148
125 157 0.0686275
126 127 0.357143
126 157 0.09375
127 95 0.1
127 96 0.109375
127 126 0.357143
127 157 0.283784
127 158 0.0273973
128 65 0.00694444
128 66 0.177215
128 96 0.0150376
128 97 0.0833333
128 98 0.0492958
128 129 0.0387097
128 158 0.0774648
128 159 0.246988
129 69 0.021978
129 98 0.115702
129 99 0.114583
129 100 0.398058
129 128 0.0387097
129 131 0.0797101
129 159 0.117241
129 160 0.03125
129 161 0.0344828
129 162 0.075
129 163 0.0197368
129 191 0.154412
130 68 0.166667
130 69 0.136364
130 98 0.0675676
130 99 0.326531
130 100 0.125
131 68 0.040404
131 69 0.0315789
131 70 0.0747126
131 98 0.064
131 99 0.01
131 100 0.046729
131 101 0.293532
131 129 0.0797101
131 132 0.0324324
131 160 0.02
131 163 0.0192308
132 71 0.015625
132 101 0.102459
132 102 0.0765027
132 131 0.0324324
132 133 0.160428
132 134 0.015873
132 163 0.281407
132 164 0.0283688
132 193 0.0114286
133 101 0.00492611
133 102 0.0492958
133 103 0.0542636
133 132 0.160428
133 134 0.263514
133 163 0.0189873
133 164 0.06
133 166 0.0275229
134 103 0.0305344
134 104 0.223881
134 132 0.015873
134 133 0.263514
134 135 0.0352113
134 166 0.108108
135 104 0.253968
135 134 0.0352113
135 136 0.118644
135 166 0.106796
135 167 0.192547
136 74 0.128079
136 104 0.112426
136 105 0.0833333
136 106 0.027027
136 135 0.118644
136 137 0.0585106
136 167 0.220588
137 74 0.0643275
137 106 0.0130719
137 107 0.0666667
137 136 0.0585106
137 167 0.0813954
137 168 0.288344
137 198 0.0248447
137 199 0.0175439
138 107 0.0896552
138 108 0.0308642
138 109 0.0168067
138 139 0.231707
138 168 0.286713
138 169 0.315217
138 199 0.0106383
139 76 0.0769231
139 78 0.0163934
139 107 0.144144
139 108 0.03125
139 138 0.231707
139 168 0.0366972
139 169 0.0517241
140 141 0.00714286
140 142 0.0138889
140 143 0.0140187
140 171 0.0310559
140 172 0.402299
140 173 0.265432
140 174 0.0777202
140 202 0.0169492
140 203 0.015625
141 108 0.00595238
141 109 0.168
141 110 0.19685
141 111 0.447552
141 140 0.00714286
141 142 0.030303
141 172 0.0185185
142 110 0.0229008
142 111 0.204082
142 112 0.016129
142 140 0.0138889
142 141 0.030303
142 143 0.305825
142 144 0.125828
142 172 0.0421687
142 174 0.0756757
143 140 0.0140187
143 142 0.305825
143 144 0.140271
143 174 0.388235
143 175 0.211454
143 204 0.00414938
143 205 0.03861
143 206 0.0567686
144 110 0.0273973
144 112 0.366906
144 113 0.00552486
144 142 0.125828
144 143 0.140271
144 145 0.0235294
144 146 0.0903614
144 175 0.232558
144 206 0.0172414
145 81 0.010989
145 82 0.206061
145 83 0.0143885
145 84 0.031746
145 112 0.125874
145 113 0.0432432
145 114 0.364198
145 115 0.0231214
145 116 0.0451613
145 144 0.0235294
145 146 0.223529
145 176 0.00495049
146 112 0.122302
146 114 0.0759494
146 116 0.0331126
146 144 0.0903614
146 145 0.223529
146 175 0.0116279
146 176 0.353535
146 177 0.0326087
147 116 0.146853
147 117 0.0277778
147 148 0.13245
147 149 0.0875
147 178 0.0157068
147 179 0.190789
147 180 0.18408
148 147 0.13245
148 178 0.0104167
148 179 0.169935
148 180 0.341584
148 211 0.122137
149 87 0.0185185
149 88 0.0384615
149 116 0.0130719
149 117 0.0578947
149 118 0.0555556
149 119 0.00657895
149 120 0.00763359
149 147 0.0875
149 150 0.0402685
149 151 0.139785
149 180 0.236967
149 182 0.0829268
150 149 0.0402685
150 151 0.0545455
150 180 0.0526316
150 181 0.164286
150 182 0.347826
150 183 0.0725806
150 213 0.0118343
151 88 0.0136986
151 120 0.0204082
151 149 0.139785
151 150 0.0545455
151 152 0.0153846
151 180 0.0881057
151 182 0.447964
151 183 0.111801
152 121 0.0120482
152 151 0.0153846
152 153 0.466667
152 182 0.0233645
152 183 0.0974026
152 184 0.0731707
152 214 0.0575916
152 215 0.123529
153 121 0.00531915
153 122 0.0483871
153 152 0.466667
153 183 0.119318
153 184 0.117241
153 185 0.127358
153 214 0.112676
153 215 0.03125
153 216 0.059633
154 122 0.0943396
154 123 0.025
154 185 0.121212
155 124 0.121429
155 156 0.056338
155 186 0.482353
155 187 0.0390625
155 217 0.0120482
156 124 0.108333
156 125 0.0648148
156 155 0.056338
156 157 0.12931
156 186 0.0333333
156 187 0.0555556
156 188 0.00970874
157 95 0.0520833
157 96 0.1
157 125 0.0686275
157 126 0.09375
157 127 0.283784
157 156 0.12931
157 158 0.155963
157 188 0.0309278
158 96 0.030303
158 127 0.0273973
158 128 0.0774648
158 157 0.155963
158 159 0.0606061
158 188 0.0416667
158 189 0.00826446
158 190 0.0769231
159 98 0.0227273
159 128 0.246988
159 129 0.117241
159 158 0.0606061
159 160 0.0280374
159 162 0.0610687
159 190 0.107784
159 191 0.170068
159 192 0.0208333
160 100 0.0769231
160 129 0.03125
160 131 0.02
160 159 0.0280374
160 161 0.285714
160 162 0.292683
160 191 0.0612245
160 192 0.0421053
160 193 0.0222222
160 223 0.00990099
161 99 0.0204082
161 100 0.0535714
161 129 0.0344828
161 160 0.285714
161 162 0.164384
161 191 0.0561798
161 192 0.0813954
161 193 0.0123457
162 100 0.101124
162 129 0.075
162 159 0.0610687
162 160 0.292683
162 161 0.164384
162 163 0.0362319
162 191 0.106557
162 192 0.159664
162 193 0.105263
162 223 0.024
163 100 0.00826446
163 129 0.0197368
163 131 0.0192308
163 132 0.281407
163 133 0.0189873
163 162 0.0362319
163 164 0.0357143
163 191 0.012987
163 192 0.0463576
163 193 0.267123
163 225 0.00666667
164 132 0.0283688
164 133 0.06
164 163 0.0357143
164 165 0.0941176
164 166 0.047619
164 193 0.0113636
164 195 0.0243902
164 197 0.0222222
165 164 0.0941176
165 166 0.0638298
165 195 0.265487
165 197 0.198347
165 225 0.0162602
165 227 0.0114943
165 228 0.0289855
166 133 0.0275229
166 134 0.108108
166 135 0.106796
166 164 0.047619
166 165 0.0638298
166 167 0.0230769
166 197 0.20202
166 198 0.0504202
167 135 0.192547
167 136 0.220588
167 137 0.0813954
167 166 0.0230769
167 168 0.0111732
167 198 0.124294
167 199 0.00769231
168 107 0.0290698
168 137 0.288344
168 138 0.286713
168 139 0.0366972
168 167 0.0111732
168 169 0.00840336
168 198 0.0595238
168 199 0.132231
169 107 0.00826446
169 108 0.0217391
169 109 0.0631579
169 138 0.315217
169 139 0.0517241
169 168 0.00840336
169 170 0.12605
169 171 0.0672269
169 200 0.0232558
169 201 0.00819672
169 202 0.0148148
170 109 0.30137
170 169 0.12605
170 171 0.188235
170 172 0.0491803
170 200 0.138686
170 201 0.00578035
170 202 0.00537634
171 140 0.0310559
171 169 0.0672269
171 170 0.188235
171 172 0.0983607
171 200 0.0510949
171 201 0.0751445
171 202 0.430108
171 233 0.0682927
171 235 0.00526316
172 109 0.00628931
172 111 0.0960452
172 140 0.402299
172 141 0.0185185
172 142 0.0421687
172 170 0.0491803
172 171 0.0983607
172 173 0.0597826
172 174 0.0744186
172 202 0.0351759
172 233 0.0458716
172 235 0.1133
173 111 0.00606061
173 140 0.265432
173 172 0.0597826
173 174 0.0985222
173 202 0.0106952
173 203 0.268116
173 204 0.015873
173 205 0.0241546
173 232 0.0115607
173 233 0.0242718
173 234 0.0683761
173 235 0.193717
174 140 0.0777202
174 142 0.0756757
174 143 0.388235
174 172 0.0744186
174 173 0.0985222
174 175 0.0194175
174 203 0.0118343
174 204 0.0863636
174 205 0.260504
174 206 0.00961538
174 235 0.027027
174 237 0.030303
175 112 0.0344828
175 143 0.211454
175 144 0.232558
175 146 0.0116279
175 174 0.0194175
175 176 0.0245098
175 177 0.0315789
175 206 0.35
175 207 0.0778443
176 116 0.0163934
176 145 0.00495049
176 146 0.353535
176 175 0.0245098
176 177 0.222222
176 178 0.246753
176 179 0.03125
176 207 0.0362694
177 146 0.0326087
177 175 0.0315789
177 176 0.222222
177 178 0.359447
177 179 0.0393258
177 206 0.00520833
177 207 0.290503
177 208 0.0722222
177 210 0.130435
177 239 0.00485437
178 147 0.0157068
178 148 0.0104167
178 176 0.246753
178 177 0.359447
178 179 0.186529
178 207 0.0979381
178 208 0.00512821
178 209 0.092437
178 210 0.112613
178 240 0.00995025
179 116 0.0137931
179 147 0.190789
179 148 0.169935
179 176 0.03125
179 177 0.0393258
179 178 0.186529
179 180 0.0197044
179 209 0.135678
179 210 0.00546448
179 211 0.0454545
179 240 0.0123457
179 242 0.020979
180 116 0.00515464
180 117 0.025974
180 147 0.18408
180 148 0.341584
180 149 0.236967
180 150 0.0526316
180 151 0.0881057
180 179 0.0197044
180 181 0.0594059
180 182 0.0121951
180 211 0.00552486
180 242 0.03125
181 150 0.164286
181 180 0.0594059
181 182 0.117347
181 183 0.0147059
181 212 0.0060241
181 213 0.331492
181 214 0.017341
181 215 0.0131579
181 242 0.0915493
181 243 0.121212
182 149 0.0829268
182 150 0.347826
182 151 0.447964
182 152 0.0233645
182 180 0.0121951
182 181 0.117347
182 183 0.25
182 213 0.00888889
182 214 0.0184332
182 215 0.0306122
183 120 0.0471698
183 121 0.0909091
183 122 0.0230769
183 150 0.0725806
183 151 0.111801
183 152 0.0974026
183 153 0.119318
183 181 0.0147059
183 182 0.25
183 214 0.0254777
183 215 0.00735294
184 152 0.0731707
184 153 0.117241
184 185 0.048
184 214 0.0238095
184 215 0.0190476
184 216 0.0992366
184 246 0.00819672
185 122 0.0060241
185 153 0.127358
185 154 0.121212
185 184 0.048
185 214 0.00518135
185 216 0.308081
185 246 0.021164
186 124 0.027027
186 155 0.482353
186 156 0.0333333
186 187 0.0808824
186 217 0.270115
186 218 0.0112994
186 248 0.0451613
186 249 0.00609756
187 155 0.0390625
187 156 0.0555556
187 186 0.0808824
187 188 0.134831
187 217 0.0833333
187 218 0.0296296
187 249 0.0163934
188 156 0.00970874
188 157 0.0309278
188 158 0.0416667
188 187 0.134831
188 189 0.12844
188 218 0.0153846
188 219 0.018018
188 220 0.0175439
189 158 0.00826446
189 188 0.12844
189 190 0.237179
189 219 0.0588235
189 220 0.100719
190 158 0.0769231
190 159 0.107784
190 189 0.237179
190 191 0.21519
190 192 0.0322581
190 220 0.068323
190 221 0.0983607
191 129 0.154412
191 159 0.170068
191 160 0.0612245
191 161 0.0561798
191 162 0.106557
191 163 0.012987
191 190 0.21519
191 192 0.125926
191 193 0.0153846
191 222 0.00826446
191 223 0.0141844
191 224 0.00806452
192 159 0.0208333
192 160 0.0421053
192 161 0.0813954
192 162 0.159664
192 163 0.0463576
192 190 0.0322581
192 191 0.125926
192 193 0.204724
192 221 0.020202
192 222 0.118644
192 223 0.0797101
192 224 0.00826446
192 225 0.0763359
192 257 0.04375
193 132 0.0114286
193 160 0.0222222
193 161 0.0123457
193 162 0.105263
193 163 0.267123
193 164 0.0113636
193 191 0.0153846
193 192 0.204724
193 194 0.0246914
193 195 0.0344828
193 223 0.0300752
193 225 0.031746
193 226 0.00704225
193 257 0.148387
194 193 0.0246914
194 195 0.0266667
194 225 0.247059
194 257 0.0263158
195 164 0.0243902
195 165 0.265487
195 193 0.0344828
195 194 0.0266667
195 196 0.0442478
195 225 0.075
195 226 0.132353
195 227 0.0833333
195 228 0.0148148
195 256 0.108108
195 257 0.181208
195 258 0.0322581
195 259 0.0344828
196 195 0.0442478
196 226 0.136691
196 227 0.0804598
196 228 0.166667
196 256 0.0263158
196 257 0.0526316
196 258 0.322917
196 259 0.0810811
197 164 0.0222222
197 165 0.198347
197 166 0.20202
197 198 0.0205479
197 228 0.0909091
198 137 0.0248447
198 166 0.0504202
198 167 0.124294
198 168 0.0595238
198 197 0.0205479
198 199 0.302521
198 200 0.037037
198 201 0.00584795
198 228 0.0552147
198 229 0.032
199 137 0.0175439
199 138 0.0106383
199 167 0.00769231
199 168 0.132231
199 198 0.302521
199 200 0.147727
199 201 0.0725806
200 169 0.0232558
200 170 0.138686
200 171 0.0510949
200 198 0.037037
200 199 0.147727
200 201 0.45
200 202 0.0196078
201 169 0.00819672
201 170 0.00578035
201 171 0.0751445
201 198 0.00584795
201 199 0.0725806
201 200 0.45
201 202 0.137566
201 229 0.0230769
201 230 0.0306748
201 231 0.195652
201 232 0.0114286
201 233 0.00480769
202 140 0.0169492
202 169 0.0148148
202 170 0.00537634
202 171 0.430108
202 172 0.0351759
202 173 0.0106952
202 200 0.0196078
202 201 0.137566
202 231 0.013245
202 232 0.117021
202 233 0.303167
202 234 0.00757576
202 235 0.0631068
203 140 0.015625
203 173 0.268116
203 174 0.0118343
203 204 0.0258065
203 205 0.132948
203 234 0.0120482
203 235 0.0955414
203 236 0.00689655
203 265 0.09375
204 143 0.00414938
204 173 0.015873
204 174 0.0863636
204 203 0.0258065
204 205 0.415179
204 206 0.0876289
204 236 0.183673
204 237 0.0397351
204 238 0.0105263
204 239 0.0192308
204 265 0.00473934
204 269 0.00584795
205 143 0.03861
205 173 0.0241546
205 174 0.260504
205 203 0.132948
205 204 0.415179
205 206 0.0330189
205 234 0.00657895
205 235 0.00442478
205 236 0.0327103
205 237 0.313609
205 238 0.00961538
205 265 0.00436681
206 143 0.0567686
206 144 0.0172414
206 174 0.00961538
206 175 0.35
206 177 0.00520833
206 204 0.0876289
206 205 0.0330189
206 207 0.118343
206 237 0.0503597
206 238 0.0842697
206 239 0.0663265
206 270 0.025
207 175 0.0778443
207 176 0.0362694
207 177 0.290503
207 178 0.0979381
207 206 0.118343
207 208 0.229299
207 209 0.04
207 210 0.0543478
207 239 0.114754
207 270 0.026738
208 177 0.0722222
208 178 0.00512821
208 207 0.229299
208 209 0.0348259
208 210 0.281081
208 238 0.0481928
208 239 0.141304
208 241 0.0314136
208 270 0.106383
208 272 0.0514019
209 178 0.092437
209 179 0.135678
209 207 0.04
209 208 0.0348259
209 210 0.324561
209 211 0.0734463
209 240 0.207729
209 241 0.179487
209 242 0.0106383
209 271 0.0657895
209 272 0.00389105
209 273 0.0434783
210 177 0.130435
210 178 0.112613
210 179 0.00546448
210 207 0.0543478
210 208 0.281081
210 209 0.324561
210 211 0.0124224
210 240 0.0104712
210 241 0.137615
210 270 0.00930233
210 272 0.00414938
210 273 0.0046729
211 148 0.122137
211 179 0.0454545
211 180 0.00552486
211 209 0.0734463
211 210 0.0124224
211 212 0.131034
211 240 0.142857
211 242 0.115702
211 273 0.0613497
212 181 0.0060241
212 211 0.131034
212 213 0.0923077
212 240 0.00571429
212 242 0.173077
212 243 0.324022
212 244 0.314465
212 273 0.0656566
212 275 0.0176471
213 150 0.0118343
213 181 0.331492
213 182 0.00888889
213 212 0.0923077
213 214 0.019802
213 215 0.143646
213 242 0.0175439
213 243 0.453608
213 244 0.0172414
213 275 0.0162162
214 152 0.0575916
214 153 0.112676
214 181 0.017341
214 182 0.0184332
214 183 0.0254777
214 184 0.0238095
214 185 0.00518135
214 213 0.019802
214 215 0.421965
214 216 0.0150754
214 246 0.184211
215 152 0.123529
215 153 0.03125
215 181 0.0131579
215 182 0.0306122
215 183 0.00735294
215 184 0.0190476
215 213 0.143646
215 214 0.421965
215 243 0.00606061
215 245 0.0414508
215 246 0.218935
215 275 0.00641026
215 277 0.00617284
216 153 0.059633
216 184 0.0992366
216 185 0.308081
216 214 0.0150754
216 245 0.127854
216 246 0.0769231
216 247 0.22043
217 155 0.0120482
217 186 0.270115
217 187 0.0833333
217 218 0.219653
217 248 0.238411
217 249 0.06875
218 186 0.0112994
218 187 0.0296296
218 188 0.0153846
218 217 0.219653
218 219 0.0318471
218 248 0.025974
218 249 0.392638
218 250 0.0344828
218 279 0.047619
218 280 0.00561798
219 188 0.018018
219 189 0.0588235
219 218 0.0318471
219 220 0.304965
219 249 0.0694444
219 250 0.225806
220 188 0.0175439
220 189 0.100719
220 190 0.068323
220 219 0.304965
220 221 0.161905
220 250 0.0886076
220 251 0.0454545
220 281 0.0330578
221 190 0.0983607
221 192 0.020202
221 220 0.161905
221 222 0.0588235
221 223 0.0190476
221 251 0.44898
222 191 0.00826446
222 192 0.118644
222 221 0.0588235
222 223 0.33871
222 251 0.0441176
222 252 0.198529
222 253 0.0123457
223 160 0.00990099
223 162 0.024
223 191 0.0141844
223 192 0.0797101
223 193 0.0300752
223 221 0.0190476
223 222 0.33871
223 224 0.110236
223 251 0.0568182
223 252 0.0833333
223 253 0.0714286
223 255 0.0408163
224 191 0.00806452
224 192 0.00826446
224 223 0.110236
224 225 0.183333
224 255 0.261538
224 257 0.0268456
224 286 0.0363636
225 163 0.00666667
225 165 0.0162602
225 192 0.0763359
225 193 0.031746
225 194 0.247059
225 195 0.075
225 224 0.183333
225 226 0.00684932
225 257 0.27044
226 193 0.00704225
226 195 0.132353
226 196 0.136691
226 225 0.00684932
226 227 0.0181818
226 256 0.416058
226 257 0.165714
226 258 0.0588235
226 259 0.0409357
226 286 0.191176
226 287 0.0422535
226 289 0.00892857
226 290 0.0198676
227 165 0.0114943
227 195 0.0833333
227 196 0.0804598
227 226 0.0181818
227 228 0.0733945
227 258 0.0597015
227 259 0.092437
228 165 0.0289855
228 195 0.0148148
228 196 0.166667
228 197 0.0909091
228 198 0.0552147
228 227 0.0733945
228 229 0.106557
228 258 0.135593
228 259 0.0529412
228 260 0.0248447
228 290 0.06
228 291 0.0472973
229 198 0.032
229 201 0.0230769
229 228 0.106557
229 230 0.017094
229 231 0.0543478
229 259 0.0151515
229 260 0.219512
229 261 0.0218978
229 290 0.0625
229 291 0.0909091
229 293 0.151515
230 201 0.0306748
230 229 0.017094
230 231 0.448
230 232 0.0493827
230 233 0.00512821
230 260 0.0897436
230 261 0.0647059
230 262 0.0723684
230 263 0.365854
230 264 0.0308642
230 292 0.0078125
230 294 0.0238095
230 295 0.00578035
231 201 0.195652
231 202 0.013245
231 229 0.0543478
231 230 0.448
231 232 0.0364963
231 260 0.0534351
231 261 0.0344828
231 262 0.015748
231 263 0.100719
232 173 0.0115607
232 201 0.0114286
232 202 0.117021
232 230 0.0493827
232 231 0.0364963
232 233 0.338164
232 235 0.046875
232 263 0.00568182
232 264 0.183908
232 265 0.00512821
232 266 0.0372093
232 295 0.00540541
233 171 0.0682927
233 172 0.0458716
233 173 0.0242718
233 201 0.00480769
233 202 0.303167
233 230 0.00512821
233 232 0.338164
233 234 0.0264901
233 235 0.124444
233 264 0.00483092
233 266 0.0483871
234 173 0.0683761
234 202 0.00757576
234 203 0.0120482
234 205 0.00657895
234 233 0.0264901
234 235 0.242647
234 236 0.0645161
234 265 0.0359712
234 266 0.0125786
234 298 0.191781
235 171 0.00526316
235 172 0.1133
235 173 0.193717
235 174 0.027027
235 202 0.0631068
235 203 0.0955414
235 205 0.00442478
235 232 0.046875
235 233 0.124444
235 234 0.242647
235 236 0.00505051
235 265 0.112676
235 266 0.0772532
236 203 0.00689655
236 204 0.183673
236 205 0.0327103
236 234 0.0645161
236 235 0.00505051
236 239 0.010101
236 265 0.0497512
236 266 0.0904977
236 267 0.047619
236 268 0.235602
236 269 0.0621118
236 297 0.0326087
236 298 0.318519
237 174 0.030303
237 204 0.0397351
237 205 0.313609
237 206 0.0503597
237 238 0.17037
237 239 0.00653595
237 270 0.00636943
238 204 0.0105263
238 205 0.00961538
238 206 0.0842697
238 208 0.0481928
238 237 0.17037
238 239 0.145833
238 267 0.0070922
238 268 0.0108108
238 269 0.0193548
238 270 0.367347
239 177 0.00485437
239 204 0.0192308
239 206 0.0663265
239 207 0.114754
239 208 0.141304
239 236 0.010101
239 237 0.00653595
239 238 0.145833
239 267 0.0314465
239 268 0.0246305
239 269 0.190751
239 270 0.308411
239 298 0.0204082
239 301 0.0588235
240 178 0.00995025
240 179 0.0123457
240 209 0.207729
240 210 0.0104712
240 211 0.142857
240 212 0.00571429
240 241 0.0558376
240 242 0.231788
240 271 0.0608696
240 272 0.0136364
240 273 0.160622
241 208 0.0314136
241 209 0.179487
241 210 0.137615
241 240 0.0558376
241 271 0.084507
241 272 0.246964
241 273 0.145455
241 302 0.0402299
241 304 0.0913043
242 179 0.020979
242 180 0.03125
242 181 0.0915493
242 209 0.0106383
242 211 0.115702
242 212 0.173077
242 213 0.0175439
242 240 0.231788
242 243 0.0451613
242 273 0.0172414
243 181 0.121212
243 212 0.324022
243 213 0.453608
243 215 0.00606061
243 242 0.0451613
243 244 0.132911
243 275 0.0236686
244 212 0.314465
244 213 0.0172414
244 243 0.132911
244 273 0.0169492
244 274 0.0178571
244 275 0.161074
244 276 0.032
244 304 0.00534759
244 305 0.0546448
244 306 0.0189873
244 307 0.0598802
245 215 0.0414508
245 216 0.127854
245 246 0.395238
245 247 0.223881
245 277 0.256158
245 308 0.00404858
245 309 0.010101
246 184 0.00819672
246 185 0.021164
246 214 0.184211
246 215 0.218935
246 216 0.0769231
246 245 0.395238
246 247 0.0508475
246 277 0.0223464
246 309 0.00574713
247 216 0.22043
247 245 0.223881
247 246 0.0508475
247 277 0.0588235
247 278 0.0463576
247 309 0.181818
248 186 0.0451613
248 217 0.238411
248 218 0.025974
248 249 0.120567
248 279 0.0136986
248 280 0.0320513
248 310 0.166667
249 186 0.00609756
249 187 0.0163934
249 217 0.06875
249 218 0.392638
249 219 0.0694444
249 248 0.120567
249 250 0.0434783
249 279 0.0709677
249 280 0.0606061
249 311 0.00704225
250 218 0.0344828
250 219 0.225806
250 220 0.0886076
250 249 0.0434783
250 279 0.174699
250 280 0.0965909
250 281 0.0592593
250 311 0.0653595
251 220 0.0454545
251 221 0.44898
251 222 0.0441176
251 223 0.0568182
251 252 0.23
251 281 0.0307692
251 312 0.0638298
252 222 0.198529
252 223 0.0833333
252 251 0.23
252 253 0.396907
252 282 0.130769
252 283 0.131387
252 312 0.026087
252 313 0.00564972
253 222 0.0123457
253 223 0.0714286
253 252 0.396907
253 254 0.0789474
253 255 0.0216216
253 282 0.0705128
253 283 0.233129
253 284 0.0284553
253 313 0.0394089
253 315 0.0206186
254 253 0.0789474
254 255 0.458065
254 284 0.148148
254 286 0.00740741
254 314 0.0233918
254 317 0.0666667
255 223 0.0408163
255 224 0.261538
255 253 0.0216216
255 254 0.458065
255 284 0.00473934
255 317 0.0206897
256 195 0.108108
256 196 0.0263158
256 226 0.416058
256 257 0.0866667
256 258 0.0106383
256 259 0.00684932
256 286 0.0630631
256 317 0.00793651
257 192 0.04375
257 193 0.148387
257 194 0.0263158
257 195 0.181208
257 196 0.0526316
257 224 0.0268456
257 225 0.27044
257 226 0.165714
257 256 0.0866667
257 286 0.120805
258 195 0.0322581
258 196 0.322917
258 226 0.0588235
258 227 0.0597015
258 228 0.135593
258 256 0.0106383
258 259 0.21875
258 287 0.010101
258 288 0.126437
258 289 0.0144928
258 290 0.0648148
258 291 0.0377358
259 195 0.0344828
259 196 0.0810811
259 226 0.0409357
259 227 0.092437
259 228 0.0529412
259 229 0.0151515
259 256 0.00684932
259 258 0.21875
259 260 0.0116959
259 288 0.158273
259 289 0.0909091
259 290 0.35625
259 291 0.0316456
259 321 0.0542169
260 228 0.0248447
260 229 0.219512
260 230 0.0897436
260 231 0.0534351
260 259 0.0116959
260 261 0.528409
260 263 0.0117647
260 290 0.0529801
260 291 0.0536913
260 292 0.0447761
260 293 0.0217391
260 321 0.00636943
260 322 0.0636943
261 229 0.0218978
261 230 0.0647059
261 231 0.0344828
261 260 0.528409
261 262 0.0290698
261 263 0.0869565
261 290 0.0181818
261 291 0.0736196
261 292 0.202703
261 293 0.171053
261 322 0.0760234
261 324 0.0421053
261 325 0.00584795
262 230 0.0723684
262 231 0.015748
262 261 0.0290698
262 263 0.253012
262 264 0.097561
262 292 0.1
262 293 0.238806
262 294 0.229412
262 295 0.102857
262 324 0.0581395
262 325 0.0653595
262 326 0.0792683
263 230 0.365854
263 231 0.100719
263 232 0.00568182
263 260 0.0117647
263 261 0.0869565
263 262 0.253012
263 264 0.136364
263 293 0.130137
263 294 0.0384615
263 295 0.112299
263 326 0.0170455
264 230 0.0308642
264 232 0.183908
264 233 0.00483092
264 262 0.097561
264 263 0.136364
264 265 0.0461538
264 266 0.0465116
264 294 0.0611111
264 295 0.313514
264 296 0.0138889
264 326 0.143678
264 328 0.00588235
265 203 0.09375
265 204 0.00473934
265 205 0.00436681
265 232 0.00512821
265 234 0.0359712
265 235 0.112676
265 236 0.0497512
265 264 0.0461538
265 266 0.5
265 268 0.0291262
265 295 0.0145631
265 297 0.0603015
265 298 0.02
265 328 0.0680628
266 232 0.0372093
266 233 0.0483871
266 234 0.0125786
266 235 0.0772532
266 236 0.0904977
266 264 0.0465116
266 265 0.5
266 268 0.0221239
266 295 0.0176991
266 297 0.0639269
266 298 0.00588235
266 326 0.0186047
266 328 0.0758294
267 236 0.047619
267 238 0.0070922
267 239 0.0314465
267 268 0.0263158
267 269 0.47541
267 270 0.0122699
267 298 0.260417
267 330 0.0681818
268 236 0.235602
268 238 0.0108108
268 239 0.0246305
268 265 0.0291262
268 266 0.0221239
268 267 0.0263158
268 269 0.0421687
268 297 0.232804
268 298 0.0571429
268 299 0.0326087
268 328 0.0497238
268 329 0.10582
268 330 0.102273
269 204 0.00584795
269 236 0.0621118
269 238 0.0193548
269 239 0.190751
269 267 0.47541
269 268 0.0421687
269 270 0.039548
269 298 0.0545455
269 301 0.0603448
269 330 0.10274
270 206 0.025
270 207 0.026738
270 208 0.106383
270 210 0.00930233
270 237 0.00636943
270 238 0.367347
270 239 0.308411
270 267 0.0122699
270 269 0.039548
270 272 0.114754
270 301 0.0318471
270 330 0.0213904
270 333 0.0891089
271 209 0.0657895
271 240 0.0608696
271 241 0.084507
271 272 0.0787879
271 301 0.128205
271 302 0.152174
271 333 0.0243902
271 334 0.0162602
272 208 0.0514019
272 209 0.00389105
272 210 0.00414938
272 240 0.0136364
272 241 0.246964
272 270 0.114754
272 271 0.0787879
272 273 0.00411523
272 301 0.120219
272 302 0.101523
272 304 0.00790514
272 333 0.25
272 334 0.0438596
273 209 0.0434783
273 210 0.0046729
273 211 0.0613497
273 212 0.0656566
273 240 0.160622
273 241 0.145455
273 242 0.0172414
273 244 0.0169492
273 272 0.00411523
273 302 0.0352941
273 304 0.318584
273 334 0.00995025
274 244 0.0178571
274 276 0.20202
274 305 0.299363
274 306 0.0454545
274 307 0.035461
275 212 0.0176471
275 213 0.0162162
275 215 0.00641026
275 243 0.0236686
275 244 0.161074
275 276 0.147059
275 277 0.120482
275 305 0.0927835
275 306 0.0887574
275 307 0.320225
275 308 0.0047619
276 244 0.032
276 274 0.20202
276 275 0.147059
276 305 0.0588235
276 306 0.0413793
276 307 0.428571
277 215 0.00617284
277 245 0.256158
277 246 0.0223464
277 247 0.0588235
277 275 0.120482
277 278 0.0392157
277 307 0.0543478
277 308 0.24537
277 309 0.0179641
278 247 0.0463576
278 277 0.0392157
278 308 0.152284
278 309 0.175676
278 339 0.0130719
279 218 0.047619
279 248 0.0136986
279 249 0.0709677
279 250 0.174699
279 280 0.370588
279 311 0.0612245
279 342 0.0337838
280 218 0.00561798
280 248 0.0320513
280 249 0.0606061
280 250 0.0965909
280 279 0.370588
280 310 0.0984849
280 311 0.191083
280 341 0.0671642
280 342 0.126582
281 220 0.0330578
281 250 0.0592593
281 251 0.0307692
281 311 0.181034
281 312 0.4125
282 252 0.130769
282 253 0.0705128
282 283 0.0606061
282 312 0.0519481
282 313 0.158273
282 343 0.337662
282 344 0.0243902
283 252 0.131387
283 253 0.233129
283 282 0.0606061
283 284 0.021164
283 313 0.0753425
283 314 0.0833333
283 315 0.182482
283 343 0.0119048
283 346 0.00826446
284 253 0.0284553
284 254 0.148148
284 255 0.00473934
284 283 0.021164
284 285 0.19375
284 314 0.400881
284 315 0.0409091
284 316 0.0717703
284 317 0.0631068
284 346 0.0833333
284 347 0.0165746
285 284 0.19375
285 314 0.00869565
285 316 0.0721649
285 317 0.0106383
285 346 0.0978261
285 347 0.15942
286 224 0.0363636
286 226 0.191176
286 254 0.00740741
286 256 0.0630631
286 257 0.120805
286 287 0.0862069
286 288 0.0288462
286 316 0.0078125
286 317 0.224
286 319 0.0075188
287 226 0.0422535
