0 1 0.0930233
0 47 0.221053
1 0 0.0930233
1 2 0.0683761
1 47 0.181818
1 48 0.155556
2 1 0.0683761
2 3 0.136364
2 48 0.0142857
2 49 0.154286
3 2 0.136364
3 49 0.167568
3 50 0.275
4 5 0.335714
4 6 0.0792683
4 50 0.236641
4 51 0.105263
4 52 0.0691489
4 53 0.0871795
5 4 0.335714
5 6 0.178571
5 50 0.00934579
5 52 0.0365854
5 53 0.0175439
5 54 0.00606061
6 4 0.0792683
6 5 0.178571
6 7 0.154412
6 8 0.0264901
6 52 0.0691489
6 53 0.0615385
6 54 0.232804
7 6 0.154412
7 8 0.130081
7 10 0.00961538
7 53 0.00598802
7 54 0.279503
8 6 0.0264901
8 7 0.130081
8 9 0.28866
8 10 0.0840336
8 54 0.244318
8 55 0.166667
8 56 0.0178571
9 8 0.28866
9 54 0.00740741
9 55 0.164948
9 56 0.00787402
9 57 0.0666667
10 7 0.00961538
10 8 0.0840336
10 11 0.0218978
10 55 0.0252101
10 56 0.201342
10 58 0.0449438
11 10 0.0218978
11 12 0.0981595
11 55 0.128205
11 56 0.016129
11 57 0.0604027
11 58 0.325581
11 60 0.00487805
12 11 0.0981595
12 13 0.142857
12 14 0.0402299
12 57 0.0144928
12 58 0.0686275
12 59 0.00757576
12 60 0.309278
13 12 0.142857
13 14 0.350746
13 59 0.0108696
13 60 0.025974
13 61 0.0740741
14 12 0.0402299
14 13 0.350746
14 15 0.0333333
14 16 0.05
14 17 0.0103093
14 60 0.0462963
14 61 0.340102
15 14 0.0333333
15 17 0.0762712
15 62 0.0103093
15 63 0.148936
16 14 0.05
16 17 0.404494
16 18 0.0965909
16 61 0.0607735
16 62 0.00636943
16 63 0.00649351
16 64 0.0194175
17 14 0.0103093
17 15 0.0762712
17 16 0.404494
17 18 0.0578947
17 61 0.00512821
17 62 0.0701754
17 63 0.130952
17 64 0.0181818
18 16 0.0965909
18 17 0.0578947
18 19 0.0457143
18 63 0.0481928
18 64 0.183486
18 65 0.364865
19 18 0.0457143
19 20 0.119718
19 21 0.0459184
19 22 0.0322581
19 64 0.0195122
19 65 0.125926
19 67 0.306878
20 19 0.119718
20 21 0.0284091
20 22 0.133333
20 65 0.121739
20 67 0.360947
20 68 0.0112994
21 19 0.0459184
21 20 0.0284091
21 22 0.391534
21 23 0.0271739
21 67 0.0762332
21 68 0.138528
21 69 0.333333
21 70 0.109948
22 19 0.0322581
22 20 0.133333
22 21 0.391534
22 67 0.0549451
22 68 0.0315789
22 69 0.0722892
22 70 0.16
23 21 0.0271739
23 24 0.368687
23 25 0.0290698
23 69 0.0869565
23 70 0.0965517
23 71 0.0115607
24 23 0.368687
24 25 0.0948276
24 68 0.0122449
24 69 0.0180995
24 70 0.360976
24 71 0.175966
24 72 0.0465116
25 23 0.0290698
25 24 0.0948276
25 26 0.27957
25 27 0.0331754
25 71 0.0338164
25 72 0.142241
25 73 0.0418848
25 74 0.0144928
26 25 0.27957
26 27 0.193717
26 28 0.013986
26 73 0.0526316
26 74 0.149733
26 75 0.00552486
27 25 0.0331754
27 26 0.193717
27 28 0.130952
27 73 0.0204082
27 74 0.320755
27 75 0.203883
27 76 0.00917431
27 77 0.00485437
28 26 0.013986
28 27 0.130952
28 29 0.215686
28 30 0.0215054
28 74 0.0609756
28 75 0.0443038
28 76 0.164706
28 77 0.101266
29 28 0.215686
29 30 0.321429
29 31 0.0151515
29 32 0.0437956
29 76 0.0855263
29 77 0.0785714
30 28 0.0215054
30 29 0.321429
30 31 0.138889
30 32 0.248869
30 76 0.220339
30 77 0.227679
30 78 0.0329218
31 29 0.0151515
31 30 0.138889
31 32 0.205405
31 33 0.0913979
31 77 0.0106383
31 78 0.202899
31 79 0.108434
31 80 0.0357143
32 29 0.0437956
32 30 0.248869
32 31 0.205405
32 33 0.0157068
32 76 0.0097561
32 77 0.015544
32 78 0.283019
32 79 0.0116959
32 80 0.017341
33 31 0.0913979
33 32 0.0157068
33 34 0.0882353
33 78 0.159624
33 79 0.0232558
33 80 0.275862
33 81 0.202073
34 33 0.0882353
34 35 0.0939597
34 36 0.14881
34 80 0.0197368
34 81 0.0994152
34 82 0.142857
34 83 0.215385
35 34 0.0939597
35 36 0.16568
35 81 0.0174419
35 82 0.632258
35 83 0.147959
36 34 0.14881
36 35 0.16568
36 37 0.0583333
36 38 0.132159
36 82 0.155172
36 83 0.0186047
36 84 0.0434783
36 85 0.0131579
37 36 0.0583333
37 38 0.18239
37 39 0.0819672
37 84 0.0714286
38 36 0.132159
38 37 0.18239
38 39 0.270742
38 84 0.0112994
38 85 0.0628272
38 86 0.0113636
38 87 0.0052356
39 37 0.0819672
39 38 0.270742
39 40 0.020979
39 41 0.117021
39 87 0.292208
40 39 0.020979
40 41 0.028777
40 84 0.021978
40 85 0.0190476
40 86 0.277778
40 87 0.114286
40 88 0.0808081
41 39 0.117021
41 40 0.028777
41 42 0.160622
41 43 0.0167598
41 87 0.253333
41 88 0.0347222
41 89 0.0702703
42 41 0.160622
42 43 0.345745
42 44 0.0485437
42 45 0.00694444
42 88 0.0522876
42 89 0.268041
42 90 0.0679012
42 91 0.10582
43 41 0.0167598
43 42 0.345745
43 44 0.125
43 45 0.207692
43 89 0.144444
43 90 0.0675676
43 91 0.0514286
43 92 0.0298507
44 42 0.0485437
44 43 0.125
44 45 0.114865
44 46 0.0945946
44 90 0.0060241
44 91 0.233161
44 92 0.328767
45 42 0.00694444
45 43 0.207692
45 44 0.114865
45 89 0.0147059
45 90 0.0384615
45 91 0.0534351
45 92 0.184713
46 44 0.0945946
46 92 0.125541
46 93 0.405983
47 0 0.221053
47 1 0.181818
47 48 0.0833333
47 94 0.22314
48 1 0.155556
48 2 0.0142857
48 47 0.0833333
48 49 0.0777202
48 94 0.0888889
48 95 0.151685
49 2 0.154286
49 3 0.167568
49 48 0.0777202
49 95 0.0187793
49 96 0.31982
50 3 0.275
50 4 0.236641
50 5 0.00934579
50 51 0.222222
50 96 0.044586
50 97 0.0114943
51 4 0.105263
51 50 0.222222
51 97 0.114286
51 98 0.0409836
52 4 0.0691489
52 5 0.0365854
52 6 0.0691489
52 53 0.347032
52 54 0.00938967
52 97 0.0277778
52 98 0.209184
52 100 0.333333
53 4 0.0871795
53 5 0.0175439
53 6 0.0615385
53 7 0.00598802
53 52 0.347032
53 54 0.0818182
53 98 0.0344828
53 99 0.0222222
53 100 0.158416
53 101 0.0304569
54 5 0.00606061
54 6 0.232804
54 7 0.279503
54 8 0.244318
54 9 0.00740741
54 52 0.00938967
54 53 0.0818182
54 55 0.0170455
54 56 0.0194175
54 100 0.168367
54 101 0.26178
55 8 0.166667
55 9 0.164948
55 10 0.0252101
55 11 0.128205
55 54 0.0170455
55 56 0.309524
55 57 0.0839695
55 58 0.0304569
55 101 0.0849673
55 103 0.0115607
56 8 0.0178571
56 9 0.00787402
56 10 0.201342
56 11 0.016129
56 54 0.0194175
56 55 0.309524
56 101 0.273224
56 102 0.185567
56 103 0.0295567
56 104 0.00495049
57 9 0.0666667
57 11 0.0604027
57 12 0.0144928
57 55 0.0839695
57 58 0.121053
57 59 0.0169492
57 60 0.00555556
57 103 0.0240964
57 104 0.242424
57 105 0.307018
57 106 0.0437158
58 10 0.0449438
58 11 0.325581
58 12 0.0686275
58 55 0.0304569
58 57 0.121053
58 60 0.105691
58 103 0.0603448
58 106 0.0441767
59 12 0.00757576
59 13 0.0108696
59 57 0.0169492
59 60 0.091954
59 105 0.138889
59 106 0.101695
59 107 0.122581
60 11 0.00487805
60 12 0.309278
60 13 0.025974
60 14 0.0462963
60 57 0.00555556
60 58 0.105691
60 59 0.091954
60 61 0.0184332
60 106 0.217573
60 107 0.0506912
60 108 0.0392157
61 13 0.0740741
61 14 0.340102
61 16 0.0607735
61 17 0.00512821
61 60 0.0184332
61 62 0.0804598
61 107 0.050505
61 108 0.241525
62 15 0.0103093
62 16 0.00636943
62 17 0.0701754
62 61 0.0804598
62 63 0.0136054
62 107 0.0402299
62 108 0.0801887
62 109 0.027972
62 110 0.0542169
63 15 0.148936
63 16 0.00649351
63 17 0.130952
63 18 0.0481928
63 62 0.0136054
63 64 0.0510204
63 110 0.417178
63 111 0.00584795
64 16 0.0194175
64 17 0.0181818
64 18 0.183486
64 19 0.0195122
64 63 0.0510204
64 65 0.0955056
64 66 0.0504587
64 110 0.0976744
64 111 0.251121
64 112 0.297674
64 113 0.115385
65 18 0.364865
65 19 0.125926
65 20 0.121739
65 64 0.0955056
65 67 0.0493827
65 112 0.0137931
65 114 0.00689655
66 64 0.0504587
66 67 0.0990099
66 111 0.00518135
66 112 0.0810811
66 113 0.202247
66 114 0.113514
66 115 0.104895
67 19 0.306878
67 20 0.360947
67 21 0.0762332
67 22 0.0549451
67 65 0.0493827
67 66 0.0990099
67 68 0.0267857
67 69 0.05
67 112 0.0150754
67 113 0.0520833
67 114 0.0954774
67 115 0.0573248
68 20 0.0112994
68 21 0.138528
68 22 0.0315789
68 24 0.0122449
68 67 0.0267857
68 69 0.201923
68 70 0.046875
68 114 0.0241546
68 115 0.266667
68 116 0.115183
68 117 0.206478
69 21 0.333333
69 22 0.0722892
69 23 0.0869565
69 24 0.0180995
69 67 0.05
69 68 0.201923
69 70 0.047619
69 114 0.0491803
69 115 0.0141844
69 117 0.0852018
70 21 0.109948
70 22 0.16
70 23 0.0965517
70 24 0.360976
70 68 0.046875
70 69 0.047619
70 71 0.0166667
70 116 0.013245
70 117 0.111111
71 23 0.0115607
71 24 0.175966
71 25 0.0338164
71 70 0.0166667
71 72 0.321888
71 73 0.046875
71 116 0.100559
71 117 0.131915
71 118 0.113333
71 119 0.027972
72 24 0.0465116
72 25 0.142241
72 71 0.321888
72 73 0.276498
72 74 0.00429185
72 117 0.0115385
72 118 0.0342857
72 119 0.255952
72 120 0.121827
72 121 0.0809717
73 25 0.0418848
73 26 0.0526316
73 27 0.0204082
73 71 0.046875
73 72 0.276498
73 74 0.21875
73 119 0.0314961
73 120 0.0769231
73 121 0.092233
74 25 0.0144928
74 26 0.149733
74 27 0.320755
74 28 0.0609756
74 72 0.00429185
74 73 0.21875
74 75 0.113861
74 76 0.0140187
74 120 0.127907
74 121 0.036036
74 122 0.0214592
74 123 0.0127389
75 26 0.00552486
75 27 0.203883
75 28 0.0443038
75 74 0.113861
75 76 0.182692
75 77 0.158163
75 122 0.030837
75 123 0.00662252
76 27 0.00917431
76 28 0.164706
76 29 0.0855263
76 30 0.220339
76 32 0.0097561
76 74 0.0140187
76 75 0.182692
76 77 0.341346
76 122 0.0794979
76 123 0.0552147
76 124 0.0289256
76 125 0.0116959
77 27 0.00485437
77 28 0.101266
77 29 0.0785714
77 30 0.227679
77 31 0.0106383
77 32 0.015544
77 75 0.158163
77 76 0.341346
77 122 0.00881057
77 123 0.013245
77 125 0.00628931
78 30 0.0329218
78 31 0.202899
78 32 0.283019
78 33 0.159624
78 79 0.38342
78 80 0.102564
78 81 0.0046729
78 124 0.116466
78 125 0.011236
78 126 0.00625
78 128 0.0562249
79 31 0.108434
79 32 0.0116959
79 33 0.0232558
79 78 0.38342
79 80 0.00649351
79 81 0.0462428
79 124 0.0625
79 128 0.0288462
80 31 0.0357143
80 32 0.017341
80 33 0.275862
80 34 0.0197368
80 78 0.102564
80 79 0.00649351
80 81 0.0971429
80 126 0.0743802
80 127 0.0990099
80 128 0.319048
81 33 0.202073
81 34 0.0994152
81 35 0.0174419
81 78 0.0046729
81 79 0.0462428
81 80 0.0971429
81 82 0.0169492
81 83 0.197248
81 126 0.0142857
81 127 0.0166667
81 128 0.20524
82 34 0.142857
82 35 0.632258
82 36 0.155172
82 81 0.0169492
82 83 0.179104
82 130 0.0806452
83 34 0.215385
83 35 0.147959
83 36 0.0186047
83 81 0.197248
83 82 0.179104
83 130 0.114537
84 36 0.0434783
84 37 0.0714286
84 38 0.0112994
84 40 0.021978
84 85 0.00980392
84 86 0.183908
84 130 0.0266667
84 131 0.528846
84 132 0.0301205
84 133 0.0188679
85 36 0.0131579
85 38 0.0628272
85 40 0.0190476
85 84 0.00980392
85 86 0.0693069
85 130 0.0853659
85 131 0.262712
85 132 0.355556
85 133 0.108333
85 134 0.0320856
86 38 0.0113636
86 40 0.277778
86 84 0.183908
86 85 0.0693069
86 131 0.0970874
86 132 0.0545455
86 133 0.219048
86 134 0.0465116
86 135 0.0135135
87 38 0.0052356
87 39 0.292208
87 40 0.114286
87 41 0.253333
87 88 0.163636
87 89 0.00662252
87 132 0.00555556
87 133 0.025
87 134 0.101604
87 135 0.0858896
88 40 0.0808081
88 41 0.0347222
88 42 0.0522876
88 87 0.163636
88 89 0.186207
88 90 0.185841
88 133 0.0263158
88 134 0.0110497
88 135 0.101911
88 136 0.211765
89 41 0.0702703
89 42 0.268041
89 43 0.144444
89 45 0.0147059
89 87 0.00662252
89 88 0.186207
89 90 0.253247
89 91 0.0497238
89 135 0.0909091
89 136 0.111111
89 137 0.137615
90 42 0.0679012
90 43 0.0675676
90 44 0.0060241
90 45 0.0384615
90 88 0.185841
90 89 0.253247
90 91 0.0134228
90 135 0.0060241
90 136 0.393617
90 137 0.129032
90 138 0.05
91 42 0.10582
91 43 0.0514286
91 44 0.233161
91 45 0.0534351
91 89 0.0497238
91 90 0.0134228
91 92 0.118812
91 136 0.00826446
91 137 0.239437
91 138 0.0479042
91 139 0.142857
92 43 0.0298507
92 44 0.328767
92 45 0.184713
92 46 0.125541
92 91 0.118812
92 93 0.0562771
92 137 0.0376569
92 138 0.0725389
92 139 0.157205
92 140 0.0174419
93 46 0.405983
93 92 0.0562771
93 139 0.0258621
93 140 0.125714
94 47 0.22314
94 48 0.0888889
94 95 0.0516129
94 141 0.1
94 142 0.0460526
95 48 0.151685
95 49 0.0187793
95 94 0.0516129
95 96 0.0338164
95 142 0.25641
95 143 0.101382
96 49 0.31982
96 50 0.044586
96 95 0.0338164
96 97 0.0958904
96 98 0.00505051
96 99 0.0285714
96 143 0.106195
97 50 0.0114943
97 51 0.114286
97 52 0.0277778
97 96 0.0958904
97 98 0.09375
97 99 0.219048
97 143 0.0320513
97 144 0.0632911
97 145 0.18
98 51 0.0409836
98 52 0.209184
98 53 0.0344828
98 96 0.00505051
98 97 0.09375
98 99 0.414013
98 145 0.00980392
98 146 0.145946
98 148 0.0573248
99 53 0.0222222
99 96 0.0285714
99 97 0.219048
99 98 0.414013
99 144 0.0648148
99 145 0.0886076
99 146 0.0802469
99 147 0.0538462
99 148 0.104478
100 52 0.333333
100 53 0.158416
100 54 0.168367
100 101 0.0924855
100 146 0.00543478
100 148 0.00641026
101 53 0.0304569
101 54 0.26178
101 55 0.0849673
101 56 0.273224
101 100 0.0924855
101 102 0.122905
101 149 0.0128205
101 150 0.0503145
102 56 0.185567
102 101 0.122905
102 103 0.150754
102 149 0.101796
102 150 0.294118
103 55 0.0115607
103 56 0.0295567
103 57 0.0240964
103 58 0.0603448
103 102 0.150754
103 104 0.241546
103 150 0.139665
103 151 0.00512821
104 56 0.00495049
104 57 0.242424
104 103 0.241546
104 105 0.0129032
104 106 0.00446429
104 150 0.117978
104 151 0.195876
104 152 0.00492611
105 57 0.307018
105 59 0.138889
105 104 0.0129032
105 106 0.017341
105 151 0.0839161
105 152 0.0986842
106 57 0.0437158
106 58 0.0441767
106 59 0.101695
106 60 0.217573
106 104 0.00446429
106 105 0.017341
106 107 0.15
106 108 0.0387597
106 152 0.0180995
106 153 0.0794393
107 59 0.122581
107 60 0.0506912
107 61 0.050505
107 62 0.0402299
107 106 0.15
107 108 0.258475
107 153 0.119792
107 154 0.0212766
107 155 0.137931
108 60 0.0392157
108 61 0.241525
108 62 0.0801887
108 106 0.0387597
108 107 0.258475
108 153 0.0173913
108 155 0.0754717
109 62 0.027972
109 110 0.0125786
109 111 0.011976
109 154 0.00909091
109 155 0.048951
109 156 0.28
109 157 0.0357143
109 158 0.140845
110 62 0.0542169
110 63 0.417178
110 64 0.0976744
110 109 0.0125786
110 111 0.0315789
110 156 0.16185
110 157 0.0296296
110 158 0.0606061
111 63 0.00584795
111 64 0.251121
111 66 0.00518135
111 109 0.011976
111 110 0.0315789
111 112 0.226316
111 113 0.185792
111 156 0.0220994
111 157 0.013986
111 158 0.138728
111 159 0.254237
111 160 0.00480769
112 64 0.297674
112 65 0.0137931
112 66 0.0810811
112 67 0.0150754
112 111 0.226316
112 113 0.0114286
112 114 0.00549451
112 158 0.00606061
112 159 0.0177515
113 64 0.115385
113 66 0.202247
113 67 0.0520833
113 111 0.185792
113 112 0.0114286
113 114 0.0171429
113 158 0.151899
113 159 0.0740741
113 160 0.015544
114 65 0.00689655
114 66 0.113514
114 67 0.0954774
114 68 0.0241546
114 69 0.0491803
114 112 0.00549451
114 113 0.0171429
114 115 0.00714286
114 161 0.0757576
114 163 0.079096
115 66 0.104895
115 67 0.0573248
115 68 0.266667
115 69 0.0141844
115 114 0.00714286
115 161 0.025641
115 162 0.0680272
115 163 0.0814815
116 68 0.115183
116 70 0.013245
116 71 0.100559
116 117 0.165049
116 118 0.0495868
116 162 0.0635838
116 163 0.00621118
116 164 0.0365854
116 165 0.0101523
116 166 0.035
117 68 0.206478
117 69 0.0852018
117 70 0.111111
117 71 0.131915
117 72 0.0115385
117 116 0.165049
117 118 0.0112994
117 119 0.0176471
117 163 0.0276498
117 164 0.0545455
117 166 0.078125
118 71 0.113333
118 72 0.0342857
118 116 0.0495868
118 117 0.0112994
118 119 0.0352941
118 164 0.00740741
118 165 0.00595238
118 166 0.292398
118 167 0.153226
119 71 0.027972
119 72 0.255952
119 73 0.0314961
119 117 0.0176471
119 118 0.0352941
119 120 0.102804
119 166 0.140244
119 167 0.00854701
120 72 0.121827
120 73 0.0769231
120 74 0.127907
120 119 0.102804
120 121 0.134409
120 166 0.0414508
120 167 0.0136986
120 168 0.220513
120 169 0.00571429
121 72 0.0809717
121 73 0.092233
121 74 0.036036
121 120 0.134409
121 122 0.0161943
121 166 0.00411523
121 167 0.22449
121 168 0.359184
121 169 0.0222222
122 74 0.0214592
122 75 0.030837
122 76 0.0794979
122 77 0.00881057
122 121 0.0161943
122 123 0.258242
122 168 0.136719
122 169 0.0508475
122 170 0.321429
123 74 0.0127389
123 75 0.00662252
123 76 0.0552147
123 77 0.013245
123 122 0.258242
123 124 0.124324
123 125 0.0701754
123 170 0.215909
124 76 0.0289256
124 78 0.116466
124 79 0.0625
124 123 0.124324
124 125 0.186529
124 126 0.0171429
124 170 0.0705882
124 172 0.336066
124 173 0.135135
125 76 0.0116959
125 77 0.00628931
125 78 0.011236
125 123 0.0701754
125 124 0.186529
125 170 0.0217391
125 172 0.0635838
126 78 0.00625
126 80 0.0743802
126 81 0.0142857
126 124 0.0171429
126 127 0.0606061
126 128 0.165714
126 174 0.341085
127 80 0.0990099
127 81 0.0166667
127 126 0.0606061
127 128 0.0258065
127 129 0.0192308
127 176 0.21
127 177 0.0363636
128 78 0.0562249
128 79 0.0288462
128 80 0.319048
128 81 0.20524
128 126 0.165714
128 127 0.0258065
128 173 0.0900901
128 174 0.238532
128 175 0.0638298
128 176 0.0334928
129 127 0.0192308
129 175 0.00757576
129 176 0.169811
129 177 0.232759
130 82 0.0806452
130 83 0.114537
130 84 0.0266667
130 85 0.0853659
130 131 0.0903614
130 132 0.0482456
130 176 0.00546448
130 177 0.0310881
130 178 0.176471
131 84 0.528846
131 85 0.262712
131 86 0.0970874
131 130 0.0903614
131 132 0.0989011
131 133 0.0163934
131 178 0.0228571
131 180 0.00892857
132 84 0.0301205
132 85 0.355556
132 86 0.0545455
132 87 0.00555556
132 130 0.0482456
132 131 0.0989011
132 133 0.0652174
132 134 0.0996016
132 178 0.0548523
132 179 0.154762
132 180 0.0229885
133 84 0.0188679
133 85 0.108333
133 86 0.219048
133 87 0.025
133 88 0.0263158
133 131 0.0163934
133 132 0.0652174
133 134 0.146597
133 135 0.197605
133 180 0.157895
133 181 0.103774
133 182 0.0106383
134 85 0.0320856
134 86 0.0465116
134 87 0.101604
134 88 0.0110497
134 132 0.0996016
134 133 0.146597
134 135 0.282051
134 179 0.019305
134 180 0.038674
134 181 0.017341
134 182 0.0156863
135 86 0.0135135
135 87 0.0858896
135 88 0.101911
135 89 0.0909091
135 90 0.0060241
135 133 0.197605
135 134 0.282051
135 136 0.0144928
135 180 0.00636943
135 181 0.0536913
135 182 0.220779
135 183 0.0988372
135 184 0.015625
136 88 0.211765
136 89 0.111111
136 90 0.393617
136 91 0.00826446
136 135 0.0144928
136 137 0.0443038
136 138 0.00892857
136 182 0.00628931
136 183 0.12
136 184 0.0166667
136 185 0.008
137 89 0.137615
137 90 0.129032
137 91 0.239437
137 92 0.0376569
137 136 0.0443038
137 138 0.161765
137 139 0.075
137 182 0.0677291
137 183 0.0520833
137 184 0.0754717
137 185 0.179724
138 90 0.05
138 91 0.0479042
138 92 0.0725389
138 136 0.00892857
138 137 0.161765
138 139 0.180412
138 140 0.0729927
138 184 0.0120482
138 185 0.280702
138 186 0.0168539
139 91 0.142857
139 92 0.157205
139 93 0.0258621
139 137 0.075
139 138 0.180412
139 140 0.132948
139 185 0.130435
139 186 0.0046729
139 187 0.129707
140 92 0.0174419
140 93 0.125714
140 138 0.0729927
140 139 0.132948
140 185 0.0133333
140 186 0.00636943
140 187 0.357143
141 94 0.1
141 142 0.13125
141 188 0.301282
142 94 0.0460526
142 95 0.25641
142 141 0.13125
142 143 0.0607477
142 188 0.0797872
142 190 0.0846561
143 95 0.101382
143 96 0.106195
143 97 0.0320513
143 142 0.0607477
143 144 0.0188679
143 190 0.0379147
143 192 0.0842697
143 193 0.00505051
144 97 0.0632911
144 99 0.0648148
144 143 0.0188679
144 146 0.132353
144 147 0.0288462
144 148 0.0462963
144 191 0.295775
144 192 0.277228
144 193 0.0661157
145 97 0.18
145 98 0.00980392
145 99 0.0886076
145 192 0.0138889
146 98 0.145946
146 99 0.0802469
146 100 0.00543478
146 144 0.132353
146 147 0.00632911
146 148 0.283951
146 191 0.04
146 192 0.00645161
146 193 0.0114286
146 194 0.272222
146 195 0.14557
147 99 0.0538462
147 144 0.0288462
147 146 0.00632911
147 148 0.107692
147 193 0.013986
147 194 0.0135135
147 195 0.285714
147 196 0.0392157
148 98 0.0573248
148 99 0.104478
148 100 0.00641026
148 144 0.0462963
148 146 0.283951
148 147 0.107692
148 149 0.00719424
148 192 0.00787402
148 194 0.0986842
148 195 0.107692
148 196 0.0636943
149 101 0.0128205
149 102 0.101796
149 148 0.00719424
149 150 0.14966
149 151 0.0184049
149 194 0.0382166
149 196 0.117284
149 197 0.316327
150 101 0.0503145
150 102 0.294118
150 103 0.139665
150 104 0.117978
150 149 0.14966
150 151 0.114458
150 197 0.0150754
151 103 0.00512821
151 104 0.195876
151 105 0.0839161
151 149 0.0184049
151 150 0.114458
151 152 0.0366492
151 197 0.111628
151 198 0.180851
151 199 0.03125
152 104 0.00492611
152 105 0.0986842
152 106 0.0180995
152 151 0.0366492
152 153 0.0880829
152 198 0.162437
152 199 0.363184
152 200 0.0705882
153 106 0.0794393
153 107 0.119792
153 108 0.0173913
153 152 0.0880829
153 154 0.0444444
153 155 0.0416667
153 199 0.0463918
153 200 0.128834
153 202 0.0552764
154 107 0.0212766
154 109 0.00909091
154 153 0.0444444
154 155 0.102564
154 200 0.160714
154 201 0.0694444
154 202 0.195946
155 107 0.137931
155 108 0.0754717
155 109 0.048951
155 153 0.0416667
155 154 0.102564
155 156 0.0955414
155 200 0.0137931
155 202 0.209945
156 109 0.28
156 110 0.16185
156 111 0.0220994
156 155 0.0955414
156 157 0.00793651
156 158 0.0897436
156 159 0.00625
156 202 0.0585106
156 204 0.01875
157 109 0.0357143
157 110 0.0296296
157 111 0.013986
157 156 0.00793651
157 158 0.288136
157 203 0.0117647
157 204 0.0163934
157 205 0.125984
157 206 0.01
158 109 0.140845
158 110 0.0606061
158 111 0.138728
158 112 0.00606061
158 113 0.151899
158 156 0.0897436
158 157 0.288136
158 159 0.0131579
158 204 0.105263
158 205 0.089172
158 206 0.0153846
159 111 0.254237
159 112 0.0177515
159 113 0.0740741
159 156 0.00625
159 158 0.0131579
159 160 0.144385
159 204 0.185897
159 205 0.0124224
159 206 0.0746269
159 207 0.103659
160 111 0.00480769
160 113 0.015544
160 159 0.144385
160 161 0.171296
160 204 0.00534759
160 206 0.0181818
160 207 0.415385
160 208 0.0144231
160 209 0.00495049
161 114 0.0757576
161 115 0.025641
161 160 0.171296
161 162 0.00487805
161 163 0.202073
161 207 0.0259067
161 208 0.00485437
161 209 0.15
161 210 0.00440529
162 115 0.0680272
162 116 0.0635838
162 161 0.00487805
162 163 0.0271739
162 164 0.0427807
162 208 0.0862944
162 209 0.303665
162 210 0.311927
162 211 0.0909091
162 212 0.00649351
163 114 0.079096
163 115 0.0814815
163 116 0.00621118
163 117 0.0276498
163 161 0.202073
163 162 0.0271739
163 164 0.102857
163 209 0.0502793
163 210 0.0728155
164 116 0.0365854
164 117 0.0545455
164 118 0.00740741
164 162 0.0427807
164 163 0.102857
164 165 0.0900474
164 166 0.0280374
164 209 0.00549451
164 210 0.320574
164 211 0.0239521
164 212 0.00689655
164 213 0.0324324
165 116 0.0101523
165 118 0.00595238
165 164 0.0900474
165 166 0.17004
165 167 0.02
165 211 0.045
165 212 0.0168539
165 213 0.440367
165 214 0.0461538
166 116 0.035
166 117 0.078125
166 118 0.292398
166 119 0.140244
166 120 0.0414508
166 121 0.00411523
166 164 0.0280374
166 165 0.17004
166 167 0.251232
166 211 0.00985222
166 213 0.0995475
167 118 0.153226
167 119 0.00854701
167 120 0.0136986
167 121 0.22449
167 165 0.02
167 166 0.251232
167 168 0.0146341
167 213 0.045977
167 214 0.00662252
168 120 0.220513
168 121 0.359184
168 122 0.136719
168 167 0.0146341
168 169 0.0811966
168 215 0.0321101
168 216 0.015544
169 120 0.00571429
169 121 0.0222222
169 122 0.0508475
169 168 0.0811966
169 170 0.0608696
169 214 0.05
169 215 0.469697
169 216 0.0693642
169 217 0.0465116
170 122 0.321429
170 123 0.215909
170 124 0.0705882
170 125 0.0217391
170 169 0.0608696
170 171 0.00636943
170 172 0.0382979
170 215 0.0140187
170 216 0.0582011
170 217 0.359307
170 219 0.014218
171 170 0.00636943
171 172 0.342466
171 217 0.00704225
171 219 0.0737705
171 220 0.0212766
172 124 0.336066
172 125 0.0635838
172 170 0.0382979
172 171 0.342466
172 173 0.0544554
172 174 0.00505051
172 217 0.0181818
172 219 0.18
172 220 0.0821918
172 221 0.0186047
173 124 0.135135
173 128 0.0900901
173 172 0.0544554
173 174 0.0909091
173 219 0.00561798
173 220 0.0558376
173 221 0.196891
174 126 0.341085
174 128 0.238532
174 172 0.00505051
174 173 0.0909091
174 175 0.021164
174 176 0.0122699
174 220 0.176166
174 221 0.100529
174 222 0.119497
175 128 0.0638298
175 129 0.00757576
175 174 0.021164
175 176 0.0333333
175 177 0.0578947
175 220 0.0047619
175 221 0.00970874
175 222 0.323864
175 223 0.0714286
175 224 0.0673575
176 127 0.21
176 128 0.0334928
176 129 0.169811
176 130 0.00546448
176 174 0.0122699
176 175 0.0333333
176 177 0.353659
176 222 0.0933333
176 224 0.0538922
177 127 0.0363636
177 129 0.232759
177 130 0.0310881
177 175 0.0578947
177 176 0.353659
177 222 0.04375
177 223 0.0277778
177 224 0.412429
178 130 0.176471
178 131 0.0228571
178 132 0.0548523
178 179 0.138776
178 223 0.105769
178 224 0.0780488
178 225 0.171875
178 226 0.0394089
179 132 0.154762
179 134 0.019305
179 178 0.138776
179 180 0.0274725
179 225 0.114391
179 226 0.302752
179 227 0.0121212
179 228 0.0364372
180 131 0.00892857
180 132 0.0229885
180 133 0.157895
180 134 0.038674
180 135 0.00636943
180 179 0.0274725
180 181 0.166667
180 226 0.0285714
180 227 0.091954
180 228 0.213018
180 229 0.0126582
180 230 0.0186916
181 133 0.103774
181 134 0.017341
181 135 0.0536913
181 180 0.166667
181 182 0.0941176
181 183 0.117117
181 228 0.0807453
181 229 0.0266667
181 230 0.121212
182 133 0.0106383
182 134 0.0156863
182 135 0.220779
182 136 0.00628931
182 137 0.0677291
182 181 0.0941176
182 183 0.295337
182 184 0.169014
182 228 0.0576132
182 229 0.103448
182 230 0.0883978
182 231 0.163793
183 135 0.0988372
183 136 0.12
183 137 0.0520833
183 181 0.117117
183 182 0.295337
183 184 0.0649351
183 185 0.0188679
183 228 0.00543478
183 230 0.0327869
183 231 0.144509
184 135 0.015625
184 136 0.0166667
184 137 0.0754717
184 138 0.0120482
184 182 0.169014
184 183 0.0649351
184 185 0.290503
184 229 0.0310881
184 230 0.00704225
184 231 0.186529
184 232 0.0291971
184 233 0.0213904
185 136 0.008
185 137 0.179724
185 138 0.280702
185 139 0.130435
185 140 0.0133333
185 183 0.0188679
185 184 0.290503
185 186 0.0680628
185 231 0.0808081
185 232 0.105634
185 233 0.197917
186 138 0.0168539
186 139 0.0046729
186 140 0.00636943
186 185 0.0680628
186 187 0.058296
186 232 0.0536913
186 233 0.386935
186 234 0.25
187 139 0.129707
187 140 0.357143
187 186 0.058296
187 233 0.0357143
187 234 0.0634146
188 141 0.301282
188 142 0.0797872
188 189 0.0176991
188 235 0.0854701
188 237 0.0290698
189 188 0.0176991
189 190 0.0263158
189 235 0.478261
189 236 0.162791
189 237 0.0990099
190 142 0.0846561
190 143 0.0379147
190 189 0.0263158
190 236 0.0347826
190 237 0.16185
190 238 0.147727
190 239 0.0259067
191 144 0.295775
191 146 0.04
191 192 0.133333
191 193 0.00909091
191 236 0.115385
191 238 0.0442478
192 143 0.0842697
192 144 0.277228
192 145 0.0138889
192 146 0.00645161
192 148 0.00787402
192 191 0.133333
192 193 0.05
192 238 0.0769231
192 239 0.10625
193 143 0.00505051
193 144 0.0661157
193 146 0.0114286
193 147 0.013986
193 191 0.00909091
193 192 0.05
193 238 0.0368098
193 239 0.211111
193 240 0.0307692
193 241 0.0324675
194 146 0.272222
194 147 0.0135135
194 148 0.0986842
194 149 0.0382166
194 195 0.0743243
194 196 0.102857
195 146 0.14557
195 147 0.285714
195 148 0.107692
195 194 0.0743243
195 196 0.104575
195 241 0.226277
195 242 0.150794
196 147 0.0392157
196 148 0.0636943
196 149 0.117284
196 194 0.102857
196 195 0.104575
196 197 0.294393
196 241 0.0426829
196 242 0.0849673
197 149 0.316327
197 150 0.0150754
197 151 0.111628
197 196 0.294393
197 198 0.0361991
197 242 0.0160428
197 243 0.199153
197 244 0.00558659
198 151 0.180851
198 152 0.162437
198 197 0.0361991
198 199 0.0454545
198 243 0.0382775
198 245 0.287879
198 246 0.0112994
199 151 0.03125
199 152 0.363184
199 153 0.0463918
199 198 0.0454545
199 200 0.0526316
199 245 0.0294118
199 246 0.237569
199 247 0.195531
199 248 0.035533
200 152 0.0705882
200 153 0.128834
200 154 0.160714
200 155 0.0137931
200 199 0.0526316
200 201 0.31
200 202 0.130682
200 247 0.0337838
200 248 0.174699
201 154 0.0694444
201 200 0.31
201 202 0.00735294
201 247 0.00925926
201 248 0.0952381
202 153 0.0552764
202 154 0.195946
202 155 0.209945
202 156 0.0585106
202 200 0.130682
202 201 0.00735294
202 203 0.0272109
202 248 0.173267
203 157 0.0117647
203 202 0.0272109
203 204 0.0168067
203 205 0.016129
203 250 0.17
203 251 0.30303
204 156 0.01875
204 157 0.0163934
204 158 0.105263
204 159 0.185897
204 160 0.00534759
204 203 0.0168067
204 205 0.298137
204 206 0.179104
204 207 0.0243902
204 251 0.0661765
204 253 0.0223881
205 157 0.125984
205 158 0.089172
205 159 0.0124224
205 203 0.016129
205 204 0.298137
205 206 0.194245
205 207 0.00591716
205 251 0.255319
205 252 0.0197368
205 253 0.0143885
206 157 0.01
206 158 0.0153846
206 159 0.0746269
206 160 0.0181818
206 204 0.179104
206 205 0.194245
206 207 0.316901
206 251 0.00877193
206 253 0.169643
206 254 0.0458716
206 255 0.056
207 159 0.103659
207 160 0.415385
207 161 0.0259067
207 204 0.0243902
207 205 0.00591716
207 206 0.316901
207 208 0.0756757
207 253 0.0422535
207 254 0.028777
207 255 0.0580645
208 160 0.0144231
208 161 0.00485437
208 162 0.0862944
208 207 0.0756757
208 209 0.171875
208 210 0.00456621
208 254 0.184211
208 255 0.440476
208 256 0.0359281
208 257 0.0121951
209 160 0.00495049
209 161 0.15
209 162 0.303665
209 163 0.0502793
209 164 0.00549451
209 208 0.171875
209 210 0.13615
209 211 0.0292398
209 255 0.037037
209 256 0.0186335
209 257 0.00632911
210 161 0.00440529
210 162 0.311927
210 163 0.0728155
210 164 0.320574
210 208 0.00456621
210 209 0.13615
210 211 0.161616
210 257 0.0540541
211 162 0.0909091
211 164 0.0239521
211 165 0.045
211 166 0.00985222
211 209 0.0292398
211 210 0.161616
211 212 0.231343
211 213 0.0517241
211 257 0.0909091
211 258 0.0169492
211 259 0.0703518
212 162 0.00649351
212 164 0.00689655
212 165 0.0168539
212 211 0.231343
212 213 0.0789474
212 257 0.0247934
212 259 0.039548
212 260 0.0735294
213 164 0.0324324
213 165 0.440367
213 166 0.0995475
213 167 0.045977
213 211 0.0517241
213 212 0.0789474
213 259 0.156682
213 260 0.0738636
213 261 0.00561798
213 262 0.0373832
214 165 0.0461538
214 167 0.00662252
214 169 0.05
214 215 0.0792683
214 259 0.00515464
214 260 0.0130719
214 261 0.193548
214 262 0.298429
215 168 0.0321101
215 169 0.469697
215 170 0.0140187
215 214 0.0792683
215 216 0.254777
215 217 0.0100503
215 262 0.062201
215 263 0.0487805
215 264 0.00961538
215 265 0.0325581
216 168 0.015544
216 169 0.0693642
216 170 0.0582011
216 215 0.254777
216 217 0.0402299
216 263 0.057554
216 264 0.0382514
216 265 0.205263
217 169 0.0465116
217 170 0.359307
217 171 0.00704225
217 172 0.0181818
217 215 0.0100503
217 216 0.0402299
217 219 0.0612245
217 264 0.142222
217 265 0.142241
217 266 0.0144231
218 219 0.263158
218 221 0.00675676
218 264 0.00617284
218 265 0.0946746
218 266 0.0344828
218 267 0.00714286
219 170 0.014218
219 171 0.0737705
219 172 0.18
219 173 0.00561798
219 217 0.0612245
219 218 0.263158
219 220 0.0820513
219 221 0.0418848
219 264 0.0097561
219 265 0.0707547
219 266 0.244681
219 267 0.00546448
220 171 0.0212766
220 172 0.0821918
220 173 0.0558376
220 174 0.176166
220 175 0.0047619
220 219 0.0820513
220 221 0.504762
220 222 0.0444444
220 266 0.130435
220 267 0.00990099
220 268 0.0268456
220 269 0.0643564
221 172 0.0186047
221 173 0.196891
221 174 0.100529
221 175 0.00970874
221 218 0.00675676
221 219 0.0418848
221 220 0.504762
221 222 0.0397727
221 266 0.118227
221 267 0.010101
221 269 0.166667
221 270 0.00497512
222 174 0.119497
222 175 0.323864
222 176 0.0933333
222 177 0.04375
222 220 0.0444444
222 221 0.0397727
222 223 0.0180723
222 224 0.0122699
222 268 0.00869565
222 269 0.0714286
222 270 0.134503
223 175 0.0714286
223 177 0.0277778
223 178 0.105769
223 222 0.0180723
223 224 0.131148
223 225 0.0641026
223 270 0.052356
223 271 0.21
223 272 0.0434783
224 175 0.0673575
224 176 0.0538922
224 177 0.412429
224 178 0.0780488
224 222 0.0122699
224 223 0.131148
224 225 0.034632
224 270 0.0265957
224 272 0.0892857
225 178 0.171875
225 179 0.114391
225 223 0.0641026
225 224 0.034632
225 226 0.327511
225 271 0.0685484
225 272 0.0797546
226 178 0.0394089
226 179 0.302752
226 180 0.0285714
226 225 0.327511
226 272 0.0454545
226 274 0.0751445
226 275 0.015873
227 179 0.0121212
227 180 0.091954
227 228 0.0986842
227 273 0.330097
227 274 0.0333333
227 275 0.0367647
228 179 0.0364372
228 180 0.213018
228 181 0.0807453
228 182 0.0576132
228 183 0.00543478
228 227 0.0986842
228 229 0.139013
228 230 0.0813954
228 273 0.0486486
228 274 0.0693069
228 275 0.00917431
228 276 0.0926829
229 180 0.0126582
229 181 0.0266667
229 182 0.103448
229 184 0.0310881
229 228 0.139013
229 230 0.167702
229 231 0.0424528
229 273 0.103448
229 274 0.0052356
229 275 0.0531401
229 276 0.175258
229 277 0.156522
229 278 0.0157068
230 180 0.0186916
230 181 0.121212
230 182 0.0883978
230 183 0.0327869
230 184 0.00704225
230 228 0.0813954
230 229 0.167702
230 231 0.118012
230 273 0.0243902
230 276 0.048951
230 277 0.134078
230 278 0.00714286
231 182 0.163793
231 183 0.144509
231 184 0.186529
231 185 0.0808081
231 229 0.0424528
231 230 0.118012
231 232 0.0833333
231 233 0.0194175
231 277 0.282609
231 278 0.0837696
231 279 0.0878049
231 280 0.00448431
232 184 0.0291971
232 185 0.105634
232 186 0.0536913
232 231 0.0833333
232 233 0.146667
232 279 0.214765
232 280 0.00598802
233 184 0.0213904
233 185 0.197917
233 186 0.386935
233 187 0.0357143
233 231 0.0194175
233 232 0.146667
233 234 0.0441989
233 278 0.0108108
233 279 0.165829
233 280 0.0506912
234 186 0.25
234 187 0.0634146
234 233 0.0441989
234 280 0.010101
235 188 0.0854701
235 189 0.478261
235 237 0.0571429
235 282 0.160494
235 283 0.00826446
236 189 0.162791
236 190 0.0347826
236 191 0.115385
236 237 0.0490196
236 238 0.0857143
236 239 0.00819672
237 188 0.0290698
237 189 0.0990099
237 190 0.16185
237 235 0.0571429
237 236 0.0490196
237 238 0.0490798
237 282 0.0808824
237 283 0.113636
237 284 0.103093
237 285 0.00483092
238 190 0.147727
238 191 0.0442478
238 192 0.0769231
238 193 0.0368098
238 236 0.0857143
238 237 0.0490798
238 239 0.0273224
239 190 0.0259067
239 192 0.10625
239 193 0.211111
239 236 0.00819672
239 238 0.0273224
239 240 0.0133333
239 285 0.140969
239 286 0.0526316
240 193 0.0307692
240 239 0.0133333
240 241 0.201613
240 286 0.107843
240 287 0.13
241 193 0.0324675
241 195 0.226277
241 196 0.0426829
241 240 0.201613
241 242 0.0656934
241 287 0.209677
242 195 0.150794
242 196 0.0849673
242 197 0.0160428
242 241 0.0656934
242 287 0.00884956
242 288 0.0952381
242 289 0.0965517
243 197 0.199153
243 198 0.0382775
243 244 0.107784
243 289 0.0773196
243 290 0.0776256
243 291 0.185185
243 292 0.0047619
244 197 0.00558659
244 243 0.107784
244 289 0.00729927
244 290 0.0123457
244 291 0.377358
245 198 0.287879
245 199 0.0294118
245 293 0.131387
245 294 0.00649351
246 198 0.0112994
246 199 0.237569
246 247 0.00632911
246 248 0.0113636
247 199 0.195531
247 200 0.0337838
247 201 0.00925926
247 246 0.00632911
247 248 0.224138
247 249 0.0070922
247 294 0.137056
248 199 0.035533
248 200 0.174699
248 201 0.0952381
248 202 0.173267
248 246 0.0113636
248 247 0.224138
248 249 0.0188679
248 294 0.0372093
248 296 0.0597015
249 247 0.0070922
249 248 0.0188679
249 250 0.0737705
249 295 0.0124224
249 296 0.327381
249 297 0.168605
250 203 0.17
250 249 0.0737705
250 251 0.00854701
250 252 0.101563
250 296 0.0243902
250 297 0.0119048
250 298 0.166667
251 203 0.30303
251 204 0.0661765
251 205 0.255319
251 206 0.00877193
251 250 0.00854701
251 252 0.015748
251 298 0.142857
252 205 0.0197368
252 250 0.101563
252 251 0.015748
252 253 0.096
252 298 0.0227273
252 300 0.187919
253 204 0.0223881
253 205 0.0143885
253 206 0.169643
253 207 0.0422535
253 252 0.096
253 254 0.201835
253 255 0.168
253 299 0.0533333
253 300 0.257353
253 301 0.0070922
254 206 0.0458716
254 207 0.028777
254 208 0.184211
254 253 0.201835
254 255 0.393443
254 300 0.075188
254 301 0.00724638
254 302 0.00917431
254 303 0.00757576
255 206 0.056
255 207 0.0580645
255 208 0.440476
255 209 0.037037
255 253 0.168
255 254 0.393443
255 256 0.00729927
255 300 0.0201342
255 301 0.00649351
255 302 0.024
255 303 0.0337838
256 208 0.0359281
256 209 0.0186335
256 255 0.00729927
256 257 0.105263
256 302 0.387097
256 303 0.115646
256 304 0.00645161
256 305 0.077381
257 208 0.0121951
257 209 0.00632911
257 210 0.0540541
257 211 0.0909091
257 212 0.0247934
257 256 0.105263
257 258 0.0761905
257 259 0.0268817
257 302 0.0330578
257 304 0.0986842
257 305 0.30303
258 211 0.0169492
258 257 0.0761905
258 259 0.149068
258 304 0.015748
258 305 0.0142857
258 306 0.0683761
258 307 0.220339
259 211 0.0703518
259 212 0.039548
259 213 0.156682
259 214 0.00515464
259 257 0.0268817
259 258 0.149068
259 260 0.154229
259 262 0.0125523
259 304 0.0384615
259 306 0.242424
259 307 0.40201
259 308 0.0336134
260 212 0.0735294
260 213 0.0738636
260 214 0.0130719
260 259 0.154229
260 261 0.0617284
260 262 0.131313
260 306 0.146497
260 307 0.0379747
260 308 0.106599
261 213 0.00561798
261 214 0.193548
261 260 0.0617284
261 262 0.26
261 263 0.0774194
261 307 0.00625
261 308 0.241206
261 310 0.137931
262 213 0.0373832
262 214 0.298429
262 215 0.062201
262 259 0.0125523
262 260 0.131313
262 261 0.26
262 307 0.00510204
262 308 0.012766
262 310 0.0334728
263 215 0.0487805
263 216 0.057554
263 261 0.0774194
263 264 0.0789474
263 265 0.121827
263 308 0.0105263
263 310 0.221649
264 215 0.00961538
264 216 0.0382514
264 217 0.142222
264 218 0.00617284
264 219 0.0097561
264 263 0.0789474
264 265 0.456432
264 266 0.0184332
264 267 0.00943396
264 312 0.010582
265 215 0.0325581
265 216 0.205263
265 217 0.142241
265 218 0.0946746
265 219 0.0707547
265 263 0.121827
265 264 0.456432
265 266 0.0178571
265 310 0.044898
265 311 0.013986
265 312 0.0459184
266 217 0.0144231
266 218 0.0344828
266 219 0.244681
266 220 0.130435
266 221 0.118227
266 264 0.0184332
266 265 0.0178571
266 267 0.323077
266 269 0.0205128
266 312 0.0813954
266 314 0.00473934
266 315 0.0309735
267 218 0.00714286
267 219 0.00546448
267 220 0.00990099
267 221 0.010101
267 264 0.00943396
267 266 0.323077
267 269 0.0842105
267 312 0.0958084
267 314 0.0485437
267 315 0.0271493
268 220 0.0268456
268 222 0.00869565
268 269 0.0510949
268 270 0.0785714
268 314 0.0130719
268 315 0.297619
268 316 0.0192308
269 220 0.0643564
269 221 0.166667
269 222 0.0714286
269 266 0.0205128
269 267 0.0842105
269 268 0.0510949
269 270 0.0777202
269 314 0.0145631
269 315 0.38914
269 316 0.0143541
270 221 0.00497512
270 222 0.134503
270 223 0.052356
270 224 0.0265957
270 268 0.0785714
270 269 0.0777202
270 271 0.0195122
270 315 0.0357143
270 316 0.235849
271 223 0.21
271 225 0.0685484
271 270 0.0195122
271 272 0.0155039
271 316 0.135747
271 318 0.108108
271 319 0.0745614
272 223 0.0434783
272 224 0.0892857
272 225 0.0797546
272 226 0.0454545
272 271 0.0155039
272 319 0.020979
272 320 0.131148
273 227 0.330097
273 228 0.0486486
273 229 0.103448
273 230 0.0243902
273 274 0.143791
273 275 0.213018
273 276 0.00641026
273 320 0.11215
273 321 0.133758
273 322 0.160377
274 226 0.0751445
274 227 0.0333333
274 228 0.0693069
274 229 0.0052356
274 273 0.143791
274 275 0.451613
274 276 0.0404624
274 319 0.0776699
274 320 0.153226
274 321 0.0747126
274 322 0.00813008
274 323 0.0133333
275 226 0.015873
275 227 0.0367647
275 228 0.00917431
275 229 0.0531401
275 273 0.213018
275 274 0.451613
275 276 0.15873
275 319 0.00900901
275 320 0.0642857
275 321 0.147368
275 322 0.057554
276 228 0.0926829
276 229 0.175258
276 230 0.048951
276 273 0.00641026
276 274 0.0404624
276 275 0.15873
276 277 0.0518868
276 321 0.00564972
276 322 0.015873
276 323 0.0522876
276 324 0.0238095
276 325 0.0119048
277 229 0.156522
277 230 0.134078
277 231 0.282609
277 276 0.0518868
277 278 0.373206
277 279 0.0941704
277 280 0.00414938
277 324 0.117284
277 325 0.0686275
277 326 0.042654
278 229 0.0157068
278 230 0.00714286
278 231 0.0837696
278 233 0.0108108
278 277 0.373206
278 279 0.13587
278 280 0.0594059
278 324 0.0162602
278 325 0.127273
278 326 0.290698
278 327 0.00458716
279 231 0.0878049
279 232 0.214765
279 233 0.165829
279 277 0.0941704
279 278 0.13587
279 280 0.175926
279 325 0.027933
279 326 0.0430108
279 327 0.0215517
280 231 0.00448431
280 232 0.00598802
280 233 0.0506912
280 234 0.010101
280 277 0.00414938
280 278 0.0594059
280 279 0.175926
280 281 0.0802139
280 325 0.0406091
280 326 0.102941
280 327 0.384
280 328 0.00961538
281 280 0.0802139
281 327 0.044335
281 328 0.291925
282 235 0.160494
282 237 0.0808824
282 283 0.184211
282 329 0.0384615
283 235 0.00826446
283 237 0.113636
283 282 0.184211
283 284 0.0666667
283 329 0.252941
283 330 0.0535714
284 237 0.103093
284 283 0.0666667
284 285 0.0580913
284 330 0.193548
284 331 0.138298
285 237 0.00483092
285 239 0.140969
285 284 0.0580913
285 286 0.027933
285 331 0.253731
285 332 0.108491
286 239 0.0526316
286 240 0.107843
286 285 0.027933
286 332 0.116788
286 333 0.175258
287 240 0.13
287 241 0.209677
287 242 0.00884956
287 333 0.0526316
287 334 0.21875
288 242 0.0952381
288 289 0.0322581
288 290 0.0201342
288 334 0.0795455
