0 1 0.16
0 47 0.315789
0 48 0.042735
1 0 0.16
1 2 0.101449
1 48 0.137931
1 49 0.0240964
2 1 0.101449
2 3 0.208333
2 49 0.0609756
2 50 0.0166667
3 2 0.208333
3 5 0.0263158
3 50 0.0405405
3 51 0.220126
4 5 0.280702
4 50 0.0479042
4 51 0.0955056
4 52 0.0931677
5 3 0.0263158
5 4 0.280702
5 6 0.0608108
5 51 0.128342
5 52 0.141176
6 5 0.0608108
6 7 0.157303
6 8 0.06
6 52 0.333333
6 54 0.0208333
7 6 0.157303
7 8 0.287671
7 52 0.018018
7 54 0.034188
8 6 0.06
8 7 0.287671
8 10 0.117647
8 52 0.0491803
8 53 0.0344828
8 54 0.164062
9 10 0.3
9 11 0.223684
9 12 0.0609756
9 57 0.0866667
10 8 0.117647
10 9 0.3
10 54 0.0490798
10 55 0.123288
10 57 0.0208333
11 9 0.223684
11 12 0.346667
11 13 0.0180723
12 9 0.0609756
12 11 0.346667
12 13 0.185393
12 57 0.0675676
13 11 0.0180723
13 12 0.185393
13 14 0.134831
13 59 0.011976
13 60 0.218085
13 62 0.109827
14 13 0.134831
14 15 0.337838
14 62 0.0764331
14 63 0.142077
15 14 0.337838
15 16 0.0272109
15 17 0.111111
15 63 0.0828402
16 15 0.0272109
16 17 0.366337
16 19 0.0529101
16 63 0.010989
16 64 0.00564972
17 15 0.111111
17 16 0.366337
17 63 0.263393
17 64 0.0958904
17 65 0.00980392
18 19 0.331707
18 20 0.0662651
18 66 0.182741
18 67 0.0215054
19 16 0.0529101
19 18 0.331707
19 64 0.0242718
19 66 0.0047619
19 67 0.0351759
20 18 0.0662651
20 22 0.186047
20 66 0.309942
20 69 0.0052356
21 22 0.0939597
21 23 0.219512
21 24 0.0148148
21 68 0.0909091
21 69 0.178571
21 70 0.0206186
22 20 0.186047
22 21 0.0939597
22 23 0.191781
22 66 0.0640394
22 67 0.015625
22 69 0.26009
22 70 0.0394737
22 71 0.00515464
23 21 0.219512
23 22 0.191781
23 24 0.180488
23 68 0.0140845
23 69 0.163866
23 70 0.191617
23 71 0.100478
24 21 0.0148148
24 23 0.180488
24 26 0.0909091
24 70 0.0362319
24 71 0.0611111
24 72 0.157303
25 26 0.350365
25 27 0.181818
25 73 0.107143
25 75 0.0124224
26 24 0.0909091
26 25 0.350365
26 70 0.0314961
26 71 0.00591716
26 72 0.0898204
26 73 0.0540541
26 75 0.0561798
27 25 0.181818
27 28 0.292683
27 73 0.102041
27 74 0.0515464
27 76 0.00862069
28 27 0.292683
28 29 0.0875
28 76 0.166667
29 28 0.0875
29 30 0.15942
29 76 0.0877193
29 78 0.060241
30 29 0.15942
30 31 0.158537
30 78 0.0641026
31 30 0.158537
31 32 0.151786
31 79 0.0652174
31 80 0.0224719
32 31 0.151786
32 33 0.181102
32 80 0.029703
32 81 0.0961538
33 32 0.181102
33 34 0.14
33 35 0.0843373
33 81 0.0841122
34 33 0.14
34 35 0.0882353
34 36 0.0326087
35 33 0.0843373
35 34 0.0882353
35 36 0.234177
35 37 0.02
35 81 0.020979
35 82 0.208333
35 83 0.0427807
36 34 0.0326087
36 35 0.234177
36 37 0.179487
37 35 0.02
37 36 0.179487
37 38 0.153333
37 83 0.291892
37 85 0.0103627
38 37 0.153333
38 40 0.0307692
38 85 0.0413793
38 86 0.0994152
39 86 0.22449
40 38 0.0307692
40 41 0.170068
40 86 0.080402
40 87 0.0706522
40 89 0.220339
41 40 0.170068
41 42 0.25
41 43 0.106918
41 89 0.060241
42 41 0.25
42 43 0.163265
43 41 0.106918
43 42 0.163265
43 44 0.122302
43 89 0.116402
43 91 0.103448
44 43 0.122302
44 45 0.0666667
44 91 0.117647
45 44 0.0666667
45 46 0.202128
45 91 0.108108
45 93 0.134454
46 45 0.202128
46 93 0.151515
47 0 0.315789
47 48 0.00719424
47 94 0.119266
47 95 0.271357
48 0 0.042735
48 1 0.137931
48 47 0.00719424
48 49 0.25
48 95 0.128049
48 96 0.0103093
49 1 0.0240964
49 2 0.0609756
49 48 0.25
49 96 0.258065
50 2 0.0166667
50 3 0.0405405
50 4 0.0479042
50 51 0.311475
50 96 0.0458015
50 97 0.310127
51 3 0.220126
51 4 0.0955056
51 5 0.128342
51 50 0.311475
52 4 0.0931677
52 5 0.141176
52 6 0.333333
52 7 0.018018
52 8 0.0491803
52 53 0.00649351
52 99 0.0948276
52 100 0.0202703
53 8 0.0344828
53 52 0.00649351
53 54 0.44375
53 99 0.0363636
53 100 0.161972
53 101 0.161677
54 6 0.0208333
54 7 0.034188
54 8 0.164062
54 10 0.0490798
54 53 0.44375
54 55 0.083871
54 99 0.0245902
54 100 0.0779221
54 101 0.0111732
55 10 0.123288
55 54 0.083871
55 56 0.0170455
55 57 0.0294118
55 101 0.111111
55 102 0.369863
56 55 0.0170455
56 57 0.103448
56 58 0.0458716
56 102 0.25
56 103 0.0185185
56 104 0.365591
56 105 0.0152284
57 9 0.0866667
57 10 0.0208333
57 12 0.0675676
57 55 0.0294118
57 56 0.103448
57 58 0.0224719
57 105 0.242038
58 56 0.0458716
58 57 0.0224719
58 59 0.116022
58 103 0.0060241
58 104 0.0210526
58 105 0.248756
58 106 0.202454
59 13 0.011976
59 58 0.116022
59 60 0.434783
59 61 0.0515464
59 105 0.0875
59 106 0.237705
60 13 0.218085
60 59 0.434783
60 61 0.0930233
60 62 0.197605
60 105 0.0276243
60 106 0.041958
61 59 0.0515464
61 60 0.0930233
61 62 0.215
61 63 0.00442478
61 107 0.117347
61 108 0.170103
61 109 0.0208333
61 110 0.019802
62 13 0.109827
62 14 0.0764331
62 60 0.197605
62 61 0.215
62 63 0.0955056
62 107 0.00675676
62 108 0.116438
62 109 0.00694444
62 110 0.012987
63 14 0.142077
63 15 0.0828402
63 16 0.010989
63 17 0.263393
63 61 0.00442478
63 62 0.0955056
63 64 0.110553
63 65 0.00543478
63 108 0.139535
63 110 0.0277778
64 16 0.00564972
64 17 0.0958904
64 19 0.0242718
64 63 0.110553
64 65 0.329609
64 110 0.0571429
64 111 0.00970874
64 112 0.157895
64 113 0.00952381
65 17 0.00980392
65 63 0.00543478
65 64 0.329609
65 110 0.05
65 112 0.0857143
65 113 0.102564
66 18 0.182741
66 19 0.0047619
66 20 0.309942
66 22 0.0640394
66 67 0.282723
66 69 0.00900901
66 112 0.00515464
66 115 0.0231481
67 18 0.0215054
67 19 0.0351759
67 22 0.015625
67 66 0.282723
67 112 0.185792
67 113 0.0147783
67 114 0.0243902
67 115 0.0390244
68 21 0.0909091
68 23 0.0140845
68 69 0.170507
68 71 0.037234
68 114 0.0352941
68 115 0.0331754
68 116 0.0418848
68 117 0.424528
69 20 0.0052356
69 21 0.178571
69 22 0.26009
69 23 0.163866
69 66 0.00900901
69 68 0.170507
69 71 0.00938967
69 114 0.107692
69 115 0.148305
69 116 0.00462963
69 117 0.0843882
70 21 0.0206186
70 22 0.0394737
70 23 0.191617
70 24 0.0362319
70 26 0.0314961
70 71 0.0774648
71 22 0.00515464
71 23 0.100478
71 24 0.0611111
71 26 0.00591716
71 68 0.037234
71 69 0.00938967
71 70 0.0774648
71 72 0.032967
71 116 0.390374
71 117 0.0528846
71 119 0.0287356
72 24 0.157303
72 26 0.0898204
72 71 0.032967
72 73 0.020202
72 75 0.193717
72 118 0.0337079
72 119 0.139535
72 120 0.202247
72 121 0.00581395
73 25 0.107143
73 26 0.0540541
73 27 0.102041
73 72 0.020202
73 74 0.253012
73 75 0.38756
73 120 0.00510204
73 122 0.164179
73 123 0.00649351
74 27 0.0515464
74 73 0.253012
74 121 0.00714286
74 122 0.264901
74 123 0.201923
75 25 0.0124224
75 26 0.0561798
75 72 0.193717
75 73 0.38756
75 119 0.0382514
75 120 0.0740741
75 121 0.0327869
75 122 0.0412371
76 27 0.00862069
76 28 0.166667
76 29 0.0877193
76 77 0.00653595
76 78 0.0406504
76 123 0.162602
76 124 0.267176
77 76 0.00653595
77 78 0.0655738
77 123 0.0983607
77 124 0.0615385
77 125 0.261628
77 126 0.0229008
78 29 0.060241
78 30 0.0641026
78 76 0.0406504
78 77 0.0655738
78 79 0.159091
78 124 0.09
78 126 0.0693069
79 31 0.0652174
79 78 0.159091
79 80 0.135802
79 126 0.0103093
79 127 0.07
80 31 0.0224719
80 32 0.029703
80 79 0.135802
80 81 0.222222
80 127 0.0103093
80 128 0.076087
80 129 0.0444444
81 32 0.0961538
81 33 0.0841122
81 35 0.020979
81 80 0.222222
81 82 0.0458716
81 129 0.0537634
81 130 0.0210526
82 35 0.208333
82 81 0.0458716
82 83 0.196078
82 84 0.180556
82 130 0.166667
83 35 0.0427807
83 37 0.291892
83 82 0.196078
83 84 0.202454
83 85 0.0555556
84 82 0.180556
84 83 0.202454
84 85 0.175439
84 130 0.115385
84 131 0.0206897
85 37 0.0103627
85 38 0.0413793
85 83 0.0555556
85 84 0.175439
85 86 0.0747664
85 87 0.105528
85 131 0.179012
85 133 0.134969
86 38 0.0994152
86 39 0.22449
86 40 0.080402
86 85 0.0747664
86 87 0.253333
87 40 0.0706522
87 85 0.105528
87 86 0.253333
87 89 0.0640394
87 133 0.178161
87 135 0.0330189
88 89 0.317829
89 40 0.220339
89 41 0.060241
89 43 0.116402
89 87 0.0640394
89 88 0.317829
89 133 0.00598802
89 135 0.0390244
89 136 0.0578947
90 91 0.00952381
90 137 0.33908
91 43 0.103448
91 44 0.117647
91 45 0.108108
91 90 0.00952381
91 92 0.020979
91 93 0.0431034
91 137 0.0508475
91 139 0.128571
92 91 0.020979
92 93 0.00662252
92 137 0.0424528
92 139 0.440816
93 45 0.134454
93 46 0.151515
93 91 0.0431034
93 92 0.00662252
93 139 0.0779817
93 140 0.103448
94 47 0.119266
94 95 0.37037
94 141 0.304965
95 47 0.271357
95 48 0.128049
95 94 0.37037
95 141 0.0494297
95 142 0.0427807
95 144 0.0170455
96 48 0.0103093
96 49 0.258065
96 50 0.0458015
96 97 0.0940171
96 143 0.0614035
96 144 0.0275229
97 50 0.310127
97 96 0.0940171
97 98 0.123967
97 143 0.212766
98 97 0.123967
98 99 0.0823529
98 100 0.017094
98 143 0.161017
98 145 0.11194
98 146 0.0763359
99 52 0.0948276
99 53 0.0363636
99 54 0.0245902
99 98 0.0823529
99 100 0.153846
100 52 0.0202703
100 53 0.161972
100 54 0.0779221
100 98 0.017094
100 99 0.153846
100 101 0.130435
100 145 0.104575
100 146 0.08
100 147 0.10559
101 53 0.161677
101 54 0.0111732
101 55 0.111111
101 100 0.130435
101 102 0.00588235
101 147 0.225806
101 148 0.13
101 149 0.121429
102 55 0.369863
102 56 0.25
102 101 0.00588235
102 104 0.025641
102 148 0.13587
102 150 0.00578035
102 151 0.00606061
103 56 0.0185185
103 58 0.0060241
103 104 0.402985
103 150 0.00662252
103 151 0.223776
104 56 0.365591
104 58 0.0210526
104 102 0.025641
104 103 0.402985
104 150 0.00571429
104 151 0.269461
105 56 0.0152284
105 57 0.242038
105 58 0.248756
105 59 0.0875
105 60 0.0276243
105 106 0.056338
105 152 0.161111
106 58 0.202454
106 59 0.237705
106 60 0.041958
106 105 0.056338
106 153 0.0298507
106 154 0.105263
107 61 0.117347
107 62 0.00675676
107 108 0.0211268
107 109 0.0642857
107 153 0.0584416
107 154 0.409524
107 155 0.163043
108 61 0.170103
108 62 0.116438
108 63 0.139535
108 107 0.0211268
108 109 0.0144928
108 110 0.101351
108 155 0.021978
109 61 0.0208333
109 62 0.00694444
109 107 0.0642857
109 108 0.0144928
109 110 0.356164
109 155 0.0777778
109 156 0.0484848
109 158 0.0127389
110 61 0.019802
110 62 0.012987
110 63 0.0277778
110 64 0.0571429
110 65 0.05
110 108 0.101351
110 109 0.356164
110 111 0.0748663
110 155 0.00526316
110 156 0.0742857
110 157 0.00729927
110 158 0.143713
111 64 0.00970874
111 110 0.0748663
111 113 0.0045045
111 156 0.126214
111 157 0.303571
111 158 0.383838
111 160 0.144928
112 64 0.157895
112 65 0.0857143
112 66 0.00515464
112 67 0.185792
112 113 0.0582524
112 114 0.011976
112 160 0.0314136
113 64 0.00952381
113 65 0.102564
113 67 0.0147783
113 111 0.0045045
113 112 0.0582524
113 114 0.0374332
113 157 0.0232558
113 158 0.0891089
113 159 0.309783
113 160 0.450237
113 162 0.036036
114 67 0.0243902
114 68 0.0352941
114 69 0.107692
114 112 0.011976
114 113 0.0374332
114 115 0.354497
114 159 0.0137931
114 161 0.0625
114 162 0.0382514
114 163 0.0434783
115 66 0.0231481
115 67 0.0390244
115 68 0.0331754
115 69 0.148305
115 114 0.354497
115 117 0.0735931
115 161 0.412935
115 162 0.0625
115 163 0.0128205
116 68 0.0418848
116 69 0.00462963
116 71 0.390374
116 117 0.303318
116 118 0.0765027
116 119 0.0112994
116 164 0.0047619
117 68 0.424528
117 69 0.0843882
117 71 0.0528846
117 115 0.0735931
117 116 0.303318
117 161 0.00990099
117 164 0.030303
118 72 0.0337079
118 116 0.0765027
118 119 0.205882
118 120 0.0284091
118 164 0.0147783
118 165 0.323308
118 166 0.0642857
118 167 0.0574713
119 71 0.0287356
119 72 0.139535
119 75 0.0382514
119 116 0.0112994
119 118 0.205882
119 120 0.423529
119 121 0.0121951
119 165 0.023622
119 166 0.00746269
119 167 0.14881
119 168 0.0290698
120 72 0.202247
120 73 0.00510204
120 75 0.0740741
120 118 0.0284091
120 119 0.423529
120 121 0.152941
120 167 0.00574713
120 168 0.0561798
121 72 0.00581395
121 74 0.00714286
121 75 0.0327869
121 119 0.0121951
121 120 0.152941
121 122 0.114286
121 167 0.0178571
121 168 0.372093
121 169 0.265306
121 170 0.00628931
122 73 0.164179
122 74 0.264901
122 75 0.0412371
122 121 0.114286
122 123 0.00719424
122 168 0.0491803
122 169 0.14557
122 170 0.170588
123 73 0.00649351
123 74 0.201923
123 76 0.162602
123 77 0.0983607
123 122 0.00719424
123 124 0.02
123 170 0.170732
124 76 0.267176
124 77 0.0615385
124 78 0.09
124 123 0.02
125 77 0.261628
125 171 0.047619
125 172 0.0888889
125 174 0.309942
126 77 0.0229008
126 78 0.0693069
126 79 0.0103093
126 127 0.20354
126 174 0.223077
126 175 0.07
127 79 0.07
127 80 0.0103093
127 126 0.20354
127 128 0.189189
127 174 0.0225564
127 175 0.0970874
128 80 0.076087
128 127 0.189189
128 129 0.182692
128 175 0.0510204
128 176 0.0173913
129 80 0.0444444
129 81 0.0537634
129 128 0.182692
129 130 0.201923
129 177 0.0106383
130 81 0.0210526
130 82 0.166667
130 84 0.115385
130 129 0.201923
130 131 0.0495868
130 177 0.0416667
131 84 0.0206897
131 85 0.179012
131 130 0.0495868
131 132 0.12
131 133 0.0291971
131 177 0.144144
132 131 0.12
132 133 0.15873
132 134 0.0172414
132 177 0.06
132 179 0.164062
132 181 0.110092
133 85 0.134969
133 87 0.178161
133 89 0.00598802
133 131 0.0291971
133 132 0.15873
133 134 0.164062
133 135 0.0340909
133 181 0.00826446
134 132 0.0172414
134 133 0.164062
134 135 0.283133
134 136 0.00662252
134 181 0.144144
134 183 0.130435
135 87 0.0330189
135 89 0.0390244
135 133 0.0340909
135 134 0.283133
135 136 0.246231
135 183 0.0785714
135 184 0.00636943
136 89 0.0578947
136 134 0.00662252
136 135 0.246231
136 137 0.162791
136 138 0.035461
136 184 0.028169
136 185 0.00735294
137 90 0.33908
137 91 0.0508475
137 92 0.0424528
137 136 0.162791
137 138 0.00581395
137 139 0.0824373
138 136 0.035461
138 137 0.00581395
138 139 0.0634146
138 185 0.0645161
138 186 0.245455
139 91 0.128571
139 92 0.440816
139 93 0.0779817
139 137 0.0824373
139 138 0.0634146
139 140 0.0761905
139 186 0.00921659
140 93 0.103448
140 139 0.0761905
140 186 0.130435
140 187 0.0918367
141 94 0.304965
141 95 0.0494297
141 142 0.141593
141 188 0.301587
141 189 0.0234742
142 95 0.0427807
142 141 0.141593
142 144 0.0863309
142 188 0.0568182
142 189 0.357664
142 190 0.016129
143 96 0.0614035
143 97 0.212766
143 98 0.161017
143 144 0.300752
143 190 0.0169492
143 191 0.00746269
144 95 0.0170455
144 96 0.0275229
144 142 0.0863309
144 143 0.300752
144 189 0.0793651
144 190 0.0530973
144 191 0.0232558
145 98 0.11194
145 100 0.104575
145 146 0.341317
145 190 0.0149254
145 191 0.14
146 98 0.0763359
146 100 0.08
146 145 0.341317
146 147 0.0857143
146 191 0.0272109
146 192 0.151899
147 100 0.10559
147 101 0.225806
147 146 0.0857143
147 148 0.055
147 192 0.0473373
147 193 0.294479
147 194 0.00598802
147 195 0.00571429
148 101 0.13
148 102 0.13587
148 147 0.055
148 149 0.357143
148 150 0.00492611
148 193 0.0112994
148 194 0.038674
148 195 0.164021
148 196 0.0361446
149 101 0.121429
149 148 0.357143
149 195 0.0232558
149 196 0.103774
150 102 0.00578035
150 103 0.00662252
150 104 0.00571429
150 148 0.00492611
150 151 0.13587
150 195 0.0280899
150 196 0.303226
150 197 0.0457143
150 198 0.357466
151 102 0.00606061
151 103 0.223776
151 104 0.269461
151 150 0.13587
151 152 0.00561798
151 196 0.047619
151 197 0.107784
151 198 0.084507
152 105 0.161111
152 151 0.00561798
152 198 0.0372093
152 199 0.276923
153 106 0.0298507
153 107 0.0584416
153 154 0.0727273
153 199 0.13369
153 200 0.283784
153 201 0.0666667
154 106 0.105263
154 107 0.409524
154 153 0.0727273
154 155 0.056
154 199 0.0123457
154 201 0.00423729
154 202 0.119171
155 107 0.163043
155 108 0.021978
155 109 0.0777778
155 110 0.00526316
155 154 0.056
155 156 0.15311
155 201 0.171429
155 202 0.167665
155 203 0.216981
155 204 0.0549451
156 109 0.0484848
156 110 0.0742857
156 111 0.126214
156 155 0.15311
156 157 0.00641026
156 158 0.129032
156 203 0.00507614
156 204 0.0598802
156 206 0.00671141
157 110 0.00729927
157 111 0.303571
157 113 0.0232558
157 156 0.00641026
157 158 0.0810811
157 159 0.00769231
157 160 0.159236
157 206 0.00900901
158 109 0.0127389
158 110 0.143713
158 111 0.383838
158 113 0.0891089
158 156 0.129032
158 157 0.0810811
158 159 0.13125
158 160 0.0641711
159 113 0.309783
159 114 0.0137931
159 157 0.00769231
159 158 0.13125
159 160 0.0591716
159 162 0.0111111
159 205 0.1
159 206 0.0487805
159 208 0.0898204
159 209 0.00609756
160 111 0.144928
160 112 0.0314136
160 113 0.450237
160 157 0.159236
160 158 0.0641711
160 159 0.0591716
160 206 0.0533333
160 207 0.124294
160 208 0.0360825
161 114 0.0625
161 115 0.412935
161 117 0.00990099
161 162 0.112821
161 163 0.015748
161 207 0.0848485
161 210 0.00628931
162 113 0.036036
162 114 0.0382514
162 115 0.0625
162 159 0.0111111
162 161 0.112821
162 163 0.0333333
162 207 0.319149
162 208 0.0926829
162 209 0.193069
162 210 0.0659341
163 114 0.0434783
163 115 0.0128205
163 161 0.015748
163 162 0.0333333
163 164 0.269231
163 209 0.0746269
163 210 0.0526316
164 116 0.0047619
164 117 0.030303
164 118 0.0147783
164 163 0.269231
164 165 0.00625
164 209 0.00480769
164 210 0.297872
164 211 0.0970874
164 212 0.00574713
165 118 0.323308
165 119 0.023622
165 164 0.00625
165 166 0.0309278
165 211 0.00735294
166 118 0.0642857
166 119 0.00746269
166 165 0.0309278
166 167 0.514493
166 168 0.0140845
166 211 0.00699301
166 213 0.00847458
167 118 0.0574713
167 119 0.14881
167 120 0.00574713
167 121 0.0178571
167 166 0.514493
167 168 0.193182
167 169 0.00662252
167 211 0.0169492
167 213 0.0526316
167 214 0.00735294
168 119 0.0290698
168 120 0.0561798
168 121 0.372093
168 122 0.0491803
168 166 0.0140845
168 167 0.193182
168 169 0.23871
168 214 0.00714286
168 215 0.0574713
168 216 0.00606061
169 121 0.265306
169 122 0.14557
169 167 0.00662252
169 168 0.23871
169 170 0.084507
169 214 0.00869565
169 215 0.181208
170 121 0.00628931
170 122 0.170588
170 123 0.170732
170 169 0.084507
170 171 0.0078125
170 215 0.0496894
170 216 0.223684
170 217 0.0725806
171 125 0.047619
171 170 0.0078125
171 217 0.295918
171 218 0.252252
171 219 0.0245902
172 125 0.0888889
172 173 0.0362319
172 174 0.0964912
172 218 0.010101
172 219 0.0272727
172 220 0.121212
172 221 0.008
173 172 0.0362319
173 220 0.255208
173 221 0.308108
173 222 0.00568182
174 125 0.309942
174 126 0.223077
174 127 0.0225564
174 172 0.0964912
174 175 0.025
174 221 0.0186335
175 126 0.07
175 127 0.0970874
175 128 0.0510204
175 174 0.025
175 176 0.0841122
175 221 0.00763359
175 222 0.0819672
175 223 0.0483871
176 128 0.0173913
176 175 0.0841122
176 223 0.205674
176 224 0.188679
176 226 0.0692308
177 129 0.0106383
177 130 0.0416667
177 131 0.144144
177 132 0.06
177 178 0.0967742
177 179 0.00877193
177 224 0.0689655
178 177 0.0967742
178 179 0.0826446
178 224 0.0957447
178 225 0.271186
178 226 0.00847458
178 227 0.0104167
179 132 0.164062
179 177 0.00877193
179 178 0.0826446
179 180 0.306122
179 181 0.162602
179 227 0.034188
180 179 0.306122
180 181 0.0859375
180 182 0.0578512
180 227 0.0983607
180 228 0.240602
181 132 0.110092
181 133 0.00826446
181 134 0.144144
181 179 0.162602
181 180 0.0859375
181 182 0.0927835
181 183 0.105882
182 180 0.0578512
182 181 0.0927835
182 183 0.0384615
182 184 0.0315789
182 228 0.166667
182 230 0.03125
182 231 0.0631579
183 134 0.130435
183 135 0.0785714
183 181 0.105882
183 182 0.0384615
183 184 0.0120482
184 135 0.00636943
184 136 0.028169
184 182 0.0315789
184 183 0.0120482
184 185 0.234043
184 231 0.19
184 233 0.010101
185 136 0.00735294
185 138 0.0645161
185 184 0.234043
185 186 0.257143
186 138 0.245455
186 139 0.00921659
186 140 0.130435
186 185 0.257143
186 187 0.0285714
186 233 0.00909091
187 140 0.0918367
187 186 0.0285714
187 233 0.129032
187 234 0.205607
188 141 0.301587
188 142 0.0568182
188 189 0.110429
188 235 0.0357143
188 236 0.0787879
189 141 0.0234742
189 142 0.357664
189 144 0.0793651
189 188 0.110429
189 190 0.0540541
189 236 0.15873
190 142 0.016129
190 143 0.0169492
190 144 0.0530973
190 145 0.0149254
190 189 0.0540541
190 191 0.350877
190 236 0.0707965
191 143 0.00746269
191 144 0.0232558
191 145 0.14
191 146 0.0272109
191 190 0.350877
191 192 0.0141844
191 237 0.157143
191 238 0.0684932
192 146 0.151899
192 147 0.0473373
192 191 0.0141844
192 193 0.136986
192 194 0.00666667
192 237 0.00662252
192 238 0.292994
192 239 0.147436
193 147 0.294479
193 148 0.0112994
193 192 0.136986
193 194 0.152778
193 239 0.08
193 240 0.0198676
194 147 0.00598802
194 148 0.038674
194 192 0.00666667
194 193 0.152778
194 195 0.0961538
194 239 0.0194805
194 240 0.335484
194 241 0.026455
195 147 0.00571429
195 148 0.164021
195 149 0.0232558
195 150 0.0280899
195 194 0.0961538
195 196 0.22695
195 240 0.0122699
195 242 0.247312
196 148 0.0361446
196 149 0.103774
196 150 0.303226
196 151 0.047619
196 195 0.22695
196 197 0.0144928
196 242 0.0306748
197 150 0.0457143
197 151 0.107784
197 196 0.0144928
197 198 0.205882
197 242 0.0327869
197 243 0.0207254
197 244 0.208955
197 245 0.145729
197 246 0.079602
198 150 0.357466
198 151 0.084507
198 152 0.0372093
198 197 0.205882
198 199 0.204348
198 200 0.0052356
198 245 0.0285714
198 246 0.214575
199 152 0.276923
199 153 0.13369
199 154 0.0123457
199 198 0.204348
199 200 0.00584795
199 246 0.207048
200 153 0.283784
200 198 0.0052356
200 199 0.00584795
200 201 0.0365854
200 203 0.0120482
200 245 0.0483871
200 246 0.234043
200 247 0.0379147
200 248 0.100775
201 153 0.0666667
201 154 0.00423729
201 155 0.171429
201 200 0.0365854
201 202 0.333333
201 203 0.156566
201 246 0.00454545
201 247 0.139918
201 248 0.0496894
201 249 0.038835
201 250 0.0235849
202 154 0.119171
202 155 0.167665
202 201 0.333333
202 203 0.0193548
202 247 0.005
203 155 0.216981
203 156 0.00507614
203 200 0.0120482
203 201 0.156566
203 202 0.0193548
203 204 0.341176
203 247 0.0204082
203 248 0.165644
203 249 0.00961538
203 250 0.163551
204 155 0.0549451
204 156 0.0598802
204 203 0.341176
204 248 0.037594
204 250 0.222826
204 251 0.0572917
205 159 0.1
205 208 0.0148148
205 253 0.0381679
205 254 0.351562
205 255 0.0196078
206 156 0.00671141
206 157 0.00900901
206 159 0.0487805
206 160 0.0533333
206 208 0.0337838
206 251 0.0114943
206 252 0.265823
206 253 0.0694444
206 254 0.0141844
207 160 0.124294
207 161 0.0848485
207 162 0.319149
207 208 0.125714
208 159 0.0898204
208 160 0.0360825
208 162 0.0926829
208 205 0.0148148
208 206 0.0337838
208 207 0.125714
208 209 0.126984
208 253 0.175532
208 254 0.0432432
208 255 0.0188679
209 159 0.00609756
209 162 0.193069
209 163 0.0746269
209 164 0.00480769
209 208 0.126984
209 210 0.0783133
209 255 0.025641
209 256 0.0994475
209 257 0.122449
210 161 0.00628931
210 162 0.0659341
210 163 0.0526316
210 164 0.297872
210 209 0.0783133
210 257 0.0113636
210 259 0.0120482
211 164 0.0970874
211 165 0.00735294
211 166 0.00699301
211 167 0.0169492
211 213 0.33121
211 259 0.119565
211 260 0.0116959
211 261 0.00526316
212 164 0.00574713
212 257 0.0246914
212 258 0.00787402
212 259 0.480263
213 166 0.00847458
213 167 0.0526316
213 211 0.33121
213 261 0.0787879
213 262 0.00735294
214 167 0.00735294
214 168 0.00714286
214 169 0.00869565
214 215 0.119403
214 216 0.008
214 261 0.134228
214 262 0.0416667
214 263 0.02
215 168 0.0574713
215 169 0.181208
215 170 0.0496894
215 214 0.119403
215 216 0.150943
215 261 0.0546448
215 262 0.11039
215 263 0.156716
216 168 0.00606061
216 170 0.223684
216 214 0.008
216 215 0.150943
216 217 0.106557
216 263 0.216
217 170 0.0725806
217 171 0.295918
217 216 0.106557
217 218 0.0934579
217 263 0.216495
217 264 0.0582524
217 266 0.00840336
218 171 0.252252
218 172 0.010101
218 217 0.0934579
218 219 0.267176
218 220 0.00653595
218 264 0.0862069
218 266 0.0227273
219 171 0.0245902
219 172 0.0272727
219 218 0.267176
219 220 0.243902
219 266 0.00699301
220 172 0.121212
220 173 0.255208
220 218 0.00653595
220 219 0.243902
220 221 0.00558659
220 266 0.00606061
220 267 0.00645161
221 172 0.008
221 173 0.308108
221 174 0.0186335
221 175 0.00763359
221 220 0.00558659
221 222 0.294479
221 223 0.00606061
221 268 0.0111111
221 269 0.0672269
222 173 0.00568182
222 175 0.0819672
222 221 0.294479
222 223 0.211538
222 269 0.0181818
223 175 0.0483871
223 176 0.205674
223 221 0.00606061
223 222 0.211538
223 269 0.00892857
223 271 0.00613497
224 176 0.188679
224 177 0.0689655
224 178 0.0957447
224 226 0.0178571
225 178 0.271186
225 226 0.25
225 227 0.114035
225 272 0.0338983
225 273 0.00892857
225 275 0.00900901
226 176 0.0692308
226 178 0.00847458
226 224 0.0178571
226 225 0.25
226 271 0.118421
226 272 0.169492
227 178 0.0104167
227 179 0.034188
227 180 0.0983607
227 225 0.114035
227 228 0.0970874
227 229 0.125
227 275 0.101124
228 180 0.240602
228 182 0.166667
228 227 0.0970874
228 229 0.020202
228 230 0.0740741
229 227 0.125
229 228 0.020202
229 230 0.0967742
229 275 0.129412
229 276 0.0235294
229 277 0.0357143
230 182 0.03125
230 228 0.0740741
230 229 0.0967742
230 231 0.168317
230 232 0.0106383
230 277 0.16129
231 182 0.0631579
231 184 0.19
231 230 0.168317
231 232 0.0645161
231 233 0.030303
232 230 0.0106383
232 231 0.0645161
232 233 0.119565
232 277 0.0352941
232 279 0.144444
232 280 0.0363636
233 184 0.010101
233 186 0.00909091
233 187 0.129032
233 231 0.030303
233 232 0.119565
233 234 0.116071
233 280 0.0172414
234 187 0.205607
234 233 0.116071
234 280 0.207692
234 281 0.0660377
235 188 0.0357143
235 282 0.529412
236 188 0.0787879
236 189 0.15873
236 190 0.0707965
236 282 0.0902256
236 283 0.274194
237 191 0.157143
237 192 0.00662252
237 238 0.320513
237 283 0.0962963
237 284 0.198582
238 191 0.0684932
238 192 0.292994
238 237 0.320513
238 239 0.186335
238 284 0.0884354
238 285 0.00657895
239 192 0.147436
239 193 0.08
239 194 0.0194805
239 238 0.186335
239 240 0.00621118
239 284 0.0273973
239 285 0.430464
239 286 0.0822785
240 193 0.0198676
240 194 0.335484
240 195 0.0122699
240 239 0.00621118
240 241 0.311224
240 242 0.0162162
240 286 0.081761
240 287 0.0216216
240 289 0.00495049
241 194 0.026455
241 240 0.311224
241 242 0.0410959
241 243 0.0218341
241 286 0.0103627
241 287 0.16895
241 288 0.0218978
241 289 0.169492
242 195 0.247312
242 196 0.0306748
242 197 0.0327869
242 240 0.0162162
242 241 0.0410959
242 243 0.353211
242 244 0.0377358
242 289 0.00444444
242 291 0.0773196
243 197 0.0207254
243 241 0.0218341
243 242 0.353211
243 244 0.201183
243 245 0.0213675
243 289 0.0808511
243 290 0.0135135
243 291 0.0441176
244 197 0.208955
244 242 0.0377358
244 243 0.201183
244 245 0.165714
244 289 0.0284091
244 291 0.0275862
244 292 0.00699301
245 197 0.145729
245 198 0.0285714
245 200 0.0483871
245 243 0.0213675
245 244 0.165714
245 246 0.0950413
245 291 0.0714286
245 292 0.331731
245 293 0.0698925
246 197 0.079602
246 198 0.214575
246 199 0.207048
246 200 0.234043
246 201 0.00454545
246 245 0.0950413
246 247 0.11985
246 292 0.0142857
246 293 0.0531915
246 294 0.00473934
247 200 0.0379147
247 201 0.139918
247 202 0.005
247 203 0.0204082
247 246 0.11985
247 248 0.197115
247 293 0.14218
247 294 0.358974
247 295 0.0192308
248 200 0.100775
248 201 0.0496894
248 203 0.165644
248 204 0.037594
248 247 0.197115
248 249 0.0292398
248 250 0.079096
248 294 0.00657895
248 295 0.015873
249 201 0.038835
249 203 0.00961538
249 248 0.0292398
249 250 0.292793
249 251 0.108696
249 295 0.0350877
249 296 0.267606
249 297 0.097561
249 298 0.0108108
250 201 0.0235849
250 203 0.163551
250 204 0.222826
250 248 0.079096
250 249 0.292793
250 251 0.199153
250 252 0.00454545
250 295 0.00564972
250 297 0.00473934
251 204 0.0572917
251 206 0.0114943
251 249 0.108696
251 250 0.199153
251 252 0.324561
251 253 0.0514019
251 254 0.0663507
251 296 0.0132159
251 297 0.109589
251 298 0.00502513
251 300 0.015625
252 206 0.265823
252 250 0.00454545
252 251 0.324561
252 253 0.191919
252 254 0.0307692
252 297 0.172414
252 298 0.00546448
253 205 0.0381679
253 206 0.0694444
253 208 0.175532
253 251 0.0514019
253 252 0.191919
253 254 0.475138
253 299 0.0231214
253 300 0.0432099
253 301 0.0186047
254 205 0.351562
254 206 0.0141844
254 208 0.0432432
254 251 0.0663507
254 252 0.0307692
254 253 0.475138
254 255 0.0197368
254 300 0.125786
255 205 0.0196078
255 208 0.0188679
255 209 0.025641
255 254 0.0197368
255 300 0.0827068
255 301 0.311828
255 302 0.0196078
256 209 0.0994475
256 257 0.272251
256 301 0.0616114
256 302 0.0393258
256 303 0.00653595
256 304 0.125
256 305 0.0909091
257 209 0.122449
257 210 0.0113636
257 212 0.0246914
257 256 0.272251
257 258 0.0701754
257 259 0.0867347
257 302 0.00518135
257 303 0.0833333
257 304 0.0538922
257 305 0.127778
257 306 0.0108696
258 212 0.00787402
258 257 0.0701754
258 259 0.0496894
258 260 0.0608108
258 304 0.0151515
258 305 0.0827586
258 306 0.469799
258 307 0.00917431
259 210 0.0120482
259 211 0.119565
259 212 0.480263
259 257 0.0867347
259 258 0.0496894
259 260 0.0115607
259 304 0.0191083
259 306 0.287356
260 211 0.0116959
260 258 0.0608108
260 259 0.0115607
260 261 0.189944
260 262 0.153333
260 306 0.0869565
260 307 0.0247934
260 308 0.269608
261 211 0.00526316
261 213 0.0787879
261 214 0.134228
261 215 0.0546448
261 260 0.189944
261 262 0.201183
261 308 0.399103
262 213 0.00735294
262 214 0.0416667
262 215 0.11039
262 260 0.153333
262 261 0.201183
262 308 0.0773196
263 214 0.02
263 215 0.156716
263 216 0.216
263 217 0.216495
263 264 0.00943396
263 265 0.106557
263 309 0.0130719
263 310 0.0620155
264 217 0.0582524
264 218 0.0862069
264 263 0.00943396
264 265 0.296875
264 266 0.0078125
264 310 0.0222222
264 312 0.025974
265 263 0.106557
265 264 0.296875
265 266 0.0208333
265 309 0.0571429
265 310 0.264901
265 311 0.0638298
265 312 0.0411765
266 217 0.00840336
266 218 0.0227273
266 219 0.00699301
266 220 0.00606061
266 264 0.0078125
266 265 0.0208333
266 267 0.246269
266 268 0.0060241
266 311 0.0425532
266 312 0.305882
267 220 0.00645161
267 266 0.246269
267 268 0.24359
267 311 0.0119048
267 312 0.01875
267 313 0.0166667
268 221 0.0111111
268 266 0.0060241
268 267 0.24359
268 269 0.0551181
268 313 0.361842
268 314 0.152542
268 315 0.0138889
268 316 0.0330578
269 221 0.0672269
269 222 0.0181818
269 223 0.00892857
269 268 0.0551181
269 270 0.0857143
269 271 0.034188
269 314 0.00862069
269 317 0.0294118
270 269 0.0857143
270 271 0.173077
270 314 0.109677
270 315 0.188525
271 223 0.00613497
271 226 0.118421
271 269 0.034188
271 270 0.173077
271 272 0.134328
271 316 0.00900901
271 317 0.235294
272 225 0.0338983
272 226 0.169492
272 271 0.134328
272 273 0.12766
272 317 0.0420168
272 319 0.0319149
273 225 0.00892857
273 272 0.12766
273 274 0.0449438
273 275 0.137931
273 319 0.170455
273 321 0.00980392
274 273 0.0449438
274 275 0.0681818
274 321 0.0291262
274 322 0.179245
274 323 0.019802
274 324 0.175926
275 225 0.00900901
275 227 0.101124
275 229 0.129412
275 273 0.137931
275 274 0.0681818
275 276 0.0581395
275 324 0.0566038
276 229 0.0235294
276 275 0.0581395
276 277 0.105882
276 278 0.0833333
276 324 0.179245
277 229 0.0357143
277 230 0.16129
277 232 0.0352941
277 276 0.105882
277 278 0.115789
277 279 0.011236
278 276 0.0833333
278 277 0.115789
278 279 0.15
278 324 0.112069
278 325 0.227273
278 326 0.0285714
279 232 0.144444
279 277 0.011236
279 278 0.15
279 280 0.0964912
279 325 0.0961538
279 328 0.03
280 232 0.0363636
280 233 0.0172414
280 234 0.207692
280 279 0.0964912
280 281 0.0727273
280 328 0.175
281 234 0.0660377
281 280 0.0727273
281 327 0.0808081
281 328 0.09375
282 235 0.529412
282 236 0.0902256
282 329 0.141593
283 236 0.274194
283 237 0.0962963
283 329 0.0480769
283 330 0.0775862
284 237 0.198582
284 238 0.0884354
284 239 0.0273973
284 285 0.10219
284 330 0.114754
284 331 0.111111
285 238 0.00657895
285 239 0.430464
285 284 0.10219
285 286 0.120805
285 331 0.161074
285 332 0.17284
286 239 0.0822785
286 240 0.081761
286 241 0.0103627
286 285 0.120805
286 287 0.324176
286 332 0.118343
286 333 0.0322581
286 334 0.0522876
287 240 0.0216216
287 241 0.16895
287 286 0.324176
287 288 0.031746
287 289 0.0177778
287 332 0.00512821
287 333 0.0331492
287 334 0.357542
287 335 0.0427807
288 241 0.0218978
288 287 0.031746
288 289 0.223776
288 334 0.0515464
288 336 0.00684932
289 240 0.00495049
289 241 0.169492
289 242 0.00444444
289 243 0.0808511
289 244 0.0284091
289 287 0.0177778
289 288 0.223776
289 335 0.0147059
289 336 0.477551
289 337 0.0506912
290 243 0.0135135
290 291 0.112903
290 337 0.269231
290 338 0.0163934
291 242 0.0773196
291 243 0.0441176
291 244 0.0275862
291 245 0.0714286
291 290 0.112903
291 292 0.275281
291 293 0.00641026
291 337 0.247312
291 338 0.0224719
292 244 0.00699301
292 245 0.331731
292 246 0.0142857
292 291 0.275281
292 293 0.227273
292 337 0.0217391
292 338 0.0511364
292 340 0.0116279
293 245 0.0698925
293 246 0.0531915
293 247 0.14218
293 291 0.00641026
293 292 0.227273
293 294 0.0580645
293 338 0.0454545
293 339 0.0340136
293 340 0.113333
294 246 0.00473934
294 247 0.358974
294 248 0.00657895
294 293 0.0580645
294 295 0.0460526
294 339 0.0411765
294 340 0.017341
294 341 0.298781
294 343 0.00684932
295 247 0.0192308
295 248 0.015873
295 249 0.0350877
295 250 0.00564972
295 294 0.0460526
295 296 0.125
295 341 0.0362319
295 342 0.00606061
295 343 0.408333
296 249 0.267606
296 251 0.0132159
296 295 0.125
296 297 0.0792079
296 298 0.0659341
296 342 0.0676328
296 343 0.0432099
296 344 0.127907
297 249 0.097561
297 250 0.00473934
297 251 0.109589
297 252 0.172414
297 296 0.0792079
297 298 0.408046
297 299 0.0505618
297 344 0.0365854
297 345 0.00621118
297 346 0.144186
298 249 0.0108108
298 251 0.00502513
298 252 0.00546448
298 296 0.0659341
298 297 0.408046
298 299 0.0632911
298 344 0.0763889
298 345 0.12766
298 346 0.0358974
299 253 0.0231214
299 297 0.0505618
299 298 0.0632911
299 300 0.0596026
299 344 0.0743243
299 345 0.0689655
299 346 0.477387
299 347 0.104938
299 348 0.024
300 251 0.015625
300 253 0.0432099
300 254 0.125786
300 255 0.0827068
300 299 0.0596026
300 301 0.0207254
300 346 0.281915
300 347 0.0331126
301 253 0.0186047
301 255 0.311828
301 256 0.0616114
301 300 0.0207254
301 302 0.286385
301 303 0.00531915
301 347 0.107843
302 255 0.0196078
302 256 0.0393258
302 257 0.00518135
302 301 0.286385
302 303 0.16129
302 347 0.169591
302 348 0.0597015
302 349 0.103448
303 256 0.00653595
303 257 0.0833333
303 301 0.00531915
303 302 0.16129
303 305 0.211268
303 349 0.0416667
303 350 0.00909091
303 351 0.201923
303 352 0.00990099
304 256 0.125
304 257 0.0538922
304 258 0.0151515
304 259 0.0191083
304 305 0.340426
304 306 0.0689655
305 256 0.0909091
305 257 0.127778
305 258 0.0827586
305 303 0.211268
305 304 0.340426
305 306 0.0632911
305 352 0.132743
306 257 0.0108696
306 258 0.469799
306 259 0.287356
306 260 0.0869565
306 304 0.0689655
306 305 0.0632911
307 258 0.00917431
307 260 0.0247934
307 308 0.0121212
307 352 0.12987
307 353 0.075188
307 354 0.0294118
307 355 0.252747
307 356 0.08
308 260 0.269608
308 261 0.399103
308 262 0.0773196
308 307 0.0121212
308 356 0.180328
309 263 0.0130719
309 265 0.0571429
309 310 0.335165
309 355 0.0457516
309 356 0.0802469
309 357 0.0700637
310 263 0.0620155
310 264 0.0222222
310 265 0.264901
310 309 0.335165
310 357 0.0676692
311 265 0.0638298
311 266 0.0425532
311 267 0.0119048
311 312 0.05
311 313 0.1375
312 264 0.025974
312 265 0.0411765
312 266 0.305882
312 267 0.01875
312 311 0.05
312 313 0.0128205
312 358 0.428571
312 359 0.00671141
312 361 0.0163934
313 267 0.0166667
313 268 0.361842
313 311 0.1375
313 312 0.0128205
313 314 0.198582
313 361 0.0121951
314 268 0.152542
314 269 0.00862069
314 270 0.109677
314 313 0.198582
314 315 0.398496
315 268 0.0138889
315 270 0.188525
315 314 0.398496
316 268 0.0330578
316 271 0.00900901
316 317 0.0208333
316 361 0.0980392
316 362 0.0961538
316 363 0.254545
317 269 0.0294118
317 271 0.235294
317 272 0.0420168
317 316 0.0208333
317 318 0.0521739
317 319 0.0707965
317 363 0.0618557
318 317 0.0521739
318 319 0.177778
318 320 0.139785
318 363 0.0810811
318 366 0.113821
318 367 0.057971
319 272 0.0319149
319 273 0.170455
319 317 0.0707965
319 318 0.177778
319 320 0.021978
319 321 0.0784314
320 318 0.139785
320 319 0.021978
320 321 0.0761905
320 367 0.0215827
320 368 0.191304
320 369 0.0882353
321 273 0.00980392
321 274 0.0291262
321 319 0.0784314
321 320 0.0761905
321 322 0.260504
321 369 0.19469
322 274 0.179245
322 321 0.260504
322 323 0.239316
322 369 0.0517241
322 370 0.0075188
322 371 0.0152672
323 274 0.019802
323 322 0.239316
323 324 0.142857
323 326 0.0462963
323 371 0.111111
324 274 0.175926
324 275 0.0566038
324 276 0.179245
324 278 0.112069
324 323 0.142857
324 326 0.00869565
325 278 0.227273
325 279 0.0961538
325 326 0.211009
325 328 0.0363636
326 278 0.0285714
326 323 0.0462963
326 324 0.00869565
326 325 0.211009
326 327 0.0185185
326 328 0.0190476
326 371 0.00819672
326 373 0.205882
327 281 0.0808081
327 326 0.0185185
327 328 0.174312
327 373 0.0714286
327 374 0.283951
328 279 0.03
328 280 0.175
328 281 0.09375
328 325 0.0363636
328 326 0.0190476
328 327 0.174312
329 282 0.141593
329 283 0.0480769
329 376 0.284314
330 283 0.0775862
330 284 0.114754
330 376 0.105263
330 377 0.0887097
331 284 0.111111
331 285 0.161074
331 332 0.0650888
331 377 0.0342466
331 378 0.393333
332 285 0.17284
332 286 0.118343
332 287 0.00512821
332 331 0.0650888
332 333 0.0535714
332 378 0.0674847
332 379 0.419355
333 286 0.0322581
333 287 0.0331492
333 332 0.0535714
333 334 0.269737
333 379 0.0581395
333 380 0.172973
333 381 0.119318
333 382 0.0529101
334 286 0.0522876
334 287 0.357542
334 288 0.0515464
334 333 0.269737
334 379 0.00588235
334 380 0.010929
334 381 0.0862069
335 287 0.0427807
335 289 0.0147059
335 336 0.231884
335 381 0.021978
335 382 0.353846
335 383 0.210227
335 384 0.00581395
336 288 0.00684932
336 289 0.477551
336 335 0.231884
336 337 0.0590909
336 382 0.0338983
336 383 0.0599078
336 384 0.0516432
337 289 0.0506912
337 290 0.269231
337 291 0.247312
337 292 0.0217391
337 336 0.0590909
337 338 0.0380435
337 383 0.0529101
337 384 0.113514
338 290 0.0163934
338 291 0.0224719
338 292 0.0511364
338 293 0.0454545
338 337 0.0380435
338 339 0.00591716
338 340 0.215116
338 384 0.152542
338 385 0.179191
339 293 0.0340136
339 294 0.0411765
339 338 0.00591716
339 340 0.369697
339 341 0.301282
339 342 0.00546448
339 386 0.0852273
340 292 0.0116279
340 293 0.113333
340 294 0.017341
340 338 0.215116
340 339 0.369697
340 341 0.0251572
340 385 0.0828402
340 386 0.00558659
341 294 0.298781
341 295 0.0362319
341 339 0.301282
341 340 0.0251572
341 342 0.0508475
341 386 0.0647059
341 389 0.013245
342 295 0.00606061
342 296 0.0676328
342 339 0.00546448
342 341 0.0508475
342 387 0.0176471
342 388 0.292398
342 389 0.376404
342 390 0.173077
343 294 0.00684932
343 295 0.408333
343 296 0.0432099
343 344 0.0403226
343 389 0.0150376
344 296 0.127907
344 297 0.0365854
344 298 0.0763889
344 299 0.0743243
344 343 0.0403226
344 345 0.114504
344 346 0.102703
344 390 0.017341
345 297 0.00621118
345 298 0.12766
345 299 0.0689655
345 344 0.114504
345 346 0.032967
345 390 0.0117647
345 391 0.12605
345 392 0.0744681
345 393 0.0744681
346 297 0.144186
346 298 0.0358974
346 299 0.477387
346 300 0.281915
346 344 0.102703
346 345 0.032967
346 347 0.0703518
346 348 0.00617284
347 299 0.104938
347 300 0.0331126
347 301 0.107843
347 302 0.169591
347 346 0.0703518
347 348 0.28
347 349 0.0147059
347 393 0.027027
348 299 0.024
348 302 0.0597015
348 346 0.00617284
348 347 0.28
348 349 0.222222
348 393 0.0810811
348 395 0.0537634
348 396 0.037037
349 302 0.103448
349 303 0.0416667
349 347 0.0147059
349 348 0.222222
349 350 0.27
349 351 0.0531915
349 395 0.144231
349 396 0.168067
349 397 0.0291262
350 303 0.00909091
350 349 0.27
350 351 0.190476
350 396 0.0275229
350 397 0.0752688
350 398 0.135338
350 399 0.021978
351 303 0.201923
351 349 0.0531915
351 350 0.190476
351 352 0.04
351 398 0.0393701
351 399 0.105882
352 303 0.00990099
352 305 0.132743
352 307 0.12987
352 351 0.04
352 353 0.0078125
352 398 0.016129
352 399 0.256098
352 400 0.0423729
353 307 0.075188
353 352 0.0078125
353 354 0.0748663
353 355 0.00704225
353 398 0.0388889
353 399 0.057971
353 400 0.298851
353 401 0.0520231
354 307 0.0294118
354 353 0.0748663
354 355 0.234483
354 356 0.012987
354 400 0.0225989
354 401 0.488636
354 402 0.293269
354 403 0.0240385
355 307 0.252747
355 309 0.0457516
355 353 0.00704225
355 354 0.234483
355 356 0.155963
355 401 0.0763359
355 402 0.0920245
355 403 0.0122699
356 307 0.08
356 308 0.180328
356 309 0.0802469
356 354 0.012987
356 355 0.155963
356 402 0.0232558
357 309 0.0700637
357 310 0.0676692
357 358 0.0241935
357 359 0.133333
357 403 0.0239521
357 404 0.138686
357 405 0.155556
357 406 0.0424242
358 312 0.428571
358 357 0.0241935
358 359 0.123967
358 360 0.040404
359 312 0.00671141
359 357 0.133333
359 358 0.123967
359 360 0.0875
359 405 0.0530303
359 406 0.111111
359 407 0.0409836
360 358 0.040404
360 359 0.0875
360 361 0.0188679
360 362 0.148148
