0 1 0.0769231
0 31 0.195652
0 32 0.296296
1 0 0.0769231
1 2 0.421053
1 4 0.0538117
1 31 0.0569948
1 32 0.0122699
1 33 0.0075188
2 1 0.421053
2 4 0.127551
2 31 0.0060241
2 32 0.00735294
2 33 0.0377358
2 34 0.0344828
2 65 0.00471698
3 4 0.361386
3 5 0.131148
3 34 0.0327869
4 1 0.0538117
4 2 0.127551
4 3 0.361386
4 5 0.0742358
4 34 0.0238095
4 65 0.0681818
5 3 0.131148
5 4 0.0742358
5 6 0.25641
5 38 0.0473934
5 65 0.00408163
5 67 0.0693878
6 5 0.25641
6 7 0.0648148
6 37 0.00925926
6 38 0.183673
7 6 0.0648148
7 8 0.0892857
7 37 0.277778
7 38 0.0403226
7 39 0.0471698
8 7 0.0892857
8 9 0.170854
8 38 0.065
8 39 0.126374
8 40 0.0392157
8 70 0.184358
9 8 0.170854
9 10 0.312775
9 39 0.0103627
9 40 0.0182927
9 70 0.221053
10 9 0.312775
10 11 0.0852273
10 12 0.0821256
10 40 0.0331492
10 41 0.0347222
10 42 0.0670732
10 70 0.101449
10 73 0.0187793
11 10 0.0852273
11 12 0.0647482
11 13 0.229814
11 42 0.25
11 44 0.0813954
11 73 0.0275862
12 10 0.0821256
12 11 0.0647482
12 13 0.421875
12 14 0.080292
12 42 0.00787402
12 44 0.0541872
12 73 0.159091
13 11 0.229814
13 12 0.421875
13 14 0.176101
13 42 0.0201342
13 43 0.0522876
13 44 0.146667
13 45 0.0114286
13 73 0.146465
14 12 0.080292
14 13 0.176101
14 15 0.18
14 16 0.0227273
14 44 0.00588235
14 45 0.00833333
14 46 0.00952381
14 73 0.00699301
15 14 0.18
15 16 0.0833333
15 18 0.164179
15 45 0.0344828
15 46 0.0891089
16 14 0.0227273
16 15 0.0833333
16 17 0.0106383
16 18 0.00819672
16 45 0.0865385
16 46 0.382022
16 47 0.0210526
16 48 0.0350877
16 76 0.00606061
17 16 0.0106383
17 18 0.368056
17 19 0.154839
17 47 0.042735
17 49 0.030303
17 80 0.125984
18 15 0.164179
18 16 0.00819672
18 17 0.368056
18 19 0.0218579
18 46 0.0719424
18 47 0.0137931
18 49 0.023622
18 80 0.0258065
19 17 0.154839
19 18 0.0218579
19 20 0.352273
19 49 0.0362319
19 51 0.0444444
19 80 0.0301205
20 19 0.352273
20 21 0.00884956
20 22 0.200957
20 51 0.025641
20 52 0.0280374
20 53 0.0320513
21 20 0.00884956
21 22 0.219512
21 23 0.0171429
21 52 0.370968
21 53 0.045045
22 20 0.200957
22 21 0.219512
22 23 0.324723
22 52 0.0253165
22 53 0.154589
22 54 0.105634
23 21 0.0171429
23 22 0.324723
23 24 0.208661
23 53 0.0504587
23 54 0.250847
24 23 0.208661
24 25 0.0353535
24 54 0.23221
24 55 0.358974
24 56 0.0224719
24 87 0.0329218
25 24 0.0353535
25 26 0.0654206
25 55 0.286408
25 56 0.00666667
25 57 0.326772
25 87 0.0186047
26 25 0.0654206
26 55 0.032
26 56 0.0463918
26 57 0.577181
26 58 0.0168067
26 87 0.042471
26 88 0.0368852
26 89 0.032967
27 28 0.34375
27 57 0.0310078
27 58 0.267677
27 59 0.031746
27 89 0.0171674
28 27 0.34375
28 29 0.0828729
28 58 0.160377
28 59 0.35468
28 60 0.017316
28 89 0.0242915
28 91 0.0212766
29 28 0.0828729
29 30 0.0683761
29 59 0.0561798
29 60 0.364078
29 91 0.0571429
30 29 0.0683761
30 60 0.0598802
30 61 0.290323
30 92 0.0266667
31 0 0.195652
31 1 0.0569948
31 2 0.0060241
31 32 0.202532
31 33 0.0078125
31 62 0.291262
31 63 0.162162
31 93 0.0186916
32 0 0.296296
32 1 0.0122699
32 2 0.00735294
32 31 0.202532
32 33 0.0510204
32 62 0.0625
32 63 0.0174672
33 1 0.0075188
33 2 0.0377358
33 31 0.0078125
33 32 0.0510204
33 34 0.397436
33 35 0.057971
33 63 0.0100503
33 64 0.04
33 65 0.0229885
34 2 0.0344828
34 3 0.0327869
34 4 0.0238095
34 33 0.397436
34 35 0.278481
34 63 0.00478469
34 64 0.00540541
34 65 0.157609
34 66 0.0125786
35 33 0.057971
35 34 0.278481
35 36 0.153846
35 65 0.0228571
35 66 0.0733333
35 67 0.0285714
36 35 0.153846
36 38 0.00735294
36 66 0.0206897
36 67 0.0470588
36 68 0.0294118
36 69 0.0333333
37 6 0.00925926
37 7 0.277778
37 38 0.0806452
37 39 0.122642
38 5 0.0473934
38 6 0.183673
38 7 0.0403226
38 8 0.065
38 36 0.00735294
38 37 0.0806452
38 39 0.278351
38 67 0.00406504
38 68 0.0141509
38 69 0.202797
38 70 0.0575916
38 71 0.0247525
39 7 0.0471698
39 8 0.126374
39 9 0.0103627
39 37 0.122642
39 38 0.278351
39 40 0.176871
39 68 0.0103093
39 69 0.126866
39 70 0.156069
39 71 0.0923913
39 72 0.0269058
39 100 0.0116959
40 8 0.0392157
40 9 0.0182927
40 10 0.0331492
40 39 0.176871
40 41 0.0864198
40 70 0.104167
40 71 0.0193548
40 72 0.0773196
40 100 0.028169
40 103 0.0175439
41 10 0.0347222
41 40 0.0864198
41 42 0.078125
41 72 0.00636943
41 103 0.0895522
41 104 0.0075188
42 10 0.0670732
42 11 0.25
42 12 0.00787402
42 13 0.0201342
42 41 0.078125
42 43 0.0227273
42 44 0.11875
42 73 0.0150376
42 103 0.0324675
42 104 0.0326797
43 13 0.0522876
43 42 0.0227273
43 44 0.27439
43 45 0.0350877
43 73 0.0656934
43 74 0.0972222
43 75 0.0136986
43 76 0.0171429
43 103 0.00632911
43 104 0.0254777
43 105 0.0387097
43 106 0.139241
44 11 0.0813954
44 12 0.0541872
44 13 0.146667
44 14 0.00588235
44 42 0.11875
44 43 0.27439
44 45 0.00537634
44 73 0.444976
44 74 0.0486111
44 103 0.00434783
44 104 0.0174672
44 105 0.00881057
44 106 0.0198676
45 13 0.0114286
45 14 0.00833333
45 15 0.0344828
45 16 0.0865385
45 43 0.0350877
45 44 0.00537634
45 46 0.22314
45 76 0.319797
45 77 0.149068
45 78 0.025
46 14 0.00952381
46 15 0.0891089
46 16 0.382022
46 18 0.0719424
46 45 0.22314
46 47 0.00892857
46 48 0.0305344
46 76 0.0714286
46 77 0.0410959
46 79 0.0625
47 16 0.0210526
47 17 0.042735
47 18 0.0137931
47 46 0.00892857
47 48 0.423358
47 49 0.1
47 50 0.0106383
47 79 0.0677966
47 80 0.296875
47 110 0.0117647
48 16 0.0350877
48 46 0.0305344
48 47 0.423358
48 49 0.0672269
48 79 0.459854
48 80 0.0748299
48 109 0.0347826
48 110 0.0480769
48 111 0.0534351
49 17 0.030303
49 18 0.023622
49 19 0.0362319
49 47 0.1
49 48 0.0672269
49 50 0.144737
49 79 0.04
49 80 0.390909
49 81 0.0106383
49 110 0.0447761
50 47 0.0106383
50 49 0.144737
50 51 0.205479
50 80 0.0480769
50 81 0.0113636
51 19 0.0444444
51 20 0.025641
51 50 0.205479
51 52 0.121212
51 53 0.0434783
51 82 0.0454545
51 83 0.0175439
51 114 0.0340909
52 20 0.0280374
52 21 0.370968
52 22 0.0253165
52 51 0.121212
52 53 0.0857143
52 82 0.0892857
52 83 0.0638298
52 114 0.0240964
53 20 0.0320513
53 21 0.045045
53 22 0.154589
53 23 0.0504587
53 51 0.0434783
53 52 0.0857143
53 54 0.047619
53 82 0.142857
53 83 0.0104167
53 84 0.0113636
53 85 0.0748899
53 114 0.227907
53 115 0.00662252
53 116 0.0386473
54 22 0.105634
54 23 0.250847
54 24 0.23221
54 53 0.047619
54 55 0.0509091
54 56 0.00456621
54 84 0.0121212
54 85 0.154605
54 86 0.0130435
54 87 0.119718
54 114 0.00342466
54 116 0.0809859
55 24 0.358974
55 25 0.286408
55 26 0.032
55 54 0.0509091
55 56 0.0537634
55 57 0.0310345
55 86 0.0558376
55 87 0.203187
55 119 0.00790514
56 24 0.0224719
56 25 0.00666667
56 26 0.0463918
56 54 0.00456621
56 55 0.0537634
56 57 0.0213675
56 86 0.12766
56 87 0.410256
56 88 0.138889
56 117 0.0284091
56 118 0.0176991
56 119 0.0253807
57 25 0.326772
57 26 0.577181
57 27 0.0310078
57 55 0.0310345
57 56 0.0213675
57 58 0.0503597
57 87 0.0200669
57 88 0.0105634
57 89 0.057508
57 119 0.0232558
58 26 0.0168067
58 27 0.267677
58 28 0.160377
58 57 0.0503597
58 59 0.076555
58 88 0.00446429
58 89 0.458498
58 90 0.00431034
58 91 0.00414938
58 120 0.0146341
58 121 0.0180995
59 27 0.031746
59 28 0.35468
59 29 0.0561798
59 58 0.076555
59 60 0.166667
59 89 0.118852
59 91 0.168103
59 121 0.0990566
59 123 0.00518135
60 28 0.017316
60 29 0.364078
60 30 0.0598802
60 59 0.166667
60 91 0.334615
60 92 0.054878
60 121 0.0833333
60 123 0.0361991
61 30 0.290323
61 92 0.152542
62 31 0.291262
62 32 0.0625
62 63 0.198556
62 93 0.293103
63 31 0.162162
63 32 0.0174672
63 33 0.0100503
63 34 0.00478469
63 62 0.198556
63 64 0.27451
63 65 0.0229508
63 93 0.235088
63 94 0.0571429
64 33 0.04
64 34 0.00540541
64 63 0.27451
64 65 0.3879
64 66 0.03125
64 94 0.0806452
64 95 0.126168
64 96 0.0186047
64 129 0.100457
65 2 0.00471698
65 4 0.0681818
65 5 0.00408163
65 33 0.0229885
65 34 0.157609
65 35 0.0228571
65 63 0.0229508
65 64 0.3879
65 66 0.317647
65 67 0.0392857
65 94 0.00540541
65 95 0.00469484
65 129 0.0412844
66 34 0.0125786
66 35 0.0733333
66 36 0.0206897
66 64 0.03125
66 65 0.317647
66 67 0.298039
66 68 0.00452489
66 97 0.00558659
66 129 0.290155
67 5 0.0693878
67 35 0.0285714
67 36 0.0470588
67 38 0.00406504
67 65 0.0392857
67 66 0.298039
67 68 0.288618
67 69 0.021875
67 98 0.0133333
67 129 0.0642202
68 36 0.0294118
68 38 0.0141509
68 39 0.0103093
68 66 0.00452489
68 67 0.288618
68 69 0.307692
68 97 0.0117647
68 98 0.0837696
68 99 0.0290698
68 100 0.10582
68 132 0.0591133
69 36 0.0333333
69 38 0.202797
69 39 0.126866
69 67 0.021875
69 68 0.307692
69 70 0.00377358
69 71 0.242754
69 98 0.00377358
69 99 0.00813008
69 100 0.250951
69 132 0.0541516
69 133 0.0042735
70 8 0.184358
70 9 0.221053
70 10 0.101449
70 38 0.0575916
70 39 0.156069
70 40 0.104167
70 69 0.00377358
70 71 0.0276243
70 72 0.00454545
71 38 0.0247525
71 39 0.0923913
71 40 0.0193548
71 69 0.242754
71 70 0.0276243
71 72 0.190476
71 100 0.184358
71 101 0.0466667
71 132 0.0310881
71 133 0.1
72 39 0.0269058
72 40 0.0773196
72 41 0.00636943
72 70 0.00454545
72 71 0.190476
72 101 0.021164
72 102 0.0335196
72 103 0.226721
72 104 0.117886
72 132 0.012931
72 133 0.0582011
73 10 0.0187793
73 11 0.0275862
73 12 0.159091
73 13 0.146465
73 14 0.00699301
73 42 0.0150376
73 43 0.0656934
73 44 0.444976
73 74 0.00854701
73 104 0.00990099
73 106 0.0241935
74 43 0.0972222
74 44 0.0486111
74 73 0.00854701
74 75 0.377358
74 76 0.0580645
74 105 0.037037
74 106 0.440678
74 107 0.0123457
74 135 0.0108696
74 138 0.0675676
75 43 0.0136986
75 74 0.377358
75 76 0.0320513
75 104 0.0144928
75 105 0.0220588
75 106 0.183333
75 135 0.0107527
76 16 0.00606061
76 43 0.0171429
76 45 0.319797
76 46 0.0714286
76 74 0.0580645
76 75 0.0320513
76 77 0.153153
76 106 0.0246914
76 107 0.11413
76 108 0.00609756
76 109 0.0120482
76 138 0.00564972
77 45 0.149068
77 46 0.0410959
77 76 0.153153
77 78 0.158621
77 79 0.118421
77 107 0.0405405
77 108 0.0078125
77 109 0.0461538
77 111 0.0890411
78 45 0.025
78 77 0.158621
78 107 0.121495
78 108 0.195402
78 109 0.438202
78 110 0.0641026
78 111 0.12381
78 141 0.0379747
79 46 0.0625
79 47 0.0677966
79 48 0.459854
79 49 0.04
79 77 0.118421
79 80 0.015625
79 110 0.0117647
79 111 0.0625
80 17 0.125984
80 18 0.0258065
80 19 0.0301205
80 47 0.296875
80 48 0.0748299
80 49 0.390909
80 50 0.0480769
80 79 0.015625
80 81 0.0245902
80 110 0.0526316
81 49 0.0106383
81 50 0.0113636
81 80 0.0245902
81 110 0.0253165
81 112 0.0792079
81 113 0.0480769
81 114 0.151832
82 51 0.0454545
82 52 0.0892857
82 53 0.142857
82 83 0.0425532
82 113 0.0126582
82 114 0.156627
83 51 0.0175439
83 52 0.0638298
83 53 0.0104167
83 82 0.0425532
83 84 0.0333333
83 113 0.0571429
83 114 0.152866
83 115 0.0430108
83 144 0.0222222
83 145 0.137255
84 53 0.0113636
84 54 0.0121212
84 83 0.0333333
84 85 0.0186335
84 114 0.0268456
84 115 0.0235294
84 116 0.0425532
84 145 0.0232558
85 53 0.0748899
85 54 0.154605
85 84 0.0186335
85 86 0.0132743
85 87 0.00357143
85 114 0.107639
85 115 0.169643
85 116 0.496429
85 117 0.00766284
85 146 0.0124481
85 147 0.0262009
86 54 0.0130435
86 55 0.0558376
86 56 0.12766
86 85 0.0132743
86 87 0.320388
86 88 0.0052356
86 116 0.00970874
86 117 0.0588235
86 119 0.00480769
86 147 0.00645161
86 149 0.226519
87 24 0.0329218
87 25 0.0186047
87 26 0.042471
87 54 0.119718
87 55 0.203187
87 56 0.410256
87 57 0.0200669
87 85 0.00357143
87 86 0.320388
87 88 0.0530612
87 116 0.0384615
87 117 0.00829876
87 118 0.00561798
87 119 0.0725191
87 149 0.0595745
88 26 0.0368852
88 56 0.138889
88 57 0.0105634
88 58 0.00446429
88 86 0.0052356
88 87 0.0530612
88 89 0.0579151
88 90 0.151261
88 117 0.0221239
88 118 0.0858896
88 119 0.493927
88 149 0.0136364
88 150 0.030303
88 151 0.016129
89 26 0.032967
89 27 0.0171674
89 28 0.0242915
89 57 0.057508
89 58 0.458498
89 59 0.118852
89 88 0.0579151
89 90 0.209738
89 91 0.00362319
89 119 0.155797
89 120 0.133333
89 121 0.0351562
90 58 0.00431034
90 88 0.151261
90 89 0.209738
90 118 0.00584795
90 119 0.105882
90 120 0.442922
90 121 0.0212766
90 122 0.0077821
90 150 0.083682
90 151 0.0898438
90 152 0.104972
91 28 0.0212766
91 29 0.0571429
91 58 0.00414938
91 59 0.168103
91 60 0.334615
91 89 0.00362319
91 120 0.00877193
91 121 0.245902
91 122 0.101504
91 123 0.0355556
92 30 0.0266667
92 60 0.054878
92 61 0.152542
92 123 0.100775
92 154 0.0793651
93 31 0.0186916
93 62 0.293103
93 63 0.235088
93 94 0.10303
93 124 0.0734463
93 125 0.00606061
93 155 0.207921
93 156 0.0047619
94 63 0.0571429
94 64 0.0806452
94 65 0.00540541
94 93 0.10303
94 95 0.194915
94 96 0.00840336
94 124 0.137255
94 125 0.0111111
94 126 0.00735294
94 127 0.0123457
94 155 0.023622
94 156 0.0962963
94 157 0.00917431
95 64 0.126168
95 65 0.00469484
95 94 0.194915
95 96 0.47619
95 124 0.0461538
95 127 0.0458716
95 129 0.0264901
95 156 0.0184049
96 64 0.0186047
96 94 0.00840336
96 95 0.47619
96 97 0.101449
96 127 0.0454545
96 128 0.00763359
96 129 0.0723684
97 66 0.00558659
97 68 0.0117647
97 96 0.101449
97 98 0.214765
97 99 0.0846154
97 129 0.204225
98 67 0.0133333
98 68 0.0837696
98 69 0.00377358
98 97 0.214765
98 99 0.331126
98 100 0.00595238
98 128 0.00704225
98 129 0.0122699
98 130 0.0747126
98 162 0.00632911
99 68 0.0290698
99 69 0.00813008
99 97 0.0846154
99 98 0.331126
99 100 0.14094
99 130 0.0322581
99 131 0.0784314
99 132 0.0184049
99 162 0.0431655
100 39 0.0116959
100 40 0.028169
100 68 0.10582
100 69 0.250951
100 71 0.184358
100 98 0.00595238
100 99 0.14094
100 101 0.0729927
100 131 0.00840336
100 132 0.188889
100 133 0.131387
101 71 0.0466667
101 72 0.021164
101 100 0.0729927
101 102 0.285714
101 132 0.00662252
101 133 0.435185
101 162 0.0314961
101 163 0.0223881
101 165 0.00769231
102 72 0.0335196
102 101 0.285714
102 104 0.0193548
102 133 0.0714286
102 134 0.018018
102 135 0.0181818
102 165 0.125
103 40 0.0175439
103 41 0.0895522
103 42 0.0324675
103 43 0.00632911
103 44 0.00434783
103 72 0.226721
103 104 0.461883
103 105 0.00452489
104 41 0.0075188
104 42 0.0326797
104 43 0.0254777
104 44 0.0174672
104 72 0.117886
104 73 0.00990099
104 75 0.0144928
104 102 0.0193548
104 103 0.461883
104 105 0.222727
104 106 0.0138889
104 134 0.0337079
104 135 0.0903955
104 165 0.0106952
105 43 0.0387097
105 44 0.00881057
105 74 0.037037
105 75 0.0220588
105 103 0.00452489
105 104 0.222727
105 106 0.0211268
105 134 0.0511364
105 135 0.354286
105 136 0.00507614
105 137 0.198238
105 138 0.0573248
105 168 0.00429185
105 169 0.00564972
106 43 0.139241
106 44 0.0198676
106 73 0.0241935
106 74 0.440678
106 75 0.183333
106 76 0.0246914
106 104 0.0138889
106 105 0.0211268
106 107 0.0454545
106 138 0.111111
106 169 0.029703
107 74 0.0123457
107 76 0.11413
107 77 0.0405405
107 78 0.121495
107 106 0.0454545
107 108 0.211111
107 109 0.0869565
107 138 0.038835
107 139 0.00729927
107 140 0.00694444
107 141 0.0121951
107 169 0.0243902
108 76 0.00609756
108 77 0.0078125
108 78 0.195402
108 107 0.211111
108 109 0.263889
108 138 0.0361446
108 139 0.00854701
108 140 0.00806452
108 141 0.33871
108 169 0.00970874
109 48 0.0347826
109 76 0.0120482
109 77 0.0461538
109 78 0.438202
109 107 0.0869565
109 108 0.263889
109 110 0.126984
109 111 0.0555556
109 139 0.0168067
109 140 0.0238095
109 141 0.140625
109 169 0.00952381
110 47 0.0117647
110 48 0.0480769
110 49 0.0447761
110 78 0.0641026
110 79 0.0117647
110 80 0.0526316
110 81 0.0253165
110 109 0.126984
110 111 0.341772
110 112 0.0675676
110 141 0.188679
110 142 0.0568182
111 48 0.0534351
111 77 0.0890411
111 78 0.12381
111 79 0.0625
111 109 0.0555556
111 110 0.341772
111 112 0.039604
111 142 0.0695652
111 143 0.0131579
112 81 0.0792079
112 110 0.0675676
112 111 0.039604
112 113 0.333333
112 142 0.0363636
112 143 0.0272109
112 146 0.0143885
113 81 0.0480769
113 82 0.0126582
113 83 0.0571429
113 112 0.333333
113 114 0.015873
113 143 0.00666667
113 144 0.0779221
113 145 0.108434
113 146 0.0352113
113 175 0.0111111
114 51 0.0340909
114 52 0.0240964
114 53 0.227907
114 54 0.00342466
114 81 0.151832
114 82 0.156627
114 83 0.152866
114 84 0.0268456
114 85 0.107639
114 113 0.015873
114 115 0.141509
114 144 0.0121951
114 145 0.0470588
114 146 0.00436681
115 53 0.00662252
115 83 0.0430108
115 84 0.0235294
115 85 0.169643
115 114 0.141509
115 116 0.102941
115 144 0.03
115 145 0.0943396
115 146 0.0787879
115 147 0.0130719
115 176 0.177305
115 177 0.042654
115 178 0.139896
116 53 0.0386473
116 54 0.0809859
116 84 0.0425532
116 85 0.496429
116 86 0.00970874
116 87 0.0384615
116 115 0.102941
116 117 0.0497925
116 147 0.186603
116 149 0.00851064
116 176 0.0101523
116 178 0.108434
117 56 0.0284091
117 85 0.00766284
117 86 0.0588235
117 87 0.00829876
117 88 0.0221239
117 116 0.0497925
117 118 0.163522
117 119 0.0123457
117 147 0.0894737
117 148 0.0891089
117 149 0.486111
117 150 0.0264317
117 151 0.00819672
117 178 0.0347826
117 179 0.0643275
117 181 0.0212766
118 56 0.0176991
118 87 0.00561798
118 88 0.0858896
118 90 0.00584795
118 117 0.163522
118 119 0.0222222
118 148 0.0503597
118 149 0.0392157
118 150 0.158537
118 151 0.138122
118 179 0.00925926
118 181 0.102564
119 55 0.00790514
119 56 0.0253807
119 57 0.0232558
119 86 0.00480769
119 87 0.0725191
119 88 0.493927
119 89 0.155797
119 90 0.105882
119 117 0.0123457
119 118 0.0222222
119 150 0.0362903
119 151 0.00754717
119 181 0.0802469
120 58 0.0146341
120 89 0.133333
120 90 0.442922
120 91 0.00877193
120 121 0.0192308
120 122 0.0173913
120 150 0.0141509
120 151 0.0174672
120 152 0.0844156
120 182 0.0900474
121 58 0.0180995
121 59 0.0990566
121 60 0.0833333
121 89 0.0351562
121 90 0.0212766
121 91 0.245902
121 120 0.0192308
121 122 0.382114
121 123 0.2
121 152 0.0235294
122 90 0.0077821
122 91 0.101504
122 120 0.0173913
122 121 0.382114
122 123 0.114537
122 152 0.15625
122 153 0.0722892
122 182 0.00401606
122 184 0.131387
122 185 0.0047619
123 59 0.00518135
123 60 0.0361991
123 91 0.0355556
123 92 0.100775
123 121 0.2
123 122 0.114537
123 153 0.00480769
123 154 0.0666667
123 184 0.0858369
123 185 0.0946746
124 93 0.0734463
124 94 0.137255
124 95 0.0461538
124 125 0.0980392
124 155 0.251799
124 186 0.0140845
125 93 0.00606061
125 94 0.0111111
125 124 0.0980392
125 155 0.291339
125 156 0.207407
125 186 0.00769231
125 187 0.00671141
126 94 0.00735294
126 127 0.11811
126 156 0.281768
126 157 0.374194
126 158 0.0406091
126 187 0.0153846
127 94 0.0123457
127 95 0.0458716
127 96 0.0454545
127 126 0.11811
127 128 0.0860215
127 129 0.0877193
127 157 0.02
127 158 0.0352113
127 160 0.0613497
127 188 0.039604
128 96 0.00763359
128 98 0.00704225
128 127 0.0860215
128 129 0.0444444
128 130 0.0342466
128 158 0.0552147
128 159 0.075
128 160 0.320652
128 161 0.0909091
128 188 0.00819672
128 191 0.040404
129 64 0.100457
129 65 0.0412844
129 66 0.290155
129 67 0.0642202
129 95 0.0264901
129 96 0.0723684
129 97 0.204225
129 98 0.0122699
129 127 0.0877193
129 128 0.0444444
130 98 0.0747126
130 99 0.0322581
130 128 0.0342466
130 131 0.104
130 132 0.0430108
130 161 0.477157
130 162 0.0555556
130 192 0.0714286
130 193 0.0276243
130 194 0.0119048
131 99 0.0784314
131 100 0.00840336
131 130 0.104
131 132 0.0075188
131 161 0.0138889
131 162 0.0275229
131 192 0.20339
132 68 0.0591133
132 69 0.0541516
132 71 0.0310881
132 72 0.012931
132 99 0.0184049
132 100 0.188889
132 101 0.00662252
132 130 0.0430108
132 131 0.0075188
132 133 0.0993377
132 162 0.270588
132 163 0.107345
132 164 0.00943396
132 192 0.0166667
133 69 0.0042735
133 71 0.1
133 72 0.0582011
133 100 0.131387
133 101 0.435185
133 102 0.0714286
133 132 0.0993377
133 163 0.0820896
133 165 0.0230769
134 102 0.018018
134 104 0.0337079
134 105 0.0511364
134 135 0.338346
134 163 0.00680272
134 165 0.293706
134 166 0.020202
134 197 0.215569
135 74 0.0108696
135 75 0.0107527
135 102 0.0181818
135 104 0.0903955
135 105 0.354286
135 134 0.338346
135 137 0.0380435
135 165 0.0633803
135 166 0.0304569
135 167 0.0192308
135 197 0.138554
136 105 0.00507614
136 137 0.121359
136 166 0.00913242
136 167 0.11236
136 168 0.433962
136 199 0.0097561
136 200 0.040404
137 105 0.198238
137 135 0.0380435
137 136 0.121359
137 138 0.0421687
137 166 0.0321285
137 167 0.0865385
137 168 0.347107
137 169 0.11828
137 199 0.0170213
138 74 0.0675676
138 76 0.00564972
138 105 0.0573248
138 106 0.111111
138 107 0.038835
138 108 0.0361446
138 137 0.0421687
138 139 0.0461538
138 169 0.362069
139 107 0.00729927
139 108 0.00854701
139 109 0.0168067
139 138 0.0461538
139 140 0.0175439
139 141 0.0275229
139 169 0.06
139 170 0.00952381
139 171 0.346457
139 172 0.017094
139 201 0.0291262
139 202 0.111111
140 107 0.00694444
140 108 0.00806452
140 109 0.0238095
140 139 0.0175439
140 141 0.0775862
140 142 0.271523
140 171 0.0820896
140 172 0.219917
140 173 0.0243902
141 78 0.0379747
141 107 0.0121951
141 108 0.33871
141 109 0.140625
141 110 0.188679
141 139 0.0275229
141 140 0.0775862
141 142 0.0786517
141 169 0.0105263
141 171 0.0694444
142 110 0.0568182
142 111 0.0695652
142 112 0.0363636
142 140 0.271523
142 141 0.0786517
142 143 0.124224
142 172 0.0327103
142 173 0.0456621
142 203 0.00529101
143 111 0.0131579
143 112 0.0272109
143 113 0.00666667
143 142 0.124224
143 146 0.305263
143 173 0.0742188
143 174 0.0851064
143 175 0.0797101
143 203 0.110619
143 205 0.0259067
144 83 0.0222222
144 113 0.0779221
144 114 0.0121951
144 115 0.03
144 145 0.172414
144 146 0.025641
144 175 0.107692
145 83 0.137255
145 84 0.0232558
145 113 0.108434
145 114 0.0470588
145 115 0.0943396
145 144 0.172414
145 146 0.203252
145 175 0.0985916
146 85 0.0124481
146 112 0.0143885
146 113 0.0352113
146 114 0.00436681
146 115 0.0787879
146 143 0.305263
146 144 0.025641
146 145 0.203252
146 174 0.00881057
146 175 0.1
146 176 0.0759494
146 177 0.162281
146 205 0.118919
146 207 0.0173913
147 85 0.0262009
147 86 0.00645161
147 115 0.0130719
147 116 0.186603
147 117 0.0894737
147 148 0.0411765
147 149 0.0706522
147 176 0.00684932
147 178 0.19697
147 179 0.057554
147 208 0.235294
147 210 0.0163043
148 117 0.0891089
148 118 0.0503597
148 147 0.0411765
148 149 0.0255102
148 150 0.0193237
148 151 0.00446429
148 178 0.052381
148 179 0.192053
148 180 0.248408
148 181 0.0165289
148 208 0.040201
148 209 0.0179641
148 210 0.19898
148 211 0.238739
148 212 0.0134228
149 86 0.226519
149 87 0.0595745
149 88 0.0136364
149 116 0.00851064
149 117 0.486111
149 118 0.0392157
149 147 0.0706522
149 148 0.0255102
149 178 0.00892857
149 179 0.0666667
149 208 0.00469484
149 211 0.0169492
150 88 0.030303
150 90 0.083682
150 117 0.0264317
150 118 0.158537
150 119 0.0362903
150 120 0.0141509
150 148 0.0193237
150 151 0.473896
150 180 0.0274725
150 181 0.260274
150 182 0.04329
150 211 0.1417
150 212 0.0172414
150 213 0.0263158
151 88 0.016129
151 90 0.0898438
151 117 0.00819672
151 118 0.138122
151 119 0.00754717
151 120 0.0174672
151 148 0.00446429
151 150 0.473896
151 152 0.0104712
151 180 0.0753769
151 181 0.0490798
151 182 0.116935
151 211 0.0833333
151 212 0.0052356
151 213 0.141343
152 90 0.104972
152 120 0.0844156
152 121 0.0235294
152 122 0.15625
152 151 0.0104712
152 153 0.0867052
152 182 0.179191
152 183 0.04
152 184 0.0858586
152 213 0.0144231
153 122 0.0722892
153 123 0.00480769
153 152 0.0867052
153 183 0.420382
153 184 0.388235
153 213 0.0301887
153 214 0.103306
153 215 0.0204082
154 92 0.0793651
154 123 0.0666667
154 185 0.106796
154 216 0.1
155 93 0.207921
155 94 0.023622
155 124 0.251799
155 125 0.291339
155 156 0.0348837
155 186 0.0598802
155 187 0.0268817
156 93 0.0047619
156 94 0.0962963
156 95 0.0184049
156 125 0.207407
156 126 0.281768
156 155 0.0348837
156 157 0.227273
156 187 0.0257732
156 218 0.00502513
157 94 0.00917431
157 126 0.374194
157 127 0.02
157 156 0.227273
157 158 0.0588235
157 187 0.107143
157 188 0.0310078
158 126 0.0406091
158 127 0.0352113
158 128 0.0552147
158 157 0.0588235
158 159 0.0295858
158 160 0.274678
158 188 0.233918
158 189 0.142857
158 190 0.0616114
158 221 0.0611111
159 128 0.075
159 158 0.0295858
159 160 0.2
159 188 0.125
159 190 0.327381
159 191 0.00952381
159 220 0.0113636
159 221 0.0218978
159 222 0.0337079
160 127 0.0613497
160 128 0.320652
160 158 0.274678
160 159 0.2
160 161 0.012766
160 188 0.135417
160 189 0.00510204
160 190 0.0991379
160 191 0.12426
160 221 0.0248756
161 128 0.0909091
161 130 0.477157
161 131 0.0138889
161 160 0.012766
161 191 0.0866667
161 192 0.0152672
161 193 0.04
162 98 0.00632911
162 99 0.0431655
162 101 0.0314961
162 130 0.0555556
162 131 0.0275229
162 132 0.270588
162 163 0.104575
162 192 0.104167
162 193 0.127273
162 194 0.00657895
163 101 0.0223881
163 132 0.107345
163 133 0.0820896
163 134 0.00680272
163 162 0.104575
163 164 0.379487
163 165 0.160256
163 193 0.0116279
163 194 0.0377358
163 195 0.0125786
163 196 0.0348837
163 197 0.0333333
164 132 0.00943396
164 163 0.379487
164 165 0.026178
164 193 0.0144928
164 194 0.350515
164 195 0.108247
164 196 0.10628
164 197 0.00465116
164 223 0.00429185
164 224 0.0047619
164 225 0.0528634
164 226 0.00854701
165 101 0.00769231
165 102 0.125
165 104 0.0106952
165 133 0.0230769
165 134 0.293706
165 135 0.0633803
165 163 0.160256
165 164 0.026178
165 196 0.00595238
165 197 0.0681818
166 134 0.020202
166 135 0.0304569
166 136 0.00913242
166 137 0.0321285
166 167 0.330317
166 196 0.0896861
166 197 0.30303
166 198 0.179894
166 227 0.0415094
166 228 0.104651
166 229 0.056338
167 135 0.0192308
167 136 0.11236
167 137 0.0865385
167 166 0.330317
167 168 0.0934579
167 196 0.0164835
167 197 0.0315789
167 198 0.0743243
167 199 0.0966184
167 200 0.015
167 228 0.0184332
167 229 0.0348837
167 230 0.00434783
168 105 0.00429185
168 136 0.433962
168 137 0.347107
168 167 0.0934579
168 169 0.0729167
168 198 0.010989
168 199 0.0871369
168 200 0.0897436
168 231 0.00558659
169 105 0.00564972
169 106 0.029703
169 107 0.0243902
169 108 0.00970874
169 109 0.00952381
169 137 0.11828
169 138 0.362069
169 139 0.06
169 141 0.0105263
169 168 0.0729167
169 171 0.00884956
169 199 0.0702703
169 231 0.0731707
169 233 0.057377
170 139 0.00952381
170 171 0.0294118
170 201 0.227273
170 202 0.45
170 230 0.00613497
170 231 0.0384615
170 232 0.139785
170 233 0.0909091
171 139 0.346457
171 140 0.0820896
171 141 0.0694444
171 169 0.00884956
171 170 0.0294118
171 202 0.0806452
171 231 0.02
172 139 0.017094
172 140 0.219917
172 142 0.0327103
172 173 0.368932
172 174 0.0173611
172 203 0.114695
172 234 0.038961
172 235 0.062963
173 140 0.0243902
173 142 0.0456621
173 143 0.0742188
173 172 0.368932
173 174 0.16041
173 203 0.0985916
173 234 0.0447284
173 235 0.0836364
173 236 0.0031348
174 143 0.0851064
174 146 0.00881057
174 172 0.0173611
174 173 0.16041
174 203 0.486692
174 204 0.0862745
174 205 0.1
174 236 0.0302013
175 113 0.0111111
175 143 0.0797101
175 144 0.107692
175 145 0.0985916
175 146 0.1
175 177 0.00568182
175 206 0.160494
175 207 0.0793651
175 237 0.00961538
176 115 0.177305
176 116 0.0101523
176 146 0.0759494
176 147 0.00684932
176 177 0.362745
176 178 0.102151
176 205 0.0434783
176 207 0.208791
176 208 0.0342857
177 115 0.042654
177 146 0.162281
177 175 0.00568182
177 176 0.362745
177 178 0.101562
177 205 0.203463
177 206 0.00558659
177 207 0.136646
177 208 0.15102
177 209 0.0516432
177 238 0.0272374
177 239 0.0335821
177 240 0.0338346
178 115 0.139896
178 116 0.108434
178 117 0.0347826
178 147 0.19697
178 148 0.052381
178 149 0.00892857
178 176 0.102151
178 177 0.101562
178 179 0.00558659
178 208 0.352423
178 209 0.0820513
178 210 0.03125
179 117 0.0643275
179 118 0.00925926
179 147 0.057554
179 148 0.192053
179 149 0.0666667
179 178 0.00558659
179 180 0.015873
179 208 0.0357143
179 209 0.0147059
179 210 0.127273
179 211 0.240838
179 212 0.00847458
179 240 0.00529101
179 241 0.075188
179 242 0.00492611
180 148 0.248408
180 150 0.0274725
180 151 0.0753769
180 179 0.015873
180 210 0.111111
180 211 0.137056
180 212 0.0403226
180 241 0.0503597
180 242 0.181818
180 243 0.0603015
180 244 0.0120482
181 117 0.0212766
181 118 0.102564
181 119 0.0802469
181 148 0.0165289
181 150 0.260274
181 151 0.0490798
181 211 0.0248447
182 120 0.0900474
182 122 0.00401606
182 150 0.04329
182 151 0.116935
182 152 0.179191
182 212 0.017341
182 213 0.437736
182 214 0.00413223
182 244 0.027907
183 152 0.04
183 153 0.420382
183 184 0.0824176
183 214 0.0118343
183 246 0.0872483
184 122 0.131387
184 123 0.0858369
184 152 0.0858586
184 153 0.388235
184 183 0.0824176
184 185 0.273148
184 213 0.00689655
184 214 0.0374532
184 215 0.040724
185 122 0.0047619
185 123 0.0946746
185 154 0.106796
185 184 0.273148
185 215 0.10828
185 216 0.10101
186 124 0.0140845
186 125 0.00769231
186 155 0.0598802
186 187 0.253968
186 217 0.317308
186 218 0.0206186
186 249 0.00636943
186 250 0.00483092
187 125 0.00671141
187 126 0.0153846
187 155 0.0268817
187 156 0.0257732
187 157 0.107143
187 186 0.253968
187 188 0.0769231
187 189 0.0115607
187 217 0.101322
187 218 0.446009
187 219 0.00574713
187 250 0.0929204
188 127 0.039604
188 128 0.00819672
188 157 0.0310078
188 158 0.233918
188 159 0.125
188 160 0.135417
188 187 0.0769231
188 189 0.0149254
188 190 0.0529412
188 218 0.00574713
188 221 0.028777
188 250 0.026738
189 158 0.142857
189 160 0.00510204
189 187 0.0115607
189 188 0.0149254
189 218 0.011236
189 220 0.17033
189 221 0.181818
189 250 0.0732984
190 158 0.0616114
190 159 0.327381
190 160 0.0991379
190 188 0.0529412
190 191 0.0204082
190 220 0.0504587
190 221 0.134078
190 222 0.122727
190 252 0.175966
190 253 0.159091
191 128 0.040404
191 159 0.00952381
191 160 0.12426
191 161 0.0866667
191 190 0.0204082
191 193 0.0223881
191 221 0.0689655
191 222 0.0764331
191 223 0.03125
192 130 0.0714286
192 131 0.20339
192 132 0.0166667
192 161 0.0152672
192 162 0.104167
192 193 0.113043
192 222 0.00724638
192 223 0.0070922
192 224 0.00847458
192 225 0.0148148
192 253 0.0106383
193 130 0.0276243
193 161 0.04
193 162 0.127273
193 163 0.0116279
193 164 0.0144928
193 191 0.0223881
193 192 0.113043
193 194 0.0818713
193 222 0.26087
193 223 0.195238
193 224 0.0320856
193 225 0.0196078
193 253 0.0797546
194 130 0.0119048
194 162 0.00657895
194 163 0.0377358
194 164 0.350515
194 193 0.0818713
194 195 0.177215
194 196 0.0116959
194 223 0.0304569
194 224 0.0977011
194 225 0.0732984
194 226 0.0757576
194 227 0.00469484
195 163 0.0125786
195 164 0.108247
195 194 0.177215
195 196 0.321637
195 197 0.0167598
195 225 0.0052356
195 226 0.0454545
195 227 0.0422535
195 228 0.00485437
196 163 0.0348837
196 164 0.10628
196 165 0.00595238
196 166 0.0896861
196 167 0.0164835
196 194 0.0116959
196 195 0.321637
196 197 0.078125
196 198 0.00666667
196 226 0.014218
196 227 0.287611
196 228 0.0821918
196 229 0.00574713
197 134 0.215569
197 135 0.138554
197 163 0.0333333
197 164 0.00465116
197 165 0.0681818
197 166 0.30303
197 167 0.0315789
197 195 0.0167598
197 196 0.078125
197 198 0.0126582
197 228 0.00440529
198 166 0.179894
198 167 0.0743243
198 168 0.010989
198 196 0.00666667
198 197 0.0126582
198 199 0.188571
198 200 0.0119048
198 228 0.167568
198 229 0.0714286
198 230 0.010101
198 260 0.00561798
199 136 0.0097561
199 137 0.0170213
199 167 0.0966184
199 168 0.0871369
199 169 0.0702703
199 198 0.188571
199 200 0.343612
199 229 0.0653266
199 230 0.190661
199 231 0.0406977
199 233 0.0935673
199 264 0.00613497
200 136 0.040404
200 167 0.015
200 168 0.0897436
200 198 0.0119048
200 199 0.343612
200 229 0.0416667
200 230 0.308
200 231 0.0121212
200 233 0.0365854
200 260 0.026087
200 264 0.0128205
201 139 0.0291262
201 170 0.227273
201 202 0.105263
201 231 0.0394737
201 232 0.296703
201 233 0.0133333
202 139 0.111111
202 170 0.45
202 171 0.0806452
202 201 0.105263
202 231 0.0972222
202 232 0.0114943
202 233 0.028169
203 142 0.00529101
203 143 0.110619
203 172 0.114695
203 173 0.0985916
203 174 0.486692
203 204 0.0650406
203 234 0.00706714
203 236 0.0138408
204 174 0.0862745
204 203 0.0650406
204 205 0.0375587
204 236 0.459075
204 265 0.0329218
204 267 0.0619048
204 269 0.00625
205 143 0.0259067
205 146 0.118919
205 174 0.1
205 176 0.0434783
205 177 0.203463
205 204 0.0375587
205 206 0.0147059
205 207 0.059322
205 237 0.125786
205 238 0.0514019
205 239 0.0844444
205 269 0.0666667
206 175 0.160494
206 177 0.00558659
206 205 0.0147059
206 207 0.030303
206 237 0.35514
206 268 0.037037
206 269 0.0240964
207 146 0.0173913
207 175 0.0793651
207 176 0.208791
207 177 0.136646
207 205 0.059322
207 206 0.030303
207 237 0.0786517
207 238 0.0277778
208 147 0.235294
208 148 0.040201
208 149 0.00469484
208 176 0.0342857
208 177 0.15102
208 178 0.352423
208 179 0.0357143
208 209 0.244565
208 210 0.211268
208 240 0.105485
208 241 0.0165746
209 148 0.0179641
209 177 0.0516432
209 178 0.0820513
209 179 0.0147059
209 208 0.244565
209 210 0.0994475
209 238 0.0102041
209 239 0.0289855
209 240 0.439024
209 241 0.0201342
209 242 0.00456621
209 270 0.037037
209 271 0.00625
210 147 0.0163043
210 148 0.19898
210 178 0.03125
210 179 0.127273
210 180 0.111111
210 208 0.211268
210 209 0.0994475
210 211 0.0127119
210 240 0.175214
210 241 0.303371
210 242 0.125
210 270 0.00458716
211 148 0.238739
211 149 0.0169492
211 150 0.1417
211 151 0.0833333
211 179 0.240838
211 180 0.137056
211 181 0.0248447
211 210 0.0127119
211 212 0.195767
211 213 0.0177936
211 241 0.0588235
211 242 0.0328467
211 243 0.0530303
211 244 0.0779221
212 148 0.0134228
212 150 0.0172414
212 151 0.0052356
212 179 0.00847458
212 180 0.0403226
212 182 0.017341
212 211 0.195767
212 213 0.0240385
212 242 0.00497512
212 243 0.293194
212 244 0.107595
212 275 0.0314465
213 150 0.0263158
213 151 0.141343
213 152 0.0144231
213 153 0.0301887
213 182 0.437736
213 184 0.00689655
213 211 0.0177936
213 212 0.0240385
213 214 0.0794224
213 243 0.0141343
213 244 0.156
213 245 0.0042735
213 246 0.0077821
213 275 0.227092
214 153 0.103306
214 182 0.00413223
214 183 0.0118343
214 184 0.0374532
214 213 0.0794224
214 215 0.201923
214 245 0.0710901
214 246 0.564103
214 275 0.0175439
214 276 0.00487805
214 277 0.0583333
215 153 0.0204082
215 184 0.040724
215 185 0.10828
215 214 0.201923
215 216 0.0288462
215 246 0.0265957
215 247 0.133929
215 277 0.159794
215 278 0.0173913
216 154 0.1
216 185 0.10101
216 215 0.0288462
216 247 0.12963
217 186 0.317308
217 187 0.101322
217 218 0.133621
217 219 0.015544
217 248 0.165746
217 249 0.276923
217 250 0.0367347
218 156 0.00502513
218 186 0.0206186
218 187 0.446009
218 188 0.00574713
218 189 0.011236
218 217 0.133621
218 219 0.00558659
218 248 0.0179641
218 249 0.0110497
218 250 0.194805
219 187 0.00574713
219 217 0.015544
219 218 0.00558659
219 220 0.0163934
219 249 0.084507
219 250 0.401042
219 251 0.0135135
219 279 0.0176991
219 280 0.0555556
219 281 0.25
219 282 0.0809249
220 159 0.0113636
220 189 0.17033
220 190 0.0504587
220 219 0.0163934
220 221 0.251337
220 250 0.13617
220 251 0.0314136
220 252 0.290456
220 281 0.00558659
220 282 0.185185
221 158 0.0611111
221 159 0.0218978
221 160 0.0248756
221 188 0.028777
221 189 0.181818
221 190 0.134078
221 191 0.0689655
221 220 0.251337
221 222 0.047619
221 252 0.133663
221 253 0.0275862
222 159 0.0337079
222 190 0.122727
222 191 0.0764331
222 192 0.00724638
222 193 0.26087
222 221 0.047619
222 223 0.23176
222 224 0.1
222 252 0.0534979
222 253 0.209677
222 254 0.00606061
222 284 0.00990099
222 286 0.0424242
223 164 0.00429185
223 191 0.03125
223 192 0.0070922
223 193 0.195238
223 194 0.0304569
223 222 0.23176
223 224 0.600939
223 225 0.0913043
223 226 0.0506329
223 253 0.021164
223 254 0.0297619
223 255 0.00520833
223 285 0.00431034
223 286 0.00595238
223 287 0.027027
224 164 0.0047619
224 192 0.00847458
224 193 0.0320856
224 194 0.0977011
224 222 0.1
224 223 0.600939
224 225 0.0386473
224 226 0.0747664
224 255 0.0236686
224 256 0.00819672
224 285 0.00478469
224 286 0.0137931
224 287 0.0301508
224 288 0.0133333
225 164 0.0528634
225 192 0.0148148
225 193 0.0196078
225 194 0.0732984
225 195 0.0052356
225 223 0.0913043
225 224 0.0386473
225 226 0.47619
225 227 0.0528455
225 257 0.0148148
225 258 0.014218
225 287 0.0462963
225 288 0.0359281
226 164 0.00854701
226 194 0.0757576
226 195 0.0454545
226 196 0.014218
226 223 0.0506329
226 224 0.0747664
226 225 0.47619
226 227 0.15415
226 257 0.00704225
226 258 0.0229358
226 287 0.0179372
226 288 0.0287356
226 289 0.0171674
227 166 0.0415094
227 194 0.00469484
227 195 0.0422535
227 196 0.287611
227 225 0.0528455
227 226 0.15415
227 228 0.275862
227 257 0.0127389
227 258 0.133047
227 288 0.015873
227 289 0.00403226
228 166 0.104651
228 167 0.0184332
228 195 0.00485437
228 196 0.0821918
228 197 0.00440529
228 198 0.167568
228 227 0.275862
228 229 0.105263
228 258 0.0929204
228 260 0.182186
228 289 0.00829876
228 290 0.0809249
229 166 0.056338
229 167 0.0348837
229 196 0.00574713
229 198 0.0714286
229 199 0.0653266
229 200 0.0416667
229 228 0.105263
229 230 0.0315315
229 260 0.386139
229 261 0.00636943
229 291 0.0153846
229 292 0.00854701
230 167 0.00434783
230 170 0.00613497
230 198 0.010101
230 199 0.190661
230 200 0.308
230 229 0.0315315
230 231 0.0102564
230 233 0.0309278
230 260 0.119231
230 261 0.237209
230 262 0.0337079
230 263 0.00458716
230 264 0.016129
230 291 0.00531915
230 292 0.0114286
230 294 0.00526316
231 168 0.00558659
231 169 0.0731707
231 170 0.0384615
231 171 0.02
231 199 0.0406977
231 200 0.0121212
231 201 0.0394737
231 202 0.0972222
231 230 0.0102564
231 232 0.016
231 233 0.412844
231 234 0.00947867
231 235 0.0115607
231 264 0.029703
232 170 0.139785
232 201 0.296703
232 202 0.0114943
232 231 0.016
232 233 0.00806452
232 261 0.0206897
232 262 0.12963
232 263 0.209459
232 295 0.0186916
233 169 0.057377
233 170 0.0909091
233 199 0.0935673
233 200 0.0365854
233 201 0.0133333
233 202 0.028169
233 230 0.0309278
233 231 0.412844
233 232 0.00806452
233 234 0.047619
233 235 0.0116279
233 262 0.0217391
233 264 0.2
234 172 0.038961
234 173 0.0447284
234 203 0.00706714
234 231 0.00947867
234 233 0.047619
234 235 0.50365
234 236 0.0440252
234 264 0.00495049
234 265 0.0428571
234 266 0.165414
235 172 0.062963
235 173 0.0836364
235 231 0.0115607
235 233 0.0116279
235 234 0.50365
235 236 0.0892857
235 264 0.0121951
235 265 0.0123967
235 266 0.100877
236 173 0.0031348
236 174 0.0302013
236 203 0.0138408
236 204 0.459075
236 234 0.0440252
236 235 0.0892857
236 265 0.111888
236 267 0.0948617
236 298 0.0078125
237 175 0.00961538
237 205 0.125786
237 206 0.35514
237 207 0.0786517
237 239 0.00510204
237 267 0.0128205
237 268 0.160305
237 269 0.245283
238 177 0.0272374
238 205 0.0514019
238 207 0.0277778
238 209 0.0102041
238 239 0.59761
238 240 0.064257
238 269 0.0124224
238 270 0.0386266
238 271 0.0392157
238 300 0.1
239 177 0.0335821
239 205 0.0844444
239 209 0.0289855
239 237 0.00510204
239 238 0.59761
239 240 0.103846
239 267 0.00900901
239 269 0.0930233
239 270 0.110656
239 271 0.0232558
239 300 0.0651341
240 177 0.0338346
240 179 0.00529101
240 208 0.105485
240 209 0.439024
240 210 0.175214
240 238 0.064257
240 239 0.103846
240 241 0.0742574
240 242 0.0404412
240 270 0.206612
240 271 0.178404
240 272 0.0148515
241 179 0.075188
241 180 0.0503597
241 208 0.0165746
241 209 0.0201342
241 210 0.303371
241 211 0.0588235
241 240 0.0742574
241 242 0.236111
241 243 0.0145631
241 270 0.0645161
241 272 0.0616438
241 304 0.0452261
242 179 0.00492611
242 180 0.181818
242 209 0.00456621
242 210 0.125
242 211 0.0328467
242 212 0.00497512
242 240 0.0404412
242 241 0.236111
242 243 0.126812
242 244 0.00411523
242 270 0.03125
242 271 0.0176211
242 272 0.0740741
242 273 0.112782
242 303 0.00598802
242 304 0.200743
242 306 0.00925926
243 180 0.0603015
243 211 0.0530303
243 212 0.293194
243 213 0.0141343
243 241 0.0145631
243 242 0.126812
243 244 0.283262
243 273 0.015625
243 274 0.153191
243 275 0.0940171
243 304 0.11583
243 306 0.121359
244 180 0.0120482
244 182 0.027907
244 211 0.0779221
244 212 0.107595
244 213 0.156
244 242 0.00411523
244 243 0.283262
244 245 0.00543478
244 274 0.0346535
244 275 0.278607
245 213 0.0042735
245 214 0.0710901
245 244 0.00543478
245 246 0.0209424
245 274 0.0806452
245 275 0.237838
245 276 0.0987654
245 307 0.135135
245 308 0.145228
246 183 0.0872483
246 213 0.0077821
246 214 0.564103
246 215 0.0265957
246 245 0.0209424
246 275 0.00961538
246 276 0.145946
246 277 0.0181818
246 308 0.030303
247 215 0.133929
247 216 0.12963
247 278 0.169231
248 217 0.165746
248 218 0.0179641
248 249 0.215385
248 280 0.0984849
248 310 0.0769231
249 186 0.00636943
249 217 0.276923
249 218 0.0110497
249 219 0.084507
249 248 0.215385
249 250 0.0309278
249 279 0.026087
249 280 0.212329
249 281 0.0434783
249 310 0.0382514
249 311 0.0714286
249 312 0.0108696
250 186 0.00483092
250 187 0.0929204
250 188 0.026738
