0 1 0.0707071
0 47 0.220339
1 0 0.0707071
1 47 0.173554
1 48 0.142857
2 3 0.188119
2 48 0.247788
2 49 0.0495868
3 2 0.188119
3 4 0.0714286
3 49 0.0961538
3 50 0.122222
4 3 0.0714286
4 5 0.130841
4 50 0.259615
4 51 0.103774
5 4 0.130841
5 51 0.0792079
5 52 0.22549
6 7 0.047619
6 8 0.00925926
6 52 0.15493
6 53 0.0108696
6 54 0.319149
6 55 0.00980392
7 6 0.047619
7 9 0.321168
7 54 0.0549451
7 55 0.116438
8 6 0.00925926
8 10 0.00704225
8 54 0.191304
8 55 0.447059
8 56 0.00813008
9 7 0.321168
9 10 0.188976
9 55 0.116129
10 8 0.00704225
10 9 0.188976
10 11 0.327434
10 56 0.011236
10 57 0.0070922
11 10 0.327434
11 57 0.232877
11 58 0.0248447
12 13 0.136364
12 57 0.258065
12 58 0.0705882
12 59 0.115942
13 12 0.136364
13 14 0.131313
13 59 0.0892857
13 60 0.14433
14 13 0.131313
14 15 0.235849
14 60 0.160714
14 61 0.05
15 14 0.235849
15 16 0.0882353
15 61 0.0714286
15 62 0.06
16 15 0.0882353
16 17 0.118182
16 62 0.125
16 63 0.105769
17 16 0.118182
17 18 0.268908
17 63 0.0925926
17 64 0.048
18 17 0.268908
18 19 0.0125
18 20 0.0379747
18 64 0.1
18 65 0.123188
18 66 0.179104
19 18 0.0125
19 20 0.514286
20 18 0.0379747
20 19 0.514286
20 21 0.106667
20 66 0.0224719
21 20 0.106667
21 22 0.275
21 66 0.115385
21 67 0.0423729
21 68 0.00840336
22 21 0.275
22 23 0.01875
22 24 0.00869565
22 68 0.0731707
22 69 0.0763889
22 70 0.238532
23 22 0.01875
23 24 0.496689
23 25 0.235632
23 26 0.0372671
23 70 0.0965517
23 71 0.218182
23 72 0.044843
23 73 0.0128205
24 22 0.00869565
24 23 0.496689
24 25 0.0465116
24 26 0.0258621
24 69 0.0148148
24 70 0.25
24 71 0.12
24 72 0.00561798
25 23 0.235632
25 24 0.0465116
25 26 0.28777
25 27 0.00675676
25 71 0.040404
25 72 0.154229
25 73 0.223881
25 74 0.038674
26 23 0.0372671
26 24 0.0258621
26 25 0.28777
26 70 0.0363636
26 71 0.027027
26 72 0.106383
26 73 0.00826446
26 74 0.119048
27 25 0.00675676
27 28 0.114754
27 29 0.0779817
27 72 0.0406091
27 73 0.176923
27 74 0.378531
27 75 0.110497
28 27 0.114754
28 29 0.153061
28 72 0.00571429
28 74 0.380645
28 75 0.0251572
28 76 0.00495049
29 27 0.0779817
29 28 0.153061
29 30 0.0510638
29 74 0.063745
29 75 0.160784
29 76 0.345638
29 77 0.0301724
30 29 0.0510638
30 31 0.269939
30 32 0.0794702
30 76 0.286307
30 77 0.348571
30 78 0.0432099
30 79 0.115044
31 30 0.269939
31 32 0.154412
31 33 0.026738
31 76 0.0575221
31 77 0.09375
31 78 0.142857
31 79 0.270142
31 80 0.030303
32 30 0.0794702
32 31 0.154412
32 33 0.0685714
32 77 0.0608108
32 78 0.0222222
32 79 0.261307
32 80 0.0752688
33 31 0.026738
33 32 0.0685714
33 34 0.176796
33 35 0.0138249
33 78 0.016129
33 79 0.332
33 80 0.139241
33 81 0.116379
34 33 0.176796
34 35 0.0290698
34 36 0.0666667
34 79 0.00487805
34 80 0.03125
34 81 0.224599
35 33 0.0138249
35 34 0.0290698
35 36 0.239766
35 37 0.240838
35 82 0.0505618
35 83 0.0714286
35 84 0.0155039
36 34 0.0666667
36 35 0.239766
36 37 0.149351
36 83 0.196581
36 84 0.0633484
37 35 0.240838
37 36 0.149351
37 38 0.0394089
37 82 0.00621118
37 83 0.0437956
37 84 0.232365
38 37 0.0394089
38 39 0.00598802
38 40 0.056701
38 83 0.0180723
38 84 0.196296
38 85 0.471861
38 86 0.0363636
38 87 0.00444444
39 38 0.00598802
39 40 0.310078
39 41 0.0392157
39 86 0.4
39 87 0.08125
39 88 0.0738255
40 38 0.056701
40 39 0.310078
40 41 0.0555556
40 86 0.412088
40 87 0.0802139
40 88 0.0852273
41 39 0.0392157
41 40 0.0555556
41 42 0.153488
41 43 0.0346821
41 86 0.0825243
41 87 0.0473934
41 88 0.295
41 89 0.0447761
42 41 0.153488
42 43 0.25
42 88 0.014218
42 89 0.0141509
42 90 0.439655
42 91 0.0042735
43 41 0.0346821
43 42 0.25
43 44 0.0795455
43 45 0.0540541
43 89 0.0117647
43 90 0.3
43 91 0.0677083
44 43 0.0795455
44 45 0.351648
44 46 0.0108696
44 90 0.102679
44 91 0.261062
44 92 0.174528
44 93 0.0104167
45 43 0.0540541
45 44 0.351648
45 46 0.108974
45 90 0.0255102
45 91 0.0252525
45 92 0.0706522
45 93 0.0182927
46 44 0.0108696
46 45 0.108974
46 92 0.0430108
46 93 0.0722892
47 0 0.220339
47 1 0.173554
47 94 0.20354
47 95 0.118056
48 1 0.142857
48 2 0.247788
48 49 0.0517241
48 95 0.101562
49 2 0.0495868
49 3 0.0961538
49 48 0.0517241
49 50 0.127273
49 95 0.0808824
49 96 0.0841122
50 3 0.122222
50 4 0.259615
50 49 0.127273
50 51 0.0102041
50 96 0.0537634
50 97 0.07
51 4 0.103774
51 5 0.0792079
51 50 0.0102041
51 97 0.0686275
51 98 0.108527
52 5 0.22549
52 6 0.15493
52 53 0.121951
52 98 0.169231
52 99 0.008
52 100 0.0410959
53 6 0.0108696
53 52 0.121951
53 54 0.010101
53 98 0.0529801
53 99 0.239726
53 100 0.117021
54 6 0.319149
54 7 0.0549451
54 8 0.191304
54 53 0.010101
54 55 0.0458716
54 100 0.183673
54 102 0.0425532
55 6 0.00980392
55 7 0.116438
55 8 0.447059
55 9 0.116129
55 54 0.0458716
56 8 0.00813008
56 10 0.011236
56 101 0.432099
56 102 0.411765
56 103 0.0454545
57 10 0.0070922
57 11 0.232877
57 12 0.258065
57 58 0.126984
57 103 0.107143
58 11 0.0248447
58 12 0.0705882
58 57 0.126984
58 59 0.116279
58 103 0.00645161
58 104 0.196532
58 105 0.128655
59 12 0.115942
59 13 0.0892857
59 58 0.116279
59 60 0.104
59 105 0.028777
59 106 0.11039
60 13 0.14433
60 14 0.160714
60 59 0.104
60 61 0.110169
60 106 0.028777
60 107 0.0390625
61 14 0.05
61 15 0.0714286
61 60 0.110169
61 62 0.0701754
61 107 0.147059
61 108 0.0840336
62 15 0.06
62 16 0.125
62 61 0.0701754
62 108 0.140187
62 109 0.214286
63 16 0.105769
63 17 0.0925926
63 109 0.0892857
63 110 0.309735
64 17 0.048
64 18 0.1
64 65 0.243056
64 110 0.276923
64 111 0.0300752
65 18 0.123188
65 64 0.243056
65 66 0.0405405
65 112 0.292994
65 113 0.00714286
66 18 0.179104
66 20 0.0224719
66 21 0.115385
66 65 0.0405405
66 67 0.19697
66 112 0.0849673
66 113 0.102941
67 21 0.0423729
67 66 0.19697
67 68 0.198347
67 113 0.0806452
67 114 0.125984
68 21 0.00840336
68 22 0.0731707
68 67 0.198347
68 115 0.159091
69 22 0.0763889
69 24 0.0148148
69 70 0.0620155
69 115 0.196078
69 116 0.266272
69 117 0.00621118
70 22 0.238532
70 23 0.0965517
70 24 0.25
70 26 0.0363636
70 69 0.0620155
70 116 0.00746269
71 23 0.218182
71 24 0.12
71 25 0.040404
71 26 0.027027
71 72 0.421053
71 73 0.05
71 116 0.00478469
71 117 0.0348259
71 119 0.149171
71 120 0.0736842
72 23 0.044843
72 24 0.00561798
72 25 0.154229
72 26 0.106383
72 27 0.0406091
72 28 0.00571429
72 71 0.421053
72 73 0.333333
72 74 0.0304348
72 118 0.00456621
72 119 0.119565
72 120 0.186529
72 121 0.0149254
73 23 0.0128205
73 25 0.223881
73 26 0.00826446
73 27 0.176923
73 71 0.05
73 72 0.333333
73 74 0.0184049
73 119 0.025641
73 120 0.031746
73 121 0.0696517
74 25 0.038674
74 26 0.119048
74 27 0.378531
74 28 0.380645
74 29 0.063745
74 72 0.0304348
74 73 0.0184049
74 75 0.0420561
74 120 0.127168
74 121 0.00403226
74 122 0.0116279
75 27 0.110497
75 28 0.0251572
75 29 0.160784
75 74 0.0420561
75 76 0.122605
75 120 0.0451977
75 121 0.123016
75 122 0.255682
75 123 0.0850202
75 124 0.153846
76 28 0.00495049
76 29 0.345638
76 30 0.286307
76 31 0.0575221
76 75 0.122605
76 77 0.222689
76 78 0.00444444
76 122 0.0273973
76 123 0.00689655
76 124 0.144404
77 29 0.0301724
77 30 0.348571
77 31 0.09375
77 32 0.0608108
77 76 0.222689
77 78 0.0440252
77 79 0.0807175
77 123 0.0223214
77 124 0.0710901
77 125 0.0590909
77 126 0.00921659
78 30 0.0432099
78 31 0.142857
78 32 0.0222222
78 33 0.016129
78 76 0.00444444
78 77 0.0440252
78 79 0.171429
78 80 0.0609137
78 123 0.0189573
78 124 0.0454545
78 125 0.173913
78 126 0.156863
78 127 0.00645161
79 30 0.115044
79 31 0.270142
79 32 0.261307
79 33 0.332
79 34 0.00487805
79 77 0.0807175
79 78 0.171429
79 80 0.214559
79 125 0.0184502
79 126 0.0261194
79 127 0.0456621
80 31 0.030303
80 32 0.0752688
80 33 0.139241
80 34 0.03125
80 78 0.0609137
80 79 0.214559
80 81 0.213992
80 125 0.0232558
80 126 0.207843
80 127 0.121359
81 33 0.116379
81 34 0.224599
81 80 0.213992
81 82 0.0414508
81 126 0.024
81 127 0.109453
81 128 0.0408163
81 129 0.0635838
82 35 0.0505618
82 37 0.00621118
82 81 0.0414508
82 83 0.0887097
82 84 0.00438596
82 127 0.0192308
82 128 0.176471
82 129 0.273438
82 130 0.151786
82 131 0.145349
83 35 0.0714286
83 36 0.196581
83 37 0.0437956
83 38 0.0180723
83 82 0.0887097
83 84 0.107843
83 129 0.00961538
83 130 0.261364
83 131 0.0337838
83 132 0.0265957
84 35 0.0155039
84 36 0.0633484
84 37 0.232365
84 38 0.196296
84 82 0.00438596
84 83 0.107843
84 85 0.0780669
84 130 0.0208333
84 131 0.0793651
84 132 0.222603
85 38 0.471861
85 84 0.0780669
85 86 0.00913242
85 87 0.0357143
85 132 0.205534
86 38 0.0363636
86 39 0.4
86 40 0.412088
86 41 0.0825243
86 85 0.00913242
86 87 0.328638
86 88 0.108911
86 89 0.00492611
86 134 0.0380952
87 38 0.00444444
87 39 0.08125
87 40 0.0802139
87 41 0.0473934
87 85 0.0357143
87 86 0.328638
87 88 0.217391
87 89 0.0625
87 132 0.00809717
87 133 0.0526316
87 134 0.181395
88 39 0.0738255
88 40 0.0852273
88 41 0.295
88 42 0.014218
88 86 0.108911
88 87 0.217391
88 89 0.218274
88 134 0.156863
88 135 0.0425532
88 136 0.0531401
89 41 0.0447761
89 42 0.0141509
89 43 0.0117647
89 86 0.00492611
89 87 0.0625
89 88 0.218274
89 90 0.00458716
89 134 0.126829
89 135 0.185185
89 136 0.259615
89 137 0.0222222
89 138 0.0467836
90 42 0.439655
90 43 0.3
90 44 0.102679
90 45 0.0255102
90 89 0.00458716
90 91 0.0791667
90 135 0.0526316
90 136 0.0350877
90 137 0.044898
90 138 0.0314136
91 42 0.0042735
91 43 0.0677083
91 44 0.261062
91 45 0.0252525
91 90 0.0791667
91 92 0.153509
91 93 0.00961538
91 137 0.17004
91 138 0.170984
91 139 0.0788177
92 44 0.174528
92 45 0.0706522
92 46 0.0430108
92 91 0.153509
92 93 0.0876289
92 137 0.0128755
92 139 0.010582
92 140 0.296296
93 44 0.0104167
93 45 0.0182927
93 46 0.0722892
93 91 0.00961538
93 92 0.0876289
93 139 0.0236686
93 140 0.457399
94 47 0.20354
94 141 0.16
95 47 0.118056
95 48 0.101562
95 49 0.0808824
95 141 0.211538
95 142 0.191176
96 49 0.0841122
96 50 0.0537634
96 97 0.226804
96 143 0.109091
97 50 0.07
97 51 0.0686275
97 96 0.226804
97 144 0.252252
98 51 0.108527
98 52 0.169231
98 53 0.0529801
98 99 0.196078
98 145 0.149254
98 146 0.0331126
99 52 0.008
99 53 0.239726
99 98 0.196078
99 100 0.0104167
99 146 0.109589
99 147 0.0979021
100 52 0.0410959
100 53 0.117021
100 54 0.183673
100 99 0.0104167
100 101 0.0147059
100 102 0.0898876
100 147 0.0549451
100 148 0.0560748
100 149 0.032
101 56 0.432099
101 100 0.0147059
101 102 0.0707965
101 103 0.232323
101 148 0.00763359
101 149 0.0604027
101 150 0.0967742
101 151 0.00925926
102 54 0.0425532
102 56 0.411765
102 100 0.0898876
102 101 0.0707965
102 148 0.00657895
102 150 0.0137931
103 56 0.0454545
103 57 0.107143
103 58 0.00645161
103 101 0.232323
103 104 0.0483871
103 150 0.160305
103 151 0.130435
104 58 0.196532
104 103 0.0483871
104 105 0.00714286
104 151 0.218045
104 152 0.0789474
105 58 0.128655
105 59 0.028777
105 104 0.00714286
105 106 0.137255
105 152 0.178571
105 153 0.136
106 59 0.11039
106 60 0.028777
106 105 0.137255
106 107 0.369427
106 153 0.107143
107 60 0.0390625
107 61 0.147059
107 106 0.369427
107 153 0.00775194
107 154 0.0977444
107 155 0.00694444
108 61 0.0840336
108 62 0.140187
108 109 0.0512821
108 155 0.204724
109 62 0.214286
109 63 0.0892857
109 108 0.0512821
109 110 0.00813008
109 156 0.134454
109 157 0.0504202
110 63 0.309735
110 64 0.276923
110 109 0.00813008
110 111 0.0472441
110 157 0.0916667
111 64 0.0300752
111 110 0.0472441
111 157 0.284553
111 158 0.25
112 65 0.292994
112 66 0.0849673
112 113 0.241379
112 158 0.0192308
112 159 0.0301205
113 65 0.00714286
113 66 0.102941
113 67 0.0806452
113 112 0.241379
113 114 0.152672
113 160 0.0895522
114 67 0.125984
114 113 0.152672
114 160 0.175182
114 161 0.20354
115 68 0.159091
115 69 0.196078
115 162 0.0507246
115 163 0.0652174
116 69 0.266272
116 70 0.00746269
116 71 0.00478469
116 117 0.210843
116 163 0.0454545
116 164 0.130178
117 69 0.00621118
117 71 0.0348259
117 116 0.210843
117 118 0.271676
117 119 0.0507246
117 164 0.10559
117 166 0.0193548
118 72 0.00456621
118 117 0.271676
118 119 0.130719
118 164 0.00568182
118 165 0.103226
118 166 0.388235
119 71 0.149171
119 72 0.119565
119 73 0.025641
119 117 0.0507246
119 118 0.130719
119 120 0.0472441
119 121 0.0445545
119 165 0.0416667
119 166 0.251852
119 167 0.0714286
120 71 0.0736842
120 72 0.186529
120 73 0.031746
120 74 0.127168
120 75 0.0451977
120 119 0.0472441
120 121 0.265403
120 122 0.0296296
120 166 0.00694444
120 167 0.0268456
120 168 0.0347222
121 72 0.0149254
121 73 0.0696517
121 74 0.00403226
121 75 0.123016
121 119 0.0445545
121 120 0.265403
121 122 0.22381
121 165 0.00490196
121 167 0.232143
121 168 0.114155
121 169 0.021645
122 74 0.0116279
122 75 0.255682
122 76 0.0273973
122 120 0.0296296
122 121 0.22381
122 123 0.0634146
122 124 0.177083
122 167 0.00675676
122 168 0.0629371
122 169 0.141935
122 170 0.0075188
123 75 0.0850202
123 76 0.00689655
123 77 0.0223214
123 78 0.0189573
123 122 0.0634146
123 124 0.380228
123 125 0.150735
123 168 0.0654206
123 169 0.0884956
123 170 0.27451
123 171 0.00460829
123 172 0.0257732
124 75 0.153846
124 76 0.144404
124 77 0.0710901
124 78 0.0454545
124 122 0.177083
124 123 0.380228
124 125 0.111969
124 168 0.0199005
124 169 0.0328638
124 170 0.0628272
124 171 0.0147059
124 172 0.0110497
125 77 0.0590909
125 78 0.173913
125 79 0.0184502
125 80 0.0232558
125 123 0.150735
125 124 0.111969
125 126 0.150943
125 170 0.18
125 171 0.333333
125 172 0.157895
125 173 0.0392857
126 77 0.00921659
126 78 0.156863
126 79 0.0261194
126 80 0.207843
126 81 0.024
126 125 0.150943
126 127 0.276995
126 171 0.109524
126 172 0.0695187
126 173 0.288809
126 174 0.00865801
127 78 0.00645161
127 79 0.0456621
127 80 0.121359
127 81 0.109453
127 82 0.0192308
127 126 0.276995
127 128 0.109091
127 129 0.0220588
127 173 0.118421
127 174 0.043956
127 175 0.0469799
128 81 0.0408163
128 82 0.176471
128 127 0.109091
128 129 0.0487805
128 130 0.0757576
128 131 0.00793651
128 173 0.0114943
128 175 0.0421053
129 81 0.0635838
129 82 0.273438
129 83 0.00961538
129 127 0.0220588
129 128 0.0487805
129 130 0.0434783
129 131 0.0592105
129 175 0.0991736
129 177 0.0571429
130 82 0.151786
130 83 0.261364
130 84 0.0208333
130 128 0.0757576
130 129 0.0434783
130 131 0.0808824
130 177 0.157303
130 178 0.011976
131 82 0.145349
131 83 0.0337838
131 84 0.0793651
131 128 0.00793651
131 129 0.0592105
131 130 0.0808824
131 132 0.139831
131 177 0.161074
131 178 0.0969163
131 179 0.0688259
132 83 0.0265957
132 84 0.222603
132 85 0.205534
132 87 0.00809717
132 131 0.139831
132 133 0.0462185
132 177 0.042328
132 178 0.0561798
132 179 0.156794
132 180 0.0041841
133 87 0.0526316
133 132 0.0462185
133 134 0.0436893
133 179 0.0522088
133 180 0.651741
133 181 0.0124224
134 86 0.0380952
134 87 0.181395
134 88 0.156863
134 89 0.126829
134 133 0.0436893
134 135 0.0510204
134 136 0.0325581
134 180 0.0386473
134 181 0.221557
134 182 0.168724
134 183 0.0132159
135 88 0.0425532
135 89 0.185185
135 90 0.0526316
135 134 0.0510204
135 136 0.351759
135 137 0.0462963
135 138 0.0925926
135 181 0.0331126
135 182 0.030837
135 183 0.118483
136 88 0.0531401
136 89 0.259615
136 90 0.0350877
136 134 0.0325581
136 135 0.351759
136 137 0.102128
136 138 0.187845
136 181 0.00588235
136 183 0.0217391
136 185 0.00429185
137 89 0.0222222
137 90 0.044898
137 91 0.17004
137 92 0.0128755
137 135 0.0462963
137 136 0.102128
137 138 0.191919
137 139 0.0528846
137 183 0.097166
137 184 0.0319635
137 185 0.188
137 186 0.0788382
138 89 0.0467836
138 90 0.0314136
138 91 0.170984
138 135 0.0925926
138 136 0.187845
138 137 0.191919
138 139 0.038961
138 183 0.015544
138 184 0.0121212
138 185 0.0459184
138 186 0.0160428
139 91 0.0788177
139 92 0.010582
139 93 0.0236686
139 137 0.0528846
139 138 0.038961
139 185 0.150485
139 186 0.22335
140 92 0.296296
140 93 0.457399
140 186 0.0756972
140 187 0.0725389
141 94 0.16
141 95 0.211538
141 142 0.0625
141 188 0.186567
141 189 0.0460526
142 95 0.191176
142 141 0.0625
142 143 0.149606
142 189 0.166667
143 96 0.109091
143 142 0.149606
143 189 0.0148148
143 190 0.224806
144 97 0.252252
144 145 0.140351
144 191 0.107692
145 98 0.149254
145 144 0.140351
145 146 0.0787402
145 193 0.0508475
146 98 0.0331126
146 99 0.109589
146 145 0.0787402
146 147 0.0212766
146 193 0.251852
147 99 0.0979021
147 100 0.0549451
147 146 0.0212766
147 148 0.194805
147 194 0.0147059
148 100 0.0560748
148 101 0.00763359
148 102 0.00657895
148 147 0.194805
148 149 0.43617
148 194 0.0197368
148 195 0.0296296
148 196 0.0364963
149 100 0.032
149 101 0.0604027
149 148 0.43617
149 150 0.0994475
149 151 0.00606061
149 196 0.116129
149 197 0.238095
150 101 0.0967742
150 102 0.0137931
150 103 0.160305
150 149 0.0994475
150 151 0.221429
150 197 0.237805
150 198 0.0254237
151 101 0.00925926
151 103 0.130435
151 104 0.218045
151 149 0.00606061
151 150 0.221429
151 198 0.0196078
151 199 0.0243902
152 104 0.0789474
152 105 0.178571
152 199 0.182692
153 105 0.136
153 106 0.107143
153 107 0.00775194
153 200 0.226891
154 107 0.0977444
154 155 0.221374
154 200 0.105691
154 201 0.146154
155 107 0.00694444
155 108 0.204724
155 154 0.221374
155 201 0.070922
155 202 0.108333
156 109 0.134454
156 157 0.0862069
156 202 0.00934579
156 203 0.20155
156 204 0.241379
157 109 0.0504202
157 110 0.0916667
157 111 0.284553
157 156 0.0862069
157 158 0.0075188
157 204 0.103448
157 205 0.0884956
158 111 0.25
158 112 0.0192308
158 157 0.0075188
158 159 0.3
158 205 0.0307692
159 112 0.0301205
159 158 0.3
159 205 0.0285714
159 206 0.135135
159 207 0.155844
160 113 0.0895522
160 114 0.175182
160 161 0.0344828
160 207 0.258993
160 208 0.144068
161 114 0.20354
161 160 0.0344828
161 162 0.168142
161 208 0.0531915
162 115 0.0507246
162 161 0.168142
162 163 0.164179
162 209 0.104839
163 115 0.0652174
163 116 0.0454545
163 162 0.164179
163 209 0.0403226
163 210 0.193333
164 116 0.130178
164 117 0.10559
164 118 0.00568182
164 210 0.230303
164 211 0.215909
165 118 0.103226
165 119 0.0416667
165 121 0.00490196
165 166 0.233577
165 167 0.0492958
165 211 0.0709677
165 212 0.0774648
165 213 0.465347
165 214 0.0141844
165 215 0.010989
166 117 0.0193548
166 118 0.388235
166 119 0.251852
166 120 0.00694444
166 165 0.233577
166 167 0.0127389
166 211 0.0411765
166 213 0.0775862
166 215 0.00507614
167 119 0.0714286
167 120 0.0268456
167 121 0.232143
167 122 0.00675676
167 165 0.0492958
167 166 0.0127389
167 168 0.0191083
167 169 0.0177515
167 213 0.0165289
167 214 0.136646
167 215 0.346535
167 216 0.025641
168 120 0.0347222
168 121 0.114155
168 122 0.0629371
168 123 0.0654206
168 124 0.0199005
168 167 0.0191083
168 169 0.146341
168 170 0.028169
168 214 0.160256
168 215 0.0101523
169 121 0.021645
169 122 0.141935
169 123 0.0884956
169 124 0.0328638
169 167 0.0177515
169 168 0.146341
169 170 0.0194805
169 214 0.166667
169 215 0.0382775
169 216 0.287129
169 217 0.0163934
169 218 0.0233918
170 122 0.0075188
170 123 0.27451
170 124 0.0628272
170 125 0.18
170 168 0.028169
170 169 0.0194805
170 171 0.062069
170 172 0.0245902
170 217 0.111801
170 218 0.14094
170 219 0.030303
171 123 0.00460829
171 124 0.0147059
171 125 0.333333
171 126 0.109524
171 170 0.062069
171 172 0.00740741
171 173 0.142222
171 218 0.00617284
171 219 0.0280899
171 221 0.00763359
172 123 0.0257732
172 124 0.0110497
172 125 0.157895
172 126 0.0695187
172 170 0.0245902
172 171 0.00740741
172 173 0.0445545
172 217 0.013245
172 218 0.165468
172 219 0.206452
173 125 0.0392857
173 126 0.288809
173 127 0.118421
173 128 0.0114943
173 171 0.142222
173 172 0.0445545
173 174 0.191057
173 219 0.0326531
173 220 0.0209424
173 221 0.207071
174 126 0.00865801
174 127 0.043956
174 173 0.191057
174 175 0.161677
174 220 0.0275862
174 221 0.210526
174 222 0.0215054
174 223 0.00675676
175 127 0.0469799
175 128 0.0421053
175 129 0.0991736
175 174 0.161677
175 176 0.0272109
175 222 0.300654
175 223 0.00869565
175 224 0.011976
176 175 0.0272109
176 177 0.175573
176 178 0.138756
176 222 0.150602
176 223 0.15625
176 224 0.1
177 129 0.0571429
177 130 0.157303
177 131 0.161074
177 132 0.042328
177 176 0.175573
177 178 0.0444444
177 222 0.10219
177 224 0.0198676
178 130 0.011976
178 131 0.0969163
178 132 0.0561798
178 176 0.138756
178 177 0.0444444
178 179 0.420863
178 222 0.027907
178 224 0.187773
178 225 0.0169492
178 226 0.029703
179 131 0.0688259
179 132 0.156794
179 133 0.0522088
179 178 0.420863
179 180 0.008
179 224 0.0682731
179 225 0.00507614
179 226 0.162162
179 227 0.027907
180 132 0.0041841
180 133 0.651741
180 134 0.0386473
180 179 0.008
180 181 0.00617284
180 182 0.00420168
180 227 0.0958084
180 228 0.0151515
181 133 0.0124224
181 134 0.221557
181 135 0.0331126
181 136 0.00588235
181 180 0.00617284
181 182 0.191919
181 183 0.032967
181 227 0.00787402
181 229 0.0230769
182 134 0.168724
182 135 0.030837
182 180 0.00420168
182 181 0.191919
182 183 0.321705
182 184 0.126087
182 227 0.0344828
182 229 0.257282
182 230 0.00921659
183 134 0.0132159
183 135 0.118483
183 136 0.0217391
183 137 0.097166
183 138 0.015544
183 181 0.032967
183 182 0.321705
183 184 0.233645
183 185 0.0979592
183 229 0.0315789
183 230 0.0447761
183 231 0.0135135
184 137 0.0319635
184 138 0.0121212
184 182 0.126087
184 183 0.233645
184 185 0.253456
184 229 0.0802469
184 230 0.16185
184 231 0.025
184 232 0.00632911
184 233 0.0352941
185 136 0.00429185
185 137 0.188
185 138 0.0459184
185 139 0.150485
185 183 0.0979592
185 184 0.253456
185 186 0.125523
185 230 0.0441176
185 232 0.031746
185 233 0.104478
186 137 0.0788382
186 138 0.0160428
186 139 0.22335
186 140 0.0756972
186 185 0.125523
186 233 0.00520833
186 234 0.122951
187 140 0.0725389
187 234 0.247312
188 141 0.186567
188 189 0.0245902
188 235 0.221239
189 141 0.0460526
189 142 0.166667
189 143 0.0148148
189 188 0.0245902
189 235 0.152672
189 236 0.138211
190 143 0.224806
190 237 0.162791
190 238 0.2
191 144 0.107692
191 238 0.204918
191 239 0.20438
192 193 0.128
192 239 0.195312
192 240 0.191919
193 145 0.0508475
193 146 0.251852
193 192 0.128
193 239 0.0775194
193 240 0.08
193 241 0.072
194 147 0.0147059
194 148 0.0197368
194 195 0.316239
194 241 0.155039
195 148 0.0296296
195 194 0.316239
195 196 0.127451
195 242 0.0720721
196 148 0.0364963
196 149 0.116129
196 195 0.127451
196 197 0.0217391
196 242 0.185841
196 243 0.131313
197 149 0.238095
197 150 0.237805
197 196 0.0217391
197 198 0.0238095
197 243 0.0977444
197 244 0.117241
198 150 0.0254237
198 151 0.0196078
198 197 0.0238095
198 199 0.138614
198 244 0.191919
198 245 0.0786517
199 151 0.0243902
199 152 0.182692
199 198 0.138614
199 245 0.118182
199 246 0.107143
200 153 0.226891
200 154 0.105691
200 246 0.00877193
200 247 0.111111
200 248 0.140625
201 154 0.146154
201 155 0.070922
201 202 0.0168067
201 248 0.22963
201 249 0.160584
202 155 0.108333
202 156 0.00934579
202 201 0.0168067
202 203 0.241667
202 249 0.0948276
203 156 0.20155
203 202 0.241667
203 249 0.101449
203 250 0.111111
204 156 0.241379
204 157 0.103448
204 205 0.0884956
204 250 0.185841
204 251 0.119658
205 157 0.0884956
205 158 0.0307692
205 159 0.0285714
205 204 0.0884956
205 251 0.131579
205 252 0.190083
206 159 0.135135
206 207 0.0833333
206 252 0.100775
206 253 0.352518
207 159 0.155844
207 160 0.258993
207 206 0.0833333
207 253 0.0413793
207 254 0.0137931
208 160 0.144068
208 161 0.0531915
208 254 0.137097
208 255 0.165138
209 162 0.104839
209 163 0.0403226
209 255 0.262712
209 256 0.181034
210 163 0.193333
210 164 0.230303
210 256 0.126761
210 257 0.110429
210 258 0.0368098
211 164 0.215909
211 165 0.0709677
211 166 0.0411765
211 212 0.337143
211 213 0.0149254
211 258 0.045977
211 259 0.017094
212 165 0.0774648
212 211 0.337143
212 213 0.0247934
212 259 0.182692
212 260 0.0112994
213 165 0.465347
213 166 0.0775862
213 167 0.0165289
213 211 0.0149254
213 212 0.0247934
213 214 0.0166667
213 215 0.00621118
213 259 0.015873
213 260 0.0808824
213 261 0.136
214 165 0.0141844
214 167 0.136646
214 168 0.160256
214 169 0.166667
214 213 0.0166667
214 215 0.233831
214 216 0.0154639
214 260 0.0681818
214 261 0.030303
214 262 0.0551724
214 263 0.0710383
215 165 0.010989
215 166 0.00507614
215 167 0.346535
215 168 0.0101523
215 169 0.0382775
215 213 0.00621118
215 214 0.233831
215 216 0.182979
215 260 0.138249
215 261 0.184466
215 262 0.11828
215 263 0.0892857
216 167 0.025641
216 169 0.287129
216 214 0.0154639
216 215 0.182979
216 217 0.0334928
216 218 0.0152284
216 262 0.0782123
216 263 0.327189
216 264 0.0422535
217 169 0.0163934
217 170 0.111801
217 172 0.013245
217 216 0.0334928
217 218 0.191011
217 219 0.175258
217 263 0.217172
217 264 0.206186
217 265 0.14359
218 169 0.0233918
218 170 0.14094
218 171 0.00617284
218 172 0.165468
218 216 0.0152284
218 217 0.191011
218 219 0.236264
218 263 0.134409
218 264 0.032967
218 265 0.0601093
219 170 0.030303
219 171 0.0280899
219 172 0.206452
219 173 0.0326531
219 217 0.175258
219 218 0.236264
219 264 0.0252525
219 265 0.271357
219 266 0.167488
219 267 0.0526316
220 173 0.0209424
220 174 0.0275862
220 221 0.154639
220 222 0.0305344
220 266 0.0268456
220 267 0.129032
220 268 0.11811
220 269 0.0872093
220 270 0.0841122
221 171 0.00763359
221 173 0.207071
221 174 0.210526
221 220 0.154639
221 266 0.0320513
221 267 0.117284
221 268 0.0820896
221 269 0.0391061
222 174 0.0215054
222 175 0.300654
222 176 0.150602
222 177 0.10219
222 178 0.027907
222 220 0.0305344
222 223 0.00746269
222 224 0.204301
222 270 0.121622
223 174 0.00675676
223 175 0.00869565
223 176 0.15625
223 222 0.00746269
223 224 0.0810811
223 270 0.127273
223 271 0.0373832
223 272 0.0268456
224 175 0.011976
224 176 0.1
224 177 0.0198676
224 178 0.187773
224 179 0.0682731
224 222 0.204301
224 223 0.0810811
224 225 0.114865
224 226 0.00578035
224 270 0.0308642
224 271 0.0566038
224 272 0.0696517
225 178 0.0169492
225 179 0.00507614
225 224 0.114865
225 226 0.107438
225 271 0.046729
225 272 0.0268456
225 273 0.0496894
226 178 0.029703
226 179 0.162162
226 224 0.00578035
226 225 0.107438
226 227 0.0431655
226 228 0.00588235
226 273 0.397849
226 274 0.0606061
227 179 0.027907
227 180 0.0958084
227 181 0.00787402
227 182 0.0344828
227 226 0.0431655
227 228 0.257669
227 229 0.0148148
227 274 0.329843
227 275 0.0113636
228 180 0.0151515
228 226 0.00588235
228 227 0.257669
228 229 0.0120482
228 274 0.414414
228 275 0.173913
228 276 0.0588235
229 181 0.0230769
229 182 0.257282
229 183 0.0315789
229 184 0.0802469
229 227 0.0148148
229 228 0.0120482
229 230 0.00671141
229 275 0.00558659
229 276 0.301887
229 277 0.115044
229 278 0.108247
230 182 0.00921659
230 183 0.0447761
230 184 0.16185
230 185 0.0441176
230 229 0.00671141
230 231 0.0280374
230 232 0.0206897
230 276 0.0941176
230 277 0.016129
230 278 0.380488
230 279 0.010101
231 183 0.0135135
231 184 0.025
231 230 0.0280374
231 277 0.0140845
231 278 0.0986842
231 279 0.0275862
232 184 0.00632911
232 185 0.031746
232 230 0.0206897
232 233 0.0985916
232 278 0.0210526
232 279 0.344262
232 280 0.00552486
233 184 0.0352941
233 185 0.104478
233 186 0.00520833
233 232 0.0985916
233 234 0.00970874
233 279 0.287179
233 280 0.0518135
233 281 0.09
234 186 0.122951
234 187 0.247312
234 233 0.00970874
234 279 0.0161943
234 280 0.363265
234 281 0.0793651
235 188 0.221239
235 189 0.152672
235 282 0.157143
236 189 0.138211
236 237 0.194915
236 282 0.0227273
236 283 0.176471
237 190 0.162791
237 236 0.194915
237 238 0.0603448
237 283 0.00675676
237 284 0.126984
238 190 0.2
238 191 0.204918
238 237 0.0603448
238 284 0.0178571
238 285 0.0384615
239 191 0.20438
239 192 0.195312
239 193 0.0775194
239 286 0.0390625
240 192 0.191919
240 193 0.08
240 241 0.0909091
240 287 0.140187
240 288 0.0306122
241 193 0.072
241 194 0.155039
241 240 0.0909091
241 287 0.0151515
241 288 0.0813008
242 195 0.0720721
242 196 0.185841
242 243 0.101852
242 289 0.177419
242 290 0.00813008
243 196 0.131313
243 197 0.0977444
243 242 0.101852
243 290 0.211009
243 291 0.025641
244 197 0.117241
244 198 0.191919
244 245 0.138889
244 291 0.147287
244 292 0.0538462
245 198 0.0786517
245 199 0.118182
245 244 0.138889
245 292 0.1
245 293 0.150943
246 199 0.107143
246 200 0.00877193
246 247 0.289474
246 293 0.0740741
247 200 0.111111
247 246 0.289474
247 294 0.0819672
248 200 0.140625
248 201 0.22963
248 294 0.129032
248 295 0.146154
249 201 0.160584
249 202 0.0948276
249 203 0.101449
249 250 0.0737705
249 295 0.0757576
249 296 0.115152
250 203 0.111111
250 204 0.185841
250 249 0.0737705
250 251 0.0175439
250 296 0.0392157
250 297 0.103774
250 298 0.163636
251 204 0.119658
251 205 0.131579
251 250 0.0175439
251 252 0.056
251 298 0.149123
252 205 0.190083
252 206 0.100775
252 251 0.056
252 299 0.0546875
252 300 0.180451
253 206 0.352518
253 207 0.0413793
253 254 0.0526316
253 300 0.0629371
253 301 0.230263
254 207 0.0137931
254 208 0.137097
254 253 0.0526316
254 301 0.197368
254 302 0.202614
255 208 0.165138
255 209 0.262712
255 302 0.057971
255 303 0.0075188
256 209 0.181034
256 210 0.126761
256 257 0.201439
256 258 0.0215827
256 303 0.0305344
256 304 0.0854701
257 210 0.110429
257 256 0.201439
257 258 0.21875
257 304 0.130435
258 210 0.0368098
258 211 0.045977
258 256 0.0215827
258 257 0.21875
258 305 0.347059
259 211 0.017094
259 212 0.182692
259 213 0.015873
259 306 0.13
259 307 0.127907
259 308 0.0277778
260 212 0.0112994
260 213 0.0808824
260 214 0.0681818
260 215 0.138249
260 261 0.425414
260 262 0.198758
260 307 0.125786
260 308 0.225806
260 309 0.0196078
260 310 0.0307018
261 213 0.136
261 214 0.030303
261 215 0.184466
261 260 0.425414
261 262 0.0666667
261 307 0.141892
261 308 0.131068
261 309 0.0704225
261 310 0.00460829
262 214 0.0551724
262 215 0.11828
262 216 0.0782123
262 260 0.198758
262 261 0.0666667
262 263 0.119048
262 264 0.0182927
262 307 0.0078125
262 308 0.0268817
262 309 0.0409836
262 310 0.19797
263 214 0.0710383
263 215 0.0892857
263 216 0.327189
263 217 0.217172
263 218 0.134409
263 262 0.119048
263 264 0.133663
263 309 0.0125
263 310 0.0212766
263 311 0.00510204
263 312 0.00793651
264 216 0.0422535
264 217 0.206186
264 218 0.032967
264 219 0.0252525
264 262 0.0182927
264 263 0.133663
264 265 0.0150754
264 310 0.108225
264 311 0.197917
264 312 0.306452
264 313 0.136842
265 217 0.14359
265 218 0.0601093
265 219 0.271357
265 264 0.0150754
265 266 0.323529
265 267 0.0380952
265 311 0.0414508
265 313 0.0471204
266 219 0.167488
266 220 0.0268456
266 221 0.0320513
266 265 0.323529
266 267 0.11215
266 268 0.0107527
266 311 0.035533
266 313 0.0205128
267 219 0.0526316
267 220 0.129032
267 221 0.117284
267 265 0.0380952
267 266 0.11215
267 268 0.161458
267 269 0.0632911
267 313 0.0348259
267 314 0.0234375
267 315 0.0848485
268 220 0.11811
268 221 0.0820896
268 266 0.0107527
268 267 0.161458
268 269 0.502392
268 270 0.0208333
268 314 0.0175439
268 315 0.0291971
268 316 0.0795455
268 317 0.00578035
269 220 0.0872093
269 221 0.0391061
269 267 0.0632911
269 268 0.502392
269 270 0.026455
269 315 0.0274725
269 316 0.153846
269 317 0.00917431
270 220 0.0841122
270 222 0.121622
270 223 0.127273
270 224 0.0308642
270 268 0.0208333
270 269 0.026455
270 316 0.224359
270 317 0.235294
270 318 0.00724638
271 223 0.0373832
271 224 0.0566038
271 225 0.046729
271 272 0.225
271 273 0.0116279
271 317 0.0133333
271 318 0.318519
271 319 0.00819672
272 223 0.0268456
272 224 0.0696517
272 225 0.0268456
272 271 0.225
272 273 0.0186916
272 317 0.0364583
272 318 0.175141
272 319 0.0792683
273 225 0.0496894
273 226 0.397849
273 271 0.0116279
273 272 0.0186916
273 274 0.00420168
273 318 0.026455
273 319 0.0284091
273 320 0.287179
273 321 0.0242424
274 226 0.0606061
274 227 0.329843
274 228 0.414414
274 273 0.00420168
274 275 0.0978723
274 276 0.00465116
274 321 0.0734463
274 322 0.130909
275 227 0.0113636
275 228 0.173913
275 229 0.00558659
275 274 0.0978723
275 276 0.05
275 277 0.025974
275 321 0.0617284
275 322 0.269231
275 323 0.248996
275 324 0.00505051
276 228 0.0588235
276 229 0.301887
276 230 0.0941176
276 274 0.00465116
276 275 0.05
276 277 0.149254
276 278 0.125581
276 324 0.0224719
277 229 0.115044
277 230 0.016129
277 231 0.0140845
277 275 0.025974
277 276 0.149254
277 278 0.201183
277 323 0.0163934
277 324 0.0833333
277 325 0.00970874
278 229 0.108247
278 230 0.380488
278 231 0.0986842
278 232 0.0210526
278 276 0.125581
278 277 0.201183
278 279 0.0123457
278 323 0.0151515
278 324 0.14554
278 325 0.048913
278 326 0.00760456
278 327 0.00471698
279 230 0.010101
279 231 0.0275862
279 232 0.344262
279 233 0.287179
279 234 0.0161943
279 278 0.0123457
279 280 0.175214
279 281 0.06639
279 326 0.0273438
279 327 0.0146341
280 232 0.00552486
280 233 0.0518135
280 234 0.363265
280 279 0.175214
280 281 0.100418
280 328 0.0524017
281 233 0.09
281 234 0.0793651
281 279 0.06639
281 280 0.100418
281 326 0.0689655
281 327 0.0666667
281 328 0.381356
282 235 0.157143
282 236 0.0227273
282 283 0.339506
282 329 0.104348
283 236 0.176471
283 237 0.00675676
283 282 0.339506
283 330 0.175439
284 237 0.126984
284 238 0.0178571
284 285 0.166667
284 330 0.147651
284 331 0.0984849
284 332 0.03125
285 238 0.0384615
285 284 0.166667
285 286 0.113043
285 332 0.075
286 239 0.0390625
286 285 0.113043
286 332 0.147287
286 333 0.0629921
286 334 0.015748
287 240 0.140187
287 241 0.0151515
287 288 0.198473
287 334 0.118519
287 335 0.0952381
288 240 0.0306122
288 241 0.0813008
288 287 0.198473
288 289 0.0806452
288 335 0.0434783
289 242 0.177419
289 288 0.0806452
289 335 0.278571
289 336 0.0681818
290 242 0.00813008
290 243 0.211009
290 291 0.325758
290 337 0.116788
291 243 0.025641
291 244 0.147287
291 290 0.325758
291 292 0.12766
291 338 0.0310078
292 244 0.0538462
292 245 0.1
292 291 0.12766
292 338 0.153846
292 339 0.152174
293 245 0.150943
293 246 0.0740741
293 339 0.0887097
293 340 0.242991
294 247 0.0819672
294 248 0.129032
294 340 0.146789
294 341 0.0598291
294 342 0.136752
295 248 0.146154
295 249 0.0757576
295 342 0.162602
295 343 0.232
296 249 0.115152
296 250 0.0392157
296 297 0.174497
296 343 0.126582
296 344 0.309091
297 250 0.103774
297 296 0.174497
297 298 0.141509
297 344 0.228814
297 345 0.115044
298 250 0.163636
298 251 0.149123
298 297 0.141509
298 345 0.025641
298 346 0.0614035
299 252 0.0546875
299 300 0.24031
299 346 0.123967
299 347 0.0676692
300 252 0.180451
300 253 0.0629371
300 299 0.24031
300 347 0.217391
301 253 0.230263
301 254 0.197368
301 347 0.0884354
301 348 0.146497
302 254 0.202614
302 255 0.057971
302 303 0.0134228
302 348 0.056962
302 349 0.132867
302 350 0.268456
303 255 0.0075188
303 256 0.0305344
303 302 0.0134228
303 304 0.3
303 349 0.00724638
303 350 0.326389
304 256 0.0854701
304 257 0.130435
304 303 0.3
304 351 0.0461538
305 258 0.347059
305 306 0.0359281
305 351 0.0987654
305 352 0.0174419
305 353 0.121951
306 259 0.13
306 305 0.0359281
306 307 0.0214286
306 353 0.218543
306 354 0.12069
306 356 0.0174419
307 259 0.127907
307 260 0.125786
307 261 0.141892
307 262 0.0078125
307 306 0.0214286
307 308 0.353261
307 309 0.0916667
307 354 0.0294118
307 355 0.025
307 356 0.0379747
308 259 0.0277778
308 260 0.225806
308 261 0.131068
308 262 0.0268817
308 307 0.353261
308 309 0.140449
308 310 0.110672
308 354 0.00625
308 355 0.0337079
308 356 0.171296
309 260 0.0196078
309 261 0.0704225
309 262 0.0409836
309 263 0.0125
309 307 0.0916667
309 308 0.140449
309 310 0.275132
309 355 0.0526316
309 356 0.0328947
309 357 0.0153061
310 260 0.0307018
310 261 0.00460829
310 262 0.19797
310 263 0.0212766
310 264 0.108225
310 308 0.110672
310 309 0.275132
310 312 0.0284698
310 355 0.0529101
310 356 0.0352423
310 357 0.354244
310 358 0.00537634
311 263 0.00510204
311 264 0.197917
311 265 0.0414508
311 266 0.035533
311 312 0.376033
311 313 0.157609
311 357 0.00431034
311 359 0.134529
311 360 0.0179372
311 361 0.0285714
312 263 0.00793651
312 264 0.306452
312 310 0.0284698
312 311 0.376033
312 313 0.0958333
312 357 0.201389
312 358 0.108374
312 359 0.182796
312 360 0.0896057
313 264 0.136842
313 265 0.0471204
313 266 0.0205128
313 267 0.0348259
313 311 0.157609
313 312 0.0958333
313 314 0.07173
313 359 0.0723982
313 360 0.040724
313 361 0.125
314 267 0.0234375
314 268 0.0175439
314 313 0.07173
314 315 0.20398
314 359 0.0905797
314 360 0.0869565
314 361 0.296578
314 362 0.025974
314 363 0.189873
315 267 0.0848485
315 268 0.0291971
315 269 0.0274725
315 314 0.20398
315 316 0.0469799
315 361 0.0290698
315 362 0.0785714
315 363 0.10274
315 364 0.00769231
316 268 0.0795455
316 269 0.153846
316 270 0.224359
316 315 0.0469799
316 317 0.259459
316 318 0.0176471
316 364 0.0118343
317 268 0.00578035
317 269 0.00917431
317 270 0.235294
317 271 0.0133333
317 272 0.0364583
317 316 0.259459
317 318 0.0838323
317 362 0.0227273
317 364 0.26506
317 365 0.012987
318 270 0.00724638
318 271 0.318519
318 272 0.175141
318 273 0.026455
318 316 0.0176471
318 317 0.0838323
318 364 0.0264901
318 366 0.0574713
319 271 0.00819672
319 272 0.0792683
319 273 0.0284091
319 320 0.0965517
319 366 0.0248447
319 367 0.219298
320 273 0.287179
320 319 0.0965517
320 321 0.0820896
320 322 0.0344828
320 367 0.0150376
320 368 0.351852
320 369 0.0213904
321 273 0.0242424
321 274 0.0734463
321 275 0.0617284
321 320 0.0820896
321 322 0.341584
321 369 0.0254777
322 274 0.130909
322 275 0.269231
322 320 0.0344828
322 321 0.341584
322 323 0.0622837
322 369 0.0941176
323 275 0.248996
323 277 0.0163934
323 278 0.0151515
323 322 0.0622837
323 324 0.0220264
323 369 0.159836
323 370 0.0637255
323 371 0.0101523
324 275 0.00505051
324 276 0.0224719
324 277 0.0833333
324 278 0.14554
324 323 0.0220264
324 325 0.122449
324 370 0.0980392
324 372 0.347826
324 374 0.0322581
325 277 0.00970874
325 278 0.048913
325 324 0.122449
325 326 0.0558376
325 327 0.0890411
325 370 0.0322581
325 371 0.00854701
325 372 0.148387
325 373 0.0401786
325 374 0.246032
326 278 0.00760456
326 279 0.0273438
326 281 0.0689655
326 325 0.0558376
326 327 0.351111
326 328 0.0239044
326 372 0.017094
326 373 0.178218
326 374 0.136585
326 375 0.0212014
327 278 0.00471698
327 279 0.0146341
327 281 0.0666667
327 325 0.0890411
327 326 0.351111
327 328 0.015
327 372 0.0218579
327 373 0.0873016
327 374 0.155844
327 375 0.0387931
328 280 0.0524017
328 281 0.381356
328 326 0.0239044
328 327 0.015
328 375 0.174419
329 282 0.104348
329 376 0.151786
330 283 0.175439
330 284 0.147651
330 331 0.144654
330 377 0.136646
330 378 0.00636943
331 284 0.0984849
331 330 0.144654
331 378 0.242857
331 379 0.186207
332 284 0.03125
332 285 0.075
332 286 0.147287
332 333 0.136364
332 379 0.29078
333 286 0.0629921
333 332 0.136364
333 334 0.215385
333 380 0.129032
334 286 0.015748
334 287 0.118519
334 333 0.215385
334 380 0.25
334 381 0.0444444
335 287 0.0952381
335 288 0.0434783
335 289 0.278571
335 336 0.0821918
335 381 0.142857
335 382 0.0888889
336 289 0.0681818
336 335 0.0821918
336 337 0.138889
336 382 0.165354
336 383 0.0972222
337 290 0.116788
337 336 0.138889
337 338 0.00746269
337 383 0.16
337 384 0.241935
338 291 0.0310078
338 292 0.153846
338 337 0.00746269
338 383 0.0149254
338 384 0.240741
338 385 0.20155
339 292 0.152174
339 293 0.0887097
339 385 0.00729927
339 386 0.190476
340 293 0.242991
340 294 0.146789
340 341 0.111111
340 387 0.00925926
341 294 0.0598291
341 340 0.111111
341 387 0.137931
341 388 0.261905
342 294 0.136752
342 295 0.162602
342 388 0.119048
342 389 0.0930233
343 295 0.232
343 296 0.126582
343 389 0.10687
343 390 0.0942029
344 296 0.309091
344 297 0.228814
344 345 0.0775194
344 390 0.0413793
344 391 0.0559441
345 297 0.115044
345 298 0.025641
345 344 0.0775194
345 391 0.0362319
345 392 0.355556
346 298 0.0614035
346 299 0.123967
346 392 0.166667
346 393 0.0393701
347 299 0.0676692
347 300 0.217391
347 301 0.0884354
347 348 0.0197368
347 394 0.160584
347 395 0.151079
348 301 0.146497
348 302 0.056962
348 347 0.0197368
348 349 0.258503
348 395 0.167785
348 396 0.00641026
349 302 0.132867
349 303 0.00724638
349 348 0.258503
349 350 0.0144928
349 396 0.241135
349 397 0.00763359
350 302 0.268456
350 303 0.326389
350 349 0.0144928
350 396 0.0408163
350 397 0.0291971
351 304 0.0461538
351 305 0.0987654
351 352 0.214286
351 398 0.139706
351 399 0.04375
352 305 0.0174419
352 351 0.214286
352 353 0.160256
352 399 0.176471
353 305 0.121951
353 306 0.218543
353 352 0.160256
353 400 0.0552147
353 402 0.00769231
354 306 0.12069
354 307 0.0294118
354 308 0.00625
354 355 0.229167
354 356 0.104478
354 400 0.179688
354 401 0.201835
354 402 0.0315789
355 307 0.025
355 308 0.0337079
355 309 0.0526316
355 310 0.0529101
355 354 0.229167
355 356 0.276316
355 357 0.0561224
355 400 0.0342466
355 401 0.370079
355 402 0.0973451
