0 1 0.205128
0 31 0.0128205
0 32 0.0298507
1 0 0.205128
1 3 0.025641
1 32 0.00740741
1 33 0.0606061
2 3 0.142857
2 4 0.0519481
2 5 0.012987
2 33 0.116788
2 34 0.174419
2 35 0.126506
3 1 0.025641
3 2 0.142857
3 4 0.0263158
3 33 0.0204082
4 2 0.0519481
4 3 0.0263158
4 5 0.315789
4 36 0.0176471
5 2 0.012987
5 4 0.315789
5 6 0.0350877
5 35 0.0551181
5 36 0.0529412
5 38 0.0447761
6 5 0.0350877
6 7 0.355932
6 8 0.00934579
6 38 0.104651
6 39 0.242604
6 70 0.040404
7 6 0.355932
7 9 0.00980392
7 39 0.00657895
8 6 0.00934579
8 9 0.18
8 39 0.36
8 40 0.0725389
8 41 0.023622
8 69 0.0103093
8 71 0.0578035
8 72 0.00518135
9 7 0.00980392
9 8 0.18
9 10 0.047619
9 11 0.193396
9 39 0.0518868
9 40 0.131707
9 41 0.223022
9 42 0.0108696
9 71 0.0324324
9 72 0.0195122
9 73 0.00657895
10 9 0.047619
10 11 0.00645161
10 41 0.256098
10 42 0.00787402
11 9 0.193396
11 10 0.00645161
11 12 0.0382166
11 13 0.0265487
11 40 0.0196078
11 41 0.291005
11 42 0.423077
11 44 0.0977778
11 71 0.00425532
11 72 0.054902
11 73 0.0693069
12 11 0.0382166
12 13 0.0991736
12 42 0.0310078
12 45 0.017094
12 75 0.00704225
13 11 0.0265487
13 12 0.0991736
13 42 0.126263
13 43 0.0129032
13 44 0.0899471
13 45 0.134409
13 75 0.350711
13 76 0.0097561
14 15 0.0416667
14 16 0.0223881
14 17 0.0555556
14 45 0.0214286
14 46 0.472868
14 77 0.0136986
15 14 0.0416667
15 17 0.0217391
15 45 0.0350877
15 46 0.0679612
16 14 0.0223881
16 17 0.0648148
16 18 0.0116279
16 46 0.0666667
16 47 0.449495
16 78 0.0714286
17 14 0.0555556
17 15 0.0217391
17 16 0.0648148
17 18 0.0181818
17 19 0.0408163
17 46 0.0194175
17 47 0.00735294
17 48 0.030303
18 16 0.0116279
18 17 0.0181818
18 19 0.0176991
18 20 0.0191083
18 47 0.075
18 48 0.490798
18 49 0.0364583
18 50 0.180952
18 52 0.0526316
18 79 0.0490798
19 17 0.0408163
19 18 0.0176991
19 20 0.0729167
19 21 0.0526316
19 48 0.0196078
19 50 0.033557
19 52 0.0155039
20 18 0.0191083
20 19 0.0729167
20 21 0.0792079
20 50 0.42487
20 51 0.0131579
20 52 0.0867052
20 53 0.097561
20 83 0.00485437
21 19 0.0526316
21 20 0.0792079
21 22 0.0454545
21 23 0.038961
21 52 0.0522388
21 53 0.10241
22 21 0.0454545
22 23 0.230769
22 24 0.0264901
22 25 0.025641
22 53 0.317829
22 54 0.0148515
22 55 0.0546218
22 83 0.019305
22 86 0.0142349
23 21 0.038961
23 22 0.230769
23 24 0.0675676
23 25 0.0318471
23 53 0.0883978
23 55 0.0186335
23 86 0.137255
23 87 0.0288462
24 22 0.0264901
24 23 0.0675676
24 25 0.0431655
24 26 0.0350877
24 86 0.0537634
25 22 0.025641
25 23 0.0318471
25 24 0.0431655
25 26 0.00714286
25 27 0.0614754
25 55 0.0884956
25 56 0.004329
25 57 0.029661
25 86 0.486989
25 87 0.0473373
25 88 0.0310881
26 24 0.0350877
26 25 0.00714286
26 27 0.154321
26 28 0.0338983
26 57 0.0194805
27 25 0.0614754
27 26 0.154321
27 28 0.0736196
27 56 0.0395257
27 57 0.476744
27 58 0.127341
27 86 0.0378007
27 87 0.0157068
27 88 0.0837209
27 90 0.003861
28 26 0.0338983
28 27 0.0736196
28 29 0.0268817
28 57 0.0258065
28 58 0.0121951
28 59 0.0285714
28 60 0.08
29 28 0.0268817
29 58 0.0275862
29 59 0.300752
29 60 0.0511364
29 61 0.363309
29 90 0.0390071
29 91 0.0838926
30 60 0.0588235
30 61 0.137255
30 92 0.037037
31 0 0.0128205
31 32 0.247126
31 62 0.064
31 63 0.151515
32 0 0.0298507
32 1 0.00740741
32 31 0.247126
32 33 0.21134
32 63 0.138298
32 64 0.00540541
33 1 0.0606061
33 2 0.116788
33 3 0.0204082
33 32 0.21134
33 34 0.0932643
33 64 0.0402685
33 65 0.011236
34 2 0.174419
34 33 0.0932643
34 35 0.0495495
34 65 0.28169
34 66 0.0452489
34 67 0.0157068
34 96 0.00497512
34 97 0.0359281
35 2 0.126506
35 5 0.0551181
35 34 0.0495495
35 36 0.428571
35 37 0.117438
35 67 0.0324324
36 4 0.0176471
36 5 0.0529412
36 35 0.428571
36 37 0.345679
36 38 0.0502513
36 67 0.0657895
36 69 0.00362319
37 35 0.117438
37 36 0.345679
37 38 0.0769231
37 39 0.00986842
37 66 0.0642857
37 67 0.12
37 68 0.00393701
37 69 0.147651
37 70 0.034188
37 99 0.0120968
37 100 0.120846
38 5 0.0447761
38 6 0.104651
38 36 0.0502513
38 37 0.0769231
38 39 0.234637
38 69 0.0346821
38 70 0.0458716
39 6 0.242604
39 7 0.00657895
39 8 0.36
39 9 0.0518868
39 37 0.00986842
39 38 0.234637
39 40 0.0666667
39 69 0.117188
39 70 0.114583
39 71 0.0595745
40 8 0.0725389
40 9 0.131707
40 11 0.0196078
40 39 0.0666667
40 41 0.0494506
40 69 0.0562249
40 70 0.0432432
40 71 0.298246
40 72 0.282258
40 73 0.0205128
40 101 0.0188679
40 103 0.00952381
40 104 0.0495495
41 8 0.023622
41 9 0.223022
41 10 0.256098
41 11 0.291005
41 40 0.0494506
41 42 0.068323
41 44 0.00657895
41 72 0.00549451
41 73 0.0930233
42 9 0.0108696
42 10 0.00787402
42 11 0.423077
42 12 0.0310078
42 13 0.126263
42 41 0.068323
42 43 0.104294
42 44 0.121827
42 72 0.0352423
42 73 0.0114943
42 75 0.0456621
43 13 0.0129032
43 42 0.104294
43 44 0.24026
43 72 0.0380435
43 73 0.0381679
43 74 0.347518
43 75 0.0170455
43 76 0.00588235
43 104 0.0126582
43 105 0.0985916
43 106 0.0430108
44 11 0.0977778
44 13 0.0899471
44 41 0.00657895
44 42 0.121827
44 43 0.24026
44 72 0.0550459
44 73 0.0666667
44 74 0.154286
44 75 0.190476
44 76 0.0833333
44 104 0.0364583
44 105 0.0227273
44 106 0.0636364
45 12 0.017094
45 13 0.134409
45 14 0.0214286
45 15 0.0350877
45 46 0.22807
45 75 0.144928
45 76 0.0547264
45 77 0.0691489
45 107 0.0504587
46 14 0.472868
46 15 0.0679612
46 16 0.0666667
46 17 0.0194175
46 45 0.22807
46 47 0.0259067
46 77 0.0847458
47 16 0.449495
47 17 0.00735294
47 18 0.075
47 46 0.0259067
47 77 0.00952381
47 78 0.157895
47 79 0.026455
48 17 0.030303
48 18 0.490798
48 19 0.0196078
48 49 0.0662983
48 50 0.0150754
48 79 0.0460526
49 18 0.0364583
49 48 0.0662983
49 50 0.0131579
49 51 0.272727
49 78 0.00775194
49 79 0.331492
49 80 0.0621469
49 111 0.196262
50 18 0.180952
50 19 0.033557
50 20 0.42487
50 48 0.0150754
50 49 0.0131579
50 51 0.0536585
50 52 0.340708
50 53 0.00775194
50 83 0.104247
51 20 0.0131579
51 49 0.272727
51 50 0.0536585
51 80 0.214286
51 81 0.0330578
51 82 0.0373134
51 83 0.169725
51 111 0.0052356
52 18 0.0526316
52 19 0.0155039
52 20 0.0867052
52 21 0.0522388
52 50 0.340708
52 53 0.134454
52 83 0.0460251
53 20 0.097561
53 21 0.10241
53 22 0.317829
53 23 0.0883978
53 50 0.00775194
53 52 0.134454
53 54 0.0420561
53 55 0.012
53 83 0.154982
54 22 0.0148515
54 53 0.0420561
54 55 0.201031
54 82 0.0763359
54 83 0.172093
54 84 0.166667
54 85 0.0162602
54 115 0.0942408
54 116 0.0104712
55 22 0.0546218
55 23 0.0186335
55 25 0.0884956
55 53 0.012
55 54 0.201031
55 56 0.0255319
55 84 0.197368
55 85 0.132075
55 86 0.157509
55 87 0.0578035
55 115 0.0352423
55 116 0.0440529
55 117 0.0322581
55 118 0.0331754
56 25 0.004329
56 27 0.0395257
56 55 0.0255319
56 57 0.0857143
56 58 0.0433071
56 86 0.0791367
56 87 0.0449438
56 88 0.188119
56 89 0.166052
56 116 0.012931
56 117 0.078534
56 118 0.143519
56 119 0.0935961
57 25 0.029661
57 26 0.0194805
57 27 0.476744
57 28 0.0258065
57 56 0.0857143
57 58 0.196911
57 59 0.0468085
57 88 0.0434783
57 90 0.0119522
57 121 0.00561798
58 27 0.127341
58 28 0.0121951
58 29 0.0275862
58 56 0.0433071
58 57 0.196911
58 59 0.0901639
58 88 0.125
58 89 0.17193
58 90 0.0730769
58 120 0.037037
58 121 0.0641711
58 122 0.0216607
59 28 0.0285714
59 29 0.300752
59 57 0.0468085
59 58 0.0901639
59 60 0.0230769
59 90 0.152542
59 91 0.00396825
60 28 0.08
60 29 0.0511364
60 30 0.0588235
60 59 0.0230769
60 61 0.0352113
61 29 0.363309
61 30 0.137255
61 60 0.0352113
61 91 0.155303
61 92 0.062069
62 31 0.064
62 63 0.143885
62 93 0.230769
62 94 0.031746
62 95 0.00740741
63 31 0.151515
63 32 0.138298
63 62 0.143885
63 64 0.0979021
63 95 0.0140845
64 32 0.00540541
64 33 0.0402685
64 63 0.0979021
64 65 0.136095
64 95 0.143885
64 96 0.191083
65 33 0.011236
65 34 0.28169
65 64 0.136095
65 96 0.215054
66 34 0.0452489
66 37 0.0642857
66 67 0.13587
66 97 0.075
66 98 0.283951
66 99 0.274725
66 100 0.045283
66 127 0.0344828
66 130 0.0277778
67 34 0.0157068
67 35 0.0324324
67 36 0.0657895
67 37 0.12
67 66 0.13587
67 68 0.0632911
67 98 0.136364
67 99 0.0789474
67 100 0.093617
68 37 0.00393701
68 67 0.0632911
68 69 0.228155
68 70 0.105634
68 71 0.0216216
68 98 0.00735294
68 100 0.225941
68 101 0.0258621
68 131 0.106667
68 132 0.212644
68 133 0.0106383
69 8 0.0103093
69 36 0.00362319
69 37 0.147651
69 38 0.0346821
69 39 0.117188
69 40 0.0562249
69 68 0.228155
69 70 0.38172
69 71 0.139738
69 100 0.162544
69 101 0.0125
69 132 0.0275229
69 133 0.0387931
70 6 0.040404
70 37 0.034188
70 38 0.0458716
70 39 0.114583
70 40 0.0432432
70 68 0.105634
70 69 0.38172
70 71 0.0484848
70 132 0.00649351
71 8 0.0578035
71 9 0.0324324
71 11 0.00425532
71 39 0.0595745
71 40 0.298246
71 68 0.0216216
71 69 0.139738
71 70 0.0484848
71 72 0.0526316
71 101 0.028777
71 102 0.0136054
71 103 0.0736842
71 132 0.126904
71 133 0.2891
72 8 0.00518135
72 9 0.0195122
72 11 0.054902
72 40 0.282258
72 41 0.00549451
72 42 0.0352423
72 43 0.0380435
72 44 0.0550459
72 71 0.0526316
72 73 0.276923
72 74 0.0097561
72 103 0.0238095
72 104 0.252252
72 135 0.196172
73 9 0.00657895
73 11 0.0693069
73 40 0.0205128
73 41 0.0930233
73 42 0.0114943
73 43 0.0381679
73 44 0.0666667
73 72 0.276923
73 74 0.0263158
73 75 0.0374332
73 104 0.0532544
73 135 0.108974
74 43 0.347518
74 44 0.154286
74 72 0.0097561
74 73 0.0263158
74 75 0.0609137
74 76 0.052356
74 104 0.0949721
74 105 0.226994
74 106 0.10628
74 107 0.00480769
74 135 0.0120482
75 12 0.00704225
75 13 0.350711
75 42 0.0456621
75 43 0.0170455
75 44 0.190476
75 45 0.144928
75 73 0.0374332
75 74 0.0609137
75 76 0.119469
75 104 0.00934579
75 107 0.0411523
76 13 0.0097561
76 43 0.00588235
76 44 0.0833333
76 45 0.0547264
76 74 0.052356
76 75 0.119469
76 77 0.0434783
76 105 0.00520833
76 106 0.148305
76 107 0.345992
76 138 0.0169492
77 14 0.0136986
77 45 0.0691489
77 46 0.0847458
77 47 0.00952381
77 76 0.0434783
77 78 0.072
77 106 0.00896861
77 107 0.254464
77 108 0.259494
77 109 0.00904977
77 110 0.00684932
77 138 0.0224215
77 140 0.0146341
78 16 0.0714286
78 47 0.157895
78 49 0.00775194
78 77 0.072
78 79 0.174672
78 109 0.314079
78 110 0.00495049
78 111 0.019084
78 140 0.145594
79 18 0.0490798
79 47 0.026455
79 48 0.0460526
79 49 0.331492
79 78 0.174672
79 80 0.0202703
79 81 0.00869565
79 109 0.025
79 111 0.0594595
80 49 0.0621469
80 51 0.214286
80 79 0.0202703
80 81 0.108108
80 82 0.00806452
80 83 0.00961538
80 111 0.121547
80 112 0.181287
80 113 0.188406
80 114 0.0305344
80 142 0.0443038
81 51 0.0330578
81 79 0.00869565
81 80 0.108108
81 82 0.120879
81 83 0.0171429
81 111 0.00675676
81 112 0.00724638
81 113 0.142857
82 51 0.0373134
82 54 0.0763359
82 80 0.00806452
82 81 0.120879
82 83 0.143617
82 84 0.0545455
82 112 0.0463576
82 113 0.0338983
82 115 0.054878
82 146 0.0762712
83 20 0.00485437
83 22 0.019305
83 50 0.104247
83 51 0.169725
83 52 0.0460251
83 53 0.154982
83 54 0.172093
83 80 0.00961538
83 81 0.0171429
83 82 0.143617
83 84 0.0441767
83 112 0.0595745
83 113 0.0148515
83 114 0.0102564
83 115 0.145161
84 54 0.166667
84 55 0.197368
84 82 0.0545455
84 83 0.0441767
84 85 0.242038
84 115 0.217778
84 116 0.0933333
84 117 0.0652174
84 146 0.0949721
84 147 0.0316456
84 148 0.023166
85 54 0.0162602
85 55 0.132075
85 84 0.242038
85 86 0.0247525
85 87 0.117647
85 116 0.0961538
85 117 0.0347826
85 118 0.0428571
85 146 0.0454545
85 147 0.11236
86 22 0.0142349
86 23 0.137255
86 24 0.0537634
86 25 0.486989
86 27 0.0378007
86 55 0.157509
86 56 0.0791367
86 85 0.0247525
86 87 0.175926
86 88 0.0666667
87 23 0.0288462
87 25 0.0473373
87 27 0.0157068
87 55 0.0578035
87 56 0.0449438
87 85 0.117647
87 86 0.175926
87 88 0.1
87 116 0.00588235
87 118 0.0454545
88 25 0.0310881
88 27 0.0837209
88 56 0.188119
88 57 0.0434783
88 58 0.125
88 86 0.0666667
88 87 0.1
88 89 0.145923
88 118 0.0561798
88 120 0.0145985
89 56 0.166052
89 58 0.17193
89 88 0.145923
89 90 0.0758123
89 118 0.0202429
89 119 0.350427
89 120 0.106796
89 121 0.0441176
89 149 0.00373134
89 150 0.0506329
89 151 0.0363036
90 27 0.003861
90 29 0.0390071
90 57 0.0119522
90 58 0.0730769
90 59 0.152542
90 89 0.0758123
90 91 0.0746269
90 120 0.0883978
90 121 0.21229
90 122 0.30855
90 151 0.028777
91 29 0.0838926
91 59 0.00396825
91 61 0.155303
91 90 0.0746269
91 92 0.030303
91 122 0.2
91 123 0.0184049
91 151 0.00340136
91 153 0.26749
91 154 0.0540541
92 30 0.037037
92 61 0.062069
92 91 0.030303
92 123 0.159091
92 153 0.0241935
93 62 0.230769
93 94 0.1
93 125 0.290323
93 126 0.0208333
94 62 0.031746
94 93 0.1
94 95 0.263566
94 126 0.131579
95 62 0.00740741
95 63 0.0140845
95 64 0.143885
95 94 0.263566
95 96 0.0641026
95 97 0.0245902
95 126 0.0243902
95 159 0.03125
96 34 0.00497512
96 64 0.191083
96 65 0.215054
96 95 0.0641026
96 97 0.214286
96 127 0.00649351
97 34 0.0359281
97 66 0.075
97 95 0.0245902
97 96 0.214286
97 127 0.25
97 159 0.00892857
98 66 0.283951
98 67 0.136364
98 68 0.00735294
98 99 0.0846154
98 100 0.0657277
98 127 0.0163934
98 129 0.131313
98 130 0.0078125
98 160 0.0522388
98 161 0.234568
99 37 0.0120968
99 66 0.274725
99 67 0.0789474
99 98 0.0846154
99 100 0.120172
99 127 0.0211268
99 130 0.121622
99 131 0.00456621
99 160 0.123377
99 161 0.0659341
100 37 0.120846
100 66 0.045283
100 67 0.093617
100 68 0.225941
100 69 0.162544
100 98 0.0657277
100 99 0.120172
100 101 0.00518135
100 130 0.0562771
100 131 0.18543
100 132 0.0199203
100 160 0.0126582
100 161 0.0264151
100 163 0.012605
101 40 0.0188679
101 68 0.0258621
101 69 0.0125
101 71 0.028777
101 100 0.00518135
101 102 0.0128205
101 103 0.0578512
101 131 0.0502793
101 132 0.34375
101 133 0.0422535
101 134 0.0253165
102 71 0.0136054
102 101 0.0128205
102 103 0.00775194
102 131 0.0106952
102 132 0.0735294
102 133 0.18
102 134 0.0662651
102 162 0.00763359
102 163 0.227642
102 164 0.0291971
103 40 0.00952381
103 71 0.0736842
103 72 0.0238095
103 101 0.0578512
103 102 0.00775194
103 104 0.222826
103 132 0.0111732
103 133 0.176166
103 134 0.215311
103 135 0.0467836
103 136 0.00632911
103 163 0.0060241
103 165 0.162037
103 167 0.0795455
103 168 0.0348837
104 40 0.0495495
104 43 0.0126582
104 44 0.0364583
104 72 0.252252
104 73 0.0532544
104 74 0.0949721
104 75 0.00934579
104 103 0.222826
104 105 0.00555556
104 133 0.00487805
104 134 0.0180995
104 135 0.355191
104 136 0.0117647
104 137 0.0105263
104 167 0.0265957
104 168 0.108696
105 43 0.0985916
105 44 0.0227273
105 74 0.226994
105 76 0.00520833
105 104 0.00555556
105 106 0.0576923
105 136 0.00649351
105 167 0.0523256
105 168 0.386905
105 169 0.00529101
106 43 0.0430108
106 44 0.0636364
106 74 0.10628
106 76 0.148305
106 77 0.00896861
106 105 0.0576923
106 107 0.13834
106 136 0.00505051
106 137 0.261468
106 138 0.146825
106 168 0.141509
106 169 0.0343348
107 45 0.0504587
107 74 0.00480769
107 75 0.0411523
107 76 0.345992
107 77 0.254464
107 106 0.13834
107 108 0.0585106
107 137 0.00456621
107 138 0.0988142
108 77 0.259494
108 107 0.0585106
108 109 0.0108108
108 110 0.00909091
108 138 0.203209
108 139 0.0471698
108 140 0.035503
109 77 0.00904977
109 78 0.314079
109 79 0.025
109 108 0.0108108
109 110 0.0982659
109 111 0.0386266
109 139 0.0118343
109 140 0.383621
109 141 0.0945274
109 142 0.047619
109 170 0.00420168
109 172 0.0165975
110 77 0.00684932
110 78 0.00495049
110 108 0.00909091
110 109 0.0982659
110 111 0.0379747
110 139 0.234043
110 140 0.305732
110 141 0.047619
110 142 0.0222222
110 170 0.0429448
110 171 0.021978
110 172 0.0662651
111 49 0.196262
111 51 0.0052356
111 78 0.019084
111 79 0.0594595
111 80 0.121547
111 81 0.00675676
111 109 0.0386266
111 110 0.0379747
111 112 0.0192308
111 113 0.00571429
111 114 0.00595238
111 141 0.22043
111 142 0.487179
111 144 0.0382514
111 172 0.00442478
111 174 0.0239234
112 80 0.181287
112 81 0.00724638
112 82 0.0463576
112 83 0.0595745
112 111 0.0192308
112 113 0.145455
112 114 0.417722
112 115 0.0521327
112 142 0.0324324
112 143 0.0150376
112 144 0.115607
112 145 0.0740741
112 146 0.0242424
112 176 0.121387
112 177 0.00473934
113 80 0.188406
113 81 0.142857
113 82 0.0338983
113 83 0.0148515
113 111 0.00571429
113 112 0.145455
113 114 0.048
113 142 0.00657895
113 143 0.26
113 144 0.164286
113 145 0.0819672
113 146 0.030303
113 176 0.0214286
114 80 0.0305344
114 83 0.0102564
114 111 0.00595238
114 112 0.417722
114 113 0.048
114 115 0.0526316
114 142 0.0551724
114 144 0.0225564
114 145 0.0454545
114 146 0.008
114 176 0.0827068
114 177 0.0350877
115 54 0.0942408
115 55 0.0352423
115 82 0.054878
115 83 0.145161
115 84 0.217778
115 112 0.0521327
115 114 0.0526316
115 116 0.0491071
115 145 0.0567686
115 146 0.11236
115 147 0.00636943
115 148 0.0581395
115 177 0.111607
115 178 0.00591716
116 54 0.0104712
116 55 0.0440529
116 56 0.012931
116 84 0.0933333
116 85 0.0961538
116 87 0.00588235
116 115 0.0491071
116 117 0.251366
116 118 0.177885
116 146 0.0393258
116 147 0.159236
116 148 0.325581
116 149 0.00873362
116 177 0.03125
116 178 0.0177515
116 179 0.0125
117 55 0.0322581
117 56 0.078534
117 84 0.0652174
117 85 0.0347826
117 116 0.251366
117 118 0.125749
117 119 0.0454545
117 147 0.0172414
117 148 0.175115
117 149 0.0797872
118 55 0.0331754
118 56 0.143519
118 85 0.0428571
118 87 0.0454545
118 88 0.0561798
118 89 0.0202429
118 116 0.177885
118 117 0.125749
118 119 0.128492
118 148 0.0123967
118 149 0.122066
118 150 0.0164835
118 180 0.0357143
118 182 0.0401786
119 56 0.0935961
119 89 0.350427
119 117 0.0454545
119 118 0.128492
119 120 0.0144928
119 149 0.075
119 150 0.0828402
119 182 0.0853081
120 58 0.037037
120 88 0.0145985
120 89 0.106796
120 90 0.0883978
120 119 0.0144928
120 121 0.00925926
120 122 0.126263
120 150 0.120567
120 151 0.057971
120 182 0.0327869
120 183 0.0451128
121 57 0.00561798
121 58 0.0641711
121 89 0.0441176
121 90 0.21229
121 120 0.00925926
121 122 0.0204082
121 151 0.112195
121 152 0.026087
122 58 0.0216607
122 90 0.30855
122 91 0.2
122 120 0.126263
122 121 0.0204082
122 151 0.20339
122 152 0.0341463
122 153 0.0491803
122 154 0.107744
122 184 0.0199336
123 91 0.0184049
123 92 0.159091
123 153 0.163934
123 154 0.00571429
123 185 0.0227273
124 125 0.198198
124 155 0.224719
124 157 0.0674157
124 186 0.00990099
125 93 0.290323
125 124 0.198198
125 126 0.092437
126 93 0.0208333
126 94 0.131579
126 95 0.0243902
126 125 0.092437
126 157 0.226804
126 159 0.0530973
126 190 0.03
127 66 0.0344828
127 96 0.00649351
127 97 0.25
127 98 0.0163934
127 99 0.0211268
127 128 0.203252
127 159 0.031746
127 160 0.0616438
127 161 0.0344828
128 127 0.203252
128 129 0.01
128 159 0.286957
128 160 0.0962963
128 161 0.0490798
128 192 0.0451613
129 98 0.131313
129 128 0.01
129 130 0.00854701
129 160 0.097561
129 161 0.218543
129 192 0.013986
129 193 0.01
130 66 0.0277778
130 98 0.0078125
130 99 0.121622
130 100 0.0562771
130 129 0.00854701
130 131 0.170507
130 160 0.118421
130 161 0.122222
130 193 0.217054
130 194 0.0309278
131 68 0.106667
131 99 0.00456621
131 100 0.18543
131 101 0.0502793
131 102 0.0106952
131 130 0.170507
131 132 0.194093
131 133 0.0677291
131 134 0.011236
131 160 0.00896861
131 161 0.0199203
131 162 0.258621
131 163 0.200893
131 164 0.012605
131 193 0.005
131 194 0.0377358
132 68 0.212644
132 69 0.0275229
132 70 0.00649351
132 71 0.126904
132 100 0.0199203
132 101 0.34375
132 102 0.0735294
132 103 0.0111732
132 131 0.194093
132 133 0.14
132 134 0.0509259
132 162 0.0165746
132 163 0.0289017
133 68 0.0106383
133 69 0.0387931
133 71 0.2891
133 101 0.0422535
133 102 0.18
133 103 0.176166
133 104 0.00487805
133 131 0.0677291
133 132 0.14
133 134 0.152174
133 163 0.0213904
134 101 0.0253165
134 102 0.0662651
134 103 0.215311
134 104 0.0180995
134 131 0.011236
134 132 0.0509259
134 133 0.152174
134 135 0.00480769
134 162 0.0189573
134 163 0.118227
134 164 0.133641
134 165 0.300395
134 167 0.00938967
134 196 0.00537634
135 72 0.196172
135 73 0.108974
135 74 0.0120482
135 103 0.0467836
135 104 0.355191
135 134 0.00480769
135 136 0.127389
135 165 0.0232558
135 167 0.148571
135 168 0.0233918
136 103 0.00632911
136 104 0.0117647
136 105 0.00649351
136 106 0.00505051
136 135 0.127389
136 137 0.164634
136 165 0.00990099
136 166 0.23913
136 167 0.259259
136 168 0.0506329
136 169 0.0335196
136 196 0.00740741
136 197 0.0632911
136 198 0.187879
136 199 0.0238095
137 104 0.0105263
137 106 0.261468
137 107 0.00456621
137 136 0.164634
137 138 0.123853
137 166 0.00892857
137 168 0.0674157
137 169 0.115578
137 198 0.167568
137 199 0.0319149
137 200 0.00473934
138 76 0.0169492
138 77 0.0224215
138 106 0.146825
138 107 0.0988142
138 108 0.203209
138 137 0.123853
138 139 0.0467836
138 140 0.0042735
138 169 0.120172
138 170 0.00833333
138 171 0.00595238
138 200 0.24898
139 108 0.0471698
139 109 0.0118343
139 110 0.234043
139 138 0.0467836
139 140 0.0980392
139 170 0.0566038
139 171 0.16092
139 172 0.0308642
139 200 0.0670732
139 203 0.0128205
140 77 0.0146341
140 78 0.145594
140 108 0.035503
140 109 0.383621
140 110 0.305732
140 138 0.0042735
140 139 0.0980392
140 141 0.0702703
140 170 0.0810811
140 172 0.0622222
141 109 0.0945274
141 110 0.047619
141 111 0.22043
141 140 0.0702703
141 142 0.128834
141 143 0.00900901
141 144 0.00662252
141 170 0.0575916
141 172 0.0979381
141 173 0.06875
141 174 0.276836
141 202 0.0166667
141 204 0.030303
142 80 0.0443038
142 109 0.047619
142 110 0.0222222
142 111 0.487179
142 112 0.0324324
142 113 0.00657895
142 114 0.0551724
142 141 0.128834
142 143 0.0166667
142 144 0.05
142 172 0.00985222
142 173 0.00591716
142 174 0.0967742
143 112 0.0150376
143 113 0.26
143 141 0.00900901
143 142 0.0166667
143 144 0.12037
143 145 0.00662252
143 174 0.00746269
144 111 0.0382514
144 112 0.115607
144 113 0.164286
144 114 0.0225564
144 141 0.00662252
144 142 0.05
144 143 0.12037
144 145 0.0575916
144 173 0.0382166
144 174 0.0229885
144 176 0.277027
144 204 0.0542636
144 206 0.00699301
144 207 0.0263158
145 112 0.0740741
145 113 0.0819672
145 114 0.0454545
145 115 0.0567686
145 143 0.00662252
145 144 0.0575916
145 146 0.185792
145 147 0.0123457
145 176 0.21466
145 177 0.432314
145 178 0.0517241
145 207 0.0828025
145 208 0.0709677
145 209 0.00393701
146 82 0.0762712
146 84 0.0949721
146 85 0.0454545
146 112 0.0242424
146 113 0.030303
146 114 0.008
146 115 0.11236
146 116 0.0393258
146 145 0.185792
146 147 0.27027
146 148 0.00943396
146 176 0.00714286
146 177 0.129213
146 178 0.0243902
146 209 0.00492611
147 84 0.0316456
147 85 0.11236
147 115 0.00636943
147 116 0.159236
147 117 0.0172414
147 145 0.0123457
147 146 0.27027
147 148 0.0942408
147 177 0.0191083
147 178 0.00980392
147 209 0.021978
148 84 0.023166
148 115 0.0581395
148 116 0.325581
148 117 0.175115
148 118 0.0123967
148 146 0.00943396
148 147 0.0942408
148 149 0.095057
148 177 0.0387597
148 178 0.0541872
148 179 0.231959
148 180 0.0321101
148 209 0.151943
149 89 0.00373134
149 116 0.00873362
149 117 0.0797872
149 118 0.122066
149 119 0.075
149 148 0.095057
149 150 0.0837438
149 179 0.0787879
149 180 0.380952
149 181 0.0514706
149 182 0.134694
149 210 0.0128205
149 212 0.00617284
150 89 0.0506329
150 118 0.0164835
150 119 0.0828402
150 120 0.120567
150 149 0.0837438
150 151 0.012605
150 180 0.0189873
150 181 0.00829876
150 182 0.495327
150 183 0.0182927
151 89 0.0363036
151 90 0.028777
151 91 0.00340136
151 120 0.057971
151 121 0.112195
151 122 0.20339
151 150 0.012605
151 152 0.345794
151 182 0.0607143
151 183 0.182609
151 184 0.0612903
151 214 0.0471014
152 121 0.026087
152 122 0.0341463
152 151 0.345794
152 181 0.00460829
152 182 0.0157895
152 183 0.05
152 184 0.00909091
152 214 0.172043
153 91 0.26749
153 92 0.0241935
153 122 0.0491803
153 123 0.163934
153 154 0.443137
153 184 0.0579151
153 185 0.00806452
154 91 0.0540541
154 122 0.107744
154 123 0.00571429
154 153 0.443137
154 184 0.266026
154 185 0.0282486
155 124 0.224719
155 156 0.0561798
155 157 0.0116279
155 186 0.265306
156 155 0.0561798
156 157 0.258427
156 158 0.020202
156 186 0.039604
156 188 0.102151
156 189 0.161538
157 124 0.0674157
157 126 0.226804
157 155 0.0116279
157 156 0.258427
157 158 0.0208333
157 190 0.011236
158 156 0.020202
158 157 0.0208333
158 189 0.160584
158 190 0.262626
158 221 0.00900901
159 95 0.03125
159 97 0.00892857
159 126 0.0530973
159 127 0.031746
159 128 0.286957
159 160 0.0144928
159 161 0.0060241
159 190 0.114286
159 192 0.00632911
159 221 0.188034
160 98 0.0522388
160 99 0.123377
160 100 0.0126582
160 127 0.0616438
160 128 0.0962963
160 129 0.097561
160 130 0.118421
160 131 0.00896861
160 159 0.0144928
160 161 0.44086
160 192 0.0505618
160 193 0.037037
160 222 0.0457143
160 223 0.107143
161 98 0.234568
161 99 0.0659341
161 100 0.0264151
161 127 0.0344828
161 128 0.0490798
161 129 0.218543
161 130 0.122222
161 131 0.0199203
161 159 0.0060241
161 160 0.44086
161 192 0.00485437
161 193 0.0184049
161 223 0.0833333
162 102 0.00763359
162 131 0.258621
162 132 0.0165746
162 134 0.0189573
162 163 0.0892857
162 164 0.120879
162 193 0.0208333
162 194 0.38756
162 195 0.068323
162 225 0.00485437
163 100 0.012605
163 102 0.227642
163 103 0.0060241
163 131 0.200893
163 132 0.0289017
163 133 0.0213904
163 134 0.118227
163 162 0.0892857
163 164 0.293103
163 165 0.0047619
163 194 0.0746269
164 102 0.0291971
164 131 0.012605
164 134 0.133641
164 162 0.120879
164 163 0.293103
164 165 0.0848214
164 194 0.0883721
164 195 0.0598802
164 225 0.0141509
164 226 0.0769231
164 227 0.0393258
165 103 0.162037
165 134 0.300395
165 135 0.0232558
165 136 0.00990099
165 163 0.0047619
165 164 0.0848214
165 166 0.00666667
165 167 0.354545
165 168 0.037037
165 195 0.00492611
165 196 0.0621762
165 197 0.037037
165 226 0.017316
165 227 0.0046729
165 228 0.0588235
165 229 0.00406504
166 136 0.23913
166 137 0.00892857
166 165 0.00666667
166 167 0.0272727
166 196 0.0120482
166 197 0.0188679
166 198 0.079646
167 103 0.0795455
167 104 0.0265957
167 105 0.0523256
167 134 0.00938967
167 135 0.148571
167 136 0.259259
167 165 0.354545
167 166 0.0272727
167 168 0.142045
167 196 0.0718954
167 197 0.119318
167 198 0.0710383
167 199 0.0376344
167 228 0.00552486
168 103 0.0348837
168 104 0.108696
168 105 0.386905
168 106 0.141509
168 135 0.0233918
168 136 0.0506329
168 137 0.0674157
168 165 0.037037
168 167 0.142045
168 169 0.0103627
168 198 0.0335196
169 105 0.00529101
169 106 0.0343348
169 136 0.0335196
169 137 0.115578
169 138 0.120172
169 168 0.0103627
169 198 0.19
169 199 0.187192
169 200 0.185841
169 229 0.00448431
169 230 0.0294118
169 231 0.077821
170 109 0.00420168
170 110 0.0429448
170 138 0.00833333
170 139 0.0566038
170 140 0.0810811
170 141 0.0575916
170 171 0.108974
170 172 0.398268
170 173 0.00507614
170 174 0.0140187
170 200 0.00429185
170 201 0.0198676
170 202 0.0828025
170 203 0.0844444
170 231 0.00757576
170 232 0.103734
171 110 0.021978
171 138 0.00595238
171 139 0.16092
171 170 0.108974
171 172 0.0566038
171 200 0.0372671
171 201 0.0632911
171 203 0.0522876
171 231 0.03125
171 232 0.0828402
171 234 0.0196078
172 109 0.0165975
172 110 0.0662651
172 111 0.00442478
172 139 0.0308642
172 140 0.0622222
172 141 0.0979381
172 142 0.00985222
172 170 0.398268
172 171 0.0566038
172 174 0.0552995
172 202 0.05625
172 203 0.122807
172 204 0.0581395
172 232 0.0286885
172 234 0.0112994
173 141 0.06875
173 142 0.00591716
173 144 0.0382166
173 170 0.00507614
173 174 0.530055
173 176 0.0700637
173 202 0.0396825
173 204 0.188406
173 205 0.0265487
173 206 0.00657895
173 235 0.04
173 236 0.0218579
174 111 0.0239234
174 141 0.276836
174 142 0.0967742
174 143 0.00746269
174 144 0.0229885
174 170 0.0140187
174 172 0.0552995
174 173 0.530055
174 176 0.0172414
174 202 0.0839161
174 203 0.028436
174 204 0.212903
174 205 0.00769231
174 206 0.0118343
174 235 0.0140845
175 204 0.021978
175 205 0.378788
175 207 0.0526316
175 208 0.135135
176 112 0.121387
176 113 0.0214286
176 114 0.0827068
176 144 0.277027
176 145 0.21466
176 146 0.00714286
176 173 0.0700637
176 174 0.0172414
176 177 0.0268817
176 205 0.0192308
176 206 0.027972
176 207 0.0526316
176 208 0.0178571
177 112 0.00473934
177 114 0.0350877
177 115 0.111607
177 116 0.03125
177 145 0.432314
177 146 0.129213
177 147 0.0191083
177 148 0.0387597
177 176 0.0268817
177 178 0.337278
177 207 0.0328947
177 208 0.0133333
177 209 0.0321285
177 239 0.0121457
178 115 0.00591716
178 116 0.0177515
178 145 0.0517241
178 146 0.0243902
178 147 0.00980392
178 148 0.0541872
178 177 0.337278
178 179 0.133333
178 209 0.0360825
178 238 0.0275862
178 239 0.046875
178 240 0.0189873
179 116 0.0125
179 148 0.231959
179 149 0.0787879
179 178 0.133333
179 180 0.175
179 209 0.0702703
179 211 0.00526316
180 118 0.0357143
180 148 0.0321101
180 149 0.380952
180 150 0.0189873
180 179 0.175
180 181 0.0528634
180 182 0.08
180 209 0.0143541
180 210 0.015873
180 241 0.0176991
181 149 0.0514706
181 150 0.00829876
181 152 0.00460829
181 180 0.0528634
181 182 0.0918728
181 210 0.191176
181 211 0.010101
181 212 0.365
181 213 0.00609756
181 214 0.00358423
181 241 0.0153061
181 242 0.019802
181 243 0.429078
181 244 0.00561798
181 245 0.0130435
182 118 0.0401786
182 119 0.0853081
182 120 0.0327869
182 149 0.134694
182 150 0.495327
182 151 0.0607143
182 152 0.0157895
182 180 0.08
182 181 0.0918728
182 183 0.0291262
182 212 0.0751445
182 214 0.0515873
183 120 0.0451128
183 150 0.0182927
183 151 0.182609
183 152 0.05
183 182 0.0291262
183 184 0.152542
183 212 0.0325203
183 214 0.173267
183 215 0.0121951
183 245 0.0392157
183 246 0.0175439
184 122 0.0199336
184 151 0.0612903
184 152 0.00909091
184 153 0.0579151
184 154 0.266026
184 183 0.152542
184 185 0.0165746
184 214 0.0567376
184 215 0.0337423
184 216 0.148607
184 246 0.135458
185 123 0.0227273
185 153 0.00806452
185 154 0.0282486
185 184 0.0165746
185 216 0.0638298
185 247 0.0666667
186 124 0.00990099
186 155 0.265306
186 156 0.039604
186 187 0.047619
186 188 0.0205128
186 217 0.247706
187 186 0.047619
187 188 0.181818
187 217 0.185629
187 218 0.314815
187 219 0.131148
187 249 0.0147059
187 250 0.0108696
188 156 0.102151
188 186 0.0205128
188 187 0.181818
188 189 0.3125
188 218 0.00411523
188 219 0.302583
188 220 0.124444
188 250 0.00473934
189 156 0.161538
189 158 0.160584
189 188 0.3125
189 219 0.0186047
189 220 0.0650888
189 251 0.0285714
190 126 0.03
190 157 0.011236
190 158 0.262626
190 159 0.114286
190 221 0.173077
191 192 0.0935252
191 221 0.0102041
191 222 0.00735294
191 252 0.264368
191 253 0.0849057
192 128 0.0451613
192 129 0.013986
192 159 0.00632911
192 160 0.0505618
192 161 0.00485437
192 191 0.0935252
192 193 0.0451613
192 221 0.0382166
192 222 0.451282
192 223 0.11875
192 224 0.0342466
192 253 0.0363636
192 255 0.00947867
193 129 0.01
193 130 0.217054
193 131 0.005
193 160 0.037037
193 161 0.0184049
193 162 0.0208333
193 192 0.0451613
193 194 0.0564972
193 222 0.0328947
193 223 0.017094
193 225 0.0804598
194 130 0.0309278
194 131 0.0377358
194 162 0.38756
194 163 0.0746269
194 164 0.0883721
194 193 0.0564972
194 195 0.113402
194 222 0.00460829
194 224 0.0178571
194 225 0.192469
194 226 0.0045045
194 227 0.0585366
194 254 0.00561798
194 255 0.0171674
195 162 0.068323
195 164 0.0598802
195 165 0.00492611
195 194 0.113402
195 225 0.052356
195 226 0.172414
195 227 0.350318
195 255 0.0594595
195 257 0.00628931
195 259 0.0218978
196 134 0.00537634
196 136 0.00740741
196 165 0.0621762
196 166 0.0120482
196 167 0.0718954
196 197 0.275168
196 198 0.0192308
196 226 0.0121951
196 227 0.00680272
196 228 0.350649
196 229 0.0670391
196 259 0.19685
196 260 0.0534351
196 261 0.0144928
197 136 0.0632911
197 165 0.037037
197 166 0.0188679
197 167 0.119318
197 196 0.275168
197 198 0.100559
197 199 0.0549451
197 228 0.141243
197 229 0.20297
197 259 0.02
197 260 0.0454545
198 136 0.187879
198 137 0.167568
198 166 0.079646
198 167 0.0710383
198 168 0.0335196
198 169 0.19
198 196 0.0192308
198 197 0.100559
198 199 0.164021
198 228 0.00543478
198 229 0.076555
198 230 0.0535714
198 231 0.00411523
198 260 0.0186335
199 136 0.0238095
199 137 0.0319149
199 167 0.0376344
199 169 0.187192
199 197 0.0549451
199 198 0.164021
199 228 0.0160428
199 229 0.103774
199 230 0.193833
199 231 0.0487805
199 260 0.0182927
199 261 0.0643275
200 137 0.00473934
200 138 0.24898
200 139 0.0670732
200 169 0.185841
200 170 0.00429185
200 171 0.0372671
200 230 0.016
200 231 0.193309
201 170 0.0198676
201 171 0.0632911
201 203 0.00675676
201 231 0.026738
201 232 0.213415
201 263 0.134328
201 264 0.0201342
202 141 0.0166667
202 170 0.0828025
202 172 0.05625
202 173 0.0396825
202 174 0.0839161
202 203 0.318182
202 204 0.0408163
202 232 0.0117647
202 233 0.0363636
202 234 0.0194175
202 266 0.00826446
203 139 0.0128205
203 170 0.0844444
203 171 0.0522876
203 172 0.122807
203 174 0.028436
203 201 0.00675676
203 202 0.318182
203 204 0.0240964
203 232 0.285714
203 233 0.0449438
203 234 0.263158
203 235 0.00653595
203 264 0.0807175
203 265 0.00694444
203 266 0.037037
204 141 0.030303
204 144 0.0542636
204 172 0.0581395
204 173 0.188406
204 174 0.212903
204 175 0.021978
204 202 0.0408163
204 203 0.0240964
204 205 0.0352941
204 206 0.00806452
204 234 0.104348
204 235 0.0412371
204 236 0.0903226
204 266 0.180451
205 173 0.0265487
205 174 0.00769231
205 175 0.378788
205 176 0.0192308
205 204 0.0352941
205 206 0.161616
205 207 0.0857143
205 208 0.0147059
205 235 0.0138889
205 236 0.00769231
205 266 0.0185185
206 144 0.00699301
206 173 0.00657895
206 174 0.0118343
206 176 0.027972
206 204 0.00806452
206 205 0.161616
206 207 0.146789
206 208 0.00934579
206 236 0.035503
206 237 0.304
206 238 0.242038
206 239 0.0147059
206 268 0.0120482
207 144 0.0263158
207 145 0.0828025
207 175 0.0526316
207 176 0.0526316
207 177 0.0328947
207 205 0.0857143
207 206 0.146789
207 208 0.346154
207 238 0.078125
207 239 0.137143
208 145 0.0709677
208 175 0.135135
208 176 0.0178571
208 177 0.0133333
208 205 0.0147059
208 206 0.00934579
208 207 0.346154
208 209 0.0171429
208 238 0.00793651
208 239 0.0462428
209 145 0.00393701
209 146 0.00492611
209 147 0.021978
209 148 0.151943
209 177 0.0321285
209 178 0.0360825
209 179 0.0702703
209 180 0.0143541
209 208 0.0171429
209 210 0.0669291
209 211 0.250896
209 239 0.139706
209 240 0.214286
209 241 0.0561798
209 271 0.008
210 149 0.0128205
210 180 0.015873
210 181 0.191176
210 209 0.0669291
210 211 0.277992
210 212 0.0308642
210 241 0.360759
210 243 0.0491803
211 179 0.00526316
211 181 0.010101
211 209 0.250896
211 210 0.277992
211 240 0.135802
211 241 0.0601093
211 242 0.015873
211 243 0.0260223
211 270 0.00512821
211 271 0.0196078
211 272 0.166667
211 273 0.0782313
211 274 0.0237288
212 149 0.00617284
212 181 0.365
212 182 0.0751445
212 183 0.0325203
212 210 0.0308642
212 241 0.0116279
212 243 0.0174419
212 245 0.0166667
213 181 0.00609756
213 242 0.0178571
213 243 0.102941
213 274 0.0246914
213 275 0.015625
214 151 0.0471014
214 152 0.172043
214 181 0.00358423
214 182 0.0515873
214 183 0.173267
214 184 0.0567376
214 215 0.243151
214 243 0.00796813
214 245 0.231156
214 246 0.0414747
215 183 0.0121951
215 184 0.0337423
215 214 0.243151
215 216 0.267267
215 245 0.0452675
215 246 0.233716
215 275 0.0209059
215 276 0.11157
215 277 0.0746269
215 278 0.0294118
216 184 0.148607
216 185 0.0638298
216 215 0.267267
216 246 0.387597
216 247 0.0695187
216 277 0.0120482
216 278 0.0223048
217 186 0.247706
217 187 0.185629
217 218 0.0700637
217 248 0.0190476
218 187 0.314815
218 188 0.00411523
218 217 0.0700637
218 219 0.0042735
218 248 0.136364
218 249 0.268041
218 250 0.0402299
218 280 0.00416667
219 187 0.131148
219 188 0.302583
219 189 0.0186047
219 218 0.0042735
219 220 0.236111
219 250 0.277228
219 281 0.0684211
220 188 0.124444
220 189 0.0650888
220 219 0.236111
220 251 0.177305
220 281 0.118056
220 282 0.0145985
221 158 0.00900901
221 159 0.188034
221 190 0.173077
221 191 0.0102041
221 192 0.0382166
221 251 0.0701754
221 252 0.12381
222 160 0.0457143
222 191 0.00735294
222 192 0.451282
222 193 0.0328947
222 194 0.00460829
222 223 0.312102
222 224 0.195804
222 225 0.00934579
222 253 0.00617284
222 254 0.0980392
222 255 0.0192308
222 285 0.108108
223 160 0.107143
223 161 0.0833333
223 192 0.11875
223 193 0.017094
223 222 0.312102
223 224 0.453704
223 225 0.0167598
223 254 0.00847458
223 285 0.00534759
224 192 0.0342466
224 194 0.0178571
224 222 0.195804
224 223 0.453704
224 225 0.0666667
224 254 0.125
224 255 0.0377358
224 256 0.00763359
224 285 0.0231214
225 162 0.00485437
225 164 0.0141509
225 193 0.0804598
225 194 0.192469
225 195 0.052356
225 222 0.00934579
225 223 0.0167598
225 224 0.0666667
225 226 0.0319635
225 227 0.039604
225 254 0.0571429
225 255 0.243478
225 256 0.128713
225 257 0.0343137
225 285 0.0327869
225 286 0.0045045
225 287 0.0157895
225 288 0.0214592
226 164 0.0769231
226 165 0.017316
226 194 0.0045045
226 195 0.172414
226 196 0.0121951
226 225 0.0319635
226 227 0.437838
226 228 0.0104167
226 256 0.0162162
226 257 0.101604
226 258 0.0112994
226 259 0.0121212
226 288 0.194444
226 290 0.00420168
227 164 0.0393258
227 165 0.0046729
227 194 0.0585366
227 195 0.350318
227 196 0.00680272
227 225 0.039604
227 226 0.437838
227 228 0.142857
227 256 0.00595238
227 257 0.0235294
227 258 0.01875
227 259 0.0675676
227 288 0.130653
227 290 0.00452489
228 165 0.0588235
228 167 0.00552486
228 196 0.350649
228 197 0.141243
228 198 0.00543478
228 199 0.0160428
228 226 0.0104167
228 227 0.142857
228 229 0.188406
228 258 0.00598802
228 259 0.0580645
228 260 0.0188679
228 261 0.114458
228 290 0.0526316
229 165 0.00406504
229 169 0.00448431
229 196 0.0670391
229 197 0.20297
229 198 0.076555
229 199 0.103774
229 228 0.188406
229 230 0.0323887
229 258 0.0104167
229 259 0.0111111
229 260 0.195652
229 261 0.188482
229 262 0.0277778
229 290 0.0948617
230 169 0.0294118
230 198 0.0535714
230 199 0.193833
230 200 0.016
230 229 0.0323887
230 231 0.384342
230 260 0.100503
230 261 0.0582524
230 262 0.134199
230 293 0.139286
231 169 0.077821
231 170 0.00757576
231 171 0.03125
231 198 0.00411523
231 199 0.0487805
231 200 0.193309
231 201 0.026738
231 230 0.384342
231 232 0.0288809
231 262 0.02
231 293 0.0802676
232 170 0.103734
232 171 0.0828402
232 172 0.0286885
232 201 0.213415
232 202 0.0117647
232 203 0.285714
232 231 0.0288809
232 233 0.0103093
232 234 0.0802139
232 263 0.0382166
232 264 0.175732
232 293 0.00724638
232 295 0.00735294
233 202 0.0363636
233 203 0.0449438
233 232 0.0103093
233 234 0.0314961
233 264 0.0670391
233 295 0.136792
233 296 0.24183
234 171 0.0196078
234 172 0.0112994
234 202 0.0194175
234 203 0.263158
234 204 0.104348
234 232 0.0802139
234 233 0.0314961
234 235 0.00980392
234 264 0.00581395
234 265 0.0645161
234 266 0.0869565
234 296 0.0890411
234 297 0.00704225
235 173 0.04
235 174 0.0140845
235 203 0.00653595
235 204 0.0412371
235 205 0.0138889
235 234 0.00980392
235 236 0.422535
235 237 0.173469
235 265 0.0266667
235 266 0.158333
235 297 0.00806452
236 173 0.0218579
236 204 0.0903226
236 205 0.00769231
236 206 0.035503
236 235 0.422535
236 237 0.217949
236 265 0.0526316
236 266 0.398876
236 267 0.0075188
236 268 0.0152284
236 296 0.0215054
236 297 0.0769231
236 298 0.027907
237 206 0.304
237 235 0.173469
237 236 0.217949
237 238 0.152778
237 239 0.0104712
237 265 0.0224719
237 266 0.00746269
237 268 0.0522876
237 269 0.0380952
237 299 0.00724638
237 301 0.0144231
238 178 0.0275862
238 206 0.242038
238 207 0.078125
238 208 0.00793651
238 237 0.152778
238 239 0.345291
238 240 0.0634921
238 269 0.0291971
238 270 0.0070922
238 271 0.00995025
238 301 0.0375
239 177 0.0121457
239 178 0.046875
239 206 0.0147059
239 207 0.137143
239 208 0.0462428
239 209 0.139706
239 237 0.0104712
239 238 0.345291
239 240 0.258475
239 269 0.0217391
239 270 0.0159574
239 271 0.0362903
239 301 0.0174216
240 178 0.0189873
240 209 0.214286
240 211 0.135802
240 238 0.0634921
240 239 0.258475
240 270 0.0519481
240 271 0.107477
240 272 0.00809717
240 273 0.0434783
240 301 0.0395257
241 180 0.0176991
241 181 0.0153061
241 209 0.0561798
241 210 0.360759
241 211 0.0601093
241 212 0.0116279
242 181 0.019802
242 211 0.015873
242 213 0.0178571
242 243 0.0402299
242 244 0.0285714
242 272 0.0414508
242 274 0.405
242 275 0.0542169
242 307 0.0596026
243 181 0.429078
243 210 0.0491803
243 211 0.0260223
243 212 0.0174419
243 213 0.102941
243 214 0.00796813
243 242 0.0402299
243 244 0.02
243 245 0.0594059
243 272 0.010989
243 274 0.160714
243 275 0.0691057
243 307 0.012987
244 181 0.00561798
244 242 0.0285714
244 243 0.02
244 245 0.0510204
244 274 0.0170455
244 275 0.21831
244 307 0.00787402
245 181 0.0130435
245 183 0.0392157
245 212 0.0166667
245 214 0.231156
245 215 0.0452675
245 243 0.0594059
245 244 0.0510204
