0 1 0.170732
0 47 0.10101
1 0 0.170732
1 47 0.0204082
1 48 0.0222222
2 3 0.226415
2 4 0.027027
2 48 0.111111
2 49 0.232143
2 51 0.2103
3 2 0.226415
3 49 0.0555556
3 50 0.02
3 51 0.0289017
4 2 0.027027
4 5 0.107843
4 51 0.255814
4 52 0.0654206
5 4 0.107843
5 7 0.0673077
5 51 0.0534759
5 52 0.202532
6 7 0.277027
6 8 0.25
6 53 0.188406
6 54 0.00549451
7 5 0.0673077
7 6 0.277027
7 8 0.113924
7 53 0.0241935
7 54 0.0535714
8 6 0.25
8 7 0.113924
8 9 0.135514
8 53 0.027027
8 54 0.046875
8 55 0.0210526
8 56 0.00995025
9 8 0.135514
9 10 0.238318
9 54 0.00446429
9 55 0.171171
9 56 0.128755
9 57 0.0377358
10 9 0.238318
10 11 0.2
10 12 0.0408163
10 55 0.0105263
10 56 0.0199005
10 57 0.0629921
10 58 0.0878661
11 10 0.2
11 12 0.312821
11 13 0.208163
11 57 0.0114286
11 58 0.142857
11 59 0.0125786
12 10 0.0408163
12 11 0.312821
12 13 0.117284
12 57 0.0652174
12 58 0.0147059
12 59 0.131579
12 60 0.0232558
13 11 0.208163
13 12 0.117284
13 14 0.229167
13 58 0.015748
13 59 0.0396825
13 60 0.126126
13 61 0.0104712
13 62 0.0606061
14 13 0.229167
14 15 0.0528634
14 60 0.004
14 61 0.488584
14 62 0.207965
15 14 0.0528634
15 16 0.025974
15 61 0.0337079
15 62 0.118919
15 63 0.336134
15 64 0.079646
16 15 0.025974
16 17 0.0591398
16 18 0.0188679
16 63 0.417476
17 16 0.0591398
17 18 0.539855
17 63 0.0962963
18 16 0.0188679
18 17 0.539855
18 19 0.0193237
18 20 0.05
18 63 0.0337838
18 65 0.205742
18 66 0.00803213
19 18 0.0193237
19 20 0.42439
19 21 0.0591716
19 66 0.136364
20 18 0.05
20 19 0.42439
20 21 0.122137
20 65 0.0628019
20 66 0.360324
20 67 0.0689655
20 68 0.0196078
21 19 0.0591716
21 20 0.122137
21 22 0.383333
21 66 0.014218
21 67 0.0289855
21 68 0.0654762
22 21 0.383333
22 23 0.154321
22 68 0.10989
22 69 0.0285714
22 70 0.0875912
23 22 0.154321
23 25 0.0192308
23 68 0.0222222
23 69 0.060241
23 70 0.104396
24 25 0.0851064
24 71 0.0492958
24 72 0.183673
25 23 0.0192308
25 24 0.0851064
25 27 0.00404858
25 70 0.145522
25 71 0.176955
25 72 0.0666667
25 73 0.299107
26 27 0.027972
26 28 0.328125
26 73 0.025
26 74 0.0243902
27 25 0.00404858
27 26 0.027972
27 28 0.190751
27 30 0.0318725
27 73 0.344978
27 74 0.00666667
27 75 0.122112
28 26 0.328125
28 27 0.190751
28 30 0.156977
28 73 0.0333333
28 74 0.084507
28 75 0.0491071
29 30 0.10559
29 31 0.0606061
29 76 0.0634921
29 77 0.0607735
30 27 0.0318725
30 28 0.156977
30 29 0.10559
30 75 0.261589
30 77 0.103704
31 29 0.0606061
31 33 0.237838
31 77 0.419708
31 78 0.135
31 80 0.166667
32 33 0.197368
32 34 0.0347826
32 79 0.3
32 80 0.0538922
33 31 0.237838
33 32 0.197368
33 34 0.0927152
33 78 0.102362
33 79 0.0263158
33 80 0.187192
34 32 0.0347826
34 33 0.0927152
34 79 0.0173913
34 80 0.0702479
34 81 0.169231
34 82 0.111588
35 36 0.134615
35 37 0.0518519
35 82 0.0254777
35 83 0.27027
35 84 0.0206897
36 35 0.134615
36 37 0.0536913
36 82 0.204678
36 83 0.254902
36 84 0.0125786
37 35 0.0518519
37 36 0.0536913
37 38 0.202073
37 82 0.00787402
37 84 0.322314
37 86 0.0779661
38 37 0.202073
38 84 0.0147783
38 85 0.029703
38 86 0.449219
39 40 0.0839161
39 86 0.0544554
39 87 0.392157
39 88 0.0533333
40 39 0.0839161
40 41 0.169014
40 86 0.16388
40 87 0.027027
40 88 0.0697674
40 89 0.0769231
41 40 0.169014
41 42 0.355422
41 43 0.0883721
41 89 0.289855
41 90 0.0153846
42 41 0.355422
42 43 0.292308
42 89 0.0855615
42 90 0.0818182
43 41 0.0883721
43 42 0.292308
43 44 0.0557621
43 45 0.086758
43 89 0.0466102
43 90 0.201258
43 91 0.0176056
44 43 0.0557621
44 45 0.495902
44 46 0.0373134
44 90 0.0217391
44 91 0.307443
44 92 0.0938967
45 43 0.086758
45 44 0.495902
45 46 0.0366972
45 90 0.0149254
45 91 0.050193
45 92 0.282209
46 44 0.0373134
46 45 0.0366972
46 92 0.42246
46 93 0.115183
47 0 0.10101
47 1 0.0204082
47 48 0.222973
47 94 0.0873786
47 95 0.0108108
48 1 0.0222222
48 2 0.111111
48 47 0.222973
48 49 0.0322581
49 2 0.232143
49 3 0.0555556
49 48 0.0322581
49 50 0.107143
49 51 0.0680851
49 95 0.0104167
49 96 0.119048
49 97 0.0252101
49 98 0.0269058
50 3 0.02
50 49 0.107143
50 96 0.127273
50 97 0.0222222
50 98 0.00606061
51 2 0.2103
51 3 0.0289017
51 4 0.255814
51 5 0.0534759
51 49 0.0680851
51 52 0.0104167
51 98 0.0694444
51 99 0.206897
52 4 0.0654206
52 5 0.202532
52 51 0.0104167
52 53 0.010101
52 98 0.0111111
52 99 0.203297
52 100 0.00666667
53 6 0.188406
53 7 0.0241935
53 8 0.027027
53 52 0.010101
53 54 0.164557
53 55 0.00641026
53 99 0.0203046
53 100 0.0969697
53 101 0.287879
54 6 0.00549451
54 7 0.0535714
54 8 0.046875
54 9 0.00446429
54 53 0.164557
54 55 0.13
54 56 0.0473934
54 99 0.0165975
54 100 0.311005
54 101 0.18595
54 102 0.0621762
55 8 0.0210526
55 9 0.171171
55 10 0.0105263
55 53 0.00641026
55 54 0.13
55 56 0.23445
55 101 0.0208333
55 102 0.0994764
55 103 0.0572917
55 104 0.183246
56 8 0.00995025
56 9 0.128755
56 10 0.0199005
56 54 0.0473934
56 55 0.23445
56 57 0.150685
56 102 0.0940594
56 103 0.0344828
56 104 0.30198
57 9 0.0377358
57 10 0.0629921
57 11 0.0114286
57 12 0.0652174
57 56 0.150685
57 58 0.0326087
57 103 0.00775194
57 104 0.125
57 106 0.102941
58 10 0.0878661
58 11 0.142857
58 12 0.0147059
58 13 0.015748
58 57 0.0326087
58 59 0.0238095
58 60 0.0757576
58 103 0.0165975
58 104 0.0625
58 105 0.063745
58 106 0.403226
58 107 0.0037037
59 11 0.0125786
59 12 0.131579
59 13 0.0396825
59 58 0.0238095
59 60 0.0220588
59 106 0.0583333
59 107 0.0492958
60 12 0.0232558
60 13 0.126126
60 14 0.004
60 58 0.0757576
60 59 0.0220588
60 62 0.134615
60 106 0.0324074
60 107 0.394958
60 108 0.0253807
61 13 0.0104712
61 14 0.488584
61 15 0.0337079
61 62 0.0903955
61 63 0.00869565
61 107 0.00483092
61 108 0.0301205
62 13 0.0606061
62 14 0.207965
62 15 0.118919
62 60 0.134615
62 61 0.0903955
62 107 0.205607
62 108 0.248555
62 109 0.0697674
63 15 0.336134
63 16 0.417476
63 17 0.0962963
63 18 0.0337838
63 61 0.00869565
63 64 0.0539568
63 109 0.00888889
63 110 0.227273
63 112 0.030303
64 15 0.079646
64 63 0.0539568
64 109 0.173709
64 110 0.413462
64 111 0.0457143
64 112 0.190476
65 18 0.205742
65 20 0.0628019
65 66 0.025641
65 111 0.04
65 112 0.0621469
65 113 0.0610329
66 18 0.00803213
66 19 0.136364
66 20 0.360324
66 21 0.014218
66 65 0.025641
66 67 0.0650406
66 68 0.0130719
66 113 0.304348
66 114 0.0310559
67 20 0.0689655
67 21 0.0289855
67 66 0.0650406
67 68 0.2625
67 113 0.0166667
67 114 0.0340909
67 116 0.0406977
68 20 0.0196078
68 21 0.0654762
68 22 0.10989
68 23 0.0222222
68 66 0.0130719
68 67 0.2625
68 69 0.0679612
68 114 0.0677966
68 116 0.356436
69 22 0.0285714
69 23 0.060241
69 68 0.0679612
69 70 0.0102564
69 114 0.0630631
69 115 0.0677966
69 116 0.0974359
69 117 0.0197368
70 22 0.0875912
70 23 0.104396
70 25 0.145522
70 69 0.0102564
70 71 0.449814
70 117 0.195219
71 24 0.0492958
71 25 0.176955
71 70 0.449814
71 72 0.0397351
71 73 0.0133333
71 117 0.207965
71 118 0.013986
71 119 0.118343
71 120 0.035461
72 24 0.183673
72 25 0.0666667
72 71 0.0397351
72 118 0.14
72 119 0.105263
73 25 0.299107
73 26 0.025
73 27 0.344978
73 28 0.0333333
73 71 0.0133333
73 120 0.148289
74 26 0.0243902
74 27 0.00666667
74 28 0.084507
74 120 0.0326087
74 121 0.117117
75 27 0.122112
75 28 0.0491071
75 30 0.261589
75 77 0.0869565
75 121 0.132576
75 122 0.353659
75 123 0.18038
75 124 0.0178571
76 29 0.0634921
76 77 0.0290698
76 124 0.107692
76 125 0.0360825
77 29 0.0607735
77 30 0.103704
77 31 0.419708
77 75 0.0869565
77 76 0.0290698
77 78 0.0694444
77 80 0.0136986
77 122 0.0140187
77 124 0.0322581
77 125 0.144231
78 31 0.135
78 33 0.102362
78 77 0.0694444
78 80 0.293578
78 124 0.0287356
78 125 0.260504
78 127 0.00729927
79 32 0.3
79 33 0.0263158
79 34 0.0173913
79 80 0.0419162
79 126 0.186047
79 127 0.0930233
80 31 0.166667
80 32 0.0538922
80 33 0.187192
80 34 0.0702479
80 77 0.0136986
80 78 0.293578
80 79 0.0419162
80 81 0.00961538
80 125 0.130573
80 126 0.00588235
80 127 0.103286
81 34 0.169231
81 80 0.00961538
81 82 0.0792079
81 126 0.00531915
81 127 0.212121
81 128 0.298932
81 130 0.144231
82 34 0.111588
82 35 0.0254777
82 36 0.204678
82 37 0.00787402
82 81 0.0792079
82 84 0.0113636
82 128 0.413386
82 129 0.00641026
82 130 0.0105263
83 35 0.27027
83 36 0.254902
83 84 0.0277778
83 129 0.25
83 131 0.12766
84 35 0.0206897
84 36 0.0125786
84 37 0.322314
84 38 0.0147783
84 82 0.0113636
84 83 0.0277778
84 86 0.00983607
84 128 0.00413223
84 129 0.0347222
84 130 0.0586081
84 131 0.0387097
84 132 0.309524
84 133 0.00694444
85 38 0.029703
85 86 0.0197044
85 88 0.0394737
85 133 0.139785
86 37 0.0779661
86 38 0.449219
86 39 0.0544554
86 40 0.16388
86 84 0.00983607
86 85 0.0197044
86 87 0.0193237
86 88 0.04329
86 132 0.0152091
86 133 0.13783
86 135 0.00687285
87 39 0.392157
87 40 0.027027
87 86 0.0193237
87 88 0.2
87 134 0.0952381
88 39 0.0533333
88 40 0.0697674
88 85 0.0394737
88 86 0.04329
88 87 0.2
88 133 0.0747664
88 134 0.172414
88 135 0.176829
89 40 0.0769231
89 41 0.289855
89 42 0.0855615
89 43 0.0466102
89 90 0.0662252
89 136 0.428
89 137 0.106796
90 41 0.0153846
90 42 0.0818182
90 43 0.201258
90 44 0.0217391
90 45 0.0149254
90 89 0.0662252
90 91 0.00502513
90 136 0.0346821
90 137 0.310078
91 43 0.0176056
91 44 0.307443
91 45 0.050193
91 90 0.00502513
91 92 0.00438596
91 137 0.023622
91 138 0.420635
91 139 0.042735
91 140 0.0776398
92 44 0.0938967
92 45 0.282209
92 46 0.42246
92 91 0.00438596
92 93 0.00735294
92 140 0.0176991
93 46 0.115183
93 92 0.00735294
93 138 0.00625
93 140 0.343478
94 47 0.0873786
94 141 0.16
95 47 0.0108108
95 49 0.0104167
95 141 0.0151515
95 142 0.453488
95 143 0.039823
96 49 0.119048
96 50 0.127273
96 97 0.194915
96 98 0.040724
96 142 0.00854701
96 143 0.326733
96 144 0.0280374
97 49 0.0252101
97 50 0.0222222
97 96 0.194915
97 98 0.415808
97 99 0.0204778
97 143 0.0404412
97 144 0.0112994
97 145 0.0153846
97 147 0.0820896
98 49 0.0269058
98 50 0.00606061
98 51 0.0694444
98 52 0.0111111
98 96 0.040724
98 97 0.415808
98 99 0.158273
98 143 0.0155642
98 147 0.0197628
99 51 0.206897
99 52 0.203297
99 53 0.0203046
99 54 0.0165975
99 97 0.0204778
99 98 0.158273
99 100 0.0685484
99 101 0.0391459
99 145 0.010989
99 148 0.00851064
100 52 0.00666667
100 53 0.0969697
100 54 0.311005
100 99 0.0685484
100 101 0.24498
100 102 0.03
100 146 0.116822
100 147 0.0269058
100 148 0.305419
101 53 0.287879
101 54 0.18595
101 55 0.0208333
101 99 0.0391459
101 100 0.24498
101 102 0.00858369
101 148 0.029661
102 54 0.0621762
102 55 0.0994764
102 56 0.0940594
102 100 0.03
102 101 0.00858369
102 103 0.0540541
102 104 0.0271739
102 146 0.050505
102 148 0.0641711
102 149 0.319444
102 150 0.0223464
103 55 0.0572917
103 56 0.0344828
103 57 0.00775194
103 58 0.0165975
103 102 0.0540541
103 104 0.0810811
103 105 0.0408163
103 149 0.138249
103 150 0.205556
103 151 0.363184
103 152 0.060241
104 55 0.183246
104 56 0.30198
104 57 0.125
104 58 0.0625
104 102 0.0271739
104 103 0.0810811
104 106 0.0364583
104 149 0.0416667
104 151 0.095
105 58 0.063745
105 103 0.0408163
105 106 0.044335
105 150 0.0210526
105 151 0.165877
105 152 0.539773
105 153 0.354839
106 57 0.102941
106 58 0.403226
106 59 0.0583333
106 60 0.0324074
106 104 0.0364583
106 105 0.044335
106 107 0.027027
106 151 0.0769231
106 152 0.017341
106 153 0.0700935
107 58 0.0037037
107 59 0.0492958
107 60 0.394958
107 61 0.00483092
107 62 0.205607
107 106 0.027027
107 108 0.231527
107 153 0.0169492
107 154 0.0323887
107 156 0.0952381
108 60 0.0253807
108 61 0.0301205
108 62 0.248555
108 107 0.231527
108 109 0.0248447
108 155 0.0172414
108 156 0.112069
109 62 0.0697674
109 63 0.00888889
109 64 0.173709
109 108 0.0248447
109 110 0.0709677
109 156 0.0562771
109 157 0.0772727
110 63 0.227273
110 64 0.413462
110 109 0.0709677
110 111 0.00854701
110 112 0.0206186
110 157 0.00930233
111 64 0.0457143
111 65 0.04
111 110 0.00854701
111 112 0.149068
111 158 0.153061
111 159 0.104
111 160 0.0729927
112 63 0.030303
112 64 0.190476
112 65 0.0621469
112 110 0.0206186
112 111 0.149068
112 157 0.023166
112 158 0.399267
112 159 0.0148515
112 160 0.0747664
113 65 0.0610329
113 66 0.304348
113 67 0.0166667
113 114 0.059633
113 158 0.0323625
113 159 0.0462185
113 160 0.06
113 161 0.178082
113 162 0.0299003
114 66 0.0310559
114 67 0.0340909
114 68 0.0677966
114 69 0.0630631
114 113 0.059633
114 115 0.0675676
114 116 0.219048
114 161 0.0708661
114 162 0.186603
114 163 0.0416667
115 69 0.0677966
115 114 0.0675676
115 116 0.0189873
115 162 0.0318471
115 163 0.0147059
116 67 0.0406977
116 68 0.356436
116 69 0.0974359
116 114 0.219048
116 115 0.0189873
116 161 0.00473934
116 162 0.0648464
116 163 0.0196078
117 69 0.0197368
117 70 0.195219
117 71 0.207965
117 119 0.013245
117 163 0.0434783
117 165 0.340351
118 71 0.013986
118 72 0.14
118 119 0.117647
118 165 0.0148515
118 166 0.0819672
119 71 0.118343
119 72 0.105263
119 117 0.013245
119 118 0.117647
119 120 0.0676328
119 165 0.0263158
119 166 0.103448
119 167 0.0454545
120 71 0.035461
120 73 0.148289
120 74 0.0326087
120 119 0.0676328
120 121 0.0809717
120 167 0.24507
120 169 0.0151515
121 74 0.117117
121 75 0.132576
121 120 0.0809717
121 122 0.0384615
121 123 0.150442
121 167 0.113475
121 168 0.00900901
121 169 0.064
122 75 0.353659
122 77 0.0140187
122 121 0.0384615
122 123 0.235577
122 124 0.0406977
123 75 0.18038
123 121 0.150442
123 122 0.235577
123 124 0.0247934
123 169 0.039548
124 75 0.0178571
124 76 0.107692
124 77 0.0322581
124 78 0.0287356
124 122 0.0406977
124 123 0.0247934
124 125 0.185185
124 171 0.0325203
124 172 0.0421053
124 173 0.0176991
125 76 0.0360825
125 77 0.144231
125 78 0.260504
125 80 0.130573
125 124 0.185185
125 171 0.00534759
125 172 0.0866142
125 173 0.275862
125 174 0.0362319
126 79 0.186047
126 80 0.00588235
126 81 0.00531915
126 127 0.0337079
126 174 0.113636
126 175 0.043956
127 78 0.00729927
127 79 0.0930233
127 80 0.103286
127 81 0.212121
127 126 0.0337079
127 128 0.0164835
127 174 0.0171429
127 175 0.0597015
128 81 0.298932
128 82 0.413386
128 84 0.00413223
128 127 0.0164835
128 130 0.190114
128 176 0.0104167
129 82 0.00641026
129 83 0.25
129 84 0.0347222
129 130 0.0181818
129 131 0.255319
129 132 0.0686275
129 176 0.0105263
129 178 0.0140845
130 81 0.144231
130 82 0.0105263
130 84 0.0586081
130 128 0.190114
130 129 0.0181818
130 131 0.00568182
130 175 0.0418605
130 176 0.489028
130 177 0.273092
130 178 0.0147601
131 83 0.12766
131 84 0.0387097
131 129 0.255319
131 130 0.00568182
131 176 0.0298507
131 178 0.0261438
132 84 0.309524
132 86 0.0152091
132 129 0.0686275
132 133 0.109756
132 178 0.216346
132 179 0.06875
132 180 0.034749
133 84 0.00694444
133 85 0.139785
133 86 0.13783
133 88 0.0747664
133 132 0.109756
133 135 0.0218978
133 178 0.0629371
133 179 0.466387
133 180 0.195846
134 87 0.0952381
134 88 0.172414
134 135 0.0136054
134 180 0.0333333
134 181 0.174603
134 182 0.0422535
135 86 0.00687285
135 88 0.176829
135 133 0.0218978
135 134 0.0136054
135 136 0.0685484
135 180 0.10453
135 182 0.310502
135 183 0.0245902
136 89 0.428
136 90 0.0346821
136 135 0.0685484
136 137 0.109649
136 182 0.0329218
136 183 0.126866
136 184 0.103053
137 89 0.106796
137 90 0.310078
137 91 0.023622
137 136 0.109649
137 183 0.0178571
137 184 0.206422
137 185 0.0125786
138 91 0.420635
138 93 0.00625
138 139 0.0987654
138 140 0.028
138 184 0.00462963
138 185 0.127389
138 186 0.0378378
138 187 0.0201005
139 91 0.042735
139 138 0.0987654
139 140 0.0387931
139 186 0.497006
139 187 0.0497238
140 91 0.0776398
140 92 0.0176991
140 93 0.343478
140 138 0.028
140 139 0.0387931
140 186 0.0509804
140 187 0.29368
141 94 0.16
141 95 0.0151515
141 142 0.0511364
141 188 0.00591716
141 189 0.0479452
142 95 0.453488
142 96 0.00854701
142 141 0.0511364
142 189 0.169118
142 190 0.0231214
143 95 0.039823
143 96 0.326733
143 97 0.0404412
143 98 0.0155642
143 144 0.0769231
143 188 0.0152091
143 189 0.0125
143 190 0.0780142
143 191 0.0909091
143 192 0.0396476
144 96 0.0280374
144 97 0.0112994
144 143 0.0769231
144 190 0.130435
144 191 0.0680272
144 192 0.0606061
145 97 0.0153846
145 99 0.010989
145 146 0.00675676
145 147 0.216561
145 192 0.00666667
146 100 0.116822
146 102 0.050505
146 145 0.00675676
146 147 0.153846
146 148 0.119403
146 193 0.123223
146 194 0.0469799
146 195 0.38806
146 196 0.0240385
147 97 0.0820896
147 98 0.0197628
147 100 0.0269058
147 145 0.216561
147 146 0.153846
147 148 0.0809524
147 191 0.0378151
147 192 0.0941704
147 193 0.00454545
147 194 0.00632911
147 195 0.0047619
148 99 0.00851064
148 100 0.305419
148 101 0.029661
148 102 0.0641711
148 146 0.119403
148 147 0.0809524
148 149 0.0182648
148 193 0.03
148 194 0.0869565
148 195 0.215789
149 102 0.319444
149 103 0.138249
149 104 0.0416667
149 148 0.0182648
149 150 0.170616
149 151 0.0431034
149 194 0.00598802
149 195 0.0136986
149 196 0.10177
149 197 0.0795455
150 102 0.0223464
150 103 0.205556
150 105 0.0210526
150 149 0.170616
150 151 0.0923077
150 152 0.01875
150 196 0.021164
150 197 0.057554
150 198 0.0289855
151 103 0.363184
151 104 0.095
151 105 0.165877
151 106 0.0769231
151 149 0.0431034
151 150 0.0923077
151 152 0.110497
151 153 0.0540541
151 197 0.15625
151 198 0.0377358
152 103 0.060241
152 105 0.539773
152 106 0.017341
152 150 0.01875
152 151 0.110497
152 153 0.112299
152 198 0.0403226
153 105 0.354839
153 106 0.0700935
153 107 0.0169492
153 151 0.0540541
153 152 0.112299
153 154 0.133891
153 199 0.193103
153 200 0.133891
153 201 0.0539419
154 107 0.0323887
154 153 0.133891
154 156 0.257246
154 199 0.0641026
154 200 0.092
154 201 0.202381
154 202 0.00909091
155 108 0.0172414
155 156 0.150538
155 201 0.0185185
155 202 0.123077
155 203 0.00578035
155 204 0.072
156 107 0.0952381
156 108 0.112069
156 109 0.0562771
156 154 0.257246
156 155 0.150538
156 157 0.00687285
156 199 0.0384615
156 200 0.00362319
156 201 0.0719424
156 202 0.0528455
156 204 0.165975
157 109 0.0772727
157 110 0.00930233
157 112 0.023166
157 156 0.00687285
157 158 0.00340136
157 159 0.00448431
157 202 0.012766
157 203 0.366906
157 204 0.26087
157 205 0.0398406
158 111 0.153061
158 112 0.399267
158 113 0.0323625
158 157 0.00340136
158 159 0.092827
158 160 0.269076
158 203 0.0136986
158 205 0.0226415
158 206 0.0364963
158 207 0.00803213
159 111 0.104
159 112 0.0148515
159 113 0.0462185
159 157 0.00448431
159 158 0.092827
159 160 0.196629
159 203 0.0497738
159 205 0.0670103
159 206 0.187192
159 207 0.0280899
159 208 0.00851064
160 111 0.0729927
160 112 0.0747664
160 113 0.06
160 158 0.269076
160 159 0.196629
160 161 0.0440252
160 205 0.116505
160 206 0.172093
160 207 0.110526
160 208 0.101215
161 113 0.178082
161 114 0.0708661
161 116 0.00473934
161 160 0.0440252
161 162 0.119048
161 207 0.0566038
161 208 0.203704
161 209 0.0978261
162 113 0.0299003
162 114 0.186603
162 115 0.0318471
162 116 0.0648464
162 161 0.119048
162 163 0.251232
162 164 0.0659341
162 207 0.00414938
162 208 0.0402685
162 209 0.0172414
162 211 0.0679245
163 114 0.0416667
163 115 0.0147059
163 116 0.0196078
163 117 0.0434783
163 162 0.251232
163 164 0.0967742
163 165 0.0672269
163 210 0.0697674
163 211 0.0170455
163 212 0.027972
164 162 0.0659341
164 163 0.0967742
164 165 0.0138249
164 210 0.2
164 211 0.0193548
164 212 0.00819672
165 117 0.340351
165 118 0.0148515
165 119 0.0263158
165 163 0.0672269
165 164 0.0138249
165 166 0.0226244
165 210 0.0047619
165 211 0.11
165 212 0.355805
166 118 0.0819672
166 119 0.103448
166 165 0.0226244
166 167 0.0170213
166 211 0.00628931
166 212 0.031746
166 213 0.220588
166 214 0.106383
167 119 0.0454545
167 120 0.24507
167 121 0.113475
167 166 0.0170213
167 169 0.0686695
167 214 0.548105
167 216 0.00840336
168 121 0.00900901
168 169 0.451613
168 215 0.209302
168 216 0.0322581
169 120 0.0151515
169 121 0.064
169 123 0.039548
169 167 0.0686695
169 168 0.451613
169 214 0.00537634
169 215 0.0175439
169 216 0.06
170 171 0.368421
170 218 0.0837696
171 124 0.0325203
171 125 0.00534759
171 170 0.368421
171 218 0.0466321
172 124 0.0421053
172 125 0.0866142
172 173 0.214286
172 174 0.0765306
172 218 0.00769231
172 219 0.375862
172 221 0.0316742
173 124 0.0176991
173 125 0.275862
173 172 0.214286
173 174 0.271552
173 219 0.184049
173 221 0.0311284
174 125 0.0362319
174 126 0.113636
174 127 0.0171429
174 172 0.0765306
174 173 0.271552
174 175 0.163842
174 219 0.0352564
174 220 0.0151515
174 221 0.0823045
174 222 0.0075188
175 126 0.043956
175 127 0.0597015
175 130 0.0418605
175 174 0.163842
175 176 0.0208333
175 177 0.0588235
175 221 0.118812
175 222 0.0652174
176 128 0.0104167
176 129 0.0105263
176 130 0.489028
176 131 0.0298507
176 175 0.0208333
176 177 0.445255
176 178 0.0405405
176 221 0.00980392
176 222 0.137755
176 223 0.0761905
177 130 0.273092
177 175 0.0588235
177 176 0.445255
177 178 0.00884956
177 221 0.059322
177 222 0.119048
177 223 0.00714286
178 129 0.0140845
178 130 0.0147601
178 131 0.0261438
178 132 0.216346
178 133 0.0629371
178 176 0.0405405
178 177 0.00884956
178 179 0.025
178 180 0.0200669
178 223 0.0617284
178 224 0.0509554
178 225 0.115385
178 226 0.0510204
178 227 0.0288809
179 132 0.06875
179 133 0.466387
179 178 0.025
179 180 0.159363
179 226 0.027027
180 132 0.034749
180 133 0.195846
180 134 0.0333333
180 135 0.10453
180 178 0.0200669
180 179 0.159363
180 181 0.00492611
180 182 0.0141844
180 226 0.157895
180 227 0.158537
180 228 0.148265
180 229 0.0109489
181 134 0.174603
181 180 0.00492611
181 182 0.0222222
181 228 0.141176
182 134 0.0422535
182 135 0.310502
182 136 0.0329218
182 180 0.0141844
182 181 0.0222222
182 183 0.188285
182 184 0.0429185
182 228 0.116466
182 229 0.00970874
182 230 0.133333
183 135 0.0245902
183 136 0.126866
183 137 0.0178571
183 182 0.188285
183 184 0.333333
183 185 0.0100503
183 229 0.00865801
183 230 0.153571
183 231 0.0842105
184 136 0.103053
184 137 0.206422
184 138 0.00462963
184 182 0.0429185
184 183 0.333333
184 185 0.186529
184 230 0.0218978
184 231 0.266304
184 233 0.0148699
185 137 0.0125786
185 138 0.127389
185 183 0.0100503
185 184 0.186529
185 186 0.0123457
185 231 0.12
185 232 0.0351759
185 233 0.295238
186 138 0.0378378
186 139 0.497006
186 140 0.0509804
186 185 0.0123457
186 187 0.171569
186 232 0.0660793
186 233 0.281513
186 234 0.0699589
187 138 0.0201005
187 139 0.0497238
187 140 0.29368
187 186 0.171569
187 233 0.031746
187 234 0.206226
188 141 0.00591716
188 143 0.0152091
188 189 0.226415
188 235 0.0350877
188 236 0.327189
188 237 0.0351759
189 141 0.0479452
189 142 0.169118
189 143 0.0125
189 188 0.226415
189 190 0.00699301
189 235 0.027027
189 237 0.0284091
190 142 0.0231214
190 143 0.0780142
190 144 0.130435
190 189 0.00699301
190 191 0.0206897
190 237 0.116883
191 143 0.0909091
191 144 0.0680272
191 147 0.0378151
191 190 0.0206897
191 192 0.246753
191 237 0.0842697
191 238 0.265233
191 240 0.00456621
192 143 0.0396476
192 144 0.0606061
192 145 0.00666667
192 147 0.0941704
192 191 0.246753
192 237 0.0368098
192 238 0.159091
192 239 0.0533333
192 240 0.0686275
193 146 0.123223
193 147 0.00454545
193 148 0.03
193 194 0.189189
193 195 0.125
193 240 0.139303
193 241 0.259259
194 146 0.0469799
194 147 0.00632911
194 148 0.0869565
194 149 0.00598802
194 193 0.189189
194 195 0.0797101
194 196 0.0275862
194 240 0.0143885
194 241 0.181818
195 146 0.38806
195 147 0.0047619
195 148 0.215789
195 149 0.0136986
195 193 0.125
195 194 0.0797101
195 196 0.116751
195 241 0.0291262
195 242 0.00947867
196 146 0.0240385
196 149 0.10177
196 150 0.021164
196 194 0.0275862
196 195 0.116751
196 241 0.0610329
196 242 0.490826
196 243 0.0824742
196 244 0.122581
196 245 0.0546218
197 149 0.0795455
197 150 0.057554
197 151 0.15625
197 198 0.0291262
197 242 0.00595238
197 245 0.00531915
198 150 0.0289855
198 151 0.0377358
198 152 0.0403226
198 197 0.0291262
198 243 0.013986
198 244 0.125
198 245 0.187166
198 246 0.0810811
199 153 0.193103
199 154 0.0641026
199 156 0.0384615
199 200 0.0384615
199 201 0.0506329
199 247 0.057377
200 153 0.133891
200 154 0.092
200 156 0.00362319
200 199 0.0384615
200 201 0.222222
200 246 0.247748
200 247 0.277778
201 153 0.0539419
201 154 0.202381
201 155 0.0185185
201 156 0.0719424
201 199 0.0506329
201 200 0.222222
201 202 0.121622
201 247 0.0688073
201 248 0.0783133
201 249 0.168142
202 154 0.00909091
202 155 0.123077
202 156 0.0528455
202 157 0.012766
202 201 0.121622
202 203 0.0171674
202 204 0.318919
202 248 0.261194
202 249 0.231959
202 250 0.0143885
202 251 0.0190476
203 155 0.00578035
203 157 0.366906
203 158 0.0136986
203 159 0.0497738
203 202 0.0171674
203 204 0.135965
203 205 0.128514
203 206 0.0155039
203 251 0.102767
203 253 0.00738007
204 155 0.072
204 156 0.165975
204 157 0.26087
204 202 0.318919
204 203 0.135965
204 248 0.0542636
204 249 0.0952381
204 251 0.00487805
205 157 0.0398406
205 158 0.0226415
205 159 0.0670103
205 160 0.116505
205 203 0.128514
205 206 0.437229
205 251 0.0752212
205 252 0.069869
205 253 0.114754
205 254 0.00809717
206 158 0.0364963
206 159 0.187192
206 160 0.172093
206 203 0.0155039
206 205 0.437229
206 207 0.0372093
206 208 0.0294118
206 251 0.00851064
206 252 0.0546218
206 253 0.181818
206 254 0.015625
206 255 0.0143885
207 158 0.00803213
207 159 0.0280899
207 160 0.110526
207 161 0.0566038
207 162 0.00414938
207 206 0.0372093
207 208 0.530364
207 209 0.00813008
207 254 0.017316
207 256 0.106952
207 257 0.004329
208 159 0.00851064
208 160 0.101215
208 161 0.203704
208 162 0.0402685
208 206 0.0294118
208 207 0.530364
208 209 0.138889
208 253 0.0105263
208 254 0.0555556
208 255 0.00584795
208 256 0.0819672
208 257 0.0555556
209 161 0.0978261
209 162 0.0172414
209 207 0.00813008
209 208 0.138889
209 254 0.0121951
209 256 0.0583333
209 257 0.0853659
210 163 0.0697674
210 164 0.2
210 165 0.0047619
210 211 0.0945946
210 212 0.026087
210 258 0.123077
211 162 0.0679245
211 163 0.0170455
211 164 0.0193548
211 165 0.11
211 166 0.00628931
211 210 0.0945946
211 212 0.24878
211 257 0.0941176
211 258 0.0258065
211 259 0.00617284
212 163 0.027972
212 164 0.00819672
212 165 0.355805
212 166 0.031746
212 210 0.026087
212 211 0.24878
212 213 0.00877193
212 260 0.0230769
213 166 0.220588
213 212 0.00877193
213 259 0.0704225
213 260 0.166667
213 261 0.00490196
214 166 0.106383
214 167 0.548105
214 169 0.00537634
214 216 0.0290323
214 260 0.015625
214 261 0.179012
214 262 0.105072
215 168 0.209302
215 169 0.0175439
215 216 0.0441989
215 262 0.0204082
215 263 0.37037
216 167 0.00840336
216 168 0.0322581
216 169 0.06
216 214 0.0290323
216 215 0.0441989
216 217 0.301587
216 218 0.122388
216 262 0.158621
216 263 0.035533
216 265 0.0113636
217 216 0.301587
217 218 0.180982
217 262 0.00711744
217 264 0.0277778
217 265 0.121569
217 266 0.0416667
218 170 0.0837696
218 171 0.0466321
218 172 0.00769231
218 216 0.122388
218 217 0.180982
218 219 0.0319149
218 265 0.0254545
218 266 0.0235849
219 172 0.375862
219 173 0.184049
219 174 0.0352564
219 218 0.0319149
219 221 0.0356083
219 265 0.0918033
219 266 0.0743802
220 174 0.0151515
220 221 0.0764331
220 267 0.5
220 268 0.00961538
221 172 0.0316742
221 173 0.0311284
221 174 0.0823045
221 175 0.118812
221 176 0.00980392
221 177 0.059322
221 219 0.0356083
221 220 0.0764331
221 222 0.0189873
221 267 0.0636943
221 268 0.24186
221 269 0.0692042
221 270 0.0229358
222 174 0.0075188
222 175 0.0652174
222 176 0.137755
222 177 0.119048
222 221 0.0189873
222 223 0.0322581
222 269 0.0837989
222 270 0.0740741
222 271 0.0120482
223 176 0.0761905
223 177 0.00714286
223 178 0.0617284
223 222 0.0322581
223 224 0.197183
223 225 0.0208333
223 269 0.0673575
223 270 0.0409836
223 271 0.116667
223 272 0.0867347
224 178 0.0509554
224 223 0.197183
224 225 0.0549451
224 271 0.04
224 272 0.0157068
225 178 0.115385
225 223 0.0208333
225 224 0.0549451
225 226 0.0461538
225 227 0.042654
225 271 0.01
225 272 0.180556
225 273 0.102703
226 178 0.0510204
226 179 0.027027
226 180 0.157895
226 225 0.0461538
226 227 0.266667
226 228 0.14486
226 273 0.145729
227 178 0.0288809
227 180 0.158537
227 225 0.042654
227 226 0.266667
227 228 0.345763
227 229 0.0119048
227 273 0.339286
227 274 0.0111732
228 180 0.148265
228 181 0.141176
228 182 0.116466
228 226 0.14486
228 227 0.345763
228 229 0.178423
228 230 0.0206897
228 273 0.0446097
228 274 0.0416667
228 275 0.00588235
229 180 0.0109489
229 182 0.00970874
229 183 0.00865801
229 227 0.0119048
229 228 0.178423
229 230 0.259109
229 274 0.032
229 276 0.132184
229 277 0.0574163
230 182 0.133333
230 183 0.153571
230 184 0.0218978
230 228 0.0206897
230 229 0.259109
230 231 0.00485437
230 274 0.0114943
230 276 0.0807175
230 277 0.375969
230 278 0.0885609
230 279 0.00387597
231 183 0.0842105
231 184 0.266304
231 185 0.12
231 230 0.00485437
231 233 0.0199005
231 277 0.00595238
231 278 0.0441989
232 185 0.0351759
232 186 0.0660793
232 233 0.276364
232 278 0.0705882
232 279 0.206612
232 280 0.268
233 184 0.0148699
233 185 0.295238
233 186 0.281513
233 187 0.031746
233 231 0.0199005
233 232 0.276364
233 278 0.018797
233 280 0.0306513
233 281 0.00420168
234 186 0.0699589
234 187 0.206226
234 280 0.109023
234 281 0.600823
235 188 0.0350877
235 189 0.027027
235 236 0.05
235 282 0.0588235
236 188 0.327189
236 235 0.05
236 282 0.0824742
236 283 0.105634
237 188 0.0351759
237 189 0.0284091
237 190 0.116883
237 191 0.0842697
237 192 0.0368098
237 238 0.00473934
237 284 0.169811
238 191 0.265233
238 192 0.159091
238 237 0.00473934
238 239 0.0454545
238 240 0.0198413
238 284 0.0692308
238 285 0.294326
238 286 0.199275
239 192 0.0533333
239 238 0.0454545
239 240 0.00724638
239 285 0.107143
240 191 0.00456621
240 192 0.0686275
240 193 0.139303
240 194 0.0143885
240 238 0.0198413
240 239 0.00724638
240 241 0.115942
240 285 0.0765766
240 287 0.106481
240 288 0.00769231
241 193 0.259259
241 194 0.181818
241 195 0.0291262
241 196 0.0610329
241 240 0.115942
241 242 0.0264317
241 287 0.168831
241 288 0.117241
241 289 0.171674
241 290 0.0930233
242 195 0.00947867
242 196 0.490826
242 197 0.00595238
242 241 0.0264317
242 243 0.3125
242 244 0.0887574
242 245 0.0238095
242 289 0.0672269
242 290 0.0282486
242 291 0.0153846
243 196 0.0824742
243 198 0.013986
243 242 0.3125
243 244 0.0689655
243 245 0.0657895
243 289 0.126168
243 290 0.0457516
243 291 0.0935673
243 292 0.0550459
244 196 0.122581
244 198 0.125
244 242 0.0887574
244 243 0.0689655
244 245 0.216931
244 246 0.0133333
244 289 0.00571429
244 290 0.0175439
244 291 0.0757576
244 292 0.027933
245 196 0.0546218
245 197 0.00531915
245 198 0.187166
245 242 0.0238095
245 243 0.0657895
245 244 0.216931
245 246 0.193133
245 247 0.00440529
245 292 0.0954198
245 293 0.00456621
246 198 0.0810811
246 200 0.247748
246 244 0.0133333
246 245 0.193133
246 247 0.170213
246 292 0.107623
246 293 0.0555556
246 294 0.0210084
247 199 0.057377
247 200 0.277778
247 201 0.0688073
247 245 0.00440529
247 246 0.170213
247 292 0.0184332
247 293 0.0172414
247 294 0.181034
248 201 0.0783133
248 202 0.261194
248 204 0.0542636
248 249 0.0652174
248 295 0.0454545
248 296 0.0128205
248 297 0.0991736
248 298 0.00813008
249 201 0.168142
249 202 0.231959
249 204 0.0952381
249 248 0.0652174
249 250 0.034965
249 295 0.177966
249 296 0.115741
249 297 0.138122
249 298 0.0491803
250 202 0.0143885
250 249 0.034965
250 251 0.194969
250 297 0.0634921
250 298 0.0703125
250 299 0.0612245
251 202 0.0190476
251 203 0.102767
251 204 0.00487805
251 205 0.0752212
251 206 0.00851064
251 250 0.194969
251 252 0.145923
251 297 0.0203046
251 298 0.467337
251 299 0.035503
252 205 0.069869
252 206 0.0546218
252 251 0.145923
252 253 0.262948
252 298 0.0643564
252 299 0.122093
252 300 0.0650888
252 301 0.0314136
253 203 0.00738007
253 205 0.114754
253 206 0.181818
253 208 0.0105263
253 252 0.262948
253 254 0.104089
253 255 0.00657895
253 299 0.0106952
253 300 0.326087
253 301 0.0291262
254 205 0.00809717
254 206 0.015625
254 207 0.017316
254 208 0.0555556
254 209 0.0121951
254 253 0.104089
254 255 0.116129
254 256 0.320175
254 300 0.0320856
254 301 0.258373
254 302 0.04
254 303 0.212625
255 206 0.0143885
255 208 0.00584795
255 253 0.00657895
255 254 0.116129
255 256 0.036036
256 207 0.106952
256 208 0.0819672
256 209 0.0583333
256 254 0.320175
256 255 0.036036
256 257 0.241228
256 301 0.0242424
256 302 0.0576923
256 303 0.124514
256 304 0.00888889
257 207 0.004329
257 208 0.0555556
257 209 0.0853659
257 211 0.0941176
257 256 0.241228
257 258 0.0639535
257 302 0.075
257 303 0.0232558
257 304 0.0929368
258 210 0.123077
258 211 0.0258065
258 257 0.0639535
258 303 0.00497512
258 304 0.0414201
258 305 0.0328638
258 306 0.00921659
259 211 0.00617284
259 213 0.0704225
259 260 0.045977
259 261 0.0958904
259 305 0.05
259 306 0.0625
259 307 0.12
259 308 0.0326087
260 212 0.0230769
260 213 0.166667
260 214 0.015625
260 259 0.045977
260 261 0.309091
260 262 0.0290698
260 263 0.0253165
260 305 0.0588235
260 306 0.00444444
260 307 0.0657895
260 308 0.00540541
261 213 0.00490196
261 214 0.179012
261 259 0.0958904
261 260 0.309091
261 262 0.338816
261 263 0.00473934
261 307 0.00480769
261 308 0.107256
261 310 0.00393701
262 214 0.105072
262 215 0.0204082
262 216 0.158621
262 217 0.00711744
262 260 0.0290698
262 261 0.338816
262 263 0.0736196
262 308 0.0594796
262 310 0.11165
262 311 0.093985
263 215 0.37037
263 216 0.035533
263 260 0.0253165
263 261 0.00473934
263 262 0.0736196
263 308 0.00568182
263 309 0.209677
263 310 0.141593
263 311 0.0231214
264 217 0.0277778
264 265 0.0465116
264 266 0.30303
264 313 0.0229885
265 216 0.0113636
265 217 0.121569
265 218 0.0254545
265 219 0.0918033
265 264 0.0465116
265 266 0.0921986
265 311 0.120833
265 312 0.134228
265 313 0.168675
265 314 0.00408163
266 217 0.0416667
266 218 0.0235849
266 219 0.0743802
266 264 0.30303
266 265 0.0921986
266 311 0.0169492
266 312 0.0348837
266 313 0.0537634
266 314 0.0494506
267 220 0.5
267 221 0.0636943
267 268 0.0865385
267 269 0.011236
267 270 0.00934579
267 314 0.0361446
267 315 0.0350877
268 220 0.00961538
268 221 0.24186
268 267 0.0865385
268 269 0.148305
268 270 0.121212
268 314 0.0803571
268 315 0.0173913
268 316 0.0397351
268 317 0.0483271
269 221 0.0692042
269 222 0.0837989
269 223 0.0673575
269 267 0.011236
269 268 0.148305
269 270 0.405858
269 271 0.20202
269 272 0.00319489
269 316 0.00888889
269 317 0.0758018
270 221 0.0229358
270 222 0.0740741
270 223 0.0409836
270 267 0.00934579
270 268 0.121212
270 269 0.405858
270 271 0.163717
270 272 0.00413223
270 316 0.038961
270 317 0.106618
271 222 0.0120482
271 223 0.116667
271 224 0.04
271 225 0.01
271 269 0.20202
271 270 0.163717
271 272 0.31
271 317 0.0606061
271 318 0.0769231
271 319 0.1417
272 223 0.0867347
272 224 0.0157068
272 225 0.180556
272 269 0.00319489
272 270 0.00413223
272 271 0.31
272 273 0.175439
272 318 0.0162162
272 319 0.353612
273 225 0.102703
273 226 0.145729
273 227 0.339286
273 228 0.0446097
273 272 0.175439
273 319 0.0905172
273 320 0.113095
273 321 0.195046
273 322 0.0154639
274 227 0.0111732
274 228 0.0416667
274 229 0.032
274 230 0.0114943
274 275 0.351852
274 320 0.0746269
274 321 0.018018
274 322 0.16129
274 323 0.0487805
275 228 0.00588235
275 274 0.351852
275 322 0.0526316
276 229 0.132184
276 230 0.0807175
276 277 0.0486486
276 322 0.0140845
276 323 0.314554
276 324 0.0805687
277 229 0.0574163
277 230 0.375969
277 231 0.00595238
277 276 0.0486486
277 278 0.364807
277 279 0.0909091
277 323 0.0604839
277 324 0.00813008
277 325 0.107784
278 230 0.0885609
278 231 0.0441989
278 232 0.0705882
278 233 0.018797
278 277 0.364807
278 279 0.188841
278 323 0.00766284
278 325 0.466667
279 230 0.00387597
279 232 0.206612
279 277 0.0909091
279 278 0.188841
279 280 0.0482456
279 324 0.0528455
279 325 0.0778443
279 326 0.14717
279 327 0.0125
280 232 0.268
280 233 0.0306513
280 234 0.109023
280 279 0.0482456
280 281 0.0328638
280 326 0.186813
280 327 0.0595238
280 328 0.109705
281 233 0.00420168
281 234 0.600823
281 280 0.0328638
281 328 0.172897
282 235 0.0588235
282 236 0.0824742
282 330 0.141176
283 236 0.105634
283 284 0.0462428
283 329 0.387387
283 330 0.0615385
283 331 0.0614525
284 237 0.169811
284 238 0.0692308
284 283 0.0462428
284 285 0.0173913
284 286 0.151786
284 329 0.0155642
284 331 0.182243
284 332 0.0222222
285 238 0.294326
285 239 0.107143
285 240 0.0765766
285 284 0.0173913
285 286 0.174797
285 287 0.00813008
285 331 0.029661
285 333 0.0745342
285 334 0.0829493
286 238 0.199275
286 284 0.151786
286 285 0.174797
286 331 0.234783
286 332 0.18543
286 334 0.00947867
287 240 0.106481
287 241 0.168831
287 285 0.00813008
287 288 0.116883
287 289 0.0330578
287 334 0.137441
287 335 0.213904
287 336 0.0539216
288 240 0.00769231
288 241 0.117241
288 287 0.116883
288 289 0.025641
288 290 0.0315789
288 335 0.168317
289 241 0.171674
289 242 0.0672269
289 243 0.126168
289 244 0.00571429
289 287 0.0330578
289 288 0.025641
289 290 0.278689
289 291 0.0646766
289 335 0.026455
289 336 0.145631
289 337 0.343478
289 338 0.0163934
290 241 0.0930233
290 242 0.0282486
290 243 0.0457516
290 244 0.0175439
290 288 0.0315789
290 289 0.278689
290 291 0.214286
290 335 0.0546875
290 336 0.0413793
290 337 0.0828402
290 338 0.0382514
291 242 0.0153846
291 243 0.0935673
291 244 0.0757576
291 289 0.0646766
291 290 0.214286
291 292 0.0731707
291 337 0.187166
291 338 0.179104
291 339 0.133333
291 340 0.0436893
292 243 0.0550459
292 244 0.027933
292 245 0.0954198
292 246 0.107623
292 247 0.0184332
292 291 0.0731707
292 293 0.167464
292 294 0.00374532
292 338 0.0322581
292 339 0.0494506
292 340 0.458498
293 245 0.00456621
293 246 0.0555556
293 247 0.0172414
293 292 0.167464
293 294 0.321429
293 339 0.00719424
293 340 0.0857143
293 341 0.0326797
293 342 0.0847458
294 246 0.0210084
294 247 0.181034
294 292 0.00374532
294 293 0.321429
294 295 0.0539568
294 296 0.0697674
294 340 0.152985
294 341 0.118483
294 342 0.142857
295 248 0.0454545
295 249 0.177966
295 294 0.0539568
295 296 0.456693
295 297 0.187215
295 341 0.149758
295 342 0.0758621
295 344 0.0175439
296 248 0.0128205
296 249 0.115741
296 294 0.0697674
296 295 0.456693
296 297 0.120603
296 341 0.0481283
296 342 0.133333
296 343 0.00621118
296 344 0.0331126
296 345 0.00552486
297 248 0.0991736
297 249 0.138122
297 250 0.0634921
297 251 0.0203046
297 295 0.187215
297 296 0.120603
297 298 0.0542169
297 344 0.0172414
298 248 0.00813008
298 249 0.0491803
298 250 0.0703125
298 251 0.467337
298 252 0.0643564
298 297 0.0542169
298 299 0.00724638
299 250 0.0612245
299 251 0.035503
299 252 0.122093
299 253 0.0106952
299 298 0.00724638
299 300 0.00952381
299 343 0.0102041
299 345 0.0677966
299 346 0.016129
299 347 0.158333
300 252 0.0650888
300 253 0.326087
300 254 0.0320856
300 299 0.00952381
300 301 0.0322581
301 252 0.0314136
301 253 0.0291262
301 254 0.258373
301 256 0.0242424
301 300 0.0322581
301 303 0.0294118
301 348 0.0334928
302 254 0.04
302 256 0.0576923
302 257 0.075
302 303 0.323144
302 304 0.192893
302 348 0.01
302 349 0.139535
302 350 0.00473934
303 254 0.212625
303 256 0.124514
303 257 0.0232558
303 258 0.00497512
303 301 0.0294118
303 302 0.323144
303 304 0.255034
303 348 0.109635
303 350 0.0544872
304 256 0.00888889
304 257 0.0929368
304 258 0.0414201
304 302 0.192893
304 303 0.255034
304 305 0.00322581
304 306 0.00318471
304 348 0.00371747
304 350 0.0964286
304 351 0.139665
304 352 0.119318
305 258 0.0328638
305 259 0.05
305 260 0.0588235
305 304 0.00322581
305 306 0.349162
305 307 0.0382775
305 351 0.0269058
305 352 0.00909091
306 258 0.00921659
306 259 0.0625
306 260 0.00444444
306 304 0.00318471
306 305 0.349162
306 307 0.028169
306 351 0.0792952
306 352 0.0446429
306 353 0.272727
306 355 0.0456621
307 259 0.12
307 260 0.0657895
307 261 0.00480769
307 305 0.0382775
307 306 0.028169
307 308 0.0289017
307 355 0.0142857
308 259 0.0326087
308 260 0.00540541
308 261 0.107256
308 262 0.0594796
308 263 0.00568182
308 307 0.0289017
308 310 0.0456621
308 354 0.0670391
308 355 0.0111732
308 356 0.546326
308 357 0.0655738
309 263 0.209677
309 310 0.047619
309 357 0.0575916
310 261 0.00393701
310 262 0.11165
310 263 0.141593
310 308 0.0456621
310 309 0.047619
310 311 0.24537
310 356 0.004
310 357 0.206612
310 358 0.0184502
311 262 0.093985
311 263 0.0231214
311 265 0.120833
311 266 0.0169492
311 310 0.24537
311 357 0.0562914
311 358 0.138973
312 265 0.134228
312 266 0.0348837
312 313 0.206186
312 314 0.00526316
312 358 0.00833333
312 359 0.0857143
312 360 0.0867052
312 361 0.0166667
313 264 0.0229885
313 265 0.168675
313 266 0.0537634
313 312 0.206186
313 314 0.27931
313 359 0.00588235
313 360 0.161172
313 361 0.155882
314 265 0.00408163
314 266 0.0494506
314 267 0.0361446
