0 1 0.241379
0 2 0.0149254
0 31 0.357143
0 32 0.117241
1 0 0.241379
1 32 0.186992
2 0 0.0149254
2 3 0.247863
2 32 0.234043
2 33 0.0964912
2 34 0.00719424
2 63 0.011976
3 2 0.247863
3 4 0.0909091
3 5 0.117647
3 33 0.00990099
3 34 0.015873
3 36 0.00840336
4 3 0.0909091
4 5 0.0434783
5 3 0.117647
5 4 0.0434783
5 6 0.0571429
5 34 0.0780142
5 36 0.201493
5 64 0.0225564
6 5 0.0571429
6 7 0.0956522
6 36 0.0571429
6 37 0.0107527
6 38 0.105263
7 6 0.0956522
7 37 0.151515
7 38 0.134328
7 39 0.0307692
7 67 0.0666667
7 68 0.00740741
8 9 0.101124
8 38 0.106796
8 39 0.141414
9 8 0.101124
9 10 0.117021
9 39 0.0416667
9 40 0.0722892
10 9 0.117021
10 11 0.181818
10 40 0.153846
10 42 0.00961538
11 10 0.181818
11 12 0.113208
11 42 0.0569106
11 43 0.12782
12 11 0.113208
12 13 0.0735294
12 43 0.10101
12 44 0.173333
13 12 0.0735294
13 14 0.190476
13 44 0.15493
13 75 0.0724638
13 76 0.0675676
14 13 0.190476
14 15 0.0212766
14 45 0.173333
14 46 0.0405405
14 76 0.109589
15 14 0.0212766
15 16 0.116071
15 46 0.150943
15 47 0.0367647
15 77 0.141892
16 15 0.116071
16 18 0.0794702
16 47 0.106557
16 78 0.219048
17 18 0.264516
17 48 0.191304
18 16 0.0794702
18 17 0.264516
18 19 0.0473373
18 47 0.0228571
18 48 0.0853659
18 49 0.0223464
18 50 0.244792
18 51 0.00529101
19 18 0.0473373
19 20 0.158416
19 50 0.10828
19 51 0.272727
19 82 0.039604
20 19 0.158416
20 21 0.263889
20 82 0.132353
21 20 0.263889
21 22 0.169231
21 52 0.00917431
21 82 0.0416667
21 83 0.0625
22 21 0.169231
22 23 0.167742
22 52 0.478528
22 53 0.00746269
22 83 0.0666667
23 22 0.167742
23 24 0.175182
23 25 0.0431034
23 52 0.0149254
23 53 0.0857143
24 23 0.175182
24 25 0.0787402
24 53 0.0775862
24 54 0.0316456
24 55 0.125926
24 86 0.109677
25 23 0.0431034
25 24 0.0787402
25 26 0.0241935
25 55 0.0877193
25 56 0.008
25 57 0.230263
26 25 0.0241935
26 27 0.352601
26 28 0.00581395
26 56 0.181818
26 57 0.0705882
26 58 0.0328947
26 89 0.0164835
27 26 0.352601
27 28 0.147783
27 29 0.0163043
27 56 0.0344828
27 57 0.0149254
27 58 0.311475
27 88 0.02
27 89 0.0610329
27 90 0.0151515
28 26 0.00581395
28 27 0.147783
28 29 0.377049
28 30 0.0452261
28 58 0.010989
28 59 0.012931
28 60 0.168367
28 61 0.0102564
28 89 0.0330189
28 90 0.137056
29 27 0.0163043
29 28 0.377049
29 30 0.127778
29 59 0.0140845
29 60 0.118644
29 90 0.011236
29 91 0.0421053
30 28 0.0452261
30 29 0.127778
30 59 0.0131004
30 60 0.0103627
30 61 0.1875
30 91 0.364078
31 0 0.357143
31 32 0.0340136
31 62 0.0657895
31 63 0.0231214
32 0 0.117241
32 1 0.186992
32 2 0.234043
32 31 0.0340136
32 63 0.0786517
33 2 0.0964912
33 3 0.00990099
33 34 0.0487805
33 63 0.165563
33 64 0.0782609
33 94 0.027027
33 95 0.0215054
34 2 0.00719424
34 3 0.015873
34 5 0.0780142
34 33 0.0487805
34 35 0.0597015
34 36 0.035461
34 64 0.292857
34 66 0.03125
35 34 0.0597015
35 36 0.165354
35 37 0.217391
35 66 0.131579
36 3 0.00840336
36 5 0.201493
36 6 0.0571429
36 34 0.035461
36 35 0.165354
36 37 0.0491803
36 66 0.00826446
36 67 0.0181818
37 6 0.0107527
37 7 0.151515
37 35 0.217391
37 36 0.0491803
37 67 0.0102041
38 6 0.105263
38 7 0.134328
38 8 0.106796
38 39 0.0818182
39 7 0.0307692
39 8 0.141414
39 9 0.0416667
39 38 0.0818182
39 40 0.129032
39 41 0.0333333
39 68 0.045045
39 70 0.0992366
40 9 0.0722892
40 10 0.153846
40 39 0.129032
40 41 0.025974
40 42 0.0430108
41 39 0.0333333
41 40 0.025974
41 42 0.0666667
41 70 0.0782609
41 72 0.1
41 73 0.00900901
42 10 0.00961538
42 11 0.0569106
42 40 0.0430108
42 41 0.0666667
42 43 0.172414
42 73 0.110236
42 104 0.0736196
43 11 0.12782
43 12 0.10101
43 42 0.172414
43 44 0.0882353
43 104 0.017341
43 105 0.0737705
44 12 0.173333
44 13 0.15493
44 43 0.0882353
44 74 0.0243902
44 75 0.131579
44 105 0.0306122
45 14 0.173333
45 46 0.241379
45 76 0.0697674
45 77 0.0232558
45 107 0.0595238
46 14 0.0405405
46 15 0.150943
46 45 0.241379
46 77 0.109375
47 15 0.0367647
47 16 0.106557
47 18 0.0228571
47 49 0.113333
47 77 0.107595
47 78 0.294574
47 79 0.09
47 108 0.045977
48 17 0.191304
48 18 0.0853659
48 49 0.165468
48 50 0.0460526
48 80 0.178862
48 110 0.00704225
49 18 0.0223464
49 47 0.113333
49 48 0.165468
49 50 0.0359281
49 79 0.173077
49 80 0.123188
49 81 0.0595238
49 110 0.0764331
49 111 0.0621118
50 18 0.244792
50 19 0.10828
50 48 0.0460526
50 49 0.0359281
50 51 0.288136
50 81 0.0883978
51 18 0.00529101
51 19 0.272727
51 50 0.288136
51 81 0.134831
51 82 0.0826446
52 21 0.00917431
52 22 0.478528
52 23 0.0149254
52 83 0.0155039
53 22 0.00746269
53 23 0.0857143
53 24 0.0775862
53 54 0.047619
53 83 0.05
53 84 0.127907
53 114 0.0780142
54 24 0.0316456
54 53 0.047619
54 84 0.0703125
54 85 0.118881
54 86 0.345455
54 117 0.00609756
55 24 0.125926
55 25 0.0877193
55 57 0.04375
55 86 0.204225
55 87 0.0927152
55 116 0.0333333
55 118 0.0137931
56 25 0.008
56 26 0.181818
56 27 0.0344828
56 57 0.134503
56 58 0.222222
56 87 0.0185185
56 88 0.211765
56 89 0.0710383
56 90 0.0238095
56 118 0.025641
57 25 0.230263
57 26 0.0705882
57 27 0.0149254
57 55 0.04375
57 56 0.134503
57 58 0.0777778
57 87 0.047619
57 88 0.101523
58 26 0.0328947
58 27 0.311475
58 28 0.010989
58 56 0.222222
58 57 0.0777778
58 60 0.00568182
58 88 0.206704
58 89 0.203125
58 90 0.0282486
59 28 0.012931
59 29 0.0140845
59 30 0.0131004
59 60 0.389381
59 61 0.124444
59 90 0.101322
59 91 0.196653
59 92 0.00526316
59 121 0.0219298
59 122 0.195652
59 123 0.121739
60 28 0.168367
60 29 0.118644
60 30 0.0103627
60 58 0.00568182
60 59 0.389381
60 61 0.0634921
60 89 0.0339806
60 90 0.21466
60 91 0.0197044
60 92 0.00649351
60 121 0.00520833
60 122 0.0824742
60 123 0.0309278
61 28 0.0102564
61 30 0.1875
61 59 0.124444
61 60 0.0634921
61 91 0.29703
61 92 0.111111
61 123 0.0777202
62 31 0.0657895
62 63 0.26776
62 93 0.179104
62 94 0.0645161
63 2 0.011976
63 31 0.0231214
63 32 0.0786517
63 33 0.165563
63 62 0.26776
63 94 0.0588235
64 5 0.0225564
64 33 0.0782609
64 34 0.292857
64 65 0.105263
64 66 0.05
64 95 0.0545455
65 64 0.105263
65 66 0.115702
65 95 0.027027
65 96 0.245902
65 97 0.176
65 126 0.0275229
66 34 0.03125
66 35 0.131579
66 36 0.00826446
66 64 0.05
66 65 0.115702
66 67 0.206186
66 97 0.0267857
67 7 0.0666667
67 36 0.0181818
67 37 0.0102041
67 66 0.206186
67 68 0.019802
67 97 0.118812
67 98 0.109091
68 7 0.00740741
68 39 0.045045
68 67 0.019802
68 69 0.0537634
68 70 0.0808824
68 98 0.136
68 100 0.115789
69 68 0.0537634
69 70 0.230089
70 39 0.0992366
70 41 0.0782609
70 68 0.0808824
70 69 0.230089
70 71 0.105263
70 72 0.0584795
70 100 0.00869565
70 102 0.0743802
71 70 0.105263
71 72 0.24031
72 41 0.1
72 70 0.0584795
72 71 0.24031
72 73 0.149701
72 102 0.176471
73 41 0.00900901
73 42 0.110236
73 72 0.149701
73 102 0.00854701
73 103 0.00636943
73 104 0.255435
73 105 0.0075188
74 44 0.0243902
74 75 0.1875
74 105 0.0882353
74 106 0.0125
74 136 0.146067
74 137 0.160494
75 13 0.0724638
75 44 0.131579
75 74 0.1875
75 76 0.177215
75 106 0.0810811
76 13 0.0675676
76 14 0.109589
76 45 0.0697674
76 75 0.177215
76 106 0.0253165
76 107 0.097561
76 138 0.037037
77 15 0.141892
77 45 0.0232558
77 46 0.109375
77 47 0.107595
77 107 0.048
77 108 0.193548
78 16 0.219048
78 47 0.294574
78 109 0.123894
78 141 0.0606061
79 47 0.09
79 49 0.173077
79 110 0.102804
79 141 0.165049
80 48 0.178862
80 49 0.123188
80 110 0.340426
80 111 0.0344828
81 49 0.0595238
81 50 0.0883978
81 51 0.134831
81 82 0.008
81 110 0.0175439
81 111 0.194286
81 112 0.110429
81 113 0.125926
82 19 0.039604
82 20 0.132353
82 21 0.0416667
82 51 0.0826446
82 81 0.008
82 83 0.0326087
82 113 0.141026
82 114 0.0902256
83 21 0.0625
83 22 0.0666667
83 52 0.0155039
83 53 0.05
83 82 0.0326087
83 114 0.248408
84 53 0.127907
84 54 0.0703125
84 85 0.0194175
84 114 0.0769231
84 115 0.118812
84 116 0.0075188
84 146 0.0347826
85 54 0.118881
85 84 0.0194175
85 86 0.0214286
85 115 0.103448
85 117 0.244604
86 24 0.109677
86 54 0.345455
86 55 0.204225
86 85 0.0214286
86 116 0.0352941
86 117 0.0496894
87 55 0.0927152
87 56 0.0185185
87 57 0.047619
87 88 0.0744681
87 116 0.0111732
87 118 0.258621
87 119 0.0047619
87 148 0.311688
88 27 0.02
88 56 0.211765
88 57 0.101523
88 58 0.206704
88 87 0.0744681
88 89 0.0717703
88 90 0.00515464
88 118 0.17033
88 119 0.0688073
88 120 0.027907
89 26 0.0164835
89 27 0.0610329
89 28 0.0330189
89 56 0.0710383
89 58 0.203125
89 60 0.0339806
89 88 0.0717703
89 90 0.425121
89 119 0.047619
89 120 0.127193
89 121 0.100962
89 122 0.0428571
89 153 0.00518135
90 27 0.0151515
90 28 0.137056
90 29 0.011236
90 56 0.0238095
90 58 0.0282486
90 59 0.101322
90 60 0.21466
90 88 0.00515464
90 89 0.425121
90 120 0.00469484
90 121 0.0777202
90 122 0.0871795
91 29 0.0421053
91 30 0.364078
91 59 0.196653
91 60 0.0197044
91 61 0.29703
91 92 0.011976
92 59 0.00526316
92 60 0.00649351
92 61 0.111111
92 91 0.011976
92 122 0.0632911
92 123 0.278481
92 153 0.035461
92 154 0.103226
93 62 0.179104
93 94 0.190476
93 124 0.113636
94 33 0.027027
94 62 0.0645161
94 63 0.0588235
94 93 0.190476
94 95 0.0277778
94 124 0.218605
94 125 0.251101
95 33 0.0215054
95 64 0.0545455
95 65 0.027027
95 94 0.0277778
95 125 0.103704
95 126 0.139535
95 156 0.0555556
96 65 0.245902
96 97 0.0973451
96 98 0.0163934
96 126 0.123711
96 128 0.144068
97 65 0.176
97 66 0.0267857
97 67 0.118812
97 96 0.0973451
97 98 0.16
97 99 0.0217391
97 128 0.0247934
97 129 0.0434783
97 130 0.00833333
98 67 0.109091
98 68 0.136
98 96 0.0163934
98 97 0.16
98 99 0.00990099
98 100 0.00961538
98 128 0.0769231
99 97 0.0217391
99 98 0.00990099
99 100 0.028169
99 101 0.166667
99 129 0.120879
100 68 0.115789
100 70 0.00869565
100 98 0.00961538
100 99 0.028169
100 101 0.121212
100 102 0.1375
100 129 0.0106383
100 131 0.0138889
101 99 0.166667
101 100 0.121212
101 102 0.0285714
101 103 0.0275862
101 129 0.0252101
101 131 0.0721649
101 132 0.144068
101 133 0.0431655
102 70 0.0743802
102 72 0.176471
102 73 0.00854701
102 100 0.1375
102 101 0.0285714
102 103 0.0952381
103 73 0.00636943
103 101 0.0275862
103 102 0.0952381
103 104 0.108808
103 133 0.28125
103 134 0.147287
104 42 0.0736196
104 43 0.017341
104 73 0.255435
104 103 0.108808
104 105 0.177515
104 134 0.0961538
104 135 0.0641711
105 43 0.0737705
105 44 0.0306122
105 73 0.0075188
105 74 0.0882353
105 104 0.177515
105 135 0.117647
105 136 0.114286
106 74 0.0125
106 75 0.0810811
106 76 0.0253165
106 137 0.24
106 138 0.263158
106 169 0.0125
107 45 0.0595238
107 76 0.097561
107 77 0.048
107 108 0.0425532
107 138 0.164557
107 139 0.097561
108 47 0.045977
108 77 0.193548
108 107 0.0425532
108 139 0.0699301
108 141 0.0451977
108 170 0.253521
109 78 0.123894
109 140 0.223881
109 141 0.172932
110 48 0.00704225
110 49 0.0764331
110 79 0.102804
110 80 0.340426
110 81 0.0175439
110 111 0.146341
110 143 0.00591716
110 172 0.118056
111 49 0.0621118
111 80 0.0344828
111 81 0.194286
111 110 0.146341
111 112 0.121795
111 143 0.127168
111 172 0.0337838
112 81 0.110429
112 111 0.121795
112 113 0.0172414
112 143 0.204969
112 144 0.238938
112 175 0.0211268
113 81 0.125926
113 82 0.141026
113 112 0.0172414
113 114 0.0839161
113 144 0.164706
113 145 0.00961538
113 176 0.0191083
114 53 0.0780142
114 82 0.0902256
114 83 0.248408
114 84 0.0769231
114 113 0.0839161
114 145 0.144654
114 146 0.0294118
115 84 0.118812
115 85 0.103448
115 116 0.0547945
115 117 0.124088
115 146 0.132812
115 178 0.114286
116 55 0.0333333
116 84 0.0075188
116 86 0.0352941
116 87 0.0111732
116 115 0.0547945
116 117 0.242604
116 148 0.392157
116 149 0.0875
116 179 0.054878
117 54 0.00609756
117 85 0.244604
117 86 0.0496894
117 115 0.124088
117 116 0.242604
117 178 0.116564
117 179 0.0387097
118 55 0.0137931
118 56 0.025641
118 87 0.258621
118 88 0.17033
118 119 0.0980392
118 120 0.00995025
118 148 0.027027
118 150 0.00636943
118 180 0.164706
118 181 0.154362
119 87 0.0047619
119 88 0.0688073
119 89 0.047619
119 118 0.0980392
119 120 0.417722
119 121 0.00460829
119 122 0.00456621
119 150 0.108808
119 151 0.0621469
119 152 0.143564
119 180 0.00970874
119 181 0.210811
119 182 0.0325203
120 88 0.027907
120 89 0.127193
120 90 0.00469484
120 118 0.00995025
120 119 0.417722
120 121 0.238318
120 150 0.178947
120 152 0.165829
120 153 0.0100503
120 181 0.0274725
120 184 0.0120482
121 59 0.0219298
121 60 0.00520833
121 89 0.100962
121 90 0.0777202
121 119 0.00460829
121 120 0.238318
121 122 0.295918
121 123 0.00510204
121 150 0.0117647
121 152 0.0782123
121 153 0.206704
121 183 0.020202
121 184 0.0567686
122 59 0.195652
122 60 0.0824742
122 89 0.0428571
122 90 0.0871795
122 92 0.0632911
122 119 0.00456621
122 121 0.295918
122 123 0.116162
122 152 0.00552486
122 153 0.0773481
122 154 0.0410256
123 59 0.121739
123 60 0.0309278
123 61 0.0777202
123 92 0.278481
123 121 0.00510204
123 122 0.116162
123 153 0.0331492
123 154 0.169231
123 185 0.0052356
124 93 0.113636
124 94 0.218605
124 125 0.152941
124 155 0.126761
125 94 0.251101
125 95 0.103704
125 124 0.152941
125 155 0.0974026
125 156 0.0437956
126 65 0.0275229
126 95 0.139535
126 96 0.123711
126 127 0.045045
126 128 0.0380952
126 156 0.0909091
126 157 0.0864198
126 187 0.0206186
127 126 0.045045
127 128 0.272727
127 157 0.037037
127 158 0.281481
127 159 0.0142857
127 160 0.101695
128 96 0.144068
128 97 0.0247934
128 98 0.0769231
128 126 0.0380952
128 127 0.272727
128 130 0.032
128 160 0.0357143
129 97 0.0434783
129 99 0.120879
129 100 0.0106383
129 101 0.0252101
129 130 0.252101
129 131 0.0326087
129 132 0.0176991
129 191 0.06
129 192 0.148515
130 97 0.00833333
130 128 0.032
130 129 0.252101
130 131 0.185567
130 160 0.198198
130 190 0.020202
130 191 0.0190476
131 100 0.0138889
131 101 0.0721649
131 129 0.0326087
131 130 0.185567
131 132 0.043956
132 101 0.144068
132 129 0.0176991
132 131 0.043956
132 133 0.150376
132 161 0.0841122
132 162 0.0117647
132 164 0.0737705
132 165 0.0551181
133 101 0.0431655
133 103 0.28125
133 132 0.150376
133 134 0.0325203
133 165 0.0675676
133 166 0.0559441
134 103 0.147287
134 104 0.0961538
134 133 0.0325203
134 135 0.097561
134 166 0.0357143
135 104 0.0641711
135 105 0.117647
135 134 0.097561
135 136 0.0487805
135 166 0.027972
135 167 0.119497
135 168 0.177215
136 74 0.146067
136 105 0.114286
136 135 0.0487805
136 137 0.119048
136 167 0.0859375
137 74 0.160494
137 106 0.24
137 136 0.119048
137 167 0.025
137 169 0.0246914
137 198 0.025
137 199 0.05
138 76 0.037037
138 106 0.263158
138 107 0.164557
138 139 0.0617284
138 169 0.0365854
139 107 0.097561
139 108 0.0699301
139 138 0.0617284
139 169 0.105882
139 170 0.0714286
139 200 0.0481928
139 201 0.0141844
140 109 0.223881
140 141 0.163399
140 142 0.0469799
140 171 0.192308
140 201 0.0397727
140 202 0.00574713
140 203 0.0886076
141 78 0.0606061
141 79 0.165049
141 108 0.0451977
141 109 0.172932
141 140 0.163399
141 142 0.0472973
141 170 0.0638298
141 201 0.0285714
142 140 0.0469799
142 141 0.0472973
142 143 0.068323
142 172 0.264706
142 173 0.135338
142 203 0.0849673
142 204 0.0827068
143 110 0.00591716
143 111 0.127168
143 112 0.204969
143 142 0.068323
143 172 0.0196078
143 173 0.32
143 174 0.169697
143 175 0.0125786
144 112 0.238938
144 113 0.164706
144 175 0.0810811
144 176 0.0779221
144 207 0.0344828
145 113 0.00961538
145 114 0.144654
145 146 0.0152672
145 176 0.248555
146 84 0.0347826
146 114 0.0294118
146 115 0.132812
146 145 0.0152672
146 176 0.304348
146 177 0.0454545
146 178 0.025974
146 208 0.0153061
147 178 0.258333
147 179 0.00892857
147 209 0.010101
147 210 0.104294
148 87 0.311688
148 116 0.392157
148 118 0.027027
148 149 0.037037
148 180 0.0333333
149 116 0.0875
149 148 0.037037
149 179 0.219178
149 180 0.458599
149 181 0.00735294
150 118 0.00636943
150 119 0.108808
150 120 0.178947
150 121 0.0117647
150 151 0.0153846
150 152 0.141935
150 180 0.0188679
150 181 0.0652174
150 182 0.266332
150 184 0.0341463
151 119 0.0621469
151 150 0.0153846
151 152 0.201439
151 153 0.0143885
151 181 0.106557
151 182 0.185792
151 184 0.010582
151 212 0.032
151 213 0.0284091
152 119 0.143564
152 120 0.165829
152 121 0.0782123
152 122 0.00552486
152 150 0.141935
152 151 0.201439
152 153 0.0731707
152 181 0.0272109
152 182 0.0432692
152 183 0.0327869
152 184 0.168224
153 89 0.00518135
153 92 0.035461
153 120 0.0100503
153 121 0.206704
153 122 0.0773481
153 123 0.0331492
153 151 0.0143885
153 152 0.0731707
153 154 0.179775
153 183 0.0437158
153 184 0.126168
153 185 0.166667
153 216 0.00598802
154 92 0.103226
154 122 0.0410256
154 123 0.169231
154 153 0.179775
154 183 0.101523
154 184 0.0570175
154 185 0.228723
154 216 0.104972
155 124 0.126761
155 125 0.0974026
155 156 0.0917431
155 186 0.198473
156 95 0.0555556
156 125 0.0437956
156 126 0.0909091
156 155 0.0917431
156 186 0.0701754
156 187 0.039604
157 126 0.0864198
157 127 0.037037
157 158 0.142857
157 187 0.0957447
157 188 0.0246914
157 219 0.0666667
158 127 0.281481
158 157 0.142857
158 159 0.145985
158 160 0.0608696
158 188 0.0648148
158 189 0.0363636
159 127 0.0142857
159 158 0.145985
159 160 0.108333
159 188 0.0265487
159 189 0.191304
159 190 0.0277778
160 127 0.101695
160 128 0.0357143
160 130 0.198198
160 158 0.0608696
160 159 0.108333
160 190 0.0116279
161 132 0.0841122
161 162 0.3125
161 192 0.178947
161 193 0.0842105
162 132 0.0117647
162 161 0.3125
162 163 0.125
162 164 0.0105263
162 193 0.0410959
162 194 0.0298507
163 162 0.125
163 164 0.275229
163 193 0.0804598
164 132 0.0737705
164 162 0.0105263
164 163 0.275229
164 165 0.189781
164 193 0.0454545
164 194 0.0961538
165 132 0.0551181
165 133 0.0675676
165 164 0.189781
165 166 0.211679
165 194 0.0183486
165 195 0.0869565
166 133 0.0559441
166 134 0.0357143
166 135 0.027972
166 165 0.211679
166 168 0.0884354
166 195 0.0363636
166 196 0.0833333
166 227 0.028777
167 135 0.119497
167 136 0.0859375
167 137 0.025
167 168 0.257669
167 197 0.136054
167 198 0.0403226
167 229 0.108974
168 135 0.177215
168 166 0.0884354
168 167 0.257669
168 196 0.0136054
168 197 0.0410959
169 106 0.0125
169 137 0.0246914
169 138 0.0365854
169 139 0.105882
169 199 0.176471
169 200 0.154762
169 231 0.0481928
170 108 0.253521
170 139 0.0714286
170 141 0.0638298
170 201 0.279621
171 140 0.192308
171 202 0.0533333
171 203 0.11194
171 233 0.120968
172 110 0.118056
172 111 0.0337838
172 142 0.264706
172 143 0.0196078
172 204 0.08
173 142 0.135338
173 143 0.32
173 174 0.0583942
173 175 0.00763359
173 204 0.00819672
173 205 0.125874
173 235 0.0932203
174 143 0.169697
174 173 0.0583942
174 175 0.424658
174 205 0.240506
174 206 0.0241935
174 235 0.0075188
174 237 0.0479452
175 112 0.0211268
175 143 0.0125786
175 144 0.0810811
175 173 0.00763359
175 174 0.424658
175 205 0.00657895
175 206 0.228814
175 207 0.0172414
175 237 0.0357143
176 113 0.0191083
176 144 0.0779221
176 145 0.248555
176 146 0.304348
176 177 0.0114943
176 207 0.0314465
176 208 0.109244
177 146 0.0454545
177 176 0.0114943
177 178 0.0416667
177 208 0.295699
177 209 0.252033
177 210 0.0160428
178 115 0.114286
178 117 0.116564
178 146 0.025974
178 147 0.258333
178 177 0.0416667
178 179 0.0949367
178 209 0.0137931
178 210 0.0430622
179 116 0.054878
179 117 0.0387097
179 147 0.00892857
179 149 0.219178
179 178 0.0949367
179 180 0.0372671
179 210 0.109453
179 211 0.0344828
180 118 0.164706
180 119 0.00970874
180 148 0.0333333
180 149 0.458599
180 150 0.0188679
180 179 0.0372671
180 181 0.0927152
180 182 0.0141509
180 211 0.0705128
180 212 0.0909091
181 118 0.154362
181 119 0.210811
181 120 0.0274725
181 149 0.00735294
181 150 0.0652174
181 151 0.106557
181 152 0.0272109
181 180 0.0927152
181 182 0.188482
181 212 0.0902256
181 244 0.0118343
182 119 0.0325203
182 150 0.266332
182 151 0.185792
182 152 0.0432692
182 180 0.0141509
182 181 0.188482
182 212 0.154639
182 213 0.0653061
182 243 0.0469484
182 244 0.226087
183 121 0.020202
183 152 0.0327869
183 153 0.0437158
183 154 0.101523
183 184 0.407725
183 185 0.0310881
183 213 0.0363636
183 214 0.035533
183 215 0.269231
183 216 0.0860215
183 246 0.0145631
184 120 0.0120482
184 121 0.0567686
184 150 0.0341463
184 151 0.010582
184 152 0.168224
184 153 0.126168
184 154 0.0570175
184 183 0.407725
184 185 0.0178571
184 213 0.123506
184 214 0.00877193
184 215 0.0234742
184 216 0.0276498
184 244 0.00847458
184 246 0.0126582
185 123 0.0052356
185 153 0.166667
185 154 0.228723
185 183 0.0310881
185 184 0.0178571
185 216 0.344633
186 155 0.198473
186 156 0.0701754
186 187 0.186992
186 217 0.0510204
186 248 0.0275862
186 249 0.04
187 126 0.0206186
187 156 0.039604
187 157 0.0957447
187 186 0.186992
187 218 0.0813954
187 219 0.0849057
187 249 0.00729927
188 157 0.0246914
188 158 0.0648148
188 159 0.0265487
188 189 0.151163
188 190 0.0379747
188 219 0.236559
188 220 0.0114943
188 221 0.0190476
189 158 0.0363636
189 159 0.191304
189 188 0.151163
190 130 0.020202
190 159 0.0277778
190 160 0.0116279
190 188 0.0379747
190 191 0.1
190 221 0.04
191 129 0.06
191 130 0.0190476
191 190 0.1
191 192 0.264368
191 221 0.103774
191 223 0.0350877
191 224 0.016
191 252 0.0111111
192 129 0.148515
192 161 0.178947
192 191 0.264368
192 193 0.0454545
192 224 0.015873
193 161 0.0842105
193 162 0.0410959
193 163 0.0804598
193 164 0.0454545
193 192 0.0454545
193 194 0.182927
193 224 0.0238095
193 225 0.0689655
194 162 0.0298507
194 164 0.0961538
194 165 0.0183486
194 193 0.182927
194 195 0.0365854
194 225 0.0727273
195 165 0.0869565
195 166 0.0363636
195 194 0.0365854
195 196 0.0181818
195 225 0.0172414
195 226 0.144578
195 227 0.358974
195 256 0.0340909
196 166 0.0833333
196 168 0.0136054
196 195 0.0181818
196 197 0.0916031
196 227 0.258993
196 228 0.057554
196 259 0.0406091
197 167 0.136054
197 168 0.0410959
197 196 0.0916031
197 229 0.151079
197 259 0.0918367
198 137 0.025
198 167 0.0403226
198 199 0.214286
198 229 0.12931
198 230 0.0352941
198 260 0.0357143
199 137 0.05
199 169 0.176471
199 198 0.214286
199 230 0.0235294
199 231 0.0853659
200 139 0.0481928
200 169 0.154762
200 201 0.05
200 202 0.0289855
200 231 0.0987654
200 232 0.0823529
200 262 0.0348837
201 139 0.0141844
201 140 0.0397727
201 141 0.0285714
201 170 0.279621
201 200 0.05
201 202 0.112245
201 203 0.166667
202 140 0.00574713
202 171 0.0533333
202 200 0.0289855
202 201 0.112245
202 203 0.264045
202 232 0.0780142
202 263 0.0738636
202 265 0.121693
203 140 0.0886076
203 142 0.0849673
203 171 0.11194
203 201 0.166667
203 202 0.264045
203 204 0.028169
203 234 0.0559441
203 265 0.0578035
204 142 0.0827068
204 172 0.08
204 173 0.00819672
204 203 0.028169
204 205 0.13986
204 234 0.284553
204 235 0.0423729
204 266 0.0075188
205 173 0.125874
205 174 0.240506
205 175 0.00657895
205 204 0.13986
205 234 0.0833333
205 235 0.244604
205 236 0.0672269
205 237 0.0855263
206 174 0.0241935
206 175 0.228814
206 207 0.234043
206 237 0.135593
206 268 0.0434783
207 144 0.0344828
207 175 0.0172414
207 176 0.0314465
207 206 0.234043
207 208 0.146199
207 268 0.0111111
208 146 0.0153061
208 176 0.109244
208 177 0.295699
208 207 0.146199
208 209 0.0320856
208 239 0.193396
208 268 0.0118343
208 269 0.0802139
208 271 0.00456621
209 147 0.010101
209 177 0.252033
209 178 0.0137931
209 208 0.0320856
209 210 0.18617
209 240 0.135338
209 241 0.0266667
209 271 0.0512821
209 272 0.0220588
210 147 0.104294
210 177 0.0160428
210 178 0.0430622
210 179 0.109453
210 209 0.18617
210 211 0.00510204
210 240 0.446701
210 241 0.0420561
210 242 0.00574713
210 272 0.01
211 179 0.0344828
211 180 0.0705128
211 210 0.00510204
211 212 0.42029
211 241 0.00632911
211 242 0.161017
211 243 0.0127389
211 244 0.0172414
211 273 0.0138889
211 274 0.130719
212 151 0.032
212 180 0.0909091
212 181 0.0902256
212 182 0.154639
212 211 0.42029
212 243 0.0129032
212 244 0.133721
212 274 0.0662252
213 151 0.0284091
213 182 0.0653061
213 183 0.0363636
213 184 0.123506
213 214 0.274419
213 243 0.0776699
213 244 0.116592
213 245 0.176471
213 246 0.1875
213 274 0.019802
213 275 0.00881057
213 276 0.010101
214 183 0.035533
214 184 0.00877193
214 213 0.274419
214 215 0.101695
214 244 0.005
214 245 0.038674
214 246 0.263682
214 247 0.00531915
214 275 0.0588235
214 276 0.24
214 277 0.00904977
214 278 0.00460829
215 183 0.269231
215 184 0.0234742
215 214 0.101695
215 216 0.0963855
215 246 0.0913979
215 276 0.2375
216 153 0.00598802
216 154 0.104972
216 183 0.0860215
216 184 0.0276498
216 185 0.344633
216 215 0.0963855
216 246 0.0526316
216 247 0.0847458
216 276 0.0609756
217 186 0.0510204
217 248 0.336449
217 249 0.0625
218 187 0.0813954
218 219 0.231707
218 220 0.105263
218 248 0.00925926
218 249 0.106195
218 250 0.0212766
219 157 0.0666667
219 187 0.0849057
219 188 0.236559
219 218 0.231707
219 220 0.0416667
220 188 0.0114943
220 218 0.105263
220 219 0.0416667
220 221 0.0925926
220 250 0.0555556
220 251 0.22
220 252 0.0326087
221 188 0.0190476
221 190 0.04
221 191 0.103774
221 220 0.0925926
221 222 0.111111
221 223 0.00746269
221 252 0.181818
222 221 0.111111
222 223 0.327103
222 224 0.0254237
222 252 0.0722892
223 191 0.0350877
223 221 0.00746269
223 222 0.327103
223 224 0.320261
223 252 0.0254237
223 284 0.0692308
224 191 0.016
224 192 0.015873
224 193 0.0238095
224 222 0.0254237
224 223 0.320261
224 225 0.12987
224 253 0.0756303
224 254 0.00641026
224 284 0.0283688
225 193 0.0689655
225 194 0.0727273
225 195 0.0172414
225 224 0.12987
225 226 0.00900901
225 227 0.117241
225 254 0.00684932
225 256 0.0862069
225 286 0.0451613
226 195 0.144578
226 225 0.00900901
226 227 0.0625
226 228 0.0446429
226 256 0.240964
226 287 0.115385
226 288 0.0510204
226 289 0.025
227 166 0.028777
227 195 0.358974
227 196 0.258993
227 225 0.117241
227 226 0.0625
227 228 0.0479452
228 196 0.057554
228 226 0.0446429
228 227 0.0479452
228 259 0.230392
228 289 0.11039
228 290 0.0272109
228 291 0.028777
229 167 0.108974
229 197 0.151079
229 198 0.12931
229 259 0.146341
229 260 0.0689655
230 198 0.0352941
230 199 0.0235294
230 231 0.204819
230 260 0.129412
230 261 0.0842105
230 291 0.00917431
230 292 0.0116279
230 293 0.116279
231 169 0.0481928
231 199 0.0853659
231 200 0.0987654
231 230 0.204819
231 261 0.0543478
231 262 0.0823529
232 200 0.0823529
232 202 0.0780142
232 262 0.168539
232 263 0.113821
233 171 0.120968
233 263 0.0733333
233 264 0.0897436
233 265 0.300613
233 296 0.024
234 203 0.0559441
234 204 0.284553
234 205 0.0833333
234 235 0.134454
234 265 0.012987
234 266 0.164179
235 173 0.0932203
235 174 0.0075188
235 204 0.0423729
235 205 0.244604
235 234 0.134454
235 236 0.0425532
235 237 0.015748
235 266 0.0232558
235 267 0.0707965
236 205 0.0672269
236 235 0.0425532
236 237 0.261682
236 267 0.129032
236 298 0.0720721
236 299 0.115789
237 174 0.0479452
237 175 0.0357143
237 205 0.0855263
237 206 0.135593
237 235 0.015748
237 236 0.261682
237 268 0.131579
237 299 0.0078125
238 239 0.50365
238 269 0.0357143
239 208 0.193396
239 238 0.50365
239 269 0.302013
239 270 0.0246914
240 209 0.135338
240 210 0.446701
240 271 0.0121212
240 272 0.0482759
241 209 0.0266667
241 210 0.0420561
241 211 0.00632911
241 242 0.352941
241 271 0.0769231
241 272 0.123457
241 273 0.0123457
241 303 0.0165746
242 210 0.00574713
242 211 0.161017
242 241 0.352941
242 273 0.0901639
242 303 0.0070922
242 305 0.0314961
243 182 0.0469484
243 211 0.0127389
243 212 0.0129032
243 213 0.0776699
243 244 0.0994764
243 245 0.104651
243 273 0.0186335
243 274 0.429412
243 275 0.0769231
243 305 0.0843373
243 306 0.0140845
243 307 0.00456621
244 181 0.0118343
244 182 0.226087
244 184 0.00847458
244 211 0.0172414
244 212 0.133721
244 213 0.116592
244 214 0.005
244 243 0.0994764
244 245 0.243386
244 273 0.0224719
244 274 0.144385
244 305 0.0218579
244 307 0.00423729
245 213 0.176471
245 214 0.038674
245 243 0.104651
245 244 0.243386
245 246 0.00526316
245 273 0.0188679
245 274 0.077381
245 275 0.11399
245 276 0.00609756
245 277 0.0380952
245 305 0.0243902
245 306 0.0214286
245 307 0.175115
246 183 0.0145631
246 184 0.0126582
246 213 0.1875
246 214 0.263682
246 215 0.0913979
246 216 0.0526316
246 245 0.00526316
246 247 0.0913706
246 276 0.347826
246 277 0.0217391
246 278 0.0353982
246 307 0.0759494
247 214 0.00531915
247 216 0.0847458
247 246 0.0913706
247 276 0.0350877
247 277 0.0184332
247 278 0.478873
247 308 0.00787402
247 309 0.00564972
248 186 0.0275862
248 217 0.336449
248 218 0.00925926
248 249 0.27044
248 279 0.00628931
248 310 0.0121212
249 186 0.04
249 187 0.00729927
249 217 0.0625
249 218 0.106195
249 248 0.27044
249 250 0.0827586
249 279 0.0243902
249 280 0.0223881
249 310 0.0235294
250 218 0.0212766
250 220 0.0555556
250 249 0.0827586
250 251 0.245763
250 280 0.0608696
250 282 0.0483871
251 220 0.22
251 250 0.245763
251 252 0.176471
251 282 0.0344828
252 191 0.0111111
252 220 0.0326087
252 221 0.181818
252 222 0.0722892
252 223 0.0254237
252 251 0.176471
252 282 0.0185185
252 284 0.0283019
253 224 0.0756303
253 254 0.306306
253 284 0.09375
253 285 0.0131579
253 315 0.0168067
254 224 0.00641026
254 225 0.00684932
254 253 0.306306
254 284 0.255639
254 285 0.115044
254 286 0.171975
254 315 0.0512821
255 257 0.222222
255 285 0.00877193
255 286 0.335443
255 287 0.0438596
255 318 0.00826446
256 195 0.0340909
256 225 0.0862069
256 226 0.240964
256 257 0.163462
256 286 0.0472441
257 255 0.222222
257 256 0.163462
257 286 0.034965
257 287 0.10101
258 289 0.392857
259 196 0.0406091
259 197 0.0918367
259 228 0.230392
259 229 0.146341
259 260 0.0115607
259 289 0.0896226
259 291 0.116751
260 198 0.0357143
260 229 0.0689655
260 230 0.129412
260 259 0.0115607
260 261 0.0106383
260 262 0.0114943
260 291 0.101852
260 292 0.0705882
260 293 0.152941
260 322 0.0576923
261 230 0.0842105
261 231 0.0543478
261 260 0.0106383
261 262 0.154639
261 292 0.126316
261 293 0.2
261 294 0.0571429
261 295 0.0521739
261 322 0.0322581
261 323 0.00729927
262 200 0.0348837
262 231 0.0823529
262 232 0.168539
262 260 0.0114943
262 261 0.154639
262 263 0.016129
262 292 0.0113636
262 293 0.0454545
262 294 0.015873
262 295 0.101852
262 322 0.0181818
263 202 0.0738636
263 232 0.113821
263 233 0.0733333
263 262 0.016129
263 264 0.0670732
263 265 0.169591
263 295 0.15493
264 233 0.0897436
264 263 0.0670732
264 295 0.168919
264 296 0.179856
264 326 0.00507614
264 327 0.20904
265 202 0.121693
265 203 0.0578035
265 233 0.300613
265 234 0.012987
265 263 0.169591
265 266 0.115854
265 296 0.0136986
265 297 0.00490196
266 204 0.0075188
266 234 0.164179
266 235 0.0232558
266 265 0.115854
266 267 0.109375
266 297 0.184783
266 298 0.0410959
266 328 0.00617284
267 235 0.0707965
267 236 0.129032
267 266 0.109375
267 297 0.202381
267 298 0.146154
268 206 0.0434783
268 207 0.0111111
268 208 0.0118343
268 237 0.131579
268 269 0.0283019
268 270 0.0168067
268 299 0.107843
268 301 0.158416
268 330 0.0215054
268 332 0.0416667
269 208 0.0802139
269 238 0.0357143
269 239 0.302013
269 268 0.0283019
269 270 0.284672
269 271 0.0448718
269 300 0.03125
270 239 0.0246914
270 268 0.0168067
270 269 0.284672
270 271 0.0236686
270 300 0.479769
270 301 0.030303
270 331 0.00847458
271 208 0.00456621
271 209 0.0512821
271 240 0.0121212
271 241 0.0769231
271 269 0.0448718
271 270 0.0236686
271 272 0.208333
271 300 0.151042
271 302 0.097561
271 303 0.149733
271 304 0.0179641
271 332 0.0117647
272 209 0.0220588
272 210 0.01
272 240 0.0482759
272 241 0.123457
272 271 0.208333
272 302 0.118056
272 303 0.257485
272 334 0.00537634
273 211 0.0138889
273 241 0.0123457
273 242 0.0901639
273 243 0.0186335
273 244 0.0224719
273 245 0.0188679
273 274 0.044586
273 275 0.043956
273 303 0.0239521
273 304 0.047619
273 305 0.372549
273 336 0.253731
274 211 0.130719
274 212 0.0662252
274 213 0.019802
274 243 0.429412
274 244 0.144385
274 245 0.077381
274 273 0.044586
274 275 0.0366492
274 305 0.0802469
275 213 0.00881057
275 214 0.0588235
275 243 0.0769231
275 245 0.11399
275 273 0.043956
275 274 0.0366492
275 277 0.0128755
275 305 0.13369
275 306 0.411043
275 307 0.216667
275 336 0.0357143
275 337 0.137778
275 338 0.0119048
276 213 0.010101
276 214 0.24
276 215 0.2375
276 216 0.0609756
276 245 0.00609756
276 246 0.347826
276 247 0.0350877
276 277 0.0637255
276 278 0.1
276 307 0.0189573
276 308 0.0175439
277 214 0.00904977
277 245 0.0380952
277 246 0.0217391
277 247 0.0184332
277 275 0.0128755
277 276 0.0637255
277 278 0.113821
277 306 0.0222222
277 307 0.319066
277 308 0.29375
277 309 0.0238095
277 337 0.0165289
277 338 0.167568
277 339 0.0240385
277 340 0.0921053
278 214 0.00460829
278 246 0.0353982
278 247 0.478873
278 276 0.1
278 277 0.113821
278 307 0.0197628
278 308 0.0833333
278 309 0.11165
278 340 0.0178571
279 248 0.00628931
279 249 0.0243902
279 280 0.134328
279 281 0.00740741
279 310 0.370588
279 341 0.0855263
280 249 0.0223881
280 250 0.0608696
280 279 0.134328
280 281 0.171429
280 282 0.0353982
280 310 0.0142857
281 279 0.00740741
281 280 0.171429
281 282 0.0701754
281 283 0.0181818
281 310 0.070922
281 311 0.125
281 312 0.0854701
282 250 0.0483871
282 251 0.0344828
282 252 0.0185185
282 280 0.0353982
282 281 0.0701754
282 283 0.279661
282 284 0.0416667
282 312 0.024
282 313 0.00694444
283 281 0.0181818
283 282 0.279661
283 312 0.0330578
283 313 0.178571
283 315 0.057554
284 223 0.0692308
284 224 0.0283688
284 252 0.0283019
284 253 0.09375
284 254 0.255639
284 282 0.0416667
284 315 0.163121
285 253 0.0131579
285 254 0.115044
285 255 0.00877193
285 286 0.0901639
285 315 0.0743802
285 316 0.0724638
285 318 0.0235294
286 225 0.0451613
286 254 0.171975
286 255 0.335443
286 256 0.0472441
286 257 0.034965
286 285 0.0901639
286 287 0.0409836
287 226 0.115385
287 255 0.0438596
287 257 0.10101
287 286 0.0409836
287 288 0.0408163
287 318 0.0117647
288 226 0.0510204
288 287 0.0408163
288 289 0.0285714
288 318 0.0571429
288 319 0.248276
288 321 0.0413223
289 226 0.025
289 228 0.11039
289 258 0.392857
289 259 0.0896226
289 288 0.0285714
289 290 0.0193548
289 319 0.011976
289 321 0.181818
290 228 0.0272109
290 289 0.0193548
290 291 0.221429
290 319 0.03125
290 321 0.139706
290 322 0.0357143
290 323 0.0377358
290 352 0.0218978
290 354 0.0318182
291 228 0.028777
291 230 0.00917431
291 259 0.116751
291 260 0.101852
291 290 0.221429
291 292 0.119266
291 322 0.0526316
291 323 0.013245
292 230 0.0116279
292 260 0.0705882
292 261 0.126316
292 262 0.0113636
292 291 0.119266
292 293 0.22093
292 322 0.0754717
292 323 0.09375
292 324 0.262136
292 355 0.0197368
293 230 0.116279
293 260 0.152941
293 261 0.2
293 262 0.0454545
293 292 0.22093
293 294 0.114754
293 295 0.0471698
293 323 0.0078125
293 324 0.135922
293 355 0.0197368
294 261 0.0571429
294 262 0.015873
294 293 0.114754
294 295 0.135802
294 324 0.025641
294 325 0.112676
294 326 0.0769231
295 261 0.0521739
295 262 0.101852
295 263 0.15493
295 264 0.168919
295 293 0.0471698
295 294 0.135802
295 326 0.0114286
295 327 0.0967742
296 233 0.024
296 264 0.179856
296 265 0.0136986
296 297 0.0301205
296 327 0.0684932
296 328 0.152778
296 359 0.0377358
297 265 0.00490196
297 266 0.184783
297 267 0.202381
297 296 0.0301205
297 298 0.252688
297 328 0.173267
297 329 0.00505051
298 236 0.0720721
298 266 0.0410959
298 267 0.146154
298 297 0.252688
298 299 0.174242
298 329 0.04375
299 236 0.115789
299 237 0.0078125
299 268 0.107843
299 298 0.174242
299 329 0.0833333
299 330 0.00934579
299 362 0.171429
300 269 0.03125
300 270 0.479769
300 271 0.151042
300 301 0.245161
300 331 0.0212766
300 332 0.0229885
301 268 0.158416
301 270 0.030303
301 300 0.245161
301 330 0.0188679
301 331 0.02
301 332 0.142857
302 271 0.097561
302 272 0.118056
302 303 0.159509
302 332 0.116438
302 334 0.247253
302 364 0.01875
303 241 0.0165746
303 242 0.0070922
303 271 0.149733
303 272 0.257485
303 273 0.0239521
303 302 0.159509
303 304 0.0903614
303 305 0.00581395
303 334 0.107317
303 335 0.021164
303 364 0.00546448
303 366 0.00552486
304 271 0.0179641
304 273 0.047619
304 303 0.0903614
304 305 0.00657895
304 335 0.100592
304 336 0.0075188
304 365 0.0128205
304 366 0.322981
304 367 0.00571429
305 242 0.0314961
305 243 0.0843373
305 244 0.0218579
305 245 0.0243902
305 273 0.372549
305 274 0.0802469
305 275 0.13369
305 303 0.00581395
305 304 0.00657895
305 306 0.0447761
305 336 0.280576
305 337 0.0612245
305 366 0.0239521
306 243 0.0140845
306 245 0.0214286
306 275 0.411043
306 277 0.0222222
306 305 0.0447761
306 307 0.117647
306 336 0.00869565
306 337 0.0872093
306 338 0.0173913
307 243 0.00456621
307 244 0.00423729
307 245 0.175115
307 246 0.0759494
307 275 0.216667
307 276 0.0189573
307 277 0.319066
307 278 0.0197628
307 306 0.117647
307 308 0.00598802
307 337 0.0843373
307 338 0.0416667
307 339 0.00465116
308 247 0.00787402
308 276 0.0175439
308 277 0.29375
308 278 0.0833333
308 307 0.00598802
308 309 0.025
308 338 0.126316
308 340 0.0144928
309 247 0.00564972
309 277 0.0238095
309 278 0.11165
309 308 0.025
309 339 0.0892857
309 340 0.207447
309 370 0.00487805
309 371 0.0820896
310 248 0.0121212
310 249 0.0235294
310 279 0.370588
310 280 0.0142857
310 281 0.070922
310 311 0.0884354
310 341 0.14557
310 372 0.0198676
311 281 0.125
311 310 0.0884354
311 312 0.130081
311 341 0.0310078
311 342 0.19
312 281 0.0854701
312 282 0.024
312 283 0.0330578
312 311 0.130081
312 313 0.319728
312 342 0.0190476
312 343 0.136364
312 345 0.0166667
313 282 0.00694444
313 283 0.178571
313 312 0.319728
313 314 0.358779
313 315 0.0424242
313 343 0.0373832
314 313 0.358779
314 315 0.169231
314 343 0.0138889
315 253 0.0168067
315 254 0.0512821
315 283 0.057554
315 284 0.163121
315 285 0.0743802
315 313 0.0424242
315 314 0.169231
315 316 0.00892857
315 345 0.0217391
316 285 0.0724638
316 315 0.00892857
316 317 0.142857
316 318 0.0657895
316 345 0.0348837
316 346 0.0235294
317 316 0.142857
317 318 0.0752688
317 346 0.127451
317 347 0.19
317 348 0.0816327
317 349 0.0151515
317 378 0.0379747
318 255 0.00826446
318 285 0.0235294
318 287 0.0117647
318 288 0.0571429
318 316 0.0657895
318 317 0.0752688
318 319 0.136364
318 349 0.0687023
319 288 0.248276
319 289 0.011976
319 290 0.03125
319 318 0.136364
319 320 0.0314961
319 321 0.263514
319 349 0.0350877
319 350 0.0111111
320 319 0.0314961
320 321 0.203883
320 349 0.00793651
320 350 0.0222222
320 351 0.158333
320 352 0.00961538
321 288 0.0413223
321 289 0.181818
321 290 0.139706
321 319 0.263514
321 320 0.203883
321 349 0.00680272
321 352 0.008
322 260 0.0576923
322 261 0.0322581
322 262 0.0181818
322 290 0.0357143
322 291 0.0526316
322 292 0.0754717
322 323 0.0210526
323 261 0.00729927
323 290 0.0377358
323 291 0.013245
323 292 0.09375
323 293 0.0078125
323 322 0.0210526
323 324 0.0689655
323 354 0.277056
323 355 0.139175
324 292 0.262136
324 293 0.135922
324 294 0.025641
324 323 0.0689655
324 325 0.0265487
324 326 0.0232558
324 327 0.00657895
324 354 0.00485437
324 355 0.272189
324 387 0.0367647
324 388 0.0217391
324 389 0.0222222
325 294 0.112676
325 324 0.0265487
325 326 0.460606
325 327 0.0206897
325 357 0.0230769
325 358 0.010101
325 389 0.0722892
326 264 0.00507614
326 294 0.0769231
326 295 0.0114286
326 324 0.0232558
326 325 0.460606
326 327 0.27451
326 356 0.00724638
326 357 0.042328
326 358 0.0379747
326 388 0.00694444
327 264 0.20904
327 295 0.0967742
327 296 0.0684932
327 324 0.00657895
327 325 0.0206897
327 326 0.27451
327 357 0.035503
327 359 0.00507614
327 389 0.00819672
328 266 0.00617284
328 296 0.152778
328 297 0.173267
328 329 0.00568182
328 359 0.251282
328 360 0.0864198
329 297 0.00505051
329 298 0.04375
329 299 0.0833333
329 328 0.00568182
329 360 0.265823
329 361 0.367089
329 362 0.0225564
330 268 0.0215054
330 299 0.00934579
330 301 0.0188679
330 332 0.216
330 362 0.333333
330 363 0.0300752
330 393 0.00724638
330 394 0.0150376
331 270 0.00847458
331 300 0.0212766
331 301 0.02
331 332 0.10084
331 363 0.322835
331 393 0.00757576
332 268 0.0416667
332 271 0.0117647
332 300 0.0229885
332 301 0.142857
332 302 0.116438
332 330 0.216
332 331 0.10084
332 334 0.0265957
332 363 0.15625
332 394 0.01875
333 334 0.05625
333 364 0.434783
333 395 0.102362
334 272 0.00537634
334 302 0.247253
334 303 0.107317
334 332 0.0265957
334 333 0.05625
334 335 0.0432692
334 364 0.39604
334 394 0.0102041
334 395 0.0209424
335 303 0.021164
335 304 0.100592
335 334 0.0432692
335 365 0.452514
335 366 0.0108696
335 395 0.0285714
335 396 0.132275
335 397 0.109195
335 398 0.0273224
336 273 0.253731
336 275 0.0357143
336 304 0.0075188
336 305 0.280576
336 306 0.00869565
336 337 0.152542
336 366 0.195946
336 367 0.0185185
337 275 0.137778
337 277 0.0165289
337 305 0.0612245
337 306 0.0872093
337 307 0.0843373
337 336 0.152542
337 338 0.0225989
337 367 0.205479
337 369 0.005
337 370 0.0126582
337 400 0.235808
