0 1 0.178571
0 2 0.032967
0 31 0.0428571
0 32 0.0121951
1 0 0.178571
1 2 0.102362
1 31 0.150943
1 32 0.0762712
1 63 0.027972
2 0 0.032967
2 1 0.102362
2 3 0.135802
2 32 0.0412371
2 33 0.0319149
2 34 0.0818182
3 2 0.135802
3 4 0.0136986
3 5 0.0285714
3 34 0.0705882
4 3 0.0136986
4 5 0.0689655
4 34 0.235294
4 35 0.139785
4 36 0.0212766
5 3 0.0285714
5 4 0.0689655
5 6 0.0714286
5 7 0.021978
5 35 0.111111
5 36 0.131868
6 5 0.0714286
6 7 0.120879
6 36 0.208791
6 37 0.010989
6 38 0.0854701
7 5 0.021978
7 6 0.120879
7 8 0.0833333
7 9 0.0406504
7 38 0.153226
8 7 0.0833333
8 9 0.268966
8 38 0.226027
8 40 0.135338
9 7 0.0406504
9 8 0.268966
9 10 0.140187
9 40 0.132353
9 41 0.0166667
10 9 0.140187
10 11 0.0833333
11 10 0.0833333
11 12 0.173077
11 41 0.164948
11 42 0.0833333
12 11 0.173077
12 13 0.21
12 14 0.0105263
12 42 0.0306122
12 43 0.0107527
13 12 0.21
13 14 0.134831
13 42 0.0217391
13 43 0.0574713
13 44 0.17757
13 45 0.0481928
14 12 0.0105263
14 13 0.134831
14 15 0.0581395
14 16 0.0340909
14 45 0.0641026
14 46 0.0510204
15 14 0.0581395
15 16 0.244444
15 18 0.0724638
15 46 0.11
15 48 0.020202
16 14 0.0340909
16 15 0.244444
16 17 0.0833333
16 18 0.0140845
16 46 0.0196078
16 47 0.050505
16 48 0.049505
17 16 0.0833333
17 18 0.047619
17 47 0.120879
17 48 0.0860215
17 49 0.102804
18 15 0.0724638
18 16 0.0140845
18 17 0.047619
18 19 0.0740741
18 49 0.0106383
19 18 0.0740741
19 20 0.0617284
19 49 0.0612245
19 50 0.1125
20 19 0.0617284
20 21 0.339806
20 22 0.0384615
20 50 0.0970874
20 51 0.0309278
21 20 0.339806
21 22 0.0519481
21 51 0.0625
21 53 0.115789
22 20 0.0384615
22 21 0.0519481
22 23 0.0714286
22 53 0.0857143
23 22 0.0714286
23 24 0.123288
23 25 0.0309278
23 53 0.0405405
24 23 0.123288
24 25 0.1
24 54 0.206897
24 55 0.00990099
25 23 0.0309278
25 24 0.1
25 26 0.195122
25 55 0.072
25 56 0.153285
25 88 0.0227273
26 25 0.195122
26 27 0.240741
26 56 0.00793651
26 57 0.0291262
26 58 0.0128205
26 88 0.0578512
27 26 0.240741
27 28 0.113402
27 57 0.242424
27 58 0.0135135
27 88 0.0512821
28 27 0.113402
28 29 0.188406
28 30 0.0337079
28 57 0.0543478
28 59 0.019802
28 89 0.134831
29 28 0.188406
29 30 0.161765
29 59 0.0125
30 28 0.0337079
30 29 0.161765
30 59 0.02
30 60 0.0549451
30 61 0.209091
30 92 0.027027
31 0 0.0428571
31 1 0.150943
31 32 0.0131579
31 62 0.0609756
31 63 0.178218
32 0 0.0121951
32 1 0.0762712
32 2 0.0412371
32 31 0.0131579
32 33 0.152941
32 63 0.132743
32 64 0.0612245
33 2 0.0319149
33 32 0.152941
33 34 0.142857
33 64 0.0526316
33 65 0.0253165
34 2 0.0818182
34 3 0.0705882
34 4 0.235294
34 33 0.142857
34 35 0.104762
34 65 0.0526316
34 66 0.0108696
35 4 0.139785
35 5 0.111111
35 34 0.104762
35 36 0.134021
36 4 0.0212766
36 5 0.131868
36 6 0.208791
36 35 0.134021
36 37 0.0408163
36 66 0.0119048
36 67 0.0204082
37 6 0.010989
37 36 0.0408163
37 38 0.0967742
37 67 0.122449
37 68 0.0714286
37 69 0.0943396
38 6 0.0854701
38 7 0.153226
38 8 0.226027
38 37 0.0967742
38 40 0.0510949
38 69 0.030303
39 40 0.168224
39 70 0.169811
39 71 0.486486
39 72 0.0176991
39 100 0.045977
39 103 0.0508475
40 8 0.135338
40 9 0.132353
40 38 0.0510949
40 39 0.168224
40 41 0.175926
40 69 0.0840336
40 72 0.0153846
40 100 0.00961538
41 9 0.0166667
41 11 0.164948
41 40 0.175926
41 42 0.0879121
41 72 0.0175439
42 11 0.0833333
42 12 0.0306122
42 13 0.0217391
42 41 0.0879121
42 43 0.176471
42 44 0.0285714
42 72 0.0530973
42 73 0.0537634
43 12 0.0107527
43 13 0.0574713
43 42 0.176471
43 44 0.38
43 73 0.0340909
43 74 0.0120482
43 75 0.0581395
44 13 0.17757
44 42 0.0285714
44 43 0.38
44 45 0.114583
44 73 0.0185185
44 75 0.0754717
45 13 0.0481928
45 14 0.0641026
45 44 0.114583
45 46 0.119565
45 75 0.0243902
45 76 0.0131579
46 14 0.0510204
46 15 0.11
46 16 0.0196078
46 45 0.119565
46 47 0.0642202
46 48 0.018018
46 76 0.09375
46 77 0.23
46 78 0.0107527
47 16 0.050505
47 17 0.120879
47 46 0.0642202
47 48 0.203704
47 49 0.00819672
47 77 0.0927835
47 78 0.0222222
47 79 0.010101
48 15 0.020202
48 16 0.049505
48 17 0.0860215
48 46 0.018018
48 47 0.203704
48 49 0.217742
48 77 0.040404
48 78 0.0652174
48 79 0.118812
49 17 0.102804
49 18 0.0106383
49 19 0.0612245
49 47 0.00819672
49 48 0.217742
49 50 0.158333
49 79 0.0347826
49 80 0.0245902
49 81 0.017094
50 19 0.1125
50 20 0.0970874
50 49 0.158333
50 51 0.0208333
50 80 0.00961538
51 20 0.0309278
51 21 0.0625
51 50 0.0208333
51 52 0.24
51 80 0.0204082
51 81 0.0860215
51 82 0.032967
52 51 0.24
52 53 0.0606061
52 81 0.00970874
52 82 0.0594059
52 84 0.0729167
52 113 0.00917431
52 114 0.0827068
53 21 0.115789
53 22 0.0857143
53 23 0.0405405
53 52 0.0606061
53 54 0.147727
53 84 0.0117647
54 24 0.206897
54 53 0.147727
54 55 0.0784314
54 84 0.141176
54 85 0.0163934
54 86 0.0238095
55 24 0.00990099
55 25 0.072
55 54 0.0784314
55 56 0.109375
55 85 0.0294118
55 86 0.235714
56 25 0.153285
56 26 0.00793651
56 55 0.109375
56 86 0.0986842
56 88 0.148148
56 117 0.0140845
57 26 0.0291262
57 27 0.242424
57 28 0.0543478
57 58 0.275362
57 87 0.0458716
57 88 0.169643
57 89 0.010989
57 119 0.236559
58 26 0.0128205
58 27 0.0135135
58 57 0.275362
58 89 0.287879
58 90 0.0485437
58 119 0.0882353
58 121 0.00909091
59 28 0.019802
59 29 0.0125
59 30 0.02
59 60 0.106796
59 89 0.16
59 90 0.167883
59 91 0.0932203
60 30 0.0549451
60 59 0.106796
60 61 0.123894
60 91 0.0183486
60 122 0.107843
61 30 0.209091
61 60 0.123894
61 91 0.046875
61 92 0.203008
61 122 0.0991736
62 31 0.0609756
62 63 0.252101
62 124 0.0697674
63 1 0.027972
63 31 0.178218
63 32 0.132743
63 62 0.252101
63 64 0.130081
64 32 0.0612245
64 33 0.0526316
64 63 0.130081
64 65 0.0978261
64 95 0.164062
64 96 0.0104167
64 124 0.0150376
65 33 0.0253165
65 34 0.0526316
65 64 0.0978261
65 66 0.164384
65 95 0.0625
65 96 0.0375
65 97 0.0253165
66 34 0.0108696
66 36 0.0119048
66 65 0.164384
66 67 0.142857
66 97 0.0394737
67 36 0.0204082
67 37 0.122449
67 66 0.142857
67 68 0.102041
67 97 0.0222222
67 98 0.101852
68 37 0.0714286
68 67 0.102041
68 69 0.141509
68 98 0.0555556
68 100 0.142857
68 130 0.0701754
68 131 0.0145985
69 37 0.0943396
69 38 0.030303
69 40 0.0840336
69 68 0.141509
69 100 0.161616
70 39 0.169811
70 71 0.0111111
70 99 0.0192308
70 100 0.262136
70 101 0.244898
70 102 0.153153
70 103 0.0223881
70 131 0.00671141
70 132 0.0186916
71 39 0.486486
71 70 0.0111111
72 39 0.0176991
72 40 0.0153846
72 41 0.0175439
72 42 0.0530973
72 73 0.0689655
72 103 0.375887
72 104 0.0614035
72 134 0.00675676
73 42 0.0537634
73 43 0.0340909
73 44 0.0185185
73 72 0.0689655
73 74 0.285714
73 75 0.0106383
73 104 0.138298
74 43 0.0120482
74 73 0.285714
74 75 0.258427
74 105 0.0348837
74 106 0.170213
75 43 0.0581395
75 44 0.0754717
75 45 0.0243902
75 73 0.0106383
75 74 0.258427
75 76 0.116279
75 106 0.113402
75 107 0.0206186
76 45 0.0131579
76 46 0.09375
76 75 0.116279
76 77 0.047619
76 107 0.0549451
76 108 0.047619
77 46 0.23
77 47 0.0927835
77 48 0.040404
77 76 0.047619
77 78 0.111111
77 108 0.0366972
77 109 0.0103093
78 46 0.0107527
78 47 0.0222222
78 48 0.0652174
78 77 0.111111
78 79 0.13253
78 108 0.0294118
78 109 0.111111
79 47 0.010101
79 48 0.118812
79 49 0.0347826
79 78 0.13253
79 80 0.0909091
79 81 0.0212766
79 110 0.0365854
79 111 0.0104167
80 49 0.0245902
80 50 0.00961538
80 51 0.0204082
80 79 0.0909091
80 81 0.267327
80 82 0.0808081
80 111 0.0679612
80 112 0.0458716
81 49 0.017094
81 51 0.0860215
81 52 0.00970874
81 79 0.0212766
81 80 0.267327
81 82 0.180851
81 111 0.0612245
81 112 0.0480769
82 51 0.032967
82 52 0.0594059
82 80 0.0808081
82 81 0.180851
82 112 0.0490196
82 113 0.14
83 114 0.247525
84 52 0.0729167
84 53 0.0117647
84 54 0.141176
84 85 0.0672269
84 114 0.0420168
84 115 0.0185185
84 116 0.0973451
85 54 0.0163934
85 55 0.0294118
85 84 0.0672269
85 86 0.3125
85 115 0.0344828
85 116 0.12
85 117 0.106667
85 147 0.0172414
86 54 0.0238095
86 55 0.235714
86 56 0.0986842
86 85 0.3125
86 117 0.0194805
87 57 0.0458716
87 88 0.15748
87 117 0.0746269
87 118 0.272727
87 119 0.0925926
87 149 0.0196078
88 25 0.0227273
88 26 0.0578512
88 27 0.0512821
88 56 0.148148
88 57 0.169643
88 87 0.15748
88 117 0.0364963
88 119 0.027027
89 28 0.134831
89 57 0.010989
89 58 0.287879
89 59 0.16
89 90 0.056
90 58 0.0485437
90 59 0.167883
90 89 0.056
90 91 0.104895
90 120 0.186441
90 121 0.171598
90 150 0.0652174
90 153 0.0625
91 59 0.0932203
91 60 0.0183486
91 61 0.046875
91 90 0.104895
91 92 0.131783
91 120 0.020202
91 122 0.350427
91 153 0.088
92 30 0.027027
92 61 0.203008
92 91 0.131783
92 122 0.00819672
92 153 0.0384615
92 154 0.15894
93 124 0.235294
94 95 0.0535714
94 125 0.153846
94 126 0.45283
94 127 0.0133333
94 155 0.0188679
94 156 0.00892857
95 64 0.164062
95 65 0.0625
95 94 0.0535714
95 96 0.163793
95 124 0.00653595
95 125 0.0472441
95 126 0.147887
95 127 0.0810811
96 64 0.0104167
96 65 0.0375
96 95 0.163793
96 97 0.120482
96 127 0.113924
96 128 0.0273973
97 65 0.0253165
97 66 0.0394737
97 67 0.0222222
97 96 0.120482
97 98 0.16
97 128 0.0416667
97 129 0.0246914
98 67 0.101852
98 68 0.0555556
98 97 0.16
98 129 0.151515
98 130 0.137097
98 131 0.0136054
98 161 0.0344828
99 70 0.0192308
99 100 0.0117647
99 101 0.2375
99 131 0.374046
100 39 0.045977
100 40 0.00961538
100 68 0.142857
100 69 0.161616
100 70 0.262136
100 99 0.0117647
100 102 0.0108696
100 130 0.046729
100 131 0.0384615
100 132 0.0454545
101 70 0.244898
101 99 0.2375
101 131 0.024
102 70 0.153153
102 100 0.0108696
102 103 0.186992
102 132 0.0833333
102 134 0.207692
103 39 0.0508475
103 70 0.0223881
103 72 0.375887
103 102 0.186992
103 104 0.092437
103 132 0.0168067
103 134 0.0849673
104 72 0.0614035
104 73 0.138298
104 103 0.092437
104 105 0.123596
104 106 0.0103093
104 134 0.00793651
104 135 0.122951
105 74 0.0348837
105 104 0.123596
105 106 0.106383
105 135 0.159664
105 137 0.119048
105 166 0.00970874
105 168 0.0375
106 74 0.170213
106 75 0.113402
106 104 0.0103093
106 105 0.106383
106 107 0.0784314
106 135 0.00787402
106 137 0.0217391
107 75 0.0206186
107 76 0.0549451
107 106 0.0784314
107 108 0.0862069
107 137 0.0869565
107 138 0.192661
107 169 0.00925926
108 76 0.047619
108 77 0.0366972
108 78 0.0294118
108 107 0.0862069
108 109 0.271186
108 138 0.227642
108 139 0.0377358
109 77 0.0103093
109 78 0.111111
109 108 0.271186
109 110 0.11236
109 138 0.00900901
109 139 0.0212766
109 140 0.026087
110 79 0.0365854
110 109 0.11236
110 111 0.139535
110 140 0.0918367
110 142 0.0291262
111 79 0.0104167
111 80 0.0679612
111 81 0.0612245
111 110 0.139535
111 112 0.0754717
111 143 0.103659
112 80 0.0458716
112 81 0.0480769
112 82 0.0490196
112 111 0.0754717
112 113 0.109091
112 142 0.0487805
112 143 0.158824
112 144 0.0510204
112 174 0.00641026
113 52 0.00917431
113 82 0.14
113 112 0.109091
113 114 0.174242
113 143 0.0119048
113 144 0.114583
113 145 0.0403226
113 174 0.00649351
114 52 0.0827068
114 83 0.247525
114 84 0.0420168
114 113 0.174242
114 115 0.0206897
114 116 0.106667
114 145 0.0540541
115 84 0.0185185
115 85 0.0344828
115 114 0.0206897
115 116 0.431655
115 145 0.0291971
115 146 0.0480769
115 147 0.0380952
116 84 0.0973451
116 85 0.12
116 114 0.106667
116 115 0.431655
116 146 0.0275229
116 147 0.0363636
117 56 0.0140845
117 85 0.106667
117 86 0.0194805
117 87 0.0746269
117 88 0.0364963
117 118 0.126761
117 147 0.0454545
117 148 0.157025
117 179 0.0930233
118 87 0.272727
118 117 0.126761
118 119 0.0431034
118 149 0.118182
118 150 0.0246914
118 179 0.110236
118 180 0.0555556
118 182 0.029703
119 57 0.236559
119 58 0.0882353
119 87 0.0925926
119 88 0.027027
119 118 0.0431034
119 149 0.116279
119 150 0.0877193
120 90 0.186441
120 91 0.020202
120 121 0.12
120 151 0.0923077
120 152 0.00925926
120 181 0.0166667
120 183 0.05
121 58 0.00909091
121 90 0.171598
121 120 0.12
121 149 0.046875
121 150 0.0606061
121 152 0.352201
121 153 0.0860927
121 183 0.0662252
121 184 0.013986
122 60 0.107843
122 61 0.0991736
122 91 0.350427
122 92 0.00819672
122 153 0.00847458
123 152 0.012987
123 153 0.0273973
123 154 0.215569
123 184 0.0217391
123 185 0.35
124 62 0.0697674
124 64 0.0150376
124 93 0.235294
124 95 0.00653595
124 125 0.0984849
124 155 0.306122
125 94 0.153846
125 95 0.0472441
125 124 0.0984849
125 126 0.247934
125 155 0.0991736
125 156 0.00787402
125 186 0.0222222
125 187 0.126214
126 94 0.45283
126 95 0.147887
126 125 0.247934
126 127 0.00952381
126 156 0.0915493
126 157 0.126437
127 94 0.0133333
127 95 0.0810811
127 96 0.113924
127 126 0.00952381
127 128 0.132353
127 156 0.00900901
127 157 0.0357143
127 158 0.047619
127 159 0.0140845
127 188 0.0510204
128 96 0.0273973
128 97 0.0416667
128 127 0.132353
128 129 0.126761
128 159 0.0153846
128 160 0.0298507
129 97 0.0246914
129 98 0.151515
129 128 0.126761
129 160 0.0526316
129 161 0.0927835
130 68 0.0701754
130 98 0.137097
130 100 0.046729
130 131 0.411765
130 161 0.131148
131 68 0.0145985
131 70 0.00671141
131 98 0.0136054
131 99 0.374046
131 100 0.0384615
131 101 0.024
131 130 0.411765
131 132 0.0522388
131 161 0.0137931
132 70 0.0186916
132 100 0.0454545
132 102 0.0833333
132 103 0.0168067
132 131 0.0522388
132 133 0.0957447
132 134 0.0793651
132 162 0.0612245
132 163 0.13913
133 132 0.0957447
133 134 0.203125
133 135 0.016129
133 163 0.025641
133 164 0.133333
133 165 0.0416667
133 166 0.00925926
134 72 0.00675676
134 102 0.207692
134 103 0.0849673
134 104 0.00793651
134 132 0.0793651
134 133 0.203125
134 135 0.134615
134 165 0.0078125
134 166 0.0357143
135 104 0.122951
135 105 0.159664
135 106 0.00787402
135 133 0.016129
135 134 0.134615
135 136 0.045977
135 137 0.00854701
135 166 0.110294
136 135 0.045977
136 137 0.134615
136 166 0.0985916
137 105 0.119048
137 106 0.0217391
137 107 0.0869565
137 135 0.00854701
137 136 0.134615
137 138 0.010101
137 168 0.115385
137 169 0.0714286
138 107 0.192661
138 108 0.227642
138 109 0.00900901
138 137 0.010101
138 139 0.0808081
138 169 0.130435
138 170 0.0530973
139 108 0.0377358
139 109 0.0212766
139 138 0.0808081
139 140 0.106796
139 170 0.197917
139 171 0.0315789
139 202 0.00854701
140 109 0.026087
140 110 0.0918367
140 139 0.106796
140 141 0.345133
140 142 0.0310078
140 171 0.0258621
140 172 0.0258621
141 140 0.345133
141 142 0.135593
141 171 0.190476
141 172 0.152381
142 110 0.0291262
142 112 0.0487805
142 140 0.0310078
142 141 0.135593
142 143 0.20442
142 172 0.0743802
142 173 0.0942029
143 111 0.103659
143 112 0.158824
143 113 0.0119048
143 142 0.20442
143 144 0.0448718
143 173 0.0108108
143 174 0.331776
144 112 0.0510204
144 113 0.114583
144 143 0.0448718
144 145 0.178571
144 174 0.112676
144 175 0.0114943
144 176 0.0337079
145 113 0.0403226
145 114 0.0540541
145 115 0.0291971
145 144 0.178571
145 146 0.102804
145 174 0.0411765
145 176 0.179487
145 177 0.0234375
146 115 0.0480769
146 116 0.0275229
146 145 0.102804
146 147 0.133333
146 176 0.0119048
146 177 0.0315789
146 178 0.0253165
147 85 0.0172414
147 115 0.0380952
147 116 0.0363636
147 117 0.0454545
147 146 0.133333
147 148 0.126437
147 178 0.0125
148 117 0.157025
148 147 0.126437
148 178 0.131868
148 179 0.179245
148 210 0.0119048
149 87 0.0196078
149 118 0.118182
149 119 0.116279
149 121 0.046875
149 150 0.196078
149 152 0.00900901
149 180 0.115385
149 181 0.0634921
149 182 0.028169
150 90 0.0652174
150 118 0.0246914
150 119 0.0877193
150 121 0.0606061
150 149 0.196078
150 152 0.0121951
150 181 0.117647
150 183 0.027027
151 120 0.0923077
151 181 0.0196078
151 183 0.318681
151 214 0.010989
152 120 0.00925926
152 121 0.352201
152 123 0.012987
152 149 0.00900901
152 150 0.0121951
152 181 0.0106383
152 182 0.00980392
152 183 0.0149254
152 184 0.373016
152 214 0.11194
152 215 0.0465116
153 90 0.0625
153 91 0.088
153 92 0.0384615
153 121 0.0860927
153 122 0.00847458
153 123 0.0273973
153 154 0.251701
153 214 0.0238095
154 92 0.15894
154 123 0.215569
154 153 0.251701
154 185 0.0070922
155 94 0.0188679
155 124 0.306122
155 125 0.0991736
155 186 0.0952381
155 187 0.135593
156 94 0.00892857
156 125 0.00787402
156 126 0.0915493
156 127 0.00900901
156 157 0.107527
156 186 0.0990991
156 187 0.16129
156 188 0.207407
156 217 0.0336134
156 218 0.0532544
157 126 0.126437
157 127 0.0357143
157 156 0.107527
157 158 0.0151515
157 188 0.25
158 127 0.047619
158 157 0.0151515
158 159 0.123457
158 188 0.138889
158 189 0.2375
158 190 0.0449438
158 220 0.0106383
159 127 0.0140845
159 128 0.0153846
159 158 0.123457
159 160 0.128571
159 189 0.0746269
159 190 0.0657895
160 128 0.0298507
160 129 0.0526316
160 159 0.128571
160 161 0.11828
160 190 0.025641
160 191 0.0147059
160 192 0.045977
161 98 0.0344828
161 129 0.0927835
161 130 0.131148
161 131 0.0137931
161 160 0.11828
161 162 0.0458716
161 192 0.157407
162 132 0.0612245
162 161 0.0458716
162 163 0.363636
162 192 0.038835
162 193 0.130435
162 194 0.00970874
163 132 0.13913
163 133 0.025641
163 162 0.363636
163 164 0.0630631
163 194 0.0166667
164 133 0.133333
164 163 0.0630631
164 165 0.0666667
164 194 0.247312
165 133 0.0416667
165 134 0.0078125
165 164 0.0666667
165 166 0.101852
165 194 0.040404
165 197 0.15
165 226 0.116883
165 228 0.144578
166 105 0.00970874
166 133 0.00925926
166 134 0.0357143
166 135 0.110294
166 136 0.0985916
166 165 0.101852
166 167 0.0693069
166 168 0.0721649
166 197 0.0535714
167 166 0.0693069
167 168 0.0641026
167 197 0.0967742
167 198 0.320388
167 199 0.0333333
168 105 0.0375
168 137 0.115385
168 166 0.0721649
168 167 0.0641026
168 169 0.138298
168 199 0.0232558
169 107 0.00925926
169 137 0.0714286
169 138 0.130435
169 168 0.138298
169 170 0.0982143
169 199 0.103774
169 200 0.12766
170 138 0.0530973
170 139 0.197917
170 169 0.0982143
170 171 0.0550459
170 200 0.0869565
170 201 0.111111
170 202 0.0687023
171 139 0.0315789
171 140 0.0258621
171 141 0.190476
171 170 0.0550459
171 172 0.111111
171 201 0.0560748
171 202 0.123077
171 203 0.0631579
171 233 0.00900901
172 140 0.0258621
172 141 0.152381
172 142 0.0743802
172 171 0.111111
172 173 0.12
172 174 0.012987
172 203 0.0631579
173 142 0.0942029
173 143 0.0108108
173 172 0.12
173 174 0.19883
173 175 0.0689655
173 176 0.0254237
173 203 0.0625
173 204 0.0592593
173 205 0.008
173 238 0.0373832
174 112 0.00641026
174 113 0.00649351
174 143 0.331776
174 144 0.112676
174 145 0.0411765
174 172 0.012987
174 173 0.19883
174 175 0.0137931
174 176 0.0612245
175 144 0.0114943
175 173 0.0689655
175 174 0.0137931
175 176 0.195652
175 204 0.0458716
175 205 0.20202
175 207 0.0980392
175 208 0.117021
175 238 0.0987654
176 144 0.0337079
176 145 0.179487
176 146 0.0119048
176 173 0.0254237
176 174 0.0612245
176 175 0.195652
176 177 0.228571
176 208 0.177083
177 145 0.0234375
177 146 0.0315789
177 176 0.228571
177 178 0.08
177 208 0.0934579
177 209 0.113402
177 239 0.00884956
178 146 0.0253165
178 147 0.0125
178 148 0.131868
178 177 0.08
178 209 0.111111
178 210 0.025974
179 117 0.0930233
179 118 0.110236
179 148 0.179245
179 180 0.126316
179 210 0.0869565
179 211 0.191667
179 243 0.00689655
180 118 0.0555556
180 149 0.115385
180 179 0.126316
180 182 0.15942
180 211 0.00990099
180 212 0.149533
180 213 0.153846
180 243 0.0634921
181 120 0.0166667
181 149 0.0634921
181 150 0.117647
181 151 0.0196078
181 152 0.0106383
181 182 0.407407
181 183 0.27907
181 184 0.0128205
181 213 0.02
181 214 0.0697674
181 215 0.0123457
182 118 0.029703
182 149 0.028169
182 152 0.00980392
182 180 0.15942
182 181 0.407407
182 183 0.0319149
182 184 0.0232558
182 213 0.275862
182 214 0.0106383
182 215 0.0337079
183 120 0.05
183 121 0.0662252
183 150 0.027027
183 151 0.318681
183 152 0.0149254
183 181 0.27907
183 182 0.0319149
183 214 0.309524
184 121 0.013986
184 123 0.0217391
184 152 0.373016
184 181 0.0128205
184 182 0.0232558
184 213 0.0243902
184 214 0.110169
184 215 0.318584
184 216 0.0152672
185 123 0.35
185 154 0.0070922
185 216 0.0676692
185 247 0.075188
186 125 0.0222222
186 155 0.0952381
186 156 0.0990991
186 187 0.195402
186 218 0.0909091
187 125 0.126214
187 155 0.135593
187 156 0.16129
187 186 0.195402
187 217 0.0315789
187 218 0.0275862
188 127 0.0510204
188 156 0.207407
188 157 0.25
188 158 0.138889
188 189 0.0744681
188 218 0.00641026
188 220 0.00925926
189 158 0.2375
189 159 0.0746269
189 188 0.0744681
189 190 0.186667
189 219 0.075
189 220 0.0625
190 158 0.0449438
190 159 0.0657895
190 160 0.025641
190 189 0.186667
190 191 0.148649
190 220 0.0674157
191 160 0.0147059
191 190 0.148649
191 192 0.120482
191 221 0.03125
191 222 0.0289855
191 223 0.030303
192 160 0.045977
192 161 0.157407
192 162 0.038835
192 191 0.120482
192 193 0.175824
192 223 0.0352941
192 224 0.00943396
193 162 0.130435
193 192 0.175824
193 194 0.0879121
193 224 0.0315789
194 162 0.00970874
194 163 0.0166667
194 164 0.247312
194 165 0.040404
194 193 0.0879121
194 224 0.0566038
194 225 0.0927152
194 226 0.0125
195 196 0.11828
195 226 0.271186
195 228 0.123077
195 258 0.189873
195 259 0.0128205
196 195 0.11828
196 227 0.45283
196 228 0.0408163
196 258 0.366071
197 165 0.15
197 166 0.0535714
197 167 0.0967742
197 198 0.122807
197 229 0.0319149
197 259 0.12
197 260 0.0192308
198 167 0.320388
198 197 0.122807
198 199 0.207207
198 229 0.0192308
198 230 0.0210526
199 167 0.0333333
199 168 0.0232558
199 169 0.103774
199 198 0.207207
199 200 0.116279
199 230 0.0121951
200 169 0.12766
200 170 0.0869565
200 199 0.116279
200 201 0.0444444
200 230 0.0571429
200 231 0.0153846
200 232 0.030303
201 170 0.111111
201 171 0.0560748
201 200 0.0444444
201 202 0.418605
201 232 0.109756
201 233 0.0272727
202 139 0.00854701
202 170 0.0687023
202 171 0.123077
202 201 0.418605
202 203 0.017094
202 232 0.0857143
202 233 0.12782
202 234 0.00740741
202 263 0.0265487
203 171 0.0631579
203 172 0.0631579
203 173 0.0625
203 202 0.017094
203 204 0.114286
203 233 0.122449
203 234 0.02
204 173 0.0592593
204 175 0.0458716
204 203 0.114286
204 205 0.186441
204 233 0.0247934
204 234 0.0731707
204 235 0.0377358
204 236 0.0496454
204 238 0.04
204 266 0.135135
205 173 0.008
205 175 0.20202
205 204 0.186441
205 207 0.144144
205 235 0.28125
205 238 0.0111111
205 266 0.0891089
206 207 0.309524
207 175 0.0980392
207 205 0.144144
207 206 0.309524
207 208 0.169811
207 238 0.0215054
208 175 0.117021
208 176 0.177083
208 177 0.0934579
208 207 0.169811
208 238 0.105882
208 239 0.0480769
209 177 0.113402
209 178 0.111111
209 239 0.117021
209 240 0.166667
210 148 0.0119048
210 178 0.025974
210 179 0.0869565
210 211 0.0816327
210 240 0.116279
210 241 0.028169
211 179 0.191667
211 180 0.00990099
211 210 0.0816327
211 241 0.030303
211 242 0.0380952
211 243 0.231788
212 180 0.149533
212 213 0.09375
212 243 0.363057
212 244 0.0416667
212 275 0.0806452
212 276 0.110092
213 180 0.153846
213 181 0.02
213 182 0.275862
213 184 0.0243902
213 212 0.09375
213 215 0.105882
213 244 0.037037
213 276 0.0149254
214 151 0.010989
214 152 0.11194
214 153 0.0238095
214 181 0.0697674
214 182 0.0106383
214 183 0.309524
214 184 0.110169
214 215 0.157025
214 245 0.0714286
215 152 0.0465116
215 181 0.0123457
215 182 0.0337079
215 184 0.318584
215 213 0.105882
215 214 0.157025
215 216 0.186567
215 244 0.0352941
215 245 0.00934579
216 184 0.0152672
216 185 0.0676692
216 215 0.186567
216 245 0.04
216 246 0.0821918
216 247 0.282895
216 278 0.0193548
217 156 0.0336134
217 187 0.0315789
217 218 0.207143
217 219 0.0108696
217 248 0.0481928
218 156 0.0532544
218 186 0.0909091
218 187 0.0275862
218 188 0.00641026
218 217 0.207143
218 219 0.239437
218 248 0.0451128
218 249 0.0381679
218 250 0.0362319
219 189 0.075
219 217 0.0108696
219 218 0.239437
219 220 0.159574
219 250 0.0333333
220 158 0.0106383
220 188 0.00925926
220 189 0.0625
220 190 0.0674157
220 219 0.159574
220 221 0.126582
220 250 0.0555556
220 251 0.141304
221 191 0.03125
221 220 0.126582
221 222 0.144928
221 251 0.0519481
221 252 0.0140845
222 191 0.0289855
222 221 0.144928
222 223 0.140845
222 252 0.0657895
222 253 0.104167
223 191 0.030303
223 192 0.0352941
223 222 0.140845
223 224 0.123596
223 253 0.0215054
223 254 0.0212766
224 192 0.00943396
224 193 0.0315789
224 194 0.0566038
224 223 0.123596
224 225 0.251613
224 254 0.0608696
224 256 0.048
225 194 0.0927152
225 224 0.251613
225 226 0.178295
225 254 0.00625
225 256 0.341176
225 287 0.0186335
225 289 0.00613497
226 165 0.116883
226 194 0.0125
226 195 0.271186
226 225 0.178295
226 228 0.03125
226 289 0.076087
227 196 0.45283
227 258 0.0217391
228 165 0.144578
228 195 0.123077
228 196 0.0408163
228 226 0.03125
228 258 0.130952
228 259 0.228916
228 289 0.0408163
229 197 0.0319149
229 198 0.0192308
229 230 0.133333
229 260 0.212766
229 261 0.159091
230 198 0.0210526
230 199 0.0121951
230 200 0.0571429
230 229 0.133333
230 231 0.163934
230 261 0.0632911
230 262 0.0289855
231 200 0.0153846
231 230 0.163934
231 232 0.192982
231 262 0.03125
231 263 0.0461538
232 200 0.030303
232 201 0.109756
232 202 0.0857143
232 231 0.192982
232 263 0.0454545
233 171 0.00900901
233 201 0.0272727
233 202 0.12782
233 203 0.122449
233 204 0.0247934
233 234 0.25
233 263 0.0212766
233 264 0.020979
233 266 0.0192308
234 202 0.00740741
234 203 0.02
234 204 0.0731707
234 233 0.25
234 263 0.0520833
234 264 0.372414
234 265 0.00763359
234 266 0.0471698
234 294 0.00649351
234 295 0.0373832
235 204 0.0377358
235 205 0.28125
235 266 0.0786517
235 295 0.122222
236 204 0.0496454
236 237 0.0747664
236 238 0.168142
236 266 0.0403226
236 267 0.301724
236 268 0.0841122
236 269 0.0305344
236 296 0.0165289
236 299 0.00925926
237 236 0.0747664
237 238 0.0151515
237 239 0.0588235
237 268 0.0166667
237 269 0.238095
238 173 0.0373832
238 175 0.0987654
238 204 0.04
238 205 0.0111111
238 207 0.0215054
238 208 0.105882
238 236 0.168142
238 237 0.0151515
238 239 0.043956
238 269 0.0444444
239 177 0.00884956
239 208 0.0480769
239 209 0.117021
239 237 0.0588235
239 238 0.043956
239 240 0.103774
239 269 0.155963
239 270 0.0190476
239 271 0.0111111
240 209 0.166667
240 210 0.116279
240 239 0.103774
240 241 0.103448
240 271 0.0116279
241 210 0.028169
241 211 0.030303
241 240 0.103448
241 242 0.141026
241 271 0.0422535
241 272 0.056338
242 211 0.0380952
242 241 0.141026
242 243 0.0692308
242 273 0.164706
242 274 0.043956
243 179 0.00689655
243 180 0.0634921
243 211 0.231788
243 212 0.363057
243 242 0.0692308
243 274 0.00729927
243 275 0.027972
243 276 0.0546875
244 212 0.0416667
244 213 0.037037
244 215 0.0352941
244 245 0.0921053
244 246 0.0412371
244 275 0.0487805
244 276 0.402985
244 277 0.2
245 214 0.0714286
245 215 0.00934579
245 216 0.04
245 244 0.0921053
245 246 0.0588235
245 276 0.011236
245 277 0.360825
246 216 0.0821918
246 244 0.0412371
246 245 0.0588235
246 247 0.0342466
246 275 0.024
246 276 0.00909091
246 277 0.29661
246 278 0.268456
246 306 0.00632911
246 308 0.0151515
247 185 0.075188
247 216 0.282895
247 246 0.0342466
247 278 0.116129
247 309 0.00793651
248 217 0.0481928
248 218 0.0451128
248 249 0.135135
248 310 0.0384615
249 218 0.0381679
249 248 0.135135
249 250 0.101266
249 280 0.229885
249 310 0.0657895
249 311 0.0263158
249 312 0.0943396
250 218 0.0362319
250 219 0.0333333
250 220 0.0555556
250 249 0.101266
250 251 0.0795455
250 281 0.11
250 312 0.0833333
251 220 0.141304
251 221 0.0519481
251 250 0.0795455
251 252 0.107143
251 281 0.0588235
251 282 0.0108696
251 313 0.153061
252 221 0.0140845
252 222 0.0657895
252 251 0.107143
252 253 0.183673
252 282 0.116279
253 222 0.104167
253 223 0.0215054
253 252 0.183673
253 254 0.0420168
253 282 0.0283019
253 283 0.031746
253 284 0.173228
253 285 0.0155039
253 315 0.00806452
254 223 0.0212766
254 224 0.0608696
254 225 0.00625
254 253 0.0420168
254 255 0.326923
254 256 0.0384615
254 284 0.109375
254 285 0.0230769
254 286 0.0150376
255 254 0.326923
255 256 0.0526316
255 284 0.0178571
255 286 0.213675
256 224 0.048
256 225 0.341176
256 254 0.0384615
256 255 0.0526316
256 286 0.00699301
256 287 0.10687
257 287 0.322581
257 288 0.192661
257 289 0.031746
257 290 0.254386
258 195 0.189873
258 196 0.366071
258 227 0.0217391
258 228 0.130952
258 289 0.1875
259 195 0.0128205
259 197 0.12
259 228 0.228916
259 260 0.18
259 289 0.018018
259 290 0.030303
259 291 0.0330578
260 197 0.0192308
260 229 0.212766
260 259 0.18
260 261 0.0102041
260 291 0.12
261 229 0.159091
261 230 0.0632911
261 260 0.0102041
261 262 0.121951
261 291 0.159664
261 292 0.00970874
262 230 0.0289855
262 231 0.03125
262 261 0.121951
262 263 0.0821918
262 292 0.0215054
262 293 0.0515464
262 294 0.0687023
263 202 0.0265487
263 231 0.0461538
263 232 0.0454545
263 233 0.0212766
263 234 0.0520833
263 262 0.0821918
263 294 0.113636
264 233 0.020979
264 234 0.372414
264 265 0.21519
264 266 0.0827068
264 294 0.176796
264 295 0.186567
264 296 0.0153846
264 325 0.00613497
265 234 0.00763359
265 264 0.21519
265 266 0.0504202
265 294 0.00598802
265 296 0.241379
265 297 0.19084
265 325 0.0402685
265 326 0.05
265 327 0.0273973
266 204 0.135135
266 205 0.0891089
266 233 0.0192308
266 234 0.0471698
266 235 0.0786517
266 236 0.0403226
266 264 0.0827068
266 265 0.0504202
266 295 0.210526
266 296 0.043956
267 236 0.301724
267 268 0.0144928
267 296 0.0361446
267 298 0.0945946
267 299 0.0142857
268 236 0.0841122
268 237 0.0166667
268 267 0.0144928
268 269 0.107143
268 299 0.0819672
268 300 0.12037
269 236 0.0305344
269 237 0.238095
269 238 0.0444444
269 239 0.155963
269 268 0.107143
269 270 0.115385
269 299 0.0117647
269 300 0.0227273
270 239 0.0190476
270 269 0.115385
270 271 0.152941
270 300 0.109375
270 332 0.260417
271 239 0.0111111
271 240 0.0116279
271 241 0.0422535
271 270 0.152941
271 272 0.128571
271 302 0.0135135
271 332 0.0864198
272 241 0.056338
272 271 0.128571
272 273 0.128205
272 302 0.0810811
272 303 0.021978
273 242 0.164706
273 272 0.128205
273 274 0.076087
273 303 0.111111
273 304 0.105263
273 305 0.0769231
274 242 0.043956
274 243 0.00729927
274 273 0.076087
274 275 0.0961538
274 305 0.0833333
274 306 0.218978
275 212 0.0806452
275 243 0.027972
275 244 0.0487805
275 246 0.024
275 274 0.0961538
275 276 0.315789
275 277 0.0194175
275 306 0.216783
275 308 0.00854701
276 212 0.110092
276 213 0.0149254
276 243 0.0546875
276 244 0.402985
276 245 0.011236
276 246 0.00909091
276 275 0.315789
276 277 0.0340909
276 306 0.0078125
277 244 0.2
277 245 0.360825
277 246 0.29661
277 275 0.0194175
277 276 0.0340909
277 278 0.015748
277 308 0.0272727
278 216 0.0193548
278 246 0.268456
278 247 0.116129
278 277 0.015748
278 308 0.170213
278 309 0.0542636
279 280 0.349057
279 311 0.195489
280 249 0.229885
280 279 0.349057
280 310 0.010989
280 311 0.0542636
280 312 0.0588235
281 250 0.11
281 251 0.0588235
281 312 0.0810811
281 313 0.236364
281 343 0.132075
282 251 0.0108696
282 252 0.116279
282 253 0.0283019
282 283 0.22807
282 313 0.22
283 253 0.031746
283 282 0.22807
283 314 0.329897
283 315 0.136364
283 345 0.00680272
283 348 0.031746
284 253 0.173228
284 254 0.109375
284 255 0.0178571
284 285 0.326087
285 253 0.0155039
285 254 0.0230769
285 284 0.326087
285 286 0.0699301
285 315 0.111111
285 316 0.147651
285 317 0.00854701
285 347 0.0472441
285 348 0.00775194
286 254 0.0150376
286 255 0.213675
286 256 0.00699301
286 285 0.0699301
286 287 0.104478
286 288 0.159664
286 317 0.1
286 318 0.00609756
286 349 0.0265487
287 225 0.0186335
287 256 0.10687
287 257 0.322581
287 286 0.104478
287 288 0.0186916
287 289 0.00806452
288 257 0.192661
288 286 0.159664
288 287 0.0186916
288 317 0.0107527
288 318 0.080292
288 349 0.0697674
288 350 0.0166667
289 225 0.00613497
289 226 0.076087
289 228 0.0408163
289 257 0.031746
289 258 0.1875
289 259 0.018018
289 287 0.00806452
289 290 0.289474
289 320 0.0970149
290 257 0.254386
290 259 0.030303
290 289 0.289474
290 291 0.169355
290 320 0.196721
290 321 0.00847458
291 259 0.0330578
291 260 0.12
291 261 0.159664
291 290 0.169355
291 292 0.0461538
291 320 0.0208333
291 321 0.00714286
291 323 0.152778
291 352 0.00699301
292 261 0.00970874
292 262 0.0215054
292 291 0.0461538
292 293 0.0762712
292 322 0.316832
292 323 0.117188
292 324 0.037594
292 355 0.0507246
293 262 0.0515464
293 292 0.0762712
293 294 0.262821
293 324 0.080292
293 325 0.0434783
293 355 0.028169
293 356 0.00877193
294 234 0.00649351
294 262 0.0687023
294 263 0.113636
294 264 0.176796
294 265 0.00598802
294 293 0.262821
294 295 0.0559441
294 325 0.0581395
294 326 0.013986
295 234 0.0373832
295 235 0.122222
295 264 0.186567
295 266 0.210526
295 294 0.0559441
296 236 0.0165289
296 264 0.0153846
296 265 0.241379
296 266 0.043956
296 267 0.0361446
296 297 0.135922
296 298 0.151899
296 329 0.0103093
297 265 0.19084
297 296 0.135922
297 298 0.106383
297 327 0.0676692
297 328 0.0526316
297 329 0.0446429
297 358 0.0390625
298 267 0.0945946
298 296 0.151899
298 297 0.106383
298 299 0.121212
298 329 0.0454545
299 236 0.00925926
299 267 0.0142857
299 268 0.0819672
299 269 0.0117647
299 298 0.121212
299 300 0.0825688
299 329 0.0357143
299 330 0.0322581
300 268 0.12037
300 269 0.0227273
300 270 0.109375
300 299 0.0825688
300 330 0.0550459
300 331 0.25
300 332 0.0564516
300 333 0.0393701
300 362 0.03125
301 302 0.2
301 332 0.38806
301 333 0.0285714
302 271 0.0135135
302 272 0.0810811
302 301 0.2
302 303 0.0736842
302 332 0.0941176
302 333 0.0568182
302 334 0.0384615
303 272 0.021978
303 273 0.111111
303 302 0.0736842
303 304 0.314607
303 305 0.032967
303 334 0.105263
303 335 0.010101
303 336 0.0326087
304 273 0.105263
304 303 0.314607
304 305 0.161765
304 334 0.0972222
304 336 0.0144928
305 273 0.0769231
305 274 0.0833333
305 303 0.032967
305 304 0.161765
305 306 0.0731707
305 336 0.0140845
305 337 0.025641
306 246 0.00632911
306 274 0.218978
306 275 0.216783
306 276 0.0078125
306 305 0.0731707
306 307 0.0955414
306 308 0.02
306 337 0.0763359
307 306 0.0955414
307 308 0.0229008
307 337 0.142857
307 338 0.216495
307 369 0.0723684
307 370 0.166667
308 246 0.0151515
308 275 0.00854701
308 277 0.0272727
308 278 0.170213
308 306 0.02
308 307 0.0229008
308 309 0.205357
308 338 0.222222
308 339 0.0377358
309 247 0.00793651
309 278 0.0542636
309 308 0.205357
309 339 0.191489
310 248 0.0384615
310 249 0.0657895
310 280 0.010989
310 311 0.110169
310 341 0.25
310 342 0.0957447
311 249 0.0263158
311 279 0.195489
311 280 0.0542636
311 310 0.110169
311 312 0.0947368
311 342 0.219697
312 249 0.0943396
312 250 0.0833333
312 280 0.0588235
312 281 0.0810811
312 311 0.0947368
312 342 0.0140845
312 343 0.121212
313 251 0.153061
313 281 0.236364
313 282 0.22
313 343 0.0588235
313 345 0.0075188
314 283 0.329897
314 348 0.0224719
315 253 0.00806452
315 283 0.136364
315 285 0.111111
315 345 0.131034
315 346 0.00925926
315 348 0.137097
315 375 0.00884956
315 376 0.008
316 285 0.147651
316 317 0.119048
316 346 0.00819672
316 347 0.602941
316 348 0.108696
316 349 0.0588235
316 380 0.0247934
317 285 0.00854701
317 286 0.1
317 288 0.0107527
317 316 0.119048
317 318 0.231884
317 347 0.0480769
317 349 0.103448
317 380 0.0337079
318 286 0.00609756
318 288 0.080292
318 317 0.231884
318 349 0.29771
318 350 0.0242424
318 351 0.0254777
318 380 0.142857
318 381 0.185484
319 320 0.289474
319 350 0.264957
320 289 0.0970149
320 290 0.196721
320 291 0.0208333
320 319 0.289474
320 321 0.0362319
320 350 0.0413793
320 351 0.0729927
321 290 0.00847458
321 291 0.00714286
321 320 0.0362319
321 351 0.105263
321 352 0.40146
321 354 0.047619
321 381 0.02
321 384 0.0921986
321 385 0.00598802
322 292 0.316832
322 323 0.182609
322 324 0.0583333
322 355 0.016
323 291 0.152778
323 292 0.117188
323 322 0.182609
323 324 0.0204082
323 352 0.191489
323 355 0.0328947
324 292 0.037594
324 293 0.080292
324 322 0.0583333
324 323 0.0204082
324 355 0.44586
324 356 0.0387597
325 264 0.00613497
325 265 0.0402685
325 293 0.0434783
325 294 0.0581395
325 326 0.384
325 327 0.0794702
325 356 0.0846154
325 357 0.024
326 265 0.05
326 294 0.013986
326 325 0.384
326 327 0.139344
326 358 0.017094
327 265 0.0273973
327 297 0.0676692
327 325 0.0794702
327 326 0.139344
327 328 0.0387597
327 357 0.114754
327 358 0.328671
328 297 0.0526316
328 327 0.0387597
328 329 0.231481
328 358 0.137097
328 359 0.195312
328 360 0.032967
329 296 0.0103093
329 297 0.0446429
329 298 0.0454545
329 299 0.0357143
329 328 0.231481
329 330 0.0714286
329 359 0.142857
329 360 0.0224719
330 299 0.0322581
330 300 0.0550459
330 329 0.0714286
330 360 0.0298507
330 361 0.05
330 362 0.0864198
330 392 0.0674157
331 300 0.25
331 332 0.02
331 333 0.15534
331 362 0.0961538
331 363 0.103448
332 270 0.260417
332 271 0.0864198
332 300 0.0564516
332 301 0.38806
332 302 0.0941176
332 331 0.02
332 333 0.105263
333 300 0.0393701
333 301 0.0285714
333 302 0.0568182
333 331 0.15534
333 332 0.105263
333 334 0.0795455
333 363 0.109756
333 364 0.0125
334 302 0.0384615
334 303 0.105263
334 304 0.0972222
334 333 0.0795455
334 335 0.0609756
334 364 0.0857143
334 365 0.0379747
335 303 0.010101
335 334 0.0609756
335 336 0.202532
335 365 0.168675
335 367 0.0123457
335 396 0.0126582
335 397 0.113402
336 303 0.0326087
336 304 0.0144928
336 305 0.0140845
336 335 0.202532
336 337 0.113924
336 367 0.027027
336 368 0.0224719
337 305 0.025641
337 306 0.0763359
337 307 0.142857
337 336 0.113924
337 368 0.0625
337 369 0.031746
337 370 0.0957447
338 307 0.216495
338 308 0.222222
338 339 0.138889
338 340 0.121622
338 369 0.00900901
338 371 0.0777778
338 402 0.0107527
339 308 0.0377358
339 309 0.191489
339 338 0.138889
339 340 0.233333
340 338 0.121622
340 339 0.233333
340 371 0.101852
341 310 0.25
341 342 0.138298
341 372 0.1
341 373 0.163636
342 310 0.0957447
342 311 0.219697
342 312 0.0140845
342 341 0.138298
342 343 0.038835
342 344 0.0366972
342 373 0.169355
342 374 0.0169492
343 281 0.132075
343 312 0.121212
343 313 0.0588235
343 342 0.038835
343 344 0.134615
343 345 0.0697674
343 373 0.00840336
343 374 0.0176991
344 342 0.0366972
344 343 0.134615
344 345 0.0592593
344 373 0.024
344 374 0.193277
344 375 0.0485437
344 406 0.0648148
345 283 0.00680272
345 313 0.0075188
345 315 0.131034
345 343 0.0697674
345 344 0.0592593
345 348 0.00719424
345 375 0.304688
345 376 0.0428571
345 407 0.0192308
345 408 0.00787402
346 315 0.00925926
346 316 0.00819672
346 348 0.196078
346 376 0.300971
346 378 0.144068
346 379 0.0537634
347 285 0.0472441
347 316 0.602941
347 317 0.0480769
347 348 0.137931
347 349 0.0309278
347 379 0.0280374
347 380 0.010101
348 283 0.031746
348 285 0.00775194
348 314 0.0224719
348 315 0.137097
348 316 0.108696
348 345 0.00719424
348 346 0.196078
348 347 0.137931
348 376 0.176471
348 378 0.00746269
348 379 0.0183486
349 286 0.0265487
349 288 0.0697674
349 316 0.0588235
349 317 0.103448
349 318 0.29771
349 347 0.0309278
349 380 0.0365854
350 288 0.0166667
350 318 0.0242424
350 319 0.264957
350 320 0.0413793
350 351 0.364286
350 381 0.168224
350 383 0.0198676
351 318 0.0254777
351 320 0.0729927
351 321 0.105263
351 350 0.364286
351 381 0.171717
351 383 0.104895
351 384 0.0142857
351 411 0.0451128
352 291 0.00699301
352 321 0.40146
352 323 0.191489
352 354 0.00775194
352 355 0.00662252
352 384 0.0138889
352 385 0.0117647
353 354 0.313953
354 321 0.047619
354 352 0.00775194
354 353 0.313953
354 355 0.0785714
354 384 0.0977444
354 385 0.0566038
355 292 0.0507246
355 293 0.028169
355 322 0.016
355 323 0.0328947
355 324 0.44586
355 352 0.00662252
355 354 0.0785714
355 356 0.0671642
355 385 0.0110497
355 386 0.0261438
356 293 0.00877193
356 324 0.0387597
356 325 0.0846154
356 355 0.0671642
356 357 0.0693069
356 386 0.168
356 387 0.0660377
357 325 0.024
357 327 0.114754
357 356 0.0693069
357 358 0.145299
357 387 0.108911
357 388 0.0277778
357 389 0.0291262
357 419 0.00826446
357 420 0.0208333
358 297 0.0390625
358 326 0.017094
358 327 0.328671
358 328 0.137097
358 357 0.145299
358 359 0.00704225
358 389 0.0564516
359 328 0.195312
359 329 0.142857
359 358 0.00704225
359 360 0.192661
359 361 0.00819672
359 389 0.09375
359 390 0.0392157
359 392 0.114504
359 422 0.0147059
360 328 0.032967
360 329 0.0224719
360 330 0.0298507
360 359 0.192661
360 392 0.138298
361 330 0.05
361 359 0.00819672
361 362 0.171717
361 392 0.242991
361 393 0.0925926
361 422 0.0267857
362 300 0.03125
362 330 0.0864198
362 331 0.0961538
362 361 0.171717
362 363 0.108434
362 393 0.0733945
362 394 0.0232558
363 331 0.103448
363 333 0.109756
363 362 0.108434
363 364 0.109375
363 394 0.0144928
364 333 0.0125
364 334 0.0857143
364 363 0.109375
364 365 0.112676
364 394 0.0447761
364 395 0.0735294
365 334 0.0379747
365 335 0.168675
365 364 0.112676
365 395 0.0779221
365 396 0.0921053
366 397 0.368421
366 398 0.012987
367 335 0.0123457
367 336 0.027027
367 368 0.131868
367 397 0.119565
