0 1 0.056
0 31 0.383333
0 32 0.0446429
1 0 0.056
1 2 0.0113636
1 3 0.103774
1 31 0.141844
1 32 0.18797
1 62 0.150376
1 63 0.0357143
2 1 0.0113636
2 3 0.264706
2 4 0.0060241
2 32 0.0184049
2 33 0.00775194
2 34 0.542105
2 35 0.0909091
2 65 0.0183486
3 1 0.103774
3 2 0.264706
3 32 0.0752688
3 33 0.0338983
3 34 0.0833333
3 35 0.0533333
3 65 0.0608108
4 2 0.0060241
4 5 0.0592593
4 34 0.0733333
4 35 0.05
4 36 0.324468
4 65 0.011236
4 67 0.030303
5 4 0.0592593
5 6 0.127072
5 7 0.0352113
5 35 0.0740741
5 36 0.370558
5 37 0.0218579
5 65 0.0106952
5 67 0.0287356
5 68 0.0239521
6 5 0.127072
6 7 0.24581
6 36 0.175214
6 37 0.0181818
6 38 0.00591716
6 39 0.17094
6 67 0.028436
6 68 0.112745
6 69 0.0269058
6 70 0.0177778
7 5 0.0352113
7 6 0.24581
7 8 0.147929
7 36 0.00512821
7 38 0.00769231
7 39 0.2
7 68 0.0121212
7 69 0.00543478
8 7 0.147929
8 9 0.10582
8 39 0.401786
8 40 0.00980392
8 68 0.00515464
8 69 0.0187793
8 71 0.0102041
8 72 0.0277778
9 8 0.10582
9 10 0.266355
9 11 0.0506329
9 39 0.0651163
9 40 0.128205
9 42 0.0617978
9 72 0.0818713
10 9 0.266355
10 11 0.28125
10 12 0.0157068
10 40 0.0829694
10 41 0.0674847
10 42 0.160377
10 43 0.0258621
10 72 0.297561
10 74 0.0110497
11 9 0.0506329
11 10 0.28125
11 12 0.133333
11 41 0.373832
11 42 0.0961538
11 43 0.0965909
11 72 0.0201342
12 10 0.0157068
12 11 0.133333
12 13 0.11194
12 41 0.0188679
12 42 0.0967742
12 43 0.102857
12 44 0.193333
12 45 0.0120482
13 12 0.11194
13 42 0.0129032
13 44 0.246667
13 45 0.0301205
13 46 0.15528
13 76 0.0882353
14 15 0.403101
14 16 0.0785714
14 44 0.248322
14 46 0.025
15 14 0.403101
15 16 0.116788
15 17 0.0163934
15 44 0.0684932
15 46 0.0254777
16 14 0.0785714
16 15 0.116788
16 17 0.37594
16 46 0.0595238
16 47 0.0273973
16 48 0.176923
16 49 0.0375
17 15 0.0163934
17 16 0.37594
17 46 0.0457516
17 47 0.236641
18 19 0.109091
18 48 0.115385
18 49 0.0373134
18 50 0.100592
18 80 0.0350877
19 18 0.109091
19 20 0.0840336
19 49 0.00675676
19 50 0.262295
19 80 0.0486486
19 82 0.101124
20 19 0.0840336
20 21 0.0521739
20 51 0.296
20 52 0.038961
20 82 0.0714286
21 20 0.0521739
21 22 0.0792079
21 52 0.322581
21 53 0.00729927
22 21 0.0792079
22 23 0.165049
22 52 0.0571429
22 53 0.0491803
22 84 0.0384615
23 22 0.165049
23 24 0.205607
23 54 0.115702
23 84 0.0413223
24 23 0.205607
24 25 0.157025
24 54 0.157407
24 56 0.0136054
24 85 0.00877193
25 24 0.157025
25 26 0.0866142
25 55 0.352941
25 56 0.0344828
25 57 0.0821918
26 25 0.0866142
26 27 0.208791
26 57 0.136
26 58 0.01
26 89 0.038835
27 26 0.208791
27 28 0.0769231
27 58 0.141176
28 27 0.0769231
28 29 0.0210526
28 58 0.0114943
28 59 0.180851
28 60 0.179245
29 28 0.0210526
29 30 0.108911
29 60 0.247934
29 61 0.0672269
29 91 0.0225564
30 29 0.108911
30 61 0.318182
31 0 0.383333
31 1 0.141844
31 32 0.0078125
31 93 0.02
32 0 0.0446429
32 1 0.18797
32 2 0.0184049
32 3 0.0752688
32 31 0.0078125
32 33 0.0348837
32 63 0.121212
32 64 0.248322
33 2 0.00775194
33 3 0.0338983
33 32 0.0348837
33 34 0.00884956
33 63 0.0153846
33 64 0.295652
33 65 0.120567
33 95 0.091954
33 96 0.0594059
33 97 0.0197368
34 2 0.542105
34 3 0.0833333
34 4 0.0733333
34 33 0.00884956
34 35 0.112745
34 65 0.0940594
34 67 0.026455
34 97 0.0140845
35 2 0.0909091
35 3 0.0533333
35 4 0.05
35 5 0.0740741
35 34 0.112745
35 36 0.157025
35 37 0.0307018
35 65 0.206897
35 67 0.0456621
35 97 0.139918
36 4 0.324468
36 5 0.370558
36 6 0.175214
36 7 0.00512821
36 35 0.157025
36 37 0.0720339
36 65 0.05
36 67 0.162996
36 68 0.0590909
36 97 0.0398406
37 5 0.0218579
37 6 0.0181818
37 35 0.0307018
37 36 0.0720339
37 38 0.105263
37 66 0.00961538
37 67 0.112676
37 68 0.296117
37 69 0.102222
37 97 0.0126582
37 99 0.0245098
38 6 0.00591716
38 7 0.00769231
38 37 0.105263
38 39 0.00540541
38 68 0.116129
38 69 0.321839
38 70 0.0681818
38 71 0.0955414
38 99 0.0130719
38 101 0.0740741
39 6 0.17094
39 7 0.2
39 8 0.401786
39 9 0.0651163
39 38 0.00540541
39 40 0.0869565
39 68 0.0181818
39 69 0.0669456
39 70 0.06639
39 71 0.0135135
39 72 0.00970874
40 8 0.00980392
40 9 0.128205
40 10 0.0829694
40 39 0.0869565
40 42 0.0259067
40 70 0.0769231
40 71 0.0346535
40 72 0.317204
40 102 0.0379147
40 103 0.0725389
40 104 0.00518135
41 10 0.0674847
41 11 0.373832
41 12 0.0188679
41 42 0.0393701
41 43 0.0816327
41 72 0.0666667
41 73 0.0517241
41 74 0.0104167
41 104 0.0629921
42 9 0.0617978
42 10 0.160377
42 11 0.0961538
42 12 0.0967742
42 13 0.0129032
42 40 0.0259067
42 41 0.0393701
42 43 0.234694
42 45 0.0534759
42 72 0.12426
42 74 0.110345
42 76 0.00636943
42 103 0.0113636
42 104 0.0454545
42 105 0.0102041
43 10 0.0258621
43 11 0.0965909
43 12 0.102857
43 41 0.0816327
43 42 0.234694
43 44 0.026178
43 45 0.318841
43 74 0.0484848
43 76 0.0112994
43 104 0.0459184
43 105 0.0231481
44 12 0.193333
44 13 0.246667
44 14 0.248322
44 15 0.0684932
44 43 0.026178
44 45 0.0164835
44 46 0.118644
44 76 0.0263158
44 77 0.00628931
45 12 0.0120482
45 13 0.0301205
45 42 0.0534759
45 43 0.318841
45 44 0.0164835
45 46 0.00518135
45 74 0.0705128
45 75 0.0121212
45 76 0.345238
45 104 0.00534759
45 105 0.00966184
45 108 0.0224719
46 13 0.15528
46 14 0.025
46 15 0.0254777
46 16 0.0595238
46 17 0.0457516
46 44 0.118644
46 45 0.00518135
46 47 0.259036
46 76 0.116564
46 77 0.117647
46 78 0.00507614
46 79 0.0157068
46 108 0.017341
47 16 0.0273973
47 17 0.236641
47 46 0.259036
47 79 0.100592
48 16 0.176923
48 18 0.115385
48 49 0.225352
48 80 0.00558659
49 16 0.0375
49 18 0.0373134
49 19 0.00675676
49 48 0.225352
49 50 0.0531401
49 78 0.010582
49 79 0.333333
49 80 0.15311
49 111 0.0428571
50 18 0.100592
50 19 0.262295
50 49 0.0531401
50 51 0.026455
50 80 0.270492
50 81 0.0106383
50 82 0.209459
50 110 0.01
50 111 0.0171429
50 113 0.00578035
51 20 0.296
51 50 0.026455
51 52 0.0545455
51 81 0.296296
51 82 0.0526316
51 112 0.0143885
51 113 0.0833333
52 20 0.038961
52 21 0.322581
52 22 0.0571429
52 51 0.0545455
52 53 0.1875
52 83 0.0568182
52 113 0.0872483
53 21 0.00729927
53 22 0.0491803
53 52 0.1875
53 83 0.0632911
53 84 0.307143
53 114 0.0299401
54 23 0.115702
54 24 0.157407
54 84 0.0737705
54 85 0.242188
55 25 0.352941
55 56 0.123457
55 87 0.0201342
56 24 0.0136054
56 25 0.0344828
56 55 0.123457
56 57 0.110465
56 85 0.0299401
56 86 0.117241
56 87 0.454545
56 88 0.00645161
56 117 0.00641026
57 25 0.0821918
57 26 0.136
57 56 0.110465
57 88 0.0708661
57 89 0.147541
57 120 0.016
58 26 0.01
58 27 0.141176
58 28 0.0114943
58 59 0.19802
58 89 0.154639
58 90 0.0625
58 121 0.030303
59 28 0.180851
59 58 0.19802
59 60 0.075
59 90 0.116505
59 91 0.0227273
59 121 0.00943396
59 122 0.0296296
60 28 0.179245
60 29 0.247934
60 59 0.075
60 91 0.0972222
61 29 0.0672269
61 30 0.318182
61 91 0.112676
61 92 0.235294
62 1 0.150376
62 63 0.171717
62 93 0.195652
62 124 0.0746269
63 1 0.0357143
63 32 0.121212
63 33 0.0153846
63 62 0.171717
63 64 0.0625
63 94 0.101124
63 124 0.0884956
64 32 0.248322
64 33 0.295652
64 63 0.0625
64 94 0.057554
64 95 0.186667
65 2 0.0183486
65 3 0.0608108
65 4 0.011236
65 5 0.0106952
65 33 0.120567
65 34 0.0940594
65 35 0.206897
65 36 0.05
65 66 0.0330189
65 67 0.175115
65 96 0.0210526
65 97 0.381743
66 37 0.00961538
66 65 0.0330189
66 67 0.180905
66 97 0.0762332
66 98 0.322368
66 99 0.0263158
66 127 0.0916031
66 128 0.0512821
66 129 0.142857
66 130 0.0167598
67 4 0.030303
67 5 0.0287356
67 6 0.028436
67 34 0.026455
67 35 0.0456621
67 36 0.162996
67 37 0.112676
67 65 0.175115
67 66 0.180905
67 68 0.0101523
67 97 0.245614
67 98 0.00636943
68 5 0.0239521
68 6 0.112745
68 7 0.0121212
68 8 0.00515464
68 36 0.0590909
68 37 0.296117
68 38 0.116129
68 39 0.0181818
68 67 0.0101523
68 69 0.22488
68 70 0.014218
68 99 0.0425532
68 130 0.169492
69 6 0.0269058
69 7 0.00543478
69 8 0.0187793
69 37 0.102222
69 38 0.321839
69 39 0.0669456
69 68 0.22488
69 70 0.26087
69 71 0.199052
69 99 0.0821256
69 101 0.0740741
69 102 0.0181818
69 130 0.0663265
69 131 0.0152284
69 132 0.00985222
70 6 0.0177778
70 38 0.0681818
70 39 0.06639
70 40 0.0769231
70 68 0.014218
70 69 0.26087
70 71 0.314554
70 72 0.0304569
70 99 0.0239234
70 100 0.0136986
70 101 0.151832
70 102 0.126126
70 103 0.0196078
70 131 0.0201005
70 132 0.0926829
71 8 0.0102041
71 38 0.0955414
71 39 0.0135135
71 40 0.0346535
71 69 0.199052
71 70 0.314554
71 72 0.0617978
71 101 0.0639535
71 102 0.157635
71 103 0.0108108
71 132 0.00537634
72 8 0.0277778
72 9 0.0818713
72 10 0.297561
72 11 0.0201342
72 39 0.00970874
72 40 0.317204
72 41 0.0666667
72 42 0.12426
72 70 0.0304569
72 71 0.0617978
72 73 0.01
72 74 0.00724638
72 102 0.0427807
72 103 0.0473373
72 104 0.035503
72 105 0.015873
73 41 0.0517241
73 72 0.01
73 102 0.056
73 103 0.0373832
73 104 0.242991
73 105 0.0551181
73 136 0.00943396
74 10 0.0110497
74 41 0.0104167
74 42 0.110345
74 43 0.0484848
74 45 0.0705128
74 72 0.00724638
74 75 0.0325203
74 76 0.047619
74 104 0.0275862
74 105 0.2
74 136 0.152778
75 45 0.0121212
75 74 0.0325203
75 76 0.125926
75 77 0.0211268
75 105 0.00574713
75 106 0.107692
75 107 0.337748
75 108 0.00689655
75 136 0.0457516
75 137 0.0814815
75 138 0.0748299
76 13 0.0882353
76 42 0.00636943
76 43 0.0112994
76 44 0.0263158
76 45 0.345238
76 46 0.116564
76 74 0.047619
76 75 0.125926
76 77 0.110345
76 107 0.012987
76 108 0.0135135
77 44 0.00628931
77 46 0.117647
77 75 0.0211268
77 76 0.110345
77 78 0.162011
77 79 0.0289017
77 107 0.0186335
77 108 0.329032
77 109 0.0235294
77 139 0.0135135
77 140 0.00746269
78 46 0.00507614
78 49 0.010582
78 77 0.162011
78 79 0.155
78 108 0.230769
78 109 0.162437
78 110 0.00549451
78 111 0.0318471
78 139 0.12
78 140 0.0124224
79 46 0.0157068
79 47 0.100592
79 49 0.333333
79 77 0.0289017
79 78 0.155
79 80 0.231818
79 110 0.0113636
79 111 0.0463576
80 18 0.0350877
80 19 0.0486486
80 48 0.00558659
80 49 0.15311
80 50 0.270492
80 79 0.231818
80 81 0.00526316
80 110 0.133663
80 111 0.19774
81 50 0.0106383
81 51 0.296296
81 80 0.00526316
81 82 0.0531915
81 110 0.0205479
81 111 0.0743802
81 112 0.347826
81 113 0.00840336
81 143 0.00917431
81 144 0.121212
82 19 0.101124
82 20 0.0714286
82 50 0.209459
82 51 0.0526316
82 81 0.0531915
82 112 0.0204082
82 113 0.0126582
83 52 0.0568182
83 53 0.0632911
83 113 0.244275
83 114 0.269461
83 145 0.025974
84 22 0.0384615
84 23 0.0413223
84 53 0.307143
84 54 0.0737705
84 114 0.0134228
84 115 0.145299
84 146 0.025
85 24 0.00877193
85 54 0.242188
85 56 0.0299401
85 86 0.107143
85 116 0.0518519
85 146 0.126984
86 56 0.117241
86 85 0.107143
86 87 0.0378788
86 116 0.079646
86 117 0.029703
86 147 0.0631579
87 55 0.0201342
87 56 0.454545
87 86 0.0378788
87 88 0.028169
87 117 0.0979021
88 56 0.00645161
88 57 0.0708661
88 87 0.028169
88 117 0.018018
88 119 0.270492
88 120 0.157407
88 148 0.0642202
89 26 0.038835
89 57 0.147541
89 58 0.154639
89 120 0.165049
89 121 0.186275
89 152 0.0102041
90 58 0.0625
90 59 0.116505
90 121 0.178218
90 122 0.261538
90 153 0.0366972
91 29 0.0225564
91 59 0.0227273
91 60 0.0972222
91 61 0.112676
91 92 0.195489
91 122 0.125786
91 123 0.0759494
92 61 0.235294
92 91 0.195489
92 123 0.185185
93 31 0.02
93 62 0.195652
93 124 0.103774
94 63 0.101124
94 64 0.057554
94 95 0.117117
94 124 0.120968
94 125 0.21875
94 126 0.0162602
94 156 0.0325203
94 157 0.0310078
95 33 0.091954
95 64 0.186667
95 94 0.117117
95 96 0.0294118
95 125 0.00934579
95 126 0.0820896
95 156 0.0746269
96 33 0.0594059
96 65 0.0210526
96 95 0.0294118
96 97 0.0845771
96 126 0.452703
96 127 0.40367
96 128 0.0115607
96 158 0.0454545
97 33 0.0197368
97 34 0.0140845
97 35 0.139918
97 36 0.0398406
97 37 0.0126582
97 65 0.381743
97 66 0.0762332
97 67 0.245614
97 96 0.0845771
97 98 0.0662983
97 127 0.04375
98 66 0.322368
98 67 0.00636943
98 97 0.0662983
98 99 0.0337838
98 127 0.011236
98 128 0.0718954
98 129 0.107143
98 130 0.0583942
98 131 0.0362319
98 161 0.0340909
98 162 0.00666667
99 37 0.0245098
99 38 0.0130719
99 66 0.0263158
99 68 0.0425532
99 69 0.0821256
99 70 0.0239234
99 98 0.0337838
99 100 0.163265
99 101 0.0535714
99 129 0.0042735
99 130 0.337143
99 131 0.323864
99 162 0.218085
99 163 0.00555556
100 70 0.0136986
100 99 0.163265
100 101 0.11236
100 102 0.00478469
100 130 0.0540541
100 131 0.392473
100 132 0.078125
100 133 0.0552147
100 160 0.0180995
100 162 0.348485
100 163 0.0947368
100 164 0.097561
101 38 0.0740741
101 69 0.0740741
101 70 0.151832
101 71 0.0639535
101 99 0.0535714
101 100 0.11236
101 102 0.176796
101 130 0.0127389
101 131 0.0949367
101 132 0.0853659
101 133 0.00740741
101 162 0.0411765
101 164 0.0564972
102 40 0.0379147
102 69 0.0181818
102 70 0.126126
102 71 0.157635
102 72 0.0427807
102 73 0.056
102 100 0.00478469
102 101 0.176796
102 103 0.185567
102 104 0.0927835
102 132 0.235897
102 133 0.0421687
102 134 0.0248756
102 164 0.0961538
103 40 0.0725389
103 42 0.0113636
103 70 0.0196078
103 71 0.0108108
103 72 0.0473373
103 73 0.0373832
103 102 0.185567
103 104 0.170455
103 105 0.0969388
103 132 0.0621469
103 134 0.0928962
103 136 0.00571429
103 164 0.0105263
103 166 0.0552147
104 40 0.00518135
104 41 0.0629921
104 42 0.0454545
104 43 0.0459184
104 45 0.00534759
104 72 0.035503
104 73 0.242991
104 74 0.0275862
104 102 0.0927835
104 103 0.170455
104 105 0.408163
104 133 0.00675676
104 134 0.0218579
104 136 0.0857143
104 166 0.0306748
104 168 0.00574713
105 42 0.0102041
105 43 0.0231481
105 45 0.00966184
105 72 0.015873
105 73 0.0551181
105 74 0.2
105 75 0.00574713
105 103 0.0969388
105 104 0.408163
105 134 0.0147783
105 135 0.0338983
105 136 0.292308
105 138 0.021164
105 166 0.0983607
105 168 0.0773196
106 75 0.107692
106 107 0.261745
106 136 0.00662252
106 137 0.330827
106 138 0.0137931
107 75 0.337748
107 76 0.012987
107 77 0.0186335
107 106 0.261745
107 108 0.00609756
107 109 0.027933
107 136 0.0116279
107 137 0.038961
107 138 0.0060241
107 140 0.0699301
108 45 0.0224719
108 46 0.017341
108 75 0.00689655
108 76 0.0135135
108 77 0.329032
108 78 0.230769
108 107 0.00609756
108 109 0.0578035
108 139 0.0397351
109 77 0.0235294
109 78 0.162437
109 107 0.027933
109 108 0.0578035
109 137 0.0122699
109 139 0.385542
109 140 0.388158
109 170 0.0365854
109 172 0.0454545
110 50 0.01
110 78 0.00549451
110 79 0.0113636
110 80 0.133663
110 81 0.0205479
110 111 0.338346
110 141 0.0393258
110 142 0.0247934
110 171 0.00598802
110 172 0.0434783
110 173 0.178295
110 174 0.0238095
111 49 0.0428571
111 50 0.0171429
111 78 0.0318471
111 79 0.0463576
111 80 0.19774
111 81 0.0743802
111 110 0.338346
111 112 0.04
111 142 0.0104167
111 143 0.0625
111 171 0.00704225
111 172 0.0514706
111 173 0.115385
111 174 0.00699301
112 51 0.0143885
112 81 0.347826
112 82 0.0204082
112 111 0.04
112 142 0.0176991
112 143 0.0530973
112 174 0.1875
113 50 0.00578035
113 51 0.0833333
113 52 0.0872483
113 81 0.00840336
113 82 0.0126582
113 83 0.244275
113 114 0.0214286
113 144 0.142857
114 53 0.0299401
114 83 0.269461
114 84 0.0134228
114 113 0.0214286
114 115 0.104167
114 144 0.0166667
114 145 0.159509
114 176 0.112299
115 84 0.145299
115 114 0.104167
115 146 0.173913
115 176 0.103226
115 177 0.047619
116 85 0.0518519
116 86 0.079646
116 146 0.188976
116 147 0.101695
116 177 0.247863
116 178 0.1
117 56 0.00641026
117 86 0.029703
117 87 0.0979021
117 88 0.018018
117 147 0.160377
117 148 0.309091
117 179 0.034188
118 119 0.151261
118 148 0.207547
118 149 0.0821918
118 150 0.175
119 88 0.270492
119 118 0.151261
119 148 0.0909091
119 150 0.237037
119 181 0.0153846
119 182 0.0434783
120 57 0.016
120 88 0.157407
120 89 0.165049
120 151 0.0727273
120 152 0.108911
120 182 0.0990099
121 58 0.030303
121 59 0.00943396
121 89 0.186275
121 90 0.178218
121 152 0.2
121 153 0.0803571
122 59 0.0296296
122 90 0.261538
122 91 0.125786
122 123 0.0931677
122 153 0.0425532
122 154 0.253247
123 91 0.0759494
123 92 0.185185
123 122 0.0931677
123 154 0.248366
124 62 0.0746269
124 63 0.0884956
124 93 0.103774
124 94 0.120968
124 125 0.00833333
124 155 0.186047
124 156 0.00680272
125 94 0.21875
125 95 0.00934579
125 124 0.00833333
125 126 0.0336134
125 156 0.252101
125 157 0.056
125 189 0.00943396
126 94 0.0162602
126 95 0.0820896
126 96 0.452703
126 125 0.0336134
126 127 0.0560748
126 156 0.00684932
126 157 0.0263158
126 158 0.0462963
126 188 0.046729
126 189 0.278196
127 66 0.0916031
127 96 0.40367
127 97 0.04375
127 98 0.011236
127 126 0.0560748
127 128 0.128788
127 129 0.0114286
127 158 0.0724638
127 189 0.106383
127 190 0.00775194
128 66 0.0512821
128 96 0.0115607
128 98 0.0718954
128 127 0.128788
128 129 0.276151
128 158 0.142857
128 159 0.0137931
128 161 0.0273973
128 189 0.0379747
128 190 0.181347
128 191 0.0503597
129 66 0.142857
129 98 0.107143
129 99 0.0042735
129 127 0.0114286
129 128 0.276151
129 158 0.00568182
129 160 0.019305
129 161 0.145038
129 190 0.0762712
130 66 0.0167598
130 68 0.169492
130 69 0.0663265
130 98 0.0583942
130 99 0.337143
130 100 0.0540541
130 101 0.0127389
130 131 0.0666667
130 162 0.0451977
131 69 0.0152284
131 70 0.0201005
131 98 0.0362319
131 99 0.323864
131 100 0.392473
131 101 0.0949367
131 130 0.0666667
131 132 0.0116279
131 133 0.00699301
131 159 0.00769231
131 160 0.00497512
131 161 0.00980392
131 162 0.134831
131 163 0.00588235
131 164 0.0162162
131 192 0.02
132 69 0.00985222
132 70 0.0926829
132 71 0.00537634
132 100 0.078125
132 101 0.0853659
132 102 0.235897
132 103 0.0621469
132 131 0.0116279
132 133 0.0805369
132 134 0.0326087
132 162 0.00543478
132 164 0.319372
132 165 0.131068
132 197 0.0106952
133 100 0.0552147
133 101 0.00740741
133 102 0.0421687
133 104 0.00675676
133 131 0.00699301
133 132 0.0805369
133 134 0.0129032
133 163 0.190476
133 164 0.327161
133 165 0.0621469
133 193 0.0291971
133 194 0.0333333
133 195 0.0763889
133 197 0.0506329
134 102 0.0248756
134 103 0.0928962
134 104 0.0218579
134 105 0.0147783
134 132 0.0326087
134 133 0.0129032
134 135 0.140244
134 136 0.0549451
134 164 0.0253807
134 165 0.221698
134 166 0.217647
134 168 0.038674
134 196 0.037037
134 197 0.326425
135 105 0.0338983
135 134 0.140244
135 136 0.0384615
135 165 0.0107527
135 166 0.0277778
135 167 0.0657895
135 168 0.129032
135 196 0.190184
135 197 0.209581
135 198 0.0267857
135 199 0.047619
136 73 0.00943396
136 74 0.152778
136 75 0.0457516
136 103 0.00571429
136 104 0.0857143
136 105 0.292308
136 106 0.00662252
136 107 0.0116279
136 134 0.0549451
136 135 0.0384615
136 137 0.00641026
136 138 0.14881
136 166 0.17284
136 167 0.00588235
136 168 0.179191
136 197 0.00540541
137 75 0.0814815
137 106 0.330827
137 107 0.038961
137 109 0.0122699
137 136 0.00641026
137 138 0.306667
137 139 0.0921986
137 140 0.0472441
137 167 0.00657895
137 168 0.0129032
137 170 0.0647482
138 75 0.0748299
138 105 0.021164
138 106 0.0137931
138 107 0.0060241
138 136 0.14881
138 137 0.306667
138 139 0.0261438
138 166 0.121795
138 167 0.176829
138 168 0.0778443
138 170 0.0794702
139 77 0.0135135
139 78 0.12
139 108 0.0397351
139 109 0.385542
139 137 0.0921986
139 138 0.0261438
139 140 0.0615385
139 169 0.0851064
139 170 0.147887
139 202 0.00746269
140 77 0.00746269
140 78 0.0124224
140 107 0.0699301
140 109 0.388158
140 137 0.0472441
140 139 0.0615385
140 170 0.0390625
140 171 0.109589
140 172 0.114286
140 202 0.025
141 110 0.0393258
141 142 0.0070922
141 171 0.187166
141 172 0.0828729
141 173 0.120805
141 201 0.160428
141 202 0.00621118
141 203 0.138728
141 204 0.0122699
142 110 0.0247934
142 111 0.0104167
142 112 0.0176991
142 141 0.0070922
142 143 0.0238095
142 173 0.304348
142 174 0.0610687
142 175 0.222222
142 203 0.0172414
142 204 0.179245
143 81 0.00917431
143 111 0.0625
143 112 0.0530973
143 142 0.0238095
143 144 0.0945946
143 145 0.0512821
143 174 0.29771
143 175 0.031746
143 205 0.0326087
143 206 0.0561798
144 81 0.121212
144 113 0.142857
144 114 0.0166667
144 143 0.0945946
144 145 0.0841122
144 174 0.0495868
145 83 0.025974
145 114 0.159509
145 143 0.0512821
145 144 0.0841122
145 176 0.247126
145 206 0.0409836
145 207 0.00746269
146 84 0.025
146 85 0.126984
146 115 0.173913
146 116 0.188976
146 177 0.0277778
147 86 0.0631579
147 116 0.101695
147 117 0.160377
147 178 0.156863
147 179 0.0720721
148 88 0.0642202
148 117 0.309091
148 118 0.207547
148 119 0.0909091
148 179 0.00869565
148 210 0.00900901
149 118 0.0821918
149 150 0.037037
149 180 0.386503
149 181 0.10828
149 210 0.0264901
149 211 0.167702
149 212 0.00628931
150 118 0.175
150 119 0.237037
150 149 0.037037
150 180 0.131387
150 181 0.145038
151 120 0.0727273
151 152 0.161905
151 153 0.0512821
151 182 0.047619
151 183 0.0411765
151 213 0.390244
151 214 0.00833333
151 215 0.0105263
152 89 0.0102041
152 120 0.108911
152 121 0.2
152 151 0.161905
152 153 0.0648148
153 90 0.0366972
153 121 0.0803571
153 122 0.0425532
153 151 0.0512821
153 152 0.0648148
153 154 0.135338
153 183 0.017341
153 184 0.107143
153 185 0.032967
153 213 0.015873
154 122 0.253247
154 123 0.248366
154 153 0.135338
155 124 0.186047
155 156 0.0546875
155 186 0.08
155 187 0.127517
156 94 0.0325203
156 95 0.0746269
156 124 0.00680272
156 125 0.252101
156 126 0.00684932
156 155 0.0546875
156 157 0.217105
156 187 0.0838323
156 188 0.0560748
157 94 0.0310078
157 125 0.056
157 126 0.0263158
157 156 0.217105
157 187 0.127168
157 188 0.0442478
157 218 0.232258
157 220 0.00699301
158 96 0.0454545
158 126 0.0462963
158 127 0.0724638
158 128 0.142857
158 129 0.00568182
158 188 0.057971
158 189 0.410526
158 190 0.00769231
158 220 0.0808081
158 222 0.144444
159 128 0.0137931
159 131 0.00769231
159 160 0.187879
159 161 0.113095
159 162 0.00704225
159 190 0.0633803
159 191 0.636364
159 192 0.00877193
159 221 0.0337079
160 100 0.0180995
160 129 0.019305
160 131 0.00497512
160 159 0.187879
160 161 0.351464
160 162 0.0187793
160 163 0.0292683
160 190 0.0234742
160 191 0.0691824
160 192 0.47027
160 194 0.0384615
160 221 0.00803213
160 223 0.0854701
160 224 0.0115607
161 98 0.0340909
161 128 0.0273973
161 129 0.145038
161 131 0.00980392
161 159 0.113095
161 160 0.351464
161 162 0.0138889
161 190 0.0648148
161 191 0.0123457
161 192 0.111702
161 223 0.0379747
162 98 0.00666667
162 99 0.218085
162 100 0.348485
162 101 0.0411765
162 130 0.0451977
162 131 0.134831
162 132 0.00543478
162 159 0.00704225
162 160 0.0187793
162 161 0.0138889
162 163 0.181319
162 164 0.0101523
162 192 0.0925926
162 193 0.0116279
162 194 0.0540541
163 99 0.00555556
163 100 0.0947368
163 131 0.00588235
163 133 0.190476
163 160 0.0292683
163 162 0.181319
163 164 0.021164
163 165 0.00490196
163 192 0.0844156
163 193 0.146341
163 194 0.327684
163 195 0.0409357
163 224 0.00704225
163 225 0.0116959
163 226 0.00434783
164 100 0.097561
164 101 0.0564972
164 102 0.0961538
164 103 0.0105263
164 131 0.0162162
164 132 0.319372
164 133 0.327161
164 134 0.0253807
164 162 0.0101523
164 163 0.021164
164 165 0.237443
164 194 0.109375
164 195 0.0107527
164 197 0.055
165 132 0.131068
165 133 0.0621469
165 134 0.221698
165 135 0.0107527
165 163 0.00490196
165 164 0.237443
165 166 0.0260417
165 194 0.0193237
165 195 0.0298507
165 196 0.028436
165 197 0.223256
165 226 0.00384615
166 103 0.0552147
166 104 0.0306748
166 105 0.0983607
166 134 0.217647
166 135 0.0277778
166 136 0.17284
166 138 0.121795
166 165 0.0260417
166 167 0.0189873
166 168 0.111801
166 197 0.0809249
167 135 0.0657895
167 136 0.00588235
167 137 0.00657895
167 138 0.176829
167 166 0.0189873
167 168 0.284024
167 169 0.0263158
167 170 0.00653595
167 196 0.0282486
167 197 0.00552486
167 198 0.0238095
167 199 0.0642857
167 228 0.027027
167 230 0.10303
167 231 0.0647059
168 104 0.00574713
168 105 0.0773196
168 134 0.038674
168 135 0.129032
168 136 0.179191
168 137 0.0129032
168 138 0.0778443
168 166 0.111801
168 167 0.284024
168 196 0.0111111
168 197 0.0108696
168 199 0.027972
168 230 0.0178571
169 139 0.0851064
169 167 0.0263158
169 170 0.302158
169 200 0.127119
169 202 0.0152672
169 230 0.0860927
169 231 0.160256
169 232 0.0330578
169 233 0.010929
170 109 0.0365854
170 137 0.0647482
170 138 0.0794702
170 139 0.147887
170 140 0.0390625
170 167 0.00653595
170 169 0.302158
170 171 0.0126582
170 172 0.00657895
170 201 0.0189873
170 202 0.174242
170 230 0.0197368
170 231 0.0127389
170 232 0.0409836
171 110 0.00598802
171 111 0.00704225
171 140 0.109589
171 141 0.187166
171 170 0.0126582
171 172 0.470588
171 201 0.153409
171 202 0.106667
172 109 0.0454545
172 110 0.0434783
172 111 0.0514706
172 140 0.114286
172 141 0.0828729
172 170 0.00657895
172 171 0.470588
172 201 0.0117647
172 202 0.145833
173 110 0.178295
173 111 0.115385
173 141 0.120805
173 142 0.304348
173 175 0.0422535
173 203 0.0403226
173 204 0.0614035
174 110 0.0238095
174 111 0.00699301
174 112 0.1875
174 142 0.0610687
174 143 0.29771
174 144 0.0495868
174 175 0.1
174 205 0.115108
174 206 0.00735294
175 142 0.222222
175 143 0.031746
175 173 0.0422535
175 174 0.1
175 203 0.0105263
175 204 0.129412
175 205 0.112676
176 114 0.112299
176 115 0.103226
176 145 0.247126
176 177 0.0878378
176 206 0.00684932
176 207 0.196203
176 237 0.0264901
176 239 0.00699301
177 115 0.047619
177 116 0.247863
177 146 0.0277778
177 176 0.0878378
177 178 0.039604
177 207 0.00925926
177 208 0.0659341
177 239 0.0537634
178 116 0.1
178 147 0.156863
178 177 0.039604
178 179 0.0442478
178 208 0.159574
178 209 0.0344828
178 240 0.135922
179 117 0.034188
179 147 0.0720721
179 148 0.00869565
179 178 0.0442478
179 209 0.16
179 210 0.381356
179 241 0.0869565
179 242 0.013245
180 149 0.386503
180 150 0.131387
180 181 0.0606061
181 119 0.0153846
181 149 0.10828
181 150 0.145038
181 180 0.0606061
181 182 0.0900901
181 211 0.0923077
181 212 0.234375
182 119 0.0434783
182 120 0.0990099
182 151 0.047619
182 181 0.0900901
182 183 0.0124224
182 184 0.0078125
182 212 0.0884956
182 213 0.149123
183 151 0.0411765
183 153 0.017341
183 182 0.0124224
183 184 0.414508
183 213 0.0782123
183 214 0.363636
183 215 0.264901
183 216 0.00598802
183 244 0.191781
183 245 0.0106383
183 247 0.0344828
184 153 0.107143
184 182 0.0078125
184 183 0.414508
184 185 0.0810811
184 213 0.0273973
184 214 0.0559441
184 215 0.169492
184 216 0.126866
184 244 0.102151
184 245 0.0193548
184 246 0.0384615
184 247 0.158824
185 153 0.032967
185 184 0.0810811
185 216 0.0823529
185 246 0.00934579
185 247 0.0826446
186 155 0.08
186 187 0.0438596
186 217 0.140625
187 155 0.127517
187 156 0.0838323
187 157 0.127168
187 186 0.0438596
187 217 0.101449
187 218 0.0588235
187 248 0.0733945
187 249 0.0745342
188 126 0.046729
188 156 0.0560748
188 157 0.0442478
188 158 0.057971
188 189 0.0638298
188 190 0.0155039
188 218 0.0545455
188 219 0.211538
188 220 0.428571
188 222 0.0786517
188 250 0.019802
188 252 0.0636364
189 125 0.00943396
189 126 0.278196
189 127 0.106383
189 128 0.0379747
189 158 0.410526
189 188 0.0638298
189 190 0.0258065
189 219 0.025641
189 220 0.177419
189 222 0.0869565
190 127 0.00775194
190 128 0.181347
190 129 0.0762712
190 158 0.00769231
190 159 0.0633803
190 160 0.0234742
190 161 0.0648148
190 188 0.0155039
190 189 0.0258065
190 191 0.0220588
190 220 0.0188679
190 221 0.10177
190 222 0.233333
190 223 0.00947867
190 252 0.0526316
190 254 0.00495049
191 128 0.0503597
191 159 0.636364
191 160 0.0691824
191 161 0.0123457
191 190 0.0220588
191 192 0.0462963
191 221 0.00581395
191 222 0.0104167
191 252 0.025641
192 131 0.02
192 159 0.00877193
192 160 0.47027
192 161 0.111702
192 162 0.0925926
192 163 0.0844156
192 191 0.0462963
192 193 0.0138889
192 194 0.11465
192 223 0.0437158
192 224 0.00819672
193 133 0.0291971
193 162 0.0116279
193 163 0.146341
193 192 0.0138889
193 194 0.245509
193 195 0.0745342
193 223 0.015544
193 224 0.333333
193 225 0.229814
193 226 0.0454545
193 255 0.113636
193 256 0.101351
194 133 0.0333333
194 160 0.0384615
194 162 0.0540541
194 163 0.327684
194 164 0.109375
194 165 0.0193237
194 192 0.11465
194 193 0.245509
194 195 0.0287356
194 223 0.00970874
194 224 0.0413793
194 225 0.0747126
194 226 0.0300429
194 255 0.00529101
194 256 0.0745342
195 133 0.0763889
195 163 0.0409357
195 164 0.0107527
195 165 0.0298507
195 193 0.0745342
195 194 0.0287356
195 196 0.0337079
195 197 0.043956
195 224 0.028777
195 225 0.220238
195 226 0.405286
195 227 0.0472103
195 255 0.00546448
195 256 0.00645161
196 134 0.037037
196 135 0.190184
196 165 0.028436
196 167 0.0282486
196 168 0.0111111
196 195 0.0337079
196 197 0.140625
196 198 0.131387
196 199 0.0596026
196 226 0.0759494
196 227 0.209877
196 228 0.244898
196 229 0.00588235
196 259 0.04375
196 260 0.0274725
197 132 0.0106952
197 133 0.0506329
197 134 0.326425
197 135 0.209581
197 136 0.00540541
197 164 0.055
197 165 0.223256
197 166 0.0809249
197 167 0.00552486
197 168 0.0108696
197 195 0.043956
197 196 0.140625
197 198 0.0212766
197 226 0.0414938
197 227 0.00404858
197 228 0.045
198 135 0.0267857
198 167 0.0238095
198 196 0.131387
198 197 0.0212766
198 199 0.02
198 227 0.00520833
198 228 0.496552
198 229 0.00840336
198 230 0.016
198 259 0.00917431
198 260 0.0229008
199 135 0.047619
199 167 0.0642857
199 168 0.027972
199 196 0.0596026
199 198 0.02
199 228 0.138365
199 229 0.0150376
199 230 0.381295
199 231 0.0694444
199 260 0.0413793
199 262 0.0103627
200 169 0.127119
200 230 0.0610687
200 231 0.0147059
200 232 0.029703
200 233 0.202454
200 263 0.0165289
201 141 0.160428
201 170 0.0189873
201 171 0.153409
201 172 0.0117647
201 202 0.08
201 232 0.0357143
201 234 0.123656
201 264 0.286585
202 139 0.00746269
202 140 0.025
202 141 0.00621118
202 169 0.0152672
202 170 0.174242
202 171 0.106667
202 172 0.145833
202 201 0.08
202 232 0.105263
202 264 0.173913
203 141 0.138728
203 142 0.0172414
203 173 0.0403226
203 175 0.0105263
203 204 0.391304
203 234 0.290698
203 235 0.0529801
203 265 0.0242424
204 141 0.0122699
204 142 0.179245
204 173 0.0614035
204 175 0.129412
204 203 0.391304
204 205 0.0175439
204 234 0.037037
204 235 0.219858
204 236 0.0149254
205 143 0.0326087
205 174 0.115108
205 175 0.112676
205 204 0.0175439
205 206 0.0721649
205 235 0.00787402
205 236 0.241667
205 266 0.00980392
206 143 0.0561798
206 145 0.0409836
206 174 0.00735294
206 176 0.00684932
206 205 0.0721649
206 236 0.128205
206 237 0.242424
207 145 0.00746269
207 176 0.196203
207 177 0.00925926
207 237 0.126126
207 238 0.0762712
207 239 0.165049
207 268 0.00854701
208 177 0.0659341
208 178 0.159574
208 239 0.127907
208 270 0.1
208 271 0.0824742
209 178 0.0344828
209 179 0.16
209 240 0.278261
209 241 0.0992908
209 272 0.116564
210 148 0.00900901
210 149 0.0264901
210 179 0.381356
210 211 0.137097
210 241 0.0223881
210 242 0.0408163
211 149 0.167702
211 181 0.0923077
211 210 0.137097
211 212 0.113636
211 241 0.00694444
211 242 0.216561
212 149 0.00628931
212 181 0.234375
212 182 0.0884956
212 211 0.113636
212 213 0.0152672
212 214 0.015625
212 242 0.0580645
212 243 0.22973
212 244 0.00584795
212 273 0.015544
212 274 0.0223881
212 276 0.0196078
213 151 0.390244
213 153 0.015873
213 182 0.149123
213 183 0.0782123
213 184 0.0273973
213 212 0.0152672
213 214 0.116279
213 215 0.0288462
213 243 0.0872483
213 244 0.0697674
214 151 0.00833333
214 183 0.363636
214 184 0.0559441
214 212 0.015625
214 213 0.116279
214 215 0.237624
214 243 0.0410959
214 244 0.236686
214 245 0.00724638
214 247 0.00653595
214 274 0.0833333
214 276 0.15
215 151 0.0105263
215 183 0.264901
215 184 0.169492
215 213 0.0288462
215 214 0.237624
215 216 0.0652174
215 244 0.0347222
215 245 0.00884956
215 247 0.0078125
215 276 0.04
216 183 0.00598802
216 184 0.126866
216 185 0.0823529
216 215 0.0652174
216 245 0.00775194
216 246 0.0230769
216 247 0.284722
216 278 0.130435
217 186 0.140625
217 187 0.101449
217 248 0.0654762
217 279 0.135922
218 157 0.232258
218 187 0.0588235
218 188 0.0545455
218 219 0.0851064
218 220 0.00714286
218 248 0.115
218 249 0.027972
218 250 0.0839161
218 281 0.0792683
219 188 0.211538
219 189 0.025641
219 218 0.0851064
219 220 0.182927
219 222 0.0273973
219 250 0.0941176
219 251 0.0543478
219 252 0.0638298
220 157 0.00699301
220 158 0.0808081
220 188 0.428571
220 189 0.177419
220 190 0.0188679
220 218 0.00714286
220 219 0.182927
220 222 0.302521
220 250 0.0229008
220 252 0.192857
221 159 0.0337079
221 160 0.00803213
221 190 0.10177
221 191 0.00581395
221 222 0.0322581
221 223 0.186235
221 251 0.0146341
221 252 0.0483092
221 253 0.147959
221 254 0.277311
221 283 0.00413223
221 284 0.0285714
221 285 0.00510204
222 158 0.144444
222 188 0.0786517
222 189 0.0869565
222 190 0.233333
222 191 0.0104167
222 219 0.0273973
222 220 0.302521
222 221 0.0322581
222 251 0.00775194
222 252 0.145038
222 253 0.00833333
223 160 0.0854701
223 161 0.0379747
223 190 0.00947867
223 192 0.0437158
223 193 0.015544
223 194 0.00970874
223 221 0.186235
223 224 0.0233918
223 253 0.00552486
223 254 0.26009
223 255 0.027907
223 256 0.0481283
223 285 0.00552486
223 286 0.0104167
224 160 0.0115607
224 163 0.00704225
224 192 0.00819672
224 193 0.333333
224 194 0.0413793
224 195 0.028777
224 223 0.0233918
224 225 0.223022
224 226 0.020202
224 254 0.0123457
224 255 0.103896
224 256 0.0634921
224 285 0.0416667
224 286 0.0458015
224 288 0.010989
225 163 0.0116959
225 193 0.229814
225 194 0.0747126
225 195 0.220238
225 224 0.223022
225 226 0.171806
225 227 0.00429185
225 255 0.125683
225 256 0.0645161
225 257 0.0132159
225 285 0.0134228
225 286 0.00625
225 288 0.0805687
226 163 0.00434783
226 165 0.00384615
226 193 0.0454545
226 194 0.0300429
226 195 0.405286
226 196 0.0759494
226 197 0.0414938
226 224 0.020202
226 225 0.171806
226 227 0.267123
226 255 0.0247934
226 256 0.0280374
226 257 0.115385
226 259 0.0143541
226 286 0.00456621
226 288 0.0407407
227 195 0.0472103
227 196 0.209877
227 197 0.00404858
227 198 0.00520833
227 225 0.00429185
227 226 0.267123
227 228 0.0956175
227 229 0.00888889
227 257 0.181507
227 258 0.0133929
227 259 0.330233
227 288 0.0289855
228 167 0.027027
228 196 0.244898
228 197 0.045
228 198 0.496552
228 199 0.138365
228 227 0.0956175
228 229 0.129213
228 230 0.0163043
228 257 0.0204082
228 259 0.00595238
228 260 0.157895
228 290 0.0236686
229 196 0.00588235
229 198 0.00840336
229 199 0.0150376
229 227 0.00888889
229 228 0.129213
229 230 0.0189873
229 259 0.0704225
229 260 0.359756
229 261 0.0469799
229 262 0.0990566
229 290 0.013986
230 167 0.10303
230 168 0.0178571
230 169 0.0860927
230 170 0.0197368
230 198 0.016
230 199 0.381295
230 200 0.0610687
230 228 0.0163043
230 229 0.0189873
230 231 0.420118
230 233 0.00510204
230 260 0.00588235
230 262 0.0412844
231 167 0.0647059
231 169 0.160256
231 170 0.0127389
231 199 0.0694444
231 200 0.0147059
231 230 0.420118
231 233 0.109453
231 261 0.0125
231 262 0.183857
232 169 0.0330578
232 170 0.0409836
232 200 0.029703
232 201 0.0357143
232 202 0.105263
232 233 0.168675
232 263 0.193548
232 264 0.359375
232 265 0.00699301
233 169 0.010929
233 200 0.202454
233 230 0.00510204
233 231 0.109453
233 232 0.168675
233 262 0.048
233 263 0.322581
233 264 0.0210526
233 293 0.159794
233 295 0.00512821
234 201 0.123656
234 203 0.290698
234 204 0.037037
234 235 0.154286
234 264 0.0402299
234 265 0.15873
234 295 0.0502793
235 203 0.0529801
235 204 0.219858
235 205 0.00787402
235 234 0.154286
235 236 0.142857
235 265 0.047619
235 266 0.0310078
235 267 0.0333333
235 295 0.14557
235 296 0.0078125
235 298 0.00854701
236 204 0.0149254
236 205 0.241667
236 206 0.128205
236 235 0.142857
236 237 0.0327869
236 266 0.0655738
236 267 0.048951
236 268 0.0390625
236 298 0.181818
237 176 0.0264901
237 206 0.242424
237 207 0.126126
237 236 0.0327869
237 268 0.0727273
237 298 0.0108696
238 207 0.0762712
238 239 0.038835
238 268 0.282051
238 269 0.141593
239 176 0.00699301
239 177 0.0537634
239 207 0.165049
239 208 0.127907
239 238 0.038835
239 269 0.0510204
239 270 0.0869565
240 178 0.135922
240 209 0.278261
240 271 0.283019
240 302 0.072
241 179 0.0869565
241 209 0.0992908
241 210 0.0223881
241 211 0.00694444
241 242 0.191617
241 272 0.255682
241 273 0.0878049
241 304 0.0139535
242 179 0.013245
242 210 0.0408163
242 211 0.216561
242 212 0.0580645
242 241 0.191617
242 243 0.0404624
242 272 0.00529101
242 273 0.220183
243 212 0.22973
243 213 0.0872483
243 214 0.0410959
243 242 0.0404624
243 244 0.0634921
243 273 0.184834
243 274 0.111842
243 275 0.00714286
243 276 0.0916667
243 307 0.0217391
244 183 0.191781
244 184 0.102151
244 212 0.00584795
244 213 0.0697674
244 214 0.236686
244 215 0.0347222
244 243 0.0634921
244 245 0.0552486
244 247 0.0204082
244 274 0.285714
244 275 0.00613497
244 276 0.0979021
244 277 0.0147783
244 305 0.0507614
244 306 0.0135135
244 307 0.26087
244 308 0.0179641
245 183 0.0106383
245 184 0.0193548
245 214 0.00724638
245 215 0.00884956
245 216 0.00775194
245 244 0.0552486
245 246 0.198675
245 247 0.193939
245 274 0.0416667
245 276 0.00892857
245 277 0.22093
245 278 0.0661765
245 305 0.0180723
245 307 0.170455
245 308 0.0735294
245 309 0.0140845
246 184 0.0384615
246 185 0.00934579
246 216 0.0230769
246 245 0.198675
246 247 0.301205
246 277 0.17341
246 278 0.40146
246 307 0.0169492
246 308 0.00729927
246 309 0.00699301
247 183 0.0344828
247 184 0.158824
247 185 0.0826446
247 214 0.00653595
247 215 0.0078125
247 216 0.284722
247 244 0.0204082
247 245 0.193939
247 246 0.301205
247 277 0.117647
247 278 0.10596
247 307 0.0575916
248 187 0.0733945
248 217 0.0654762
248 218 0.115
248 249 0.429319
248 279 0.0983607
248 280 0.0604396
248 281 0.0660377
248 311 0.00490196
249 187 0.0745342
249 218 0.027972
249 248 0.429319
249 280 0.024
250 188 0.019802
250 218 0.0839161
250 219 0.0941176
250 220 0.0229008
250 251 0.0425532
250 252 0.013986
250 281 0.316129
250 282 0.0808081
250 283 0.00561798
250 312 0.0662252
250 313 0.0384615
251 219 0.0543478
251 221 0.0146341
251 222 0.00775194
251 250 0.0425532
251 252 0.406667
251 253 0.107914
251 282 0.00943396
251 283 0.254054
251 284 0.00653595
251 313 0.0588235
251 314 0.0555556
251 315 0.00625
252 188 0.0636364
252 190 0.0526316
252 191 0.025641
252 219 0.0638298
252 220 0.192857
252 221 0.0483092
252 222 0.145038
252 250 0.013986
252 251 0.406667
252 253 0.297872
252 254 0.0273224
252 283 0.0481283
253 221 0.147959
253 222 0.00833333
253 223 0.00552486
253 251 0.107914
253 252 0.297872
253 254 0.0581395
253 283 0.159091
253 284 0.104167
253 315 0.0198676
253 317 0.0137931
254 190 0.00495049
254 221 0.277311
254 223 0.26009
254 224 0.0123457
254 252 0.0273224
254 253 0.0581395
254 255 0.00970874
254 256 0.0168539
254 283 0.00917431
254 284 0.166667
254 285 0.0581395
254 315 0.0466321
254 317 0.0106952
255 193 0.113636
255 194 0.00529101
255 195 0.00546448
255 223 0.027907
255 224 0.103896
255 225 0.125683
255 226 0.0247934
255 254 0.00970874
255 256 0.376471
255 285 0.243902
255 286 0.16
255 287 0.0268817
255 288 0.159292
255 289 0.00518135
255 317 0.0335196
255 318 0.0384615
256 193 0.101351
256 194 0.0745342
256 195 0.00645161
256 223 0.0481283
256 224 0.0634921
256 225 0.0645161
256 226 0.0280374
256 254 0.0168539
256 255 0.376471
256 285 0.0514706
256 286 0.0204082
256 287 0.0126582
256 288 0.0707071
256 317 0.00662252
256 318 0.0111111
257 225 0.0132159
257 226 0.115385
257 227 0.181507
257 228 0.0204082
257 258 0.0963303
257 259 0.100478
257 287 0.134783
257 288 0.251852
257 289 0.198312
257 290 0.00952381
257 318 0.00396825
257 322 0.032967
258 227 0.0133929
258 257 0.0963303
258 259 0.0851064
258 287 0.00617284
258 289 0.372781
258 290 0.0422535
258 320 0.0218978
258 321 0.0765027
258 322 0.117073
259 196 0.04375
259 198 0.00917431
259 226 0.0143541
259 227 0.330233
259 228 0.00595238
259 229 0.0704225
259 257 0.100478
259 258 0.0851064
259 260 0.0584416
259 289 0.00625
259 290 0.0300752
259 322 0.0306122
260 196 0.0274725
260 198 0.0229008
260 199 0.0413793
260 228 0.157895
260 229 0.359756
260 230 0.00588235
260 259 0.0584416
260 261 0.0124224
260 262 0.191964
260 290 0.0193548
260 291 0.0502513
260 292 0.0222222
260 322 0.087156
260 324 0.0437158
261 229 0.0469799
261 231 0.0125
261 260 0.0124224
261 262 0.392345
261 292 0.0787879
261 294 0.0261438
262 199 0.0103627
262 229 0.0990566
262 230 0.0412844
262 231 0.183857
262 233 0.048
262 260 0.191964
262 261 0.392345
262 292 0.105263
262 293 0.0277778
262 294 0.00925926
262 324 0.038961
262 325 0.00395257
263 200 0.0165289
263 232 0.193548
263 233 0.322581
263 264 0.0405405
263 265 0.0122699
263 293 0.0921053
263 294 0.131579
263 295 0.0849673
263 325 0.0952381
264 201 0.286585
264 202 0.173913
264 232 0.359375
264 233 0.0210526
264 234 0.0402299
264 263 0.0405405
264 265 0.101796
264 295 0.0191083
265 203 0.0242424
265 232 0.00699301
265 234 0.15873
265 235 0.047619
265 263 0.0122699
