0 1 0.0215054
0 31 0.133721
0 32 0.213483
0 63 0.224806
1 0 0.0215054
1 2 0.39738
1 3 0.0196078
1 31 0.00446429
1 32 0.291304
1 34 0.0141509
2 1 0.39738
2 3 0.174359
2 31 0.00930233
2 32 0.248869
2 33 0.00881057
2 34 0.103448
2 35 0.0368664
3 1 0.0196078
3 2 0.174359
3 4 0.0492958
3 5 0.0705882
3 33 0.039604
3 34 0.140449
3 35 0.338542
3 36 0.0469484
4 3 0.0492958
4 5 0.00704225
4 33 0.0172414
4 35 0.542683
4 36 0.0594595
4 66 0.0127389
4 67 0.00609756
5 3 0.0705882
5 4 0.00704225
5 6 0.115108
5 8 0.0552486
5 35 0.0677083
5 36 0.0751174
5 37 0.247059
5 67 0.0520833
6 5 0.115108
6 7 0.173913
6 8 0.173333
6 9 0.00847458
6 36 0.021978
6 37 0.00719424
6 38 0.108108
6 39 0.0162602
6 67 0.0248447
7 6 0.173913
7 8 0.355556
7 9 0.182432
7 38 0.120567
7 39 0.00653595
7 40 0.0776256
7 41 0.0107527
8 5 0.0552486
8 6 0.173333
8 7 0.355556
8 9 0.0125
8 36 0.0133929
8 37 0.187845
8 38 0.0718954
8 67 0.103448
8 70 0.00518135
9 6 0.00847458
9 7 0.182432
9 8 0.0125
9 38 0.0495868
9 39 0.0075188
9 40 0.326633
9 41 0.0060241
10 11 0.176136
10 40 0.313901
10 41 0.0631579
10 42 0.00480769
10 73 0.0322581
11 10 0.176136
11 12 0.0495868
11 13 0.0263158
11 41 0.00526316
11 42 0.201923
11 43 0.0578512
11 44 0.0550459
11 72 0.0833333
11 73 0.00537634
11 74 0.00699301
12 11 0.0495868
12 13 0.17037
12 42 0.130719
12 44 0.0122699
13 11 0.0263158
13 12 0.17037
13 14 0.0805687
13 42 0.0855856
13 44 0.306034
13 45 0.0166667
13 46 0.0141509
14 13 0.0805687
14 15 0.198718
14 44 0.0292887
14 45 0.00534759
14 46 0.333333
14 47 0.0877193
15 14 0.198718
15 46 0.00636943
15 47 0.210843
15 50 0.021164
16 17 0.0566038
16 19 0.0188679
16 47 0.083871
16 50 0.146067
17 16 0.0566038
17 18 0.11828
17 19 0.0857143
17 20 0.159292
17 47 0.0793651
17 49 0.215278
17 50 0.221698
17 78 0.00621118
17 81 0.01875
18 17 0.11828
18 19 0.0322581
18 20 0.212121
18 49 0.123711
18 50 0.00606061
19 16 0.0188679
19 17 0.0857143
19 18 0.0322581
19 20 0.353982
19 49 0.0138889
19 50 0.0235849
19 51 0.108434
19 52 0.047619
20 17 0.159292
20 18 0.212121
20 19 0.353982
20 49 0.00854701
20 52 0.0070922
21 22 0.227642
21 23 0.195652
21 52 0.176136
21 53 0.0243902
21 83 0.00666667
22 21 0.227642
22 23 0.211921
22 24 0.0149254
22 53 0.0458015
22 54 0.0898876
23 21 0.195652
23 22 0.211921
23 24 0.317949
23 53 0.0260417
23 54 0.0266667
23 55 0.0686275
24 22 0.0149254
24 23 0.317949
24 25 0.104046
24 26 0.00806452
24 54 0.43609
24 55 0.0748663
24 56 0.0457516
24 57 0.0106952
24 86 0.0108108
25 24 0.104046
25 26 0.10084
25 27 0.223022
25 54 0.0703125
25 56 0.425676
25 57 0.28022
25 58 0.0342466
25 86 0.0166667
26 24 0.00806452
26 25 0.10084
26 54 0.0126582
26 56 0.383838
26 58 0.0103093
26 86 0.00763359
27 25 0.223022
27 28 0.080292
27 56 0.0336134
27 57 0.117647
27 58 0.025641
27 90 0.00621118
28 27 0.080292
28 29 0.037037
28 57 0.0166667
28 58 0.00694444
28 59 0.309278
28 60 0.0660793
28 90 0.138298
29 28 0.037037
29 30 0.331579
29 59 0.0182648
29 60 0.257937
30 29 0.331579
30 60 0.0482456
30 61 0.121622
31 0 0.133721
31 1 0.00446429
31 2 0.00930233
31 32 0.189815
31 62 0.0413793
31 63 0.347305
31 93 0.189076
31 94 0.0514706
32 0 0.213483
32 1 0.291304
32 2 0.248869
32 31 0.189815
32 33 0.0175439
32 34 0.0735294
32 63 0.0115607
32 93 0.045082
33 2 0.00881057
33 3 0.039604
33 4 0.0172414
33 32 0.0175439
33 34 0.319048
33 35 0.0357143
33 63 0.00558659
33 64 0.246667
33 65 0.0197368
33 66 0.0230415
33 93 0.104
33 94 0.0472973
33 95 0.00961538
33 96 0.0424528
33 97 0.0128755
34 1 0.0141509
34 2 0.103448
34 3 0.140449
34 32 0.0735294
34 33 0.319048
34 35 0.03
34 36 0.00452489
34 64 0.0238095
34 65 0.0078125
34 66 0.0829016
34 93 0.0265487
35 2 0.0368664
35 3 0.338542
35 4 0.542683
35 5 0.0677083
35 33 0.0357143
35 34 0.03
35 36 0.0553191
35 66 0.0289855
35 67 0.00934579
36 3 0.0469484
36 4 0.0594595
36 5 0.0751174
36 6 0.021978
36 8 0.0133929
36 34 0.00452489
36 35 0.0553191
36 37 0.028169
36 65 0.0122699
36 66 0.289474
36 67 0.404255
36 68 0.0284553
36 97 0.0204918
37 5 0.247059
37 6 0.00719424
37 8 0.187845
37 36 0.028169
37 38 0.00704225
37 67 0.192708
37 68 0.0246305
37 70 0.0164835
38 6 0.108108
38 7 0.120567
38 8 0.0718954
38 9 0.0495868
38 37 0.00704225
38 39 0.206349
38 40 0.0260417
38 69 0.136095
38 70 0.116883
38 71 0.0642857
39 6 0.0162602
39 7 0.00653595
39 9 0.0075188
39 38 0.206349
39 40 0.0343137
39 41 0.0116959
39 71 0.243421
40 7 0.0776256
40 9 0.326633
40 10 0.313901
40 38 0.0260417
40 39 0.0343137
40 41 0.21097
40 71 0.00458716
40 73 0.0171674
41 7 0.0107527
41 9 0.0060241
41 10 0.0631579
41 11 0.00526316
41 39 0.0116959
41 40 0.21097
41 42 0.0045045
41 71 0.0972973
41 72 0.0494506
41 73 0.245
41 103 0.0125
42 10 0.00480769
42 11 0.201923
42 12 0.130719
42 13 0.0855856
42 41 0.0045045
42 44 0.112
42 72 0.175
42 73 0.155963
42 74 0.148571
43 11 0.0578512
43 44 0.0306748
43 45 0.162162
43 72 0.0176991
43 75 0.00854701
43 104 0.0325203
43 106 0.0232558
44 11 0.0550459
44 12 0.0122699
44 13 0.306034
44 14 0.0292887
44 42 0.112
44 43 0.0306748
44 45 0.341346
44 74 0.0972973
44 75 0.00934579
45 13 0.0166667
45 14 0.00534759
45 43 0.162162
45 44 0.341346
45 46 0.037234
45 74 0.180451
45 75 0.0493827
45 108 0.0427807
46 13 0.0141509
46 14 0.333333
46 15 0.00636943
46 45 0.037234
46 47 0.0786026
46 75 0.0103093
46 78 0.0895522
46 108 0.13242
47 14 0.0877193
47 15 0.210843
47 16 0.083871
47 17 0.0793651
47 46 0.0786026
47 48 0.00621118
47 50 0.348659
47 78 0.0571429
47 111 0.0261438
48 47 0.00621118
48 49 0.0775862
48 79 0.00840336
48 80 0.0120482
48 81 0.0454545
48 111 0.565789
48 112 0.0416667
49 17 0.215278
49 18 0.123711
49 19 0.0138889
49 20 0.00854701
49 48 0.0775862
49 50 0.0972222
49 51 0.0117647
49 79 0.0397351
49 80 0.0695652
49 81 0.140244
49 110 0.00666667
49 111 0.203704
50 15 0.021164
50 16 0.146067
50 17 0.221698
50 18 0.00606061
50 19 0.0235849
50 47 0.348659
50 49 0.0972222
50 78 0.167382
50 80 0.0491803
50 81 0.00862069
50 111 0.0454545
51 19 0.108434
51 49 0.0117647
51 52 0.371134
51 81 0.0215054
51 83 0.0119048
51 113 0.120253
52 19 0.047619
52 20 0.0070922
52 21 0.176136
52 51 0.371134
52 53 0.00543478
52 81 0.0212766
52 83 0.0647059
52 113 0.05625
52 115 0.0138249
53 21 0.0243902
53 22 0.0458015
53 23 0.0260417
53 52 0.00543478
53 54 0.0769231
53 55 0.0108696
53 83 0.158228
53 84 0.233333
53 85 0.22449
53 86 0.021978
53 115 0.292683
53 117 0.0127389
54 22 0.0898876
54 23 0.0266667
54 24 0.43609
54 25 0.0703125
54 26 0.0126582
54 53 0.0769231
54 55 0.00704225
54 56 0.00925926
54 57 0.00704225
54 86 0.0428571
54 115 0.0122699
55 23 0.0686275
55 24 0.0748663
55 53 0.0108696
55 54 0.00704225
55 57 0.0306122
55 85 0.00961538
55 86 0.360825
55 88 0.0139535
55 115 0.0322581
55 118 0.00598802
55 119 0.0628571
56 24 0.0457516
56 25 0.425676
56 26 0.383838
56 27 0.0336134
56 54 0.00925926
56 57 0.166667
56 58 0.0873016
56 119 0.0070922
57 24 0.0106952
57 25 0.28022
57 27 0.117647
57 28 0.0166667
57 54 0.00704225
57 55 0.0306122
57 56 0.166667
57 58 0.19375
57 86 0.0309278
57 88 0.027907
57 89 0.00829876
57 90 0.0539216
57 119 0.188571
58 25 0.0342466
58 26 0.0103093
58 27 0.025641
58 28 0.00694444
58 56 0.0873016
58 57 0.19375
58 88 0.00558659
58 90 0.303571
58 119 0.028777
58 120 0.01
59 28 0.309278
59 29 0.0182648
59 60 0.412451
59 89 0.0666667
59 90 0.0688073
59 91 0.0682731
59 122 0.0166667
60 28 0.0660793
60 29 0.257937
60 30 0.0482456
60 59 0.412451
60 61 0.00952381
60 89 0.0173611
60 90 0.00398406
60 91 0.102837
60 92 0.00881057
61 30 0.121622
61 60 0.00952381
61 91 0.00495049
61 92 0.414966
62 31 0.0413793
62 93 0.156069
62 124 0.125
62 125 0.00714286
63 0 0.224806
63 31 0.347305
63 32 0.0115607
63 33 0.00558659
63 93 0.0461538
63 94 0.0967742
63 125 0.00617284
64 33 0.246667
64 34 0.0238095
64 65 0.117647
64 66 0.0451128
64 95 0.00806452
64 96 0.0390625
64 97 0.0201342
64 125 0.0075188
65 33 0.0197368
65 34 0.0078125
65 36 0.0122699
65 64 0.117647
65 66 0.296296
65 96 0.0153846
65 97 0.00662252
65 129 0.0166667
66 4 0.0127389
66 33 0.0230415
66 34 0.0829016
66 35 0.0289855
66 36 0.289474
66 64 0.0451128
66 65 0.296296
66 67 0.0676328
66 68 0.0366972
66 95 0.0052356
66 96 0.0564103
66 97 0.0555556
66 99 0.0236686
66 129 0.0324324
66 130 0.011236
67 4 0.00609756
67 5 0.0520833
67 6 0.0248447
67 8 0.103448
67 35 0.00934579
67 36 0.404255
67 37 0.192708
67 66 0.0676328
67 68 0.2
67 70 0.0147059
67 97 0.0358744
67 98 0.0177515
68 36 0.0284553
68 37 0.0246305
68 66 0.0366972
68 67 0.2
68 69 0.0304348
68 70 0.2
68 98 0.455556
68 99 0.0213904
68 128 0.0141509
68 129 0.0689655
68 130 0.0714286
68 132 0.0528846
69 38 0.136095
69 68 0.0304348
69 70 0.421053
69 71 0.205128
69 99 0.116022
69 100 0.0902778
69 101 0.0780142
69 130 0.0526316
69 132 0.029703
70 8 0.00518135
70 37 0.0164835
70 38 0.116883
70 67 0.0147059
70 68 0.2
70 69 0.421053
70 71 0.0222222
70 98 0.0188679
70 99 0.0240964
70 100 0.00775194
70 130 0.0971429
71 38 0.0642857
71 39 0.243421
71 40 0.00458716
71 41 0.0972973
71 69 0.205128
71 70 0.0222222
71 72 0.00613497
71 100 0.130435
71 101 0.0803571
72 11 0.0833333
72 41 0.0494506
72 42 0.175
72 43 0.0176991
72 71 0.00613497
72 73 0.292135
72 74 0.0666667
72 102 0.00840336
72 103 0.0869565
72 135 0.0289017
73 10 0.0322581
73 11 0.00537634
73 40 0.0171674
73 41 0.245
73 42 0.155963
73 72 0.292135
73 74 0.0261438
73 103 0.0192308
73 135 0.0104712
74 11 0.00699301
74 42 0.148571
74 44 0.0972973
74 45 0.180451
74 72 0.0666667
74 73 0.0261438
74 75 0.0359712
74 104 0.0344828
74 135 0.00675676
75 43 0.00854701
75 44 0.00934579
75 45 0.0493827
75 46 0.0103093
75 74 0.0359712
75 104 0.0632184
75 106 0.338889
75 107 0.00641026
75 108 0.124352
75 136 0.0263158
76 77 0.100719
76 106 0.0075188
76 107 0.256881
76 108 0.123288
76 138 0.0116279
77 76 0.100719
77 78 0.0259067
77 107 0.356322
77 108 0.241706
77 138 0.00662252
77 139 0.207071
77 140 0.104712
78 17 0.00621118
78 46 0.0895522
78 47 0.0571429
78 50 0.167382
78 77 0.0259067
78 79 0.0238095
78 108 0.05
78 109 0.0265957
78 110 0.191617
78 111 0.032
78 140 0.0222222
79 48 0.00840336
79 49 0.0397351
79 78 0.0238095
79 80 0.00847458
79 109 0.408046
79 110 0.0653595
79 111 0.0810811
79 112 0.118227
79 141 0.116883
79 142 0.013986
80 48 0.0120482
80 49 0.0695652
80 50 0.0491803
80 79 0.00847458
80 81 0.198473
80 109 0.00724638
80 111 0.08
80 112 0.0838323
80 142 0.00934579
80 144 0.0217391
81 17 0.01875
81 48 0.0454545
81 49 0.140244
81 50 0.00862069
81 51 0.0215054
81 52 0.0212766
81 80 0.198473
81 82 0.106383
81 111 0.0403226
81 112 0.0925926
81 113 0.0460526
81 144 0.0425532
82 81 0.106383
82 83 0.0162602
82 112 0.00564972
82 113 0.132743
82 114 0.00675676
82 143 0.146853
82 144 0.137255
83 21 0.00666667
83 51 0.0119048
83 52 0.0647059
83 53 0.158228
83 82 0.0162602
83 85 0.0934066
83 113 0.231343
83 115 0.303665
84 53 0.233333
84 85 0.25
84 115 0.0392157
84 147 0.00877193
85 53 0.22449
85 55 0.00961538
85 83 0.0934066
85 84 0.25
85 86 0.038835
85 113 0.0174419
85 114 0.0193237
85 115 0.31441
85 117 0.0552486
85 146 0.0100503
85 147 0.268421
85 148 0.0714286
86 24 0.0108108
86 25 0.0166667
86 26 0.00763359
86 53 0.021978
86 54 0.0428571
86 55 0.360825
86 57 0.0309278
86 85 0.038835
86 87 0.010101
86 115 0.0139535
86 117 0.113772
86 118 0.0666667
86 119 0.0404624
86 148 0.119048
87 86 0.010101
87 88 0.196347
87 89 0.0163265
87 118 0.169591
87 119 0.0502793
87 148 0.12037
87 150 0.321101
88 55 0.0139535
88 57 0.027907
88 58 0.00558659
88 87 0.196347
88 89 0.2
88 90 0.058296
88 118 0.0322581
88 119 0.329897
88 120 0.0451613
88 148 0.012987
88 150 0.0472103
89 57 0.00829876
89 59 0.0666667
89 60 0.0173611
89 87 0.0163265
89 88 0.2
89 90 0.236948
89 91 0.0107143
89 119 0.0272727
89 120 0.21547
89 121 0.00497512
89 122 0.103321
89 150 0.027027
89 151 0.167401
89 152 0.0574713
89 153 0.00438596
90 27 0.00621118
90 28 0.138298
90 57 0.0539216
90 58 0.303571
90 59 0.0688073
90 60 0.00398406
90 88 0.058296
90 89 0.236948
90 119 0.010929
90 120 0.111111
90 122 0.0042735
91 59 0.0682731
91 60 0.102837
91 61 0.00495049
91 89 0.0107143
91 92 0.150685
91 121 0.0307692
91 122 0.415094
91 123 0.0314961
91 152 0.00392157
92 60 0.00881057
92 61 0.414966
92 91 0.150685
92 123 0.00502513
92 154 0.0645161
93 31 0.189076
93 32 0.045082
93 33 0.104
93 34 0.0265487
93 62 0.156069
93 63 0.0461538
93 94 0.0365854
93 95 0.0892857
93 124 0.0341463
93 125 0.197425
93 126 0.0612245
94 31 0.0514706
94 33 0.0472973
94 63 0.0967742
94 93 0.0365854
94 125 0.229008
94 126 0.00699301
94 127 0.0526316
95 33 0.00961538
95 64 0.00806452
95 66 0.0052356
95 93 0.0892857
95 96 0.112903
95 97 0.299517
95 125 0.0209424
95 126 0.197044
95 128 0.00540541
95 158 0.0545455
96 33 0.0424528
96 64 0.0390625
96 65 0.0153846
96 66 0.0564103
96 95 0.112903
96 97 0.322275
96 126 0.149758
96 127 0.05
96 128 0.026455
96 129 0.0666667
96 158 0.0236686
97 33 0.0128755
97 36 0.0204918
97 64 0.0201342
97 65 0.00662252
97 66 0.0555556
97 67 0.0358744
97 95 0.299517
97 96 0.322275
97 126 0.0482456
97 128 0.12381
97 129 0.0895522
97 158 0.0526316
98 67 0.0177515
98 68 0.455556
98 70 0.0188679
98 99 0.00763359
98 129 0.00680272
98 130 0.00714286
98 132 0.0197368
99 66 0.0236686
99 68 0.0213904
99 69 0.116022
99 70 0.0240964
99 98 0.00763359
99 100 0.188119
99 129 0.0194805
99 130 0.353741
99 132 0.0628931
99 160 0.016129
99 161 0.020979
100 69 0.0902778
100 70 0.00775194
100 71 0.130435
100 99 0.188119
100 101 0.114754
100 130 0.0181818
101 69 0.0780142
101 71 0.0803571
101 100 0.114754
101 102 0.0147059
101 103 0.0229885
101 130 0.0280374
101 131 0.166667
101 132 0.0420168
101 133 0.0833333
101 163 0.027027
102 72 0.00840336
102 101 0.0147059
102 103 0.113402
102 104 0.0155039
102 131 0.214286
102 134 0.110092
102 135 0.136364
103 41 0.0125
103 72 0.0869565
103 73 0.0192308
103 101 0.0229885
103 102 0.113402
103 104 0.0202703
103 131 0.0687023
103 134 0.117188
103 135 0.410596
103 164 0.00763359
104 43 0.0325203
104 74 0.0344828
104 75 0.0632184
104 102 0.0155039
104 103 0.0202703
104 105 0.0429448
104 134 0.00625
104 135 0.289617
104 136 0.392405
104 137 0.0103093
104 166 0.00574713
104 167 0.0324324
105 104 0.0429448
105 106 0.112426
105 136 0.425532
105 137 0.00564972
105 167 0.00595238
105 168 0.194245
106 43 0.0232558
106 75 0.338889
106 76 0.0075188
106 105 0.112426
106 107 0.0357143
106 108 0.0146341
106 136 0.054878
106 137 0.22
106 138 0.0413793
106 168 0.179012
107 75 0.00641026
107 76 0.256881
107 77 0.356322
107 106 0.0357143
107 108 0.104972
107 138 0.0495868
107 139 0.202381
107 140 0.0248447
107 171 0.127517
108 45 0.0427807
108 46 0.13242
108 75 0.124352
108 76 0.123288
108 77 0.241706
108 78 0.05
108 106 0.0146341
108 107 0.104972
108 139 0.0390244
108 140 0.0959596
109 78 0.0265957
109 79 0.408046
109 80 0.00724638
109 110 0.416185
109 139 0.00518135
109 140 0.0107527
109 141 0.103448
110 49 0.00666667
110 78 0.191617
110 79 0.0653595
110 109 0.416185
110 139 0.0523256
110 140 0.218182
110 141 0.00653595
111 47 0.0261438
111 48 0.565789
111 49 0.203704
111 50 0.0454545
111 78 0.032
111 79 0.0810811
111 80 0.08
111 81 0.0403226
111 112 0.00625
112 48 0.0416667
112 79 0.118227
112 80 0.0838323
112 81 0.0925926
112 82 0.00564972
112 111 0.00625
112 141 0.0640394
112 142 0.359375
112 143 0.00458716
112 144 0.20904
113 51 0.120253
113 52 0.05625
113 81 0.0460526
113 82 0.132743
113 83 0.231343
113 85 0.0174419
113 114 0.132075
113 145 0.0175439
114 82 0.00675676
114 85 0.0193237
114 113 0.132075
114 145 0.442953
114 146 0.123656
114 147 0.0225989
114 176 0.289308
114 177 0.0485437
114 178 0.00483092
115 52 0.0138249
115 53 0.292683
115 54 0.0122699
115 55 0.0322581
115 83 0.303665
115 84 0.0392157
115 85 0.31441
115 86 0.0139535
115 147 0.0201005
115 148 0.0472103
116 117 0.485981
116 148 0.1
116 150 0.00657895
116 179 0.0151515
116 181 0.0150376
117 53 0.0127389
117 85 0.0552486
117 86 0.113772
117 116 0.485981
117 118 0.0857143
117 147 0.0529801
117 148 0.378378
117 150 0.00534759
117 179 0.0179641
118 55 0.00598802
118 86 0.0666667
118 87 0.169591
118 88 0.0322581
118 117 0.0857143
118 119 0.00684932
118 147 0.00671141
118 148 0.327869
118 150 0.0918919
118 178 0.0111732
118 181 0.0060241
119 55 0.0628571
119 56 0.0070922
119 57 0.188571
119 58 0.028777
119 86 0.0404624
119 87 0.0502793
119 88 0.329897
119 89 0.0272727
119 90 0.010929
119 118 0.00684932
119 148 0.0314136
119 150 0.0518135
119 181 0.0172414
120 58 0.01
120 88 0.0451613
120 89 0.21547
120 90 0.111111
120 151 0.114754
120 152 0.0128205
121 89 0.00497512
121 91 0.0307692
121 122 0.0483871
121 123 0.188571
121 152 0.210227
121 153 0.0839161
121 154 0.0916031
121 183 0.00657895
122 59 0.0166667
122 89 0.103321
122 90 0.0042735
122 91 0.415094
122 121 0.0483871
122 123 0.118367
122 151 0.0377358
122 152 0.0609756
122 153 0.0375587
123 91 0.0314961
123 92 0.00502513
123 121 0.188571
123 122 0.118367
123 153 0.0990099
123 154 0.368421
123 183 0.00473934
123 184 0.00840336
123 185 0.0939227
124 62 0.125
124 93 0.0341463
124 125 0.104651
124 156 0.262032
124 157 0.0974026
125 62 0.00714286
125 63 0.00617284
125 64 0.0075188
125 93 0.197425
125 94 0.229008
125 95 0.0209424
125 124 0.104651
125 126 0.122642
125 127 0.144828
125 156 0.055814
125 187 0.0388889
126 93 0.0612245
126 94 0.00699301
126 95 0.197044
126 96 0.149758
126 97 0.0482456
126 125 0.122642
126 127 0.0509554
126 156 0.00881057
126 157 0.134021
126 158 0.0860215
126 187 0.291667
126 189 0.0146341
127 94 0.0526316
127 96 0.05
127 125 0.144828
127 126 0.0509554
127 157 0.0393701
127 158 0.00840336
127 187 0.312
127 189 0.0362319
128 68 0.0141509
128 95 0.00540541
128 96 0.026455
128 97 0.12381
128 129 0.162011
128 132 0.0271739
128 158 0.261905
128 159 0.00628931
128 161 0.0416667
128 189 0.0427807
128 191 0.237288
129 65 0.0166667
129 66 0.0324324
129 68 0.0689655
129 96 0.0666667
129 97 0.0895522
129 98 0.00680272
129 99 0.0194805
129 128 0.162011
129 130 0.171779
129 132 0.177143
129 160 0.0285714
129 161 0.0188679
129 191 0.0178571
130 66 0.011236
130 68 0.0714286
130 69 0.0526316
130 70 0.0971429
130 98 0.00714286
130 99 0.353741
130 100 0.0181818
130 101 0.0280374
130 129 0.171779
130 132 0.27381
130 160 0.0526316
130 161 0.0328947
130 191 0.00621118
131 101 0.166667
131 102 0.214286
131 103 0.0687023
131 132 0.00613497
131 133 0.0214286
131 134 0.020979
131 162 0.057554
131 163 0.193548
131 164 0.0821918
132 68 0.0528846
132 69 0.029703
132 98 0.0197368
132 99 0.0628931
132 101 0.0420168
132 128 0.0271739
132 129 0.177143
132 130 0.27381
132 131 0.00613497
132 160 0.0137931
132 161 0.152439
132 162 0.0705128
132 191 0.00578035
133 101 0.0833333
133 131 0.0214286
133 134 0.00729927
133 162 0.0827068
133 163 0.114094
133 164 0.25
133 165 0.00636943
133 193 0.0434783
133 194 0.0733333
134 102 0.110092
134 103 0.117188
134 104 0.00625
134 131 0.020979
134 133 0.00729927
134 135 0.226994
134 164 0.0909091
134 165 0.03125
134 166 0.136364
134 195 0.030303
134 198 0.0263158
135 72 0.0289017
135 73 0.0104712
135 74 0.00675676
135 102 0.136364
135 103 0.410596
135 104 0.289617
135 134 0.226994
135 136 0.00621118
135 164 0.0060241
135 166 0.0169492
135 167 0.00531915
136 75 0.0263158
136 104 0.392405
136 105 0.425532
136 106 0.054878
136 135 0.00621118
136 137 0.00581395
136 167 0.0306748
136 168 0.11194
137 104 0.0103093
137 105 0.00564972
137 106 0.22
137 136 0.00581395
137 167 0.0854271
137 168 0.252941
137 169 0.211268
137 170 0.108571
137 198 0.0376344
137 199 0.00613497
137 200 0.0478723
138 76 0.0116279
138 77 0.00662252
138 106 0.0413793
138 107 0.0495868
138 139 0.00689655
138 168 0.0608696
138 171 0.357143
138 172 0.00833333
139 77 0.207071
139 107 0.202381
139 108 0.0390244
139 109 0.00518135
139 110 0.0523256
139 138 0.00689655
139 140 0.275676
139 141 0.00578035
139 170 0.0658683
139 171 0.156069
139 172 0.215569
139 203 0.0215054
140 77 0.104712
140 78 0.0222222
140 107 0.0248447
140 108 0.0959596
140 109 0.0107527
140 110 0.218182
140 139 0.275676
140 141 0.0421687
140 170 0.0125
140 171 0.0060241
140 172 0.0375
141 79 0.116883
141 109 0.103448
141 110 0.00653595
141 112 0.0640394
141 139 0.00578035
141 140 0.0421687
141 142 0.118881
141 203 0.125749
141 204 0.107914
142 79 0.013986
142 80 0.00934579
142 112 0.359375
142 141 0.118881
142 144 0.0683761
142 203 0.00641026
142 204 0.046875
143 82 0.146853
143 112 0.00458716
143 144 0.111888
143 173 0.057971
143 174 0.0558659
143 175 0.293194
143 176 0.207792
143 206 0.0648649
144 80 0.0217391
144 81 0.0425532
144 82 0.137255
144 112 0.20904
144 142 0.0683761
144 143 0.111888
144 173 0.0103093
144 175 0.0733333
144 204 0.0442478
145 113 0.0175439
145 114 0.442953
145 146 0.0567376
145 147 0.00757576
145 176 0.0438596
145 177 0.0745342
146 85 0.0100503
146 114 0.123656
146 145 0.0567376
146 147 0.467456
146 148 0.00492611
146 176 0.0198676
146 177 0.030303
146 178 0.140704
146 179 0.0486486
147 84 0.00877193
147 85 0.268421
147 114 0.0225989
147 115 0.0201005
147 117 0.0529801
147 118 0.00671141
147 145 0.00757576
147 146 0.467456
147 148 0.108247
147 178 0.0105263
148 85 0.0714286
148 86 0.119048
148 87 0.12037
148 88 0.012987
148 115 0.0472103
148 116 0.1
148 117 0.378378
148 118 0.327869
148 119 0.0314136
148 146 0.00492611
148 147 0.108247
148 150 0.026087
148 179 0.0190476
148 181 0.00947867
149 150 0.048913
149 151 0.177632
149 152 0.0752688
149 180 0.0168067
149 181 0.333333
149 182 0.365591
149 211 0.0217391
149 212 0.0190476
149 213 0.013986
149 214 0.0375
150 87 0.321101
150 88 0.0472103
150 89 0.027027
150 116 0.00657895
150 117 0.00534759
150 118 0.0918919
150 119 0.0518135
150 148 0.026087
150 149 0.048913
150 151 0.06
150 152 0.0555556
150 179 0.00943396
150 180 0.011976
150 181 0.408451
151 89 0.167401
151 120 0.114754
151 122 0.0377358
151 149 0.177632
151 150 0.06
151 152 0.227723
151 153 0.218935
151 181 0.0939227
151 182 0.0366972
151 183 0.0280899
151 214 0.0113636
152 89 0.0574713
152 91 0.00392157
152 120 0.0128205
152 121 0.210227
152 122 0.0609756
152 149 0.0752688
152 150 0.0555556
152 151 0.227723
152 153 0.320197
152 181 0.0186047
152 182 0.00699301
152 183 0.00943396
152 184 0.0083682
152 214 0.0047619
153 89 0.00438596
153 121 0.0839161
153 122 0.0375587
153 123 0.0990099
153 151 0.218935
153 152 0.320197
153 183 0.156425
153 184 0.0145631
154 92 0.0645161
154 121 0.0916031
154 123 0.368421
154 185 0.131387
155 156 0.0597015
155 186 0.302326
155 217 0.0243902
155 218 0.032
156 124 0.262032
156 125 0.055814
156 126 0.00881057
156 155 0.0597015
156 157 0.203046
156 186 0.142857
156 187 0.0307692
156 188 0.0631068
156 217 0.0456621
156 218 0.122172
157 124 0.0974026
157 126 0.134021
157 127 0.0393701
157 156 0.203046
157 158 0.0192308
157 186 0.00671141
157 187 0.0925926
157 188 0.0520231
157 189 0.0171429
157 217 0.0107527
157 218 0.0265957
157 219 0.020979
157 220 0.0215054
158 95 0.0545455
158 96 0.0236686
158 97 0.0526316
158 126 0.0860215
158 127 0.00840336
158 128 0.261905
158 157 0.0192308
158 187 0.0194805
158 189 0.113772
158 191 0.0127389
158 219 0.00740741
158 220 0.011236
159 128 0.00628931
159 160 0.0916667
159 161 0.0503597
159 189 0.158228
159 190 0.311111
159 191 0.162162
159 221 0.196078
160 99 0.016129
160 129 0.0285714
160 130 0.0526316
160 132 0.0137931
160 159 0.0916667
160 161 0.395349
160 190 0.0125
160 191 0.00724638
160 192 0.00884956
160 221 0.020979
161 99 0.020979
161 128 0.0416667
161 129 0.0188679
161 130 0.0328947
161 132 0.152439
161 159 0.0503597
161 160 0.395349
161 162 0.00714286
161 191 0.121019
161 192 0.151515
161 221 0.0123457
162 131 0.057554
162 132 0.0705128
162 133 0.0827068
162 161 0.00714286
162 163 0.297297
162 192 0.016129
162 193 0.0948905
162 194 0.0738255
163 101 0.027027
163 131 0.193548
163 133 0.114094
163 162 0.297297
163 164 0.0774194
163 165 0.0697674
163 193 0.0326797
163 194 0.157576
164 103 0.00763359
164 131 0.0821918
164 133 0.25
164 134 0.0909091
164 135 0.0060241
164 163 0.0774194
164 165 0.233129
164 166 0.0191083
164 194 0.0448718
164 195 0.00595238
164 196 0.00487805
165 133 0.00636943
165 134 0.03125
165 163 0.0697674
165 164 0.233129
165 166 0.0287356
165 194 0.0462428
165 195 0.448649
165 196 0.0315315
165 226 0.0148515
165 228 0.0236686
166 104 0.00574713
166 134 0.136364
166 135 0.0169492
166 164 0.0191083
166 165 0.0287356
166 167 0.24581
166 195 0.117318
166 196 0.208333
166 197 0.027027
166 198 0.0963855
166 228 0.0184049
166 229 0.0228571
167 104 0.0324324
167 105 0.00595238
167 135 0.00531915
167 136 0.0306748
167 137 0.0854271
167 166 0.24581
167 168 0.00621118
167 196 0.0176211
167 198 0.254237
167 200 0.00558659
167 229 0.0537634
168 105 0.194245
168 106 0.179012
168 136 0.11194
168 137 0.252941
168 138 0.0608696
168 167 0.00621118
168 169 0.0228571
168 170 0.0510949
168 171 0.00699301
168 199 0.024
168 200 0.0266667
169 137 0.211268
169 168 0.0228571
169 170 0.194444
169 171 0.0107527
169 199 0.0238095
169 200 0.0621762
169 201 0.201058
169 202 0.0848485
169 230 0.084507
169 231 0.0582524
170 137 0.108571
170 139 0.0658683
170 140 0.0125
170 168 0.0510949
170 169 0.194444
170 171 0.027027
170 172 0.0985916
170 200 0.00645161
170 201 0.125828
170 202 0.00787402
170 203 0.0124224
170 230 0.0342857
170 231 0.0595238
171 107 0.127517
171 138 0.357143
171 139 0.156069
171 140 0.0060241
171 168 0.00699301
171 169 0.0107527
171 170 0.027027
171 172 0.385135
171 203 0.011976
171 234 0.0491803
172 138 0.00833333
172 139 0.215569
172 140 0.0375
172 170 0.0985916
172 171 0.385135
172 203 0.0869565
172 234 0.242938
173 143 0.057971
173 144 0.0103093
173 174 0.466165
173 204 0.0185185
173 205 0.0655738
173 234 0.0263158
173 237 0.00671141
174 143 0.0558659
174 173 0.466165
174 204 0.14094
174 205 0.466258
174 234 0.015544
174 236 0.00584795
174 237 0.0315789
175 143 0.293194
175 144 0.0733333
175 176 0.0248447
175 204 0.0124224
175 205 0.0285714
175 206 0.364583
175 207 0.0138889
176 114 0.289308
176 143 0.207792
176 145 0.0438596
176 146 0.0198676
176 175 0.0248447
176 177 0.0935673
176 206 0.0129032
177 114 0.0485437
177 145 0.0745342
177 146 0.030303
177 176 0.0935673
177 178 0.127854
177 206 0.0544554
177 207 0.00442478
177 208 0.389381
177 209 0.00526316
177 240 0.0901288
178 114 0.00483092
178 118 0.0111732
178 146 0.140704
178 147 0.0105263
178 177 0.127854
178 179 0.320388
178 208 0.0660793
178 209 0.0157068
178 240 0.0726496
179 116 0.0151515
179 117 0.0179641
179 146 0.0486486
179 148 0.0190476
179 150 0.00943396
179 178 0.320388
179 180 0.204082
179 181 0.0103627
179 209 0.0225989
179 210 0.0231481
179 240 0.0136364
179 241 0.0204082
180 149 0.0168067
180 150 0.011976
180 179 0.204082
180 181 0.0743243
180 210 0.0467836
180 211 0.0247934
180 212 0.0340909
180 213 0.0714286
180 242 0.0848485
180 243 0.0707965
181 116 0.0150376
181 118 0.0060241
181 119 0.0172414
181 148 0.00947867
181 149 0.333333
181 150 0.408451
181 151 0.0939227
181 152 0.0186047
181 179 0.0103627
181 180 0.0743243
181 182 0.0245902
181 211 0.00598802
181 212 0.0223881
181 213 0.00581395
182 149 0.365591
182 151 0.0366972
182 152 0.00699301
182 181 0.0245902
182 214 0.034188
183 121 0.00657895
183 123 0.00473934
183 151 0.0280899
183 152 0.00943396
183 153 0.156425
183 184 0.283721
183 211 0.00609756
183 213 0.0532544
183 214 0.306452
183 215 0.0277778
183 243 0.00641026
183 244 0.00628931
183 246 0.10596
184 123 0.00840336
184 152 0.0083682
184 153 0.0145631
184 183 0.283721
184 185 0.0540541
184 214 0.14554
184 215 0.357488
184 216 0.205882
184 246 0.0842697
184 247 0.0164835
185 123 0.0939227
185 154 0.131387
185 184 0.0540541
185 216 0.278912
186 155 0.302326
186 156 0.142857
186 157 0.00671141
186 188 0.0189873
186 217 0.204678
186 218 0.16763
186 248 0.103704
186 249 0.0254237
187 125 0.0388889
187 126 0.291667
187 127 0.312
187 156 0.0307692
187 157 0.0925926
187 158 0.0194805
187 188 0.00584795
187 189 0.138728
187 218 0.0483871
187 220 0.0543478
188 156 0.0631068
188 157 0.0520231
188 186 0.0189873
188 187 0.00584795
188 217 0.338462
188 218 0.279188
188 219 0.0855263
188 220 0.148718
188 248 0.00628931
188 249 0.0211268
188 250 0.0258065
189 126 0.0146341
189 127 0.0362319
189 128 0.0427807
189 157 0.0171429
189 158 0.113772
189 159 0.158228
189 187 0.138728
189 191 0.0909091
189 219 0.0649351
189 220 0.218274
189 221 0.0939227
190 159 0.311111
190 160 0.0125
190 191 0.00925926
190 221 0.0265487
191 128 0.237288
191 129 0.0178571
191 130 0.00621118
191 132 0.00578035
191 158 0.0127389
191 159 0.162162
191 160 0.00724638
191 161 0.121019
191 189 0.0909091
191 190 0.00925926
191 192 0.156028
191 221 0.0818713
191 222 0.056962
191 223 0.0078125
191 224 0.020979
192 160 0.00884956
192 161 0.151515
192 162 0.016129
192 191 0.156028
192 193 0.0155039
192 221 0.0547945
192 222 0.0150376
192 223 0.242718
192 224 0.211864
192 225 0.00826446
193 133 0.0434783
193 162 0.0948905
193 163 0.0326797
193 192 0.0155039
193 194 0.318182
193 224 0.145038
193 225 0.0671642
193 226 0.00546448
194 133 0.0733333
194 162 0.0738255
194 163 0.157576
194 164 0.0448718
194 165 0.0462428
194 193 0.318182
194 225 0.0753425
194 226 0.025641
194 256 0.115385
195 134 0.030303
195 164 0.00595238
195 165 0.448649
195 166 0.117318
195 196 0.0660793
195 197 0.0327869
195 226 0.0772947
195 228 0.281609
196 164 0.00487805
196 165 0.0315315
196 166 0.208333
196 167 0.0176211
196 195 0.0660793
196 197 0.113208
196 198 0.135514
196 227 0.197479
196 228 0.189573
196 229 0.237668
196 257 0.00520833
196 259 0.0206186
197 166 0.027027
197 195 0.0327869
197 196 0.113208
197 198 0.100917
197 228 0.0660377
197 229 0.00847458
198 134 0.0263158
198 137 0.0376344
198 166 0.0963855
198 167 0.254237
198 196 0.135514
198 197 0.100917
198 199 0.0212766
198 200 0.0903614
198 229 0.231214
198 230 0.016129
198 259 0.00694444
199 137 0.00613497
199 168 0.024
199 169 0.0238095
199 198 0.0212766
199 200 0.384615
199 229 0.0133333
199 230 0.0613497
199 231 0.00641026
199 259 0.0495868
199 261 0.0542636
199 262 0.00598802
200 137 0.0478723
200 167 0.00558659
200 168 0.0266667
200 169 0.0621762
200 170 0.00645161
200 198 0.0903614
200 199 0.384615
200 229 0.0457143
200 230 0.37234
200 231 0.0662983
200 259 0.00684932
200 261 0.0584416
200 262 0.0104167
201 169 0.201058
201 170 0.125828
201 202 0.419118
201 203 0.0411765
201 230 0.0217391
201 231 0.0564972
201 263 0.0142857
201 264 0.00584795
202 169 0.0848485
202 170 0.00787402
202 201 0.419118
202 203 0.116438
202 231 0.0326797
202 232 0.010101
202 234 0.0123457
202 235 0.0633803
202 264 0.0136054
202 266 0.00847458
203 139 0.0215054
203 141 0.125749
203 142 0.00641026
203 170 0.0124224
203 171 0.011976
203 172 0.0869565
203 201 0.0411765
203 202 0.116438
203 204 0.0131579
203 232 0.0150376
203 233 0.0106383
203 234 0.362245
203 235 0.0965909
203 236 0.0114943
203 263 0.00666667
203 266 0.0328947
204 141 0.107914
204 142 0.046875
204 144 0.0442478
204 173 0.0185185
204 174 0.14094
204 175 0.0124224
204 203 0.0131579
204 205 0.188406
204 234 0.166667
204 235 0.0135135
204 236 0.0616438
204 237 0.0424242
204 265 0.00909091
204 266 0.0241935
204 268 0.015748
205 173 0.0655738
205 174 0.466258
205 175 0.0285714
205 204 0.188406
205 206 0.0710059
205 207 0.00518135
205 234 0.00549451
205 236 0.00625
205 237 0.173184
205 268 0.0141844
206 143 0.0648649
206 175 0.364583
206 176 0.0129032
206 177 0.0544554
206 205 0.0710059
206 207 0.0904762
206 237 0.00510204
206 238 0.0184049
207 175 0.0138889
207 177 0.00442478
207 205 0.00518135
207 206 0.0904762
207 208 0.0042735
207 237 0.0818182
207 238 0.31016
207 239 0.0346821
207 267 0.0225225
207 268 0.159341
207 269 0.207071
208 177 0.389381
208 178 0.0660793
208 207 0.0042735
208 209 0.020202
208 239 0.0520231
208 240 0.307054
209 177 0.00526316
209 178 0.0157068
209 179 0.0225989
209 208 0.020202
209 210 0.00497512
209 239 0.0291971
209 240 0.326829
209 241 0.212121
209 272 0.0974026
210 179 0.0231481
210 180 0.0467836
210 209 0.00497512
210 241 0.239766
210 242 0.551282
210 243 0.00549451
210 272 0.0414508
210 274 0.0114286
211 149 0.0217391
211 180 0.0247934
211 181 0.00598802
211 183 0.00609756
211 212 0.336449
211 213 0.193103
211 214 0.0246914
211 242 0.0217391
211 243 0.469697
211 244 0.00740741
212 149 0.0190476
212 180 0.0340909
212 181 0.0223881
212 211 0.336449
212 213 0.0178571
212 242 0.00662252
212 243 0.030303
213 149 0.013986
213 180 0.0714286
213 181 0.00581395
213 183 0.0532544
213 211 0.193103
213 212 0.0178571
213 214 0.0419162
213 243 0.124088
213 244 0.442857
213 246 0.0227273
214 149 0.0375
214 151 0.0113636
214 152 0.0047619
214 182 0.034188
214 183 0.306452
214 184 0.14554
214 211 0.0246914
214 213 0.0419162
214 215 0.129213
214 243 0.00649351
214 246 0.0268456
215 183 0.0277778
215 184 0.357488
215 214 0.129213
215 216 0.035503
215 246 0.0699301
215 247 0.0748299
216 184 0.205882
216 185 0.278912
216 215 0.035503
216 246 0.05
216 247 0.0694444
217 155 0.0243902
217 156 0.0456621
217 157 0.0107527
217 186 0.204678
217 188 0.338462
217 218 0.214286
217 248 0.174419
217 249 0.0258065
217 280 0.0363636
218 155 0.032
218 156 0.122172
218 157 0.0265957
218 186 0.16763
218 187 0.0483871
218 188 0.279188
218 217 0.214286
218 220 0.185714
218 248 0.0229885
218 249 0.0509554
218 250 0.0352941
218 280 0.00598802
219 157 0.020979
219 158 0.00740741
219 188 0.0855263
219 189 0.0649351
219 220 0.284848
219 221 0.0134228
219 250 0.032
219 251 0.111111
219 252 0.0568182
219 280 0.00819672
220 157 0.0215054
220 158 0.011236
220 187 0.0543478
220 188 0.148718
220 189 0.218274
220 218 0.185714
220 219 0.284848
220 221 0.00520833
220 249 0.0193548
220 250 0.142857
220 251 0.0510204
220 252 0.00456621
221 159 0.196078
221 160 0.020979
221 161 0.0123457
221 189 0.0939227
221 190 0.0265487
221 191 0.0818713
221 192 0.0547945
221 219 0.0134228
221 220 0.00520833
221 222 0.159509
221 223 0.0526316
221 251 0.00555556
221 252 0.0935961
221 253 0.0469799
222 191 0.056962
222 192 0.0150376
222 221 0.159509
222 223 0.175
222 224 0.0666667
222 252 0.147368
222 253 0.0147059
222 254 0.0136054
222 283 0.0144928
223 191 0.0078125
223 192 0.242718
223 221 0.0526316
223 222 0.175
223 224 0.0761905
223 253 0.188679
223 254 0.025641
223 255 0.153061
223 284 0.00900901
224 191 0.020979
224 192 0.211864
224 193 0.145038
224 222 0.0666667
224 223 0.0761905
224 225 0.203252
224 253 0.00826446
224 255 0.0530973
225 192 0.00826446
225 193 0.0671642
225 194 0.0753425
225 224 0.203252
225 254 0.00740741
225 255 0.0603448
225 256 0.154412
225 287 0.111111
226 165 0.0148515
226 193 0.00546448
226 194 0.025641
226 195 0.0772947
226 228 0.167539
226 256 0.345946
226 257 0.133721
226 258 0.0753769
226 287 0.0103627
226 288 0.11413
227 196 0.197479
227 228 0.0648649
227 229 0.0964467
227 257 0.13253
227 258 0.145078
227 259 0.184524
227 260 0.0307692
227 290 0.135021
227 291 0.081448
228 165 0.0236686
228 166 0.0184049
228 195 0.281609
228 196 0.189573
228 197 0.0660377
228 226 0.167539
228 227 0.0648649
228 256 0.00657895
228 257 0.0935252
228 258 0.0421687
229 166 0.0228571
229 167 0.0537634
229 196 0.237668
229 197 0.00847458
229 198 0.231214
229 199 0.0133333
229 200 0.0457143
229 227 0.0964467
229 230 0.0871795
229 259 0.0849673
229 260 0.00555556
229 261 0.0186335
230 169 0.084507
230 170 0.0342857
230 198 0.016129
230 199 0.0613497
230 200 0.37234
230 201 0.0217391
230 229 0.0871795
230 231 0.348259
230 259 0.0180723
230 261 0.045977
230 262 0.0754717
230 264 0.0102564
231 169 0.0582524
231 170 0.0595238
231 199 0.00641026
231 200 0.0662983
231 201 0.0564972
231 202 0.0326797
231 230 0.348259
231 260 0.016129
231 261 0.00598802
231 262 0.0390244
231 264 0.0851064
231 293 0.0267857
232 202 0.010101
232 203 0.0150376
232 233 0.035461
232 234 0.0604027
232 235 0.0155039
232 263 0.339806
232 265 0.032967
233 203 0.0106383
233 232 0.035461
233 234 0.0392157
233 235 0.358696
233 236 0.104396
233 263 0.0443038
233 264 0.0687831
233 265 0.226027
233 266 0.10625
233 294 0.0186047
233 295 0.12381
233 296 0.0782609
234 171 0.0491803
234 172 0.242938
234 173 0.0263158
234 174 0.015544
234 202 0.0123457
234 203 0.362245
234 204 0.166667
234 205 0.00549451
234 232 0.0604027
234 233 0.0392157
234 235 0.0520833
234 236 0.0526316
234 237 0.00478469
234 265 0.038961
234 266 0.0178571
235 202 0.0633803
235 203 0.0965909
235 204 0.0135135
235 232 0.0155039
235 233 0.358696
235 234 0.0520833
235 236 0.176471
235 237 0.010582
235 263 0.00684932
235 265 0.119403
235 266 0.513514
235 295 0.0252525
235 296 0.0642202
236 174 0.00584795
236 203 0.0114943
236 204 0.0616438
236 205 0.00625
236 233 0.104396
236 234 0.0526316
236 235 0.176471
236 237 0.262032
236 265 0.318182
236 266 0.0958904
236 268 0.100671
236 296 0.00462963
236 298 0.0592593
237 173 0.00671141
237 174 0.0315789
237 204 0.0424242
237 205 0.173184
237 206 0.00510204
237 207 0.0818182
237 234 0.00478469
237 235 0.010582
237 236 0.262032
237 265 0.0331126
237 266 0.0121212
237 267 0.158654
237 268 0.107143
237 296 0.00425532
237 298 0.279221
238 206 0.0184049
238 207 0.31016
238 239 0.468254
238 269 0.013245
238 270 0.037037
238 271 0.0677966
239 207 0.0346821
239 208 0.0520231
239 209 0.0291971
239 238 0.468254
239 240 0.0611111
239 241 0.0280374
239 271 0.00961538
240 177 0.0901288
240 178 0.0726496
240 179 0.0136364
240 208 0.307054
240 209 0.326829
240 239 0.0611111
240 241 0.00571429
241 179 0.0204082
241 209 0.212121
241 210 0.239766
241 239 0.0280374
241 240 0.00571429
241 242 0.0363636
241 271 0.0909091
241 272 0.153226
241 304 0.00847458
242 180 0.0848485
242 210 0.551282
242 211 0.0217391
242 212 0.00662252
242 241 0.0363636
242 243 0.0852273
242 244 0.0167598
242 272 0.0374332
242 273 0.0144928
242 274 0.0295858
242 303 0.00555556
242 304 0.0165746
243 180 0.0707965
243 183 0.00641026
243 210 0.00549451
243 211 0.469697
243 212 0.030303
243 213 0.124088
243 214 0.00649351
243 242 0.0852273
243 244 0.133858
243 274 0.00854701
243 276 0.0106383
244 183 0.00628931
244 211 0.00740741
244 213 0.442857
244 242 0.0167598
244 243 0.133858
244 245 0.00588235
244 246 0.0327869
244 274 0.05
244 275 0.00632911
244 276 0.185567
245 244 0.00588235
245 246 0.037037
245 275 0.106061
245 276 0.160584
245 277 0.259804
245 307 0.165877
246 183 0.10596
246 184 0.0842697
246 213 0.0227273
246 214 0.0268456
246 215 0.0699301
246 216 0.05
246 244 0.0327869
246 245 0.037037
246 247 0.0932203
246 276 0.101124
246 277 0.00641026
246 278 0.0840336
247 184 0.0164835
247 215 0.0748299
247 216 0.0694444
247 246 0.0932203
247 277 0.00625
247 278 0.308943
247 308 0.00833333
248 186 0.103704
248 188 0.00628931
248 217 0.174419
248 218 0.0229885
248 249 0.235294
248 279 0.136364
248 280 0.0310078
248 310 0.0693642
248 312 0.0157895
249 186 0.0254237
249 188 0.0211268
249 217 0.0258065
249 218 0.0509554
249 220 0.0193548
249 248 0.235294
249 250 0.365217
249 279 0.0215054
249 280 0.0267857
249 312 0.0751445
250 188 0.0258065
250 218 0.0352941
250 219 0.032
250 220 0.142857
250 249 0.365217
250 251 0.0128205
250 252 0.0670391
250 280 0.04
250 281 0.0642857
250 312 0.16129
251 219 0.111111
251 220 0.0510204
251 221 0.00555556
251 250 0.0128205
251 252 0.357488
251 281 0.0178571
251 282 0.131429
251 283 0.0193548
251 312 0.0373832
251 315 0.005
252 219 0.0568182
252 220 0.00456621
252 221 0.0935961
252 222 0.147368
252 250 0.0670391
252 251 0.357488
252 281 0.0732984
252 282 0.126263
252 283 0.0561798
252 314 0.0060241
252 315 0.0224215
253 221 0.0469799
253 222 0.0147059
253 223 0.188679
253 224 0.00826446
253 254 0.263158
253 255 0.0175439
253 283 0.0322581
253 284 0.401575
253 285 0.0578512
253 314 0.0267857
253 316 0.115942
254 222 0.0136054
254 223 0.025641
254 225 0.00740741
254 253 0.263158
254 255 0.04
254 283 0.0222222
254 284 0.253623
254 285 0.265152
254 286 0.0233918
254 314 0.00813008
254 316 0.295302
255 223 0.153061
255 224 0.0530973
255 225 0.0603448
255 253 0.0175439
255 254 0.04
255 286 0.0592105
255 287 0.283582
255 288 0.008
255 316 0.0384615
255 318 0.0136054
255 319 0.481928
255 320 0.00588235
256 194 0.115385
256 225 0.154412
256 226 0.345946
256 228 0.00657895
256 257 0.0150376
256 258 0.0125
256 287 0.0584416
256 288 0.0965517
257 196 0.00520833
257 226 0.133721
257 227 0.13253
257 228 0.0935252
257 256 0.0150376
257 258 0.210884
257 259 0.00819672
257 287 0.0070922
