0 1 0.0608696
0 2 0.385417
0 47 0.0142857
0 48 0.0145631
1 0 0.0608696
1 2 0.0458015
1 3 0.0728477
1 50 0.0151515
2 0 0.385417
2 1 0.0458015
2 3 0.232456
2 48 0.00900901
3 1 0.0728477
3 2 0.232456
3 5 0.0582011
3 48 0.0619835
3 49 0.00526316
3 50 0.126638
4 5 0.0106383
4 6 0.440678
4 7 0.185185
4 50 0.0671642
4 53 0.0542636
5 3 0.0582011
5 4 0.0106383
5 6 0.136842
5 50 0.247059
5 53 0.0727273
6 4 0.440678
6 5 0.136842
6 7 0.0363636
6 50 0.037037
6 53 0.146154
7 4 0.185185
7 6 0.0363636
7 8 0.0714286
7 53 0.024
7 54 0.0763359
7 55 0.00671141
8 7 0.0714286
8 9 0.00714286
8 53 0.0320856
8 54 0.238342
8 55 0.194313
9 8 0.00714286
9 10 0.213115
9 11 0.0212766
9 55 0.107345
9 57 0.10625
9 58 0.0165289
10 9 0.213115
10 11 0.454545
10 12 0.0875912
10 55 0.015544
10 57 0.0397727
10 58 0.00729927
10 59 0.0564103
11 9 0.0212766
11 10 0.454545
11 12 0.137615
11 55 0.00606061
11 57 0.00675676
11 58 0.00917431
11 59 0.0239521
12 10 0.0875912
12 11 0.137615
12 13 0.0769231
12 14 0.100775
12 58 0.0661765
12 59 0.185567
12 61 0.0529412
13 12 0.0769231
13 14 0.109091
13 15 0.121495
13 59 0.04
13 61 0.165563
14 12 0.100775
14 13 0.109091
14 15 0.226891
14 16 0.135417
14 61 0.159509
14 62 0.0416667
15 13 0.121495
15 14 0.226891
15 16 0.11828
15 17 0.0181818
15 61 0.0625
15 62 0.0425532
15 63 0.179245
16 14 0.135417
16 15 0.11828
16 17 0.028169
16 62 0.101695
16 63 0.0481928
16 64 0.062069
17 15 0.0181818
17 16 0.028169
17 18 0.348571
17 19 0.0408163
17 62 0.0578947
17 63 0.116129
17 64 0.0921659
17 65 0.0726496
17 66 0.0512821
18 17 0.348571
18 19 0.101911
18 63 0.12931
18 64 0.011236
18 65 0.0410256
18 66 0.017094
19 17 0.0408163
19 18 0.101911
19 20 0.162162
19 65 0.101852
19 66 0.188406
20 19 0.162162
20 21 0.123932
20 22 0.033195
20 65 0.0538462
20 66 0.032967
20 67 0.035503
20 68 0.015625
20 69 0.0162162
21 20 0.123932
21 22 0.282297
21 68 0.125
21 69 0.0196078
22 20 0.033195
22 21 0.282297
22 23 0.0807453
22 25 0.079602
22 68 0.0658683
22 69 0.1625
22 70 0.0131579
23 22 0.0807453
23 25 0.150685
23 70 0.154639
23 71 0.0078125
24 25 0.172775
24 26 0.0164835
24 27 0.234286
24 71 0.115607
24 72 0.245989
24 73 0.134328
25 22 0.079602
25 23 0.150685
25 24 0.172775
25 71 0.047619
25 72 0.021978
25 73 0.193878
26 24 0.0164835
26 27 0.118012
26 28 0.246154
26 73 0.368984
27 24 0.234286
27 26 0.118012
27 28 0.0162602
27 72 0.222892
27 73 0.122222
27 74 0.079096
28 26 0.246154
28 27 0.0162602
28 29 0.230769
28 74 0.00684932
28 75 0.0222222
28 76 0.0120482
29 28 0.230769
29 30 0.3
29 31 0.0263158
29 76 0.0460526
30 29 0.3
30 31 0.1
30 76 0.0144928
30 78 0.225
31 29 0.0263158
31 30 0.1
31 32 0.404372
31 33 0.0483871
31 78 0.105769
31 79 0.027027
31 80 0.0204082
32 31 0.404372
32 33 0.20979
32 34 0.203125
32 78 0.00813008
32 80 0.0180723
32 81 0.00446429
33 31 0.0483871
33 32 0.20979
33 34 0.210526
33 80 0.0186916
34 32 0.203125
34 33 0.210526
34 35 0.20202
34 36 0.115702
34 81 0.0700935
34 82 0.0426829
35 34 0.20202
35 36 0.189781
35 37 0.05
35 38 0.231441
35 81 0.00434783
35 82 0.238889
36 34 0.115702
36 35 0.189781
36 37 0.047619
36 38 0.0263158
36 82 0.0291262
37 35 0.05
37 36 0.047619
37 38 0.129032
37 39 0.0955882
37 40 0.0273973
37 84 0.015873
37 86 0.00826446
38 35 0.231441
38 36 0.0263158
38 37 0.129032
38 39 0.231111
38 82 0.025641
38 84 0.172093
38 86 0.0333333
39 37 0.0955882
39 38 0.231111
39 40 0.216783
39 84 0.0102041
39 86 0.162304
39 87 0.242798
40 37 0.0273973
40 39 0.216783
40 41 0.047619
40 86 0.0234375
40 87 0.144444
40 88 0.0248447
41 40 0.047619
41 42 0.388626
41 43 0.00549451
41 87 0.207965
41 88 0.0241546
41 90 0.10119
42 41 0.388626
42 43 0.21267
42 44 0.0441176
42 87 0.0188679
42 90 0.434783
42 91 0.0224215
43 41 0.00549451
43 42 0.21267
43 44 0.465021
43 45 0.0585774
43 90 0.0168539
44 42 0.0441176
44 43 0.465021
44 45 0.286207
44 90 0.0218341
44 91 0.0122449
44 92 0.0606061
45 43 0.0585774
45 44 0.286207
45 46 0.137405
45 92 0.231959
45 93 0.229391
46 45 0.137405
46 93 0.576471
47 0 0.0142857
47 48 0.170588
47 49 0.0169492
47 94 0.0916667
47 95 0.223602
48 0 0.0145631
48 2 0.00900901
48 3 0.0619835
48 47 0.170588
48 49 0.0271739
48 94 0.0430108
48 95 0.348018
48 97 0.0818182
49 3 0.00526316
49 47 0.0169492
49 48 0.0271739
49 51 0.0404624
49 96 0.0365854
49 97 0.27381
49 98 0.104478
50 1 0.0151515
50 3 0.126638
50 4 0.0671642
50 5 0.247059
50 6 0.037037
50 51 0.0754717
50 53 0.0487805
50 97 0.169082
50 98 0.017341
50 99 0.00581395
50 100 0.0555556
51 49 0.0404624
51 50 0.0754717
51 97 0.191388
51 98 0.502857
51 99 0.0862069
51 100 0.0917431
52 53 0.00689655
52 54 0.0662252
52 55 0.0236686
52 100 0.102564
52 101 0.00735294
52 102 0.0425532
53 4 0.0542636
53 5 0.0727273
53 6 0.146154
53 7 0.024
53 8 0.0320856
53 50 0.0487805
53 52 0.00689655
53 54 0.0485437
53 100 0.251185
53 101 0.026178
54 7 0.0763359
54 8 0.238342
54 52 0.0662252
54 53 0.0485437
54 55 0.121739
54 100 0.0230415
54 101 0.233503
54 102 0.0247525
54 103 0.0408163
55 7 0.00671141
55 8 0.194313
55 9 0.107345
55 10 0.015544
55 11 0.00606061
55 52 0.0236686
55 54 0.121739
55 56 0.0358744
55 57 0.142857
55 101 0.027907
55 103 0.0280374
55 104 0.0106952
55 105 0.0265487
56 55 0.0358744
56 57 0.00485437
56 101 0.0421053
56 103 0.275132
56 104 0.314815
56 105 0.0547264
57 9 0.10625
57 10 0.0397727
57 11 0.00675676
57 55 0.142857
57 56 0.00485437
57 58 0.0628571
57 59 0.0214592
57 104 0.0117647
57 105 0.344498
57 106 0.0157895
58 9 0.0165289
58 10 0.00729927
58 11 0.00917431
58 12 0.0661765
58 57 0.0628571
58 59 0.262887
58 60 0.0481928
58 105 0.0529412
58 106 0.10596
59 10 0.0564103
59 11 0.0239521
59 12 0.185567
59 13 0.04
59 57 0.0214592
59 58 0.262887
59 61 0.162281
59 105 0.0482456
59 106 0.114833
59 108 0.0652174
60 58 0.0481928
60 106 0.0408163
60 108 0.0840336
61 12 0.0529412
61 13 0.165563
61 14 0.159509
61 15 0.0625
61 59 0.162281
61 62 0.0108108
61 106 0.00540541
61 107 0.043956
61 108 0.223301
61 109 0.0651163
62 14 0.0416667
62 15 0.0425532
62 16 0.101695
62 17 0.0578947
62 61 0.0108108
62 63 0.0763359
62 64 0.170984
62 107 0.00613497
62 108 0.0320856
62 109 0.244898
62 110 0.0876289
62 111 0.0444444
62 112 0.0130719
63 15 0.179245
63 16 0.0481928
63 17 0.116129
63 18 0.12931
63 62 0.0763359
63 64 0.14557
64 16 0.062069
64 17 0.0921659
64 18 0.011236
64 62 0.170984
64 63 0.14557
64 109 0.201794
64 110 0.0452489
64 111 0.134921
64 112 0.105556
65 17 0.0726496
65 18 0.0410256
65 19 0.101852
65 20 0.0538462
65 66 0.215909
65 67 0.00613497
65 111 0.159851
65 112 0.0152284
65 113 0.192
66 17 0.0512821
66 18 0.017094
66 19 0.188406
66 20 0.032967
66 65 0.215909
66 67 0.0117647
66 111 0.0052356
66 113 0.0232558
67 20 0.035503
67 65 0.00613497
67 66 0.0117647
67 68 0.0421053
67 113 0.264151
67 115 0.0612245
68 20 0.015625
68 21 0.125
68 22 0.0658683
68 67 0.0421053
68 69 0.126126
68 70 0.038835
68 114 0.00884956
68 115 0.264706
68 116 0.0272727
69 20 0.0162162
69 21 0.0196078
69 22 0.1625
69 68 0.126126
69 115 0.0306748
69 116 0.0194175
69 117 0.0810811
70 22 0.0131579
70 23 0.154639
70 68 0.038835
70 71 0.00840336
70 115 0.00645161
70 116 0.0842105
70 117 0.1
71 23 0.0078125
71 24 0.115607
71 25 0.047619
71 70 0.00840336
71 72 0.115854
71 117 0.321637
71 118 0.0396825
71 119 0.113924
72 24 0.245989
72 25 0.021978
72 27 0.222892
72 71 0.115854
72 73 0.00520833
72 118 0.385714
72 119 0.139535
72 120 0.125
72 121 0.0422535
73 24 0.134328
73 25 0.193878
73 26 0.368984
73 27 0.122222
73 72 0.00520833
73 121 0.0128205
74 27 0.079096
74 28 0.00684932
74 75 0.401709
74 76 0.0181818
74 119 0.0163934
74 120 0.0175439
74 121 0.0196078
74 122 0.00671141
74 123 0.0287081
75 28 0.0222222
75 74 0.401709
75 76 0.169291
75 77 0.0643939
75 123 0.0329218
76 28 0.0120482
76 29 0.0460526
76 30 0.0144928
76 74 0.0181818
76 75 0.169291
76 77 0.4
76 78 0.0211268
76 79 0.0134529
77 75 0.0643939
77 76 0.4
77 78 0.0394737
77 79 0.141631
77 124 0.0108108
77 125 0.0662651
78 30 0.225
78 31 0.105769
78 32 0.00813008
78 76 0.0211268
78 77 0.0394737
78 79 0.04
79 31 0.027027
79 76 0.0134529
79 77 0.141631
79 78 0.04
79 80 0.00595238
79 124 0.00632911
79 125 0.0791367
79 126 0.0307692
79 127 0.272727
80 31 0.0204082
80 32 0.0180723
80 33 0.0186916
80 79 0.00595238
80 81 0.303191
80 127 0.114094
81 32 0.00446429
81 34 0.0700935
81 35 0.00434783
81 80 0.303191
81 82 0.158163
81 83 0.281106
81 127 0.00483092
81 129 0.033557
82 34 0.0426829
82 35 0.238889
82 36 0.0291262
82 38 0.025641
82 81 0.158163
82 83 0.203593
82 84 0.0963855
83 81 0.281106
83 82 0.203593
83 84 0.208556
83 85 0.0246914
83 129 0.075
83 131 0.017094
84 37 0.015873
84 38 0.172093
84 39 0.0102041
84 82 0.0963855
84 83 0.208556
84 85 0.236025
84 86 0.0165746
84 129 0.0168067
85 83 0.0246914
85 84 0.236025
85 86 0.102564
85 131 0.0288462
85 132 0.0070922
85 133 0.025641
86 37 0.00826446
86 38 0.0333333
86 39 0.162304
86 40 0.0234375
86 84 0.0165746
86 85 0.102564
86 87 0.0964912
86 88 0.0669856
86 133 0.00729927
86 134 0.0204082
86 135 0.0679612
87 39 0.242798
87 40 0.144444
87 41 0.207965
87 42 0.0188679
87 86 0.0964912
87 88 0.187739
87 90 0.0135135
88 40 0.0248447
88 41 0.0241546
88 86 0.0669856
88 87 0.187739
88 89 0.0309278
88 90 0.0788177
88 134 0.127778
88 135 0.41841
88 136 0.00531915
89 88 0.0309278
89 91 0.269006
89 134 0.0606061
89 135 0.193717
89 136 0.121429
90 41 0.10119
90 42 0.434783
90 43 0.0168539
90 44 0.0218341
90 87 0.0135135
90 88 0.0788177
90 91 0.0722222
90 136 0.134228
91 42 0.0224215
91 44 0.0122449
91 89 0.269006
91 90 0.0722222
91 92 0.0469799
91 136 0.369697
91 138 0.157143
92 44 0.0606061
92 45 0.231959
92 91 0.0469799
92 93 0.106952
92 138 0.16129
92 139 0.0384615
92 140 0.0841122
93 45 0.229391
93 46 0.576471
93 92 0.106952
93 139 0.010582
93 140 0.140625
94 47 0.0916667
94 48 0.0430108
94 95 0.40113
94 141 0.0238095
95 47 0.223602
95 48 0.348018
95 94 0.40113
95 141 0.024
95 142 0.0342857
96 49 0.0365854
96 97 0.00847458
96 143 0.107843
97 48 0.0818182
97 49 0.27381
97 50 0.169082
97 51 0.191388
97 96 0.00847458
97 98 0.0470588
97 142 0.00595238
97 143 0.0106383
98 49 0.104478
98 50 0.017341
98 51 0.502857
98 97 0.0470588
98 99 0.0148148
98 100 0.0446927
98 144 0.015625
98 146 0.0466667
98 147 0.0175439
99 50 0.00581395
99 51 0.0862069
99 98 0.0148148
99 100 0.0955056
99 101 0.00632911
99 145 0.010989
99 146 0.0134228
99 147 0.0176991
99 148 0.3625
100 50 0.0555556
100 51 0.0917431
100 52 0.102564
100 53 0.251185
100 54 0.0230415
100 98 0.0446927
100 99 0.0955056
100 101 0.0346535
100 102 0.00966184
100 147 0.101911
100 148 0.122549
101 52 0.00735294
101 53 0.026178
101 54 0.233503
101 55 0.027907
101 56 0.0421053
101 99 0.00632911
101 100 0.0346535
101 102 0.0588235
101 103 0.138122
101 147 0.0145985
101 148 0.130435
101 149 0.011236
102 52 0.0425532
102 54 0.0247525
102 100 0.00966184
102 101 0.0588235
102 103 0.0860215
102 147 0.084507
102 148 0.169312
102 149 0.169399
103 54 0.0408163
103 55 0.0280374
103 56 0.275132
103 101 0.138122
103 102 0.0860215
103 104 0.00653595
103 149 0.158192
103 151 0.00662252
104 55 0.0106952
104 56 0.314815
104 57 0.0117647
104 103 0.00653595
104 105 0.0848485
104 152 0.0388889
105 55 0.0265487
105 56 0.0547264
105 57 0.344498
105 58 0.0529412
105 59 0.0482456
105 104 0.0848485
105 152 0.118721
105 154 0.0159574
106 57 0.0157895
106 58 0.10596
106 59 0.114833
106 60 0.0408163
106 61 0.00540541
106 151 0.0625
106 152 0.285
106 154 0.0887574
107 61 0.043956
107 62 0.00613497
107 108 0.00543478
107 109 0.0103627
107 110 0.0052356
107 153 0.295302
107 154 0.180723
107 155 0.206704
107 156 0.0147059
108 59 0.0652174
108 60 0.0840336
108 61 0.223301
108 62 0.0320856
108 107 0.00543478
108 109 0.21659
108 110 0.00930233
108 154 0.0894737
108 155 0.0344828
109 61 0.0651163
109 62 0.244898
109 64 0.201794
109 107 0.0103627
109 108 0.21659
109 110 0.0982143
109 155 0.212264
110 62 0.0876289
110 64 0.0452489
110 107 0.0052356
110 108 0.00930233
110 109 0.0982143
110 111 0.0711462
110 112 0.00552486
110 155 0.266667
110 156 0.161677
110 157 0.0700935
110 158 0.0478469
111 62 0.0444444
111 64 0.134921
111 65 0.159851
111 66 0.0052356
111 110 0.0711462
111 112 0.268868
111 157 0.0734694
111 158 0.0375
111 159 0.0620155
112 62 0.0130719
112 64 0.105556
112 65 0.0152284
112 110 0.00552486
112 111 0.268868
112 157 0.0115607
112 159 0.107527
113 65 0.192
113 66 0.0232558
113 67 0.264151
113 114 0.0169492
113 115 0.00854701
113 159 0.292887
113 160 0.0135747
114 68 0.00884956
114 113 0.0169492
114 115 0.0727273
114 159 0.0235294
114 160 0.203947
114 161 0.36
115 67 0.0612245
115 68 0.264706
115 69 0.0306748
115 70 0.00645161
115 113 0.00854701
115 114 0.0727273
115 116 0.222222
115 160 0.181818
115 161 0.021978
115 162 0.182796
115 164 0.0239234
116 68 0.0272727
116 69 0.0194175
116 70 0.0842105
116 115 0.222222
116 162 0.031746
116 163 0.0857143
116 164 0.228188
116 165 0.0261438
117 69 0.0810811
117 70 0.1
117 71 0.321637
117 164 0.14433
117 165 0.277778
118 71 0.0396825
118 72 0.385714
118 119 0.0671642
118 120 0.0901639
118 165 0.00653595
118 167 0.035461
119 71 0.113924
119 72 0.139535
119 74 0.0163934
119 118 0.0671642
119 120 0.149351
119 121 0.110294
119 165 0.00540541
119 166 0.204082
119 167 0.289017
119 168 0.010989
120 72 0.125
120 74 0.0175439
120 118 0.0901639
120 119 0.149351
120 121 0.0403226
120 167 0.478261
120 168 0.00588235
121 72 0.0422535
121 73 0.0128205
121 74 0.0196078
121 119 0.110294
121 120 0.0403226
121 122 0.00980392
121 123 0.0864198
121 167 0.041958
121 168 0.164474
122 74 0.00671141
122 121 0.00980392
122 123 0.0443038
122 168 0.351351
122 169 0.0143885
122 170 0.0212766
123 74 0.0287081
123 75 0.0329218
123 121 0.0864198
123 122 0.0443038
123 124 0.115854
123 168 0.120192
123 169 0.0452261
123 170 0.0149254
124 77 0.0108108
124 79 0.00632911
124 123 0.115854
124 125 0.21978
124 170 0.0408163
124 172 0.00675676
124 173 0.0297619
125 77 0.0662651
125 79 0.0791367
125 124 0.21978
125 126 0.015873
125 170 0.0078125
125 172 0.0155039
125 173 0.0268456
126 79 0.0307692
126 125 0.015873
126 127 0.126126
126 172 0.0416667
126 173 0.0642857
126 174 0.128713
126 175 0.0140845
127 79 0.272727
127 80 0.114094
127 81 0.00483092
127 126 0.126126
127 128 0.0153846
127 173 0.0101523
127 174 0.0126582
127 176 0.187097
128 127 0.0153846
128 129 0.0277778
128 174 0.0666667
128 175 0.0777778
128 176 0.128205
129 81 0.033557
129 83 0.075
129 84 0.0168067
129 128 0.0277778
129 130 0.0568182
129 131 0.0542169
129 176 0.123711
129 177 0.0555556
130 129 0.0568182
130 131 0.227723
130 176 0.225564
130 177 0.0555556
131 83 0.017094
131 85 0.0288462
131 129 0.0542169
131 130 0.227723
131 132 0.0140845
131 177 0.119048
131 178 0.294776
131 179 0.0307692
131 180 0.00775194
132 85 0.0070922
132 131 0.0140845
132 133 0.393443
132 134 0.0227273
132 135 0.0157068
132 178 0.154229
132 179 0.257812
132 180 0.382199
132 181 0.0963855
133 85 0.025641
133 86 0.00729927
133 132 0.393443
133 134 0.0185185
133 135 0.0359281
133 178 0.0508475
133 179 0.163462
133 180 0.107784
133 181 0.316901
133 182 0.0147059
134 86 0.0204082
134 88 0.127778
134 89 0.0606061
134 132 0.0227273
134 133 0.0185185
134 135 0.316384
134 181 0.217105
134 182 0.0205479
134 183 0.0357143
135 86 0.0679612
135 88 0.41841
135 89 0.193717
135 132 0.0157068
135 133 0.0359281
135 134 0.316384
135 136 0.0216216
135 180 0.00423729
135 181 0.14218
135 183 0.0350877
136 88 0.00531915
136 89 0.121429
136 90 0.134228
136 91 0.369697
136 135 0.0216216
137 138 0.0521739
137 139 0.015873
137 184 0.00609756
137 185 0.162338
137 186 0.248555
138 91 0.157143
138 92 0.16129
138 137 0.0521739
138 139 0.0421053
138 185 0.0813008
138 186 0.0211268
139 92 0.0384615
139 93 0.010582
139 137 0.015873
139 138 0.0421053
139 140 0.357798
139 186 0.0326797
139 187 0.0873016
140 92 0.0841122
140 93 0.140625
140 139 0.357798
140 187 0.0697674
141 94 0.0238095
141 95 0.024
141 188 0.0568182
141 189 0.047619
142 95 0.0342857
142 97 0.00595238
142 143 0.243421
142 144 0.15873
142 189 0.0681818
142 191 0.0348837
143 96 0.107843
143 97 0.0106383
143 142 0.243421
143 188 0.00632911
143 189 0.0867347
143 190 0.00699301
143 191 0.25
143 192 0.0137615
144 98 0.015625
144 142 0.15873
144 146 0.0492958
144 191 0.0722892
144 192 0.197917
145 99 0.010989
145 146 0.198113
145 147 0.157143
145 192 0.0128205
146 98 0.0466667
146 99 0.0134228
146 144 0.0492958
146 145 0.198113
146 147 0.0703125
146 191 0.0106383
146 192 0.224299
146 193 0.0959596
146 195 0.111765
147 98 0.0175439
147 99 0.0176991
147 100 0.101911
147 101 0.0145985
147 102 0.084507
147 145 0.157143
147 146 0.0703125
147 148 0.136691
147 193 0.037037
147 195 0.0597015
148 99 0.3625
148 100 0.122549
148 101 0.130435
148 102 0.169312
148 147 0.136691
148 193 0.119617
148 194 0.0558376
148 195 0.00552486
149 101 0.011236
149 102 0.169399
149 103 0.158192
149 150 0.0917431
149 151 0.0878378
149 194 0.026178
149 196 0.0454545
149 197 0.0814815
149 198 0.0858586
150 149 0.0917431
150 151 0.192771
150 198 0.0075188
151 103 0.00662252
151 106 0.0625
151 149 0.0878378
151 150 0.192771
151 152 0.196629
151 198 0.127907
152 104 0.0388889
152 105 0.118721
152 106 0.285
152 151 0.196629
152 154 0.197044
152 198 0.118421
152 199 0.028436
152 200 0.0372093
153 107 0.295302
153 154 0.0967742
153 155 0.0238095
153 199 0.00613497
153 200 0.0718563
153 202 0.141176
154 105 0.0159574
154 106 0.0887574
154 107 0.180723
154 108 0.0894737
154 152 0.197044
154 153 0.0967742
154 155 0.0162162
154 199 0.0333333
154 203 0.034965
155 107 0.206704
155 108 0.0344828
155 109 0.212264
155 110 0.266667
155 153 0.0238095
155 154 0.0162162
155 156 0.0193548
155 201 0.016129
155 202 0.045
155 203 0.160256
156 107 0.0147059
156 110 0.161677
156 155 0.0193548
156 157 0.0754717
156 158 0.12987
156 202 0.0254777
157 110 0.0700935
157 111 0.0734694
157 112 0.0115607
157 156 0.0754717
157 158 0.328358
157 204 0.00515464
157 205 0.0196078
158 110 0.0478469
158 111 0.0375
158 156 0.12987
158 157 0.328358
158 159 0.00934579
158 205 0.027027
158 206 0.00473934
158 207 0.0319149
159 111 0.0620155
159 112 0.107527
159 113 0.292887
159 114 0.0235294
159 158 0.00934579
159 160 0.0233645
159 161 0.0213904
160 113 0.0135747
160 114 0.203947
160 115 0.181818
160 159 0.0233645
160 161 0.431953
160 162 0.0462428
160 207 0.0212766
160 208 0.0714286
160 209 0.182857
160 210 0.0322581
161 114 0.36
161 115 0.021978
161 159 0.0213904
161 160 0.431953
161 162 0.00684932
161 209 0.277027
161 210 0.0251572
162 115 0.182796
162 116 0.031746
162 160 0.0462428
162 161 0.00684932
162 163 0.0487805
162 164 0.0924855
162 208 0.00689655
162 210 0.147239
163 116 0.0857143
163 162 0.0487805
163 164 0.128342
163 165 0.0052356
163 208 0.00628931
163 209 0.0722892
163 210 0.293785
163 212 0.0913706
164 115 0.0239234
164 116 0.228188
164 117 0.14433
164 162 0.0924855
164 163 0.128342
164 165 0.22
164 210 0.0107527
164 211 0.00694444
164 212 0.15534
165 116 0.0261438
165 117 0.277778
165 118 0.00653595
165 119 0.00540541
165 163 0.0052356
165 164 0.22
165 166 0.00930233
165 211 0.0337838
165 212 0.147619
166 119 0.204082
166 165 0.00930233
166 167 0.147783
166 168 0.00943396
166 211 0.0251572
166 212 0.0633484
166 213 0.258621
166 214 0.0693069
166 215 0.0105263
167 118 0.035461
167 119 0.289017
167 120 0.478261
167 121 0.041958
167 166 0.147783
167 168 0.100529
167 213 0.0662252
167 214 0.0614525
167 215 0.0359281
168 119 0.010989
168 120 0.00588235
168 121 0.164474
168 122 0.351351
168 123 0.120192
168 166 0.00943396
168 167 0.100529
168 213 0.03125
168 214 0.0159574
168 215 0.0568182
168 216 0.0153061
168 217 0.00448431
169 122 0.0143885
169 123 0.0452261
169 214 0.0893855
169 215 0.125749
169 216 0.40107
169 217 0.0046729
169 218 0.141975
170 122 0.0212766
170 123 0.0149254
170 124 0.0408163
170 125 0.0078125
170 171 0.243056
170 172 0.0648649
170 173 0.0341463
170 217 0.453704
170 218 0.0609756
170 219 0.163399
171 170 0.243056
171 172 0.289655
171 173 0.127273
171 217 0.0227273
171 218 0.016129
171 219 0.0619469
172 124 0.00675676
172 125 0.0155039
172 126 0.0416667
172 170 0.0648649
172 171 0.289655
172 173 0.470874
172 174 0.101796
172 175 0.0145985
172 219 0.0649351
172 220 0.0213904
172 221 0.07
173 124 0.0297619
173 125 0.0268456
173 126 0.0642857
173 127 0.0101523
173 170 0.0341463
173 171 0.127273
173 172 0.470874
173 174 0.0962567
173 175 0.0509554
173 219 0.195402
173 220 0.057971
173 221 0.181818
174 126 0.128713
174 127 0.0126582
174 128 0.0666667
174 172 0.101796
174 173 0.0962567
174 175 0.40678
174 176 0.00689655
174 219 0.00740741
174 221 0.464088
174 223 0.0431655
175 126 0.0140845
175 128 0.0777778
175 172 0.0145985
175 173 0.0509554
175 174 0.40678
175 221 0.13245
175 222 0.012987
175 223 0.201835
176 127 0.187097
176 128 0.128205
176 129 0.123711
176 130 0.225564
176 174 0.00689655
176 177 0.010101
176 221 0.0168539
176 222 0.0192308
176 223 0.0441176
176 224 0.00502513
177 129 0.0555556
177 130 0.0555556
177 131 0.119048
177 176 0.010101
177 178 0.00641026
177 222 0.0327869
177 223 0.0537634
177 224 0.198718
177 225 0.160714
177 226 0.0254237
178 131 0.294776
178 132 0.154229
178 133 0.0508475
178 177 0.00641026
178 179 0.142077
178 180 0.373984
178 224 0.0078125
178 226 0.0504587
179 131 0.0307692
179 132 0.257812
179 133 0.163462
179 178 0.142077
179 180 0.196532
179 181 0.0337838
179 227 0.00980392
180 131 0.00775194
180 132 0.382199
180 133 0.107784
180 135 0.00423729
180 178 0.373984
180 179 0.196532
180 181 0.028436
180 226 0.105769
180 227 0.00606061
181 132 0.0963855
181 133 0.316901
181 134 0.217105
181 135 0.14218
181 179 0.0337838
181 180 0.028436
181 182 0.0944444
181 183 0.10274
181 227 0.00714286
181 229 0.0877193
181 230 0.0218579
182 133 0.0147059
182 134 0.0205479
182 181 0.0944444
182 183 0.15
182 184 0.0393258
182 227 0.00746269
182 229 0.151515
182 230 0.531073
182 231 0.0070922
183 134 0.0357143
183 135 0.0350877
183 181 0.10274
183 182 0.15
183 184 0.291667
183 229 0.0152672
183 230 0.230769
183 231 0.0186916
184 137 0.00609756
184 182 0.0393258
184 183 0.291667
184 185 0.209302
184 230 0.138122
184 231 0.137931
184 232 0.0736842
185 137 0.162338
185 138 0.0813008
185 184 0.209302
185 186 0.0662983
185 230 0.00584795
185 231 0.0444444
185 232 0.283333
186 137 0.248555
186 138 0.0211268
186 139 0.0326797
186 185 0.0662983
186 187 0.231214
186 232 0.0954774
186 233 0.0212766
187 139 0.0873016
187 140 0.0697674
187 186 0.231214
187 233 0.0496894
187 234 0.126374
188 141 0.0568182
188 143 0.00632911
188 189 0.346154
188 190 0.0697674
188 235 0.0649351
189 141 0.047619
189 142 0.0681818
189 143 0.0867347
189 188 0.346154
189 190 0.215569
189 235 0.114583
189 236 0.0103093
189 237 0.0746269
190 143 0.00699301
190 188 0.0697674
190 189 0.215569
190 237 0.202703
191 142 0.0348837
191 143 0.25
191 144 0.0722892
191 146 0.0106383
191 192 0.218487
191 237 0.071066
192 143 0.0137615
192 144 0.197917
192 145 0.0128205
192 146 0.224299
192 191 0.218487
192 193 0.0322581
192 237 0.0762332
192 239 0.038961
192 240 0.0102564
193 146 0.0959596
193 147 0.037037
193 148 0.119617
193 192 0.0322581
193 194 0.122727
193 195 0.235294
193 240 0.173184
193 242 0.00434783
194 148 0.0558376
194 149 0.026178
194 193 0.122727
194 195 0.114583
194 196 0.154362
194 242 0.0321101
194 243 0.00581395
194 244 0.117647
195 146 0.111765
195 147 0.0597015
195 148 0.00552486
195 193 0.235294
195 194 0.114583
195 240 0.0264901
195 241 0.19403
195 243 0.0448718
196 149 0.0454545
196 194 0.154362
196 197 0.193548
196 244 0.0625
197 149 0.0814815
197 196 0.193548
197 198 0.0440252
197 199 0.0915493
197 244 0.0305344
198 149 0.0858586
198 150 0.0075188
198 151 0.127907
198 152 0.118421
198 197 0.0440252
198 199 0.229268
198 200 0.100478
199 152 0.028436
199 153 0.00613497
199 154 0.0333333
199 197 0.0915493
199 198 0.229268
199 200 0.1875
199 245 0.0116959
199 246 0.0245902
200 152 0.0372093
200 153 0.0718563
200 198 0.100478
200 199 0.1875
200 202 0.00502513
200 246 0.0555556
200 247 0.172093
200 249 0.00632911
201 155 0.016129
201 202 0.0238095
201 203 0.402439
201 247 0.0211268
202 153 0.141176
202 155 0.045
202 156 0.0254777
202 200 0.00502513
202 201 0.0238095
202 203 0.101266
202 247 0.137615
202 249 0.0124224
202 250 0.234234
203 154 0.034965
203 155 0.160256
203 201 0.402439
203 202 0.101266
203 247 0.0517241
203 249 0.042735
203 250 0.0730337
204 157 0.00515464
204 205 0.0780142
204 250 0.20283
204 251 0.294574
204 252 0.313609
204 253 0.00549451
205 157 0.0196078
205 158 0.027027
205 204 0.0780142
205 207 0.0214286
205 251 0.0113636
205 252 0.234375
205 253 0.035461
205 254 0.289157
206 158 0.00473934
206 207 0.221675
206 252 0.0157068
206 253 0.397059
206 254 0.0305677
206 255 0.0789474
207 158 0.0319149
207 160 0.0212766
207 205 0.0214286
207 206 0.221675
207 208 0.0375
207 252 0.0119048
207 253 0.121547
207 254 0.116505
207 255 0.36214
207 256 0.00671141
208 160 0.0714286
208 162 0.00689655
208 163 0.00628931
208 207 0.0375
208 209 0.0884354
208 210 0.0696203
208 254 0.0107527
208 255 0.201794
208 256 0.232558
209 160 0.182857
209 161 0.277027
209 163 0.0722892
209 208 0.0884354
209 210 0.284848
209 256 0.161765
209 257 0.0809249
209 258 0.0331126
210 160 0.0322581
210 161 0.0251572
210 162 0.147239
210 163 0.293785
210 164 0.0107527
210 208 0.0696203
210 209 0.284848
210 255 0.00414938
210 256 0.238095
210 257 0.146739
210 258 0.0617284
211 164 0.00694444
211 165 0.0337838
211 166 0.0251572
211 212 0.136364
211 213 0.0186916
211 259 0.108808
212 163 0.0913706
212 164 0.15534
212 165 0.147619
212 166 0.0633484
212 211 0.136364
212 213 0.0236686
212 257 0.00490196
212 258 0.0164835
212 259 0.243137
212 260 0.0348259
213 166 0.258621
213 167 0.0662252
213 168 0.03125
213 211 0.0186916
213 212 0.0236686
213 214 0.02
213 215 0.00724638
213 259 0.134615
213 260 0.233766
213 261 0.0704225
213 262 0.219512
214 166 0.0693069
214 167 0.0614525
214 168 0.0159574
214 169 0.0893855
214 213 0.02
214 215 0.319277
214 216 0.236559
214 261 0.0764706
214 262 0.0260417
214 263 0.00636943
215 166 0.0105263
215 167 0.0359281
215 168 0.0568182
215 169 0.125749
215 213 0.00724638
215 214 0.319277
215 216 0.304598
215 218 0.033557
215 261 0.0759494
215 262 0.0388889
215 263 0.144828
216 168 0.0153061
216 169 0.40107
216 214 0.236559
216 215 0.304598
216 217 0.00452489
216 218 0.230769
216 263 0.0666667
216 264 0.0192308
217 168 0.00448431
217 169 0.0046729
217 170 0.453704
217 171 0.0227273
217 216 0.00452489
217 218 0.0306122
217 219 0.0432432
217 264 0.00851064
217 265 0.00543478
218 169 0.141975
218 170 0.0609756
218 171 0.016129
218 215 0.033557
218 216 0.230769
218 217 0.0306122
218 263 0.342857
218 264 0.0928962
218 265 0.204545
219 170 0.163399
219 171 0.0619469
219 172 0.0649351
219 173 0.195402
219 174 0.00740741
219 217 0.0432432
219 265 0.0247934
220 172 0.0213904
220 173 0.057971
220 221 0.0199005
220 264 0.102439
220 265 0.0324675
220 266 0.616071
220 268 0.00510204
220 269 0.037037
221 172 0.07
221 173 0.181818
221 174 0.464088
221 175 0.13245
221 176 0.0168539
221 220 0.0199005
221 223 0.0697674
221 266 0.00843882
221 267 0.135135
221 269 0.0148515
222 175 0.012987
222 176 0.0192308
222 177 0.0327869
222 223 0.0918367
222 224 0.0248447
222 267 0.243243
222 268 0.00740741
222 269 0.0546875
222 270 0.0231214
222 271 0.207547
222 272 0.175824
223 174 0.0431655
223 175 0.201835
223 176 0.0441176
223 177 0.0537634
223 221 0.0697674
223 222 0.0918367
223 224 0.00518135
223 225 0.0752688
223 271 0.0144928
223 272 0.585366
224 176 0.00502513
224 177 0.198718
224 178 0.0078125
224 222 0.0248447
224 223 0.00518135
224 225 0.205128
224 226 0.133028
224 270 0.13806
224 271 0.199005
224 272 0.0268817
225 177 0.160714
225 223 0.0752688
225 224 0.205128
225 271 0.019802
225 272 0.139535
226 177 0.0254237
226 178 0.0504587
226 180 0.105769
226 224 0.133028
226 273 0.00671141
226 274 0.0705128
227 179 0.00980392
227 180 0.00606061
227 181 0.00714286
227 182 0.00746269
227 228 0.455446
227 229 0.136
227 273 0.198113
227 274 0.00884956
227 275 0.176471
227 276 0.00970874
228 227 0.455446
228 229 0.257576
228 273 0.0353982
228 275 0.160839
229 181 0.0877193
229 182 0.151515
229 183 0.0152672
229 227 0.136
229 228 0.257576
229 230 0.0952381
229 275 0.371257
229 276 0.0746269
230 181 0.0218579
230 182 0.531073
230 183 0.230769
230 184 0.138122
230 185 0.00584795
230 229 0.0952381
230 231 0.118056
230 275 0.0782123
230 276 0.0547945
230 277 0.155039
231 182 0.0070922
231 183 0.0186916
231 184 0.137931
231 185 0.0444444
231 230 0.118056
231 232 0.0718954
231 277 0.0645161
231 278 0.335616
231 279 0.0485437
232 184 0.0736842
232 185 0.283333
232 186 0.0954774
232 231 0.0718954
232 233 0.0481283
232 278 0.0052356
232 279 0.0202703
232 280 0.00617284
233 186 0.0212766
233 187 0.0496894
233 232 0.0481283
233 234 0.395939
233 280 0.0596026
234 187 0.126374
234 233 0.395939
234 280 0.0755814
234 281 0.0784314
235 188 0.0649351
235 189 0.114583
235 236 0.271084
235 282 0.0148148
235 284 0.0666667
236 189 0.0103093
236 235 0.271084
236 237 0.0342857
236 238 0.0769231
236 282 0.10219
236 283 0.146341
236 284 0.142132
237 189 0.0746269
237 190 0.202703
237 191 0.071066
237 192 0.0762332
237 236 0.0342857
237 238 0.031746
237 239 0.115789
237 284 0.132353
238 236 0.0769231
238 237 0.031746
238 239 0.167513
238 284 0.199052
238 285 0.242038
238 287 0.0114943
239 192 0.038961
239 237 0.115789
239 238 0.167513
239 240 0.148148
239 284 0.0235849
239 285 0.0443038
239 287 0.0457143
239 288 0.0994152
240 192 0.0102564
240 193 0.173184
240 195 0.0264901
240 239 0.148148
240 288 0.17037
241 195 0.19403
241 242 0.06875
241 243 0.0701754
241 287 0.057377
241 288 0.0169492
241 289 0.153846
242 193 0.00434783
242 194 0.0321101
242 241 0.06875
242 243 0.225275
242 244 0.208122
242 287 0.0210526
242 288 0.0860215
242 289 0.210811
242 290 0.0183486
243 194 0.00581395
243 195 0.0448718
243 241 0.0701754
243 242 0.225275
243 244 0.0728477
243 289 0.028777
243 290 0.139535
243 291 0.037594
244 194 0.117647
244 196 0.0625
244 197 0.0305344
244 242 0.208122
244 243 0.0728477
244 289 0.00649351
244 290 0.219251
244 291 0.00675676
245 199 0.0116959
245 246 0.142857
245 248 0.270492
245 291 0.352113
245 292 0.0103093
245 293 0.0925926
246 199 0.0245902
246 200 0.0555556
246 245 0.142857
246 247 0.0344828
246 248 0.0273973
246 294 0.492308
247 200 0.172093
247 201 0.0211268
247 202 0.137615
247 203 0.0517241
247 246 0.0344828
247 248 0.0617284
247 249 0.237288
247 294 0.025974
247 296 0.0140845
248 245 0.270492
248 246 0.0273973
248 247 0.0617284
248 249 0.0571429
248 293 0.0230769
248 294 0.0121951
248 295 0.00775194
249 200 0.00632911
249 202 0.0124224
249 203 0.042735
249 247 0.237288
249 248 0.0571429
249 250 0.00552486
249 295 0.0138889
249 296 0.0833333
249 297 0.0185185
250 202 0.234234
250 203 0.0730337
250 204 0.20283
250 249 0.00552486
250 251 0.0314465
250 252 0.040201
250 296 0.00460829
250 297 0.00448431
250 298 0.144231
251 204 0.294574
251 205 0.0113636
251 250 0.0314465
251 252 0.0603448
251 297 0.0571429
251 298 0.168
252 204 0.313609
252 205 0.234375
252 206 0.0157068
252 207 0.0119048
252 250 0.040201
252 251 0.0603448
252 253 0.106509
252 254 0.0721649
252 298 0.0606061
252 299 0.00613497
253 204 0.00549451
253 205 0.035461
253 206 0.397059
253 207 0.121547
253 252 0.106509
253 254 0.0434783
253 255 0.0245902
253 298 0.0955056
253 299 0.125
253 300 0.056701
253 301 0.0438596
254 205 0.289157
254 206 0.0305677
254 207 0.116505
254 208 0.0107527
254 252 0.0721649
254 253 0.0434783
254 255 0.111524
255 206 0.0789474
255 207 0.36214
255 208 0.201794
255 210 0.00414938
255 253 0.0245902
255 254 0.111524
255 256 0.0613208
255 301 0.248276
255 302 0.0100334
255 304 0.0569106
256 207 0.00671141
256 208 0.232558
256 209 0.161765
256 210 0.238095
256 255 0.0613208
256 257 0.0193548
256 258 0.0451128
256 304 0.0131579
257 209 0.0809249
257 210 0.146739
257 212 0.00490196
257 256 0.0193548
257 258 0.370588
257 259 0.00823045
257 305 0.00460829
258 209 0.0331126
258 210 0.0617284
258 212 0.0164835
258 256 0.0451128
258 257 0.370588
258 259 0.0723982
258 260 0.0359281
258 302 0.00454545
258 303 0.0413793
258 304 0.011976
258 305 0.0615385
258 306 0.00617284
259 211 0.108808
259 212 0.243137
259 213 0.134615
259 257 0.00823045
259 258 0.0723982
259 260 0.145833
259 261 0.0307018
259 262 0.032
259 306 0.093617
260 212 0.0348259
260 213 0.233766
260 258 0.0359281
260 259 0.145833
260 261 0.0632184
260 262 0.280612
260 305 0.0747664
260 306 0.0994475
260 307 0.0855263
261 213 0.0704225
261 214 0.0764706
261 215 0.0759494
261 259 0.0307018
261 260 0.0632184
261 262 0.505435
261 306 0.0295858
261 307 0.0214286
262 213 0.219512
262 214 0.0260417
262 215 0.0388889
262 259 0.032
262 260 0.280612
262 261 0.505435
262 306 0.0575916
262 307 0.104938
262 308 0.013986
263 214 0.00636943
263 215 0.144828
263 216 0.0666667
263 218 0.342857
263 264 0.0111732
263 265 0.0703125
263 310 0.337748
263 311 0.109589
263 312 0.0365854
264 216 0.0192308
264 217 0.00851064
264 218 0.0928962
264 220 0.102439
264 263 0.0111732
264 265 0.467836
264 266 0.0290456
264 311 0.0582011
264 312 0.140097
264 313 0.103261
265 217 0.00543478
265 218 0.204545
265 219 0.0247934
265 220 0.0324675
265 263 0.0703125
265 264 0.467836
265 266 0.00526316
265 311 0.0217391
265 312 0.108974
266 220 0.616071
266 221 0.00843882
266 264 0.0290456
266 265 0.00526316
266 267 0.00584795
266 268 0.0517241
266 269 0.115556
266 312 0.00884956
266 313 0.0935961
266 314 0.0883534
266 315 0.0203046
267 221 0.135135
267 222 0.243243
267 266 0.00584795
267 268 0.00699301
267 269 0.25
267 271 0.0350877
267 316 0.0236967
268 220 0.00510204
268 222 0.00740741
268 266 0.0517241
268 267 0.00699301
268 269 0.309645
268 270 0.0289256
268 314 0.190045
268 315 0.0177515
268 316 0.205882
268 317 0.0194175
269 220 0.037037
269 221 0.0148515
269 222 0.0546875
269 266 0.115556
269 267 0.25
269 268 0.309645
269 270 0.0255319
269 271 0.0238095
269 314 0.046729
269 316 0.090566
270 222 0.0231214
270 224 0.13806
270 268 0.0289256
270 269 0.0255319
270 271 0.342723
270 272 0.00505051
270 316 0.258065
270 317 0.0122951
270 318 0.164234
270 319 0.0647773
271 222 0.207547
271 223 0.0144928
271 224 0.199005
271 225 0.019802
271 267 0.0350877
271 269 0.0238095
271 270 0.342723
271 272 0.0381679
271 316 0.0288066
271 318 0.00483092
271 319 0.0111111
272 222 0.175824
272 223 0.585366
272 224 0.0268817
272 225 0.139535
272 270 0.00505051
272 271 0.0381679
273 226 0.00671141
273 227 0.198113
273 228 0.0353982
273 274 0.296
273 275 0.135135
273 276 0.026087
273 319 0.0060241
273 320 0.13
273 321 0.185841
273 322 0.0104167
273 323 0.00666667
274 226 0.0705128
274 227 0.00884956
274 273 0.296
274 319 0.00578035
274 320 0.183575
274 321 0.15
274 322 0.0582524
274 323 0.0191083
274 324 0.0347222
275 227 0.176471
275 228 0.160839
275 229 0.371257
275 230 0.0782123
275 273 0.135135
275 276 0.206897
275 277 0.0234375
275 321 0.048951
275 322 0.015873
275 323 0.0111111
275 324 0.011976
276 227 0.00970874
276 229 0.0746269
276 230 0.0547945
276 273 0.026087
276 275 0.206897
276 277 0.242105
276 278 0.00675676
276 321 0.0818182
276 322 0.0537634
276 323 0.0544218
276 324 0.164179
277 230 0.155039
277 231 0.0645161
277 275 0.0234375
277 276 0.242105
277 278 0.0687023
277 321 0.0107527
277 322 0.0921053
277 323 0.123077
277 324 0.179487
277 325 0.0227273
278 231 0.335616
278 232 0.0052356
278 276 0.00675676
278 277 0.0687023
278 279 0.0851064
278 324 0.0411765
278 325 0.454054
279 231 0.0485437
279 232 0.0202703
279 278 0.0851064
279 280 0.107143
279 325 0.0633803
279 326 0.0215827
279 327 0.00819672
280 232 0.00617284
280 233 0.0596026
280 234 0.0755814
280 279 0.107143
280 326 0.0196078
280 327 0.242647
281 234 0.0784314
281 327 0.102564
282 235 0.0148148
282 236 0.10219
282 283 0.206522
282 284 0.0361446
282 329 0.16
283 236 0.146341
283 282 0.206522
283 284 0.0592105
284 235 0.0666667
284 236 0.142132
284 237 0.132353
284 238 0.199052
284 239 0.0235849
284 282 0.0361446
284 283 0.0592105
284 285 0.0697674
284 329 0.0378378
284 330 0.0246305
284 331 0.0375
284 332 0.0192308
284 333 0.0114286
285 238 0.242038
285 239 0.0443038
285 284 0.0697674
285 287 0.0814815
285 333 0.00826446
286 287 0.202381
286 289 0.147239
286 334 0.1875
286 335 0.264957
287 238 0.0114943
287 239 0.0457143
287 241 0.057377
287 242 0.0210526
287 285 0.0814815
287 286 0.202381
287 288 0.162162
287 289 0.047619
287 333 0.0362319
287 334 0.194444
288 239 0.0994152
288 240 0.17037
288 241 0.0169492
288 242 0.0860215
288 287 0.162162
288 334 0.0214286
289 241 0.153846
289 242 0.210811
289 243 0.028777
289 244 0.00649351
289 286 0.147239
289 287 0.047619
289 334 0.057554
289 335 0.0416667
289 336 0.037037
290 242 0.0183486
290 243 0.139535
290 244 0.219251
290 291 0.147929
290 293 0.015873
290 336 0.0307692
290 337 0.0352113
290 339 0.0172414
291 243 0.037594
291 244 0.00675676
291 245 0.352113
291 290 0.147929
291 293 0.0333333
291 339 0.0222222
291 340 0.220183
291 342 0.0148148
292 245 0.0103093
292 340 0.390625
293 245 0.0925926
293 248 0.0230769
293 290 0.015873
293 291 0.0333333
293 337 0.0406504
293 338 0.0532544
293 339 0.348387
293 342 0.0645161
294 246 0.492308
294 247 0.025974
294 248 0.0121951
294 295 0.0413223
294 341 0.0472973
294 342 0.00934579
295 248 0.00775194
295 249 0.0138889
295 294 0.0413223
295 296 0.122222
295 297 0.0537634
295 341 0.435897
295 342 0.116883
295 343 0.0163043
296 247 0.0140845
296 249 0.0833333
296 250 0.00460829
296 295 0.122222
296 297 0.429293
296 341 0.057971
296 343 0.341837
296 344 0.0122699
296 345 0.0183486
297 249 0.0185185
297 250 0.00448431
297 251 0.0571429
297 295 0.0537634
297 296 0.429293
297 298 0.0793651
297 343 0.118812
297 344 0.0591716
297 345 0.0848214
298 250 0.144231
298 251 0.168
298 252 0.0606061
298 253 0.0955056
298 297 0.0793651
298 299 0.22093
298 300 0.0105263
298 344 0.0909091
298 345 0.0861244
298 346 0.0443038
298 347 0.0424528
299 252 0.00613497
299 253 0.125
299 298 0.22093
299 300 0.132979
299 344 0.0263158
299 345 0.0821256
299 346 0.237179
299 347 0.052381
299 348 0.0201005
300 253 0.056701
300 298 0.0105263
300 299 0.132979
300 301 0.0458333
300 346 0.114943
300 347 0.328947
300 348 0.235023
301 253 0.0438596
301 255 0.248276
301 300 0.0458333
301 302 0.144876
301 303 0.00480769
301 304 0.121739
301 347 0.00381679
301 348 0.366534
301 349 0.0654206
301 350 0.0168776
302 255 0.0100334
302 258 0.00454545
302 301 0.144876
302 303 0.248848
302 304 0.313808
302 348 0.0230769
302 349 0.273543
302 350 0.239837
302 351 0.156118
302 352 0.0436681
303 258 0.0413793
303 301 0.00480769
303 302 0.248848
303 304 0.140244
303 305 0.130208
303 349 0.101351
303 350 0.0233918
303 351 0.141975
303 352 0.292208
304 255 0.0569106
304 256 0.0131579
304 258 0.011976
304 301 0.121739
304 302 0.313808
304 303 0.140244
304 305 0.0046729
304 349 0.0117647
304 351 0.0434783
304 352 0.0340909
305 257 0.00460829
305 258 0.0615385
305 260 0.0747664
305 303 0.130208
305 304 0.0046729
305 306 0.282297
305 351 0.117925
305 352 0.29902
305 353 0.179104
305 354 0.0139535
306 258 0.00617284
306 259 0.093617
306 260 0.0994475
306 261 0.0295858
306 262 0.0575916
306 305 0.282297
306 351 0.00558659
306 352 0.0643275
306 353 0.125
306 354 0.0824176
307 260 0.0855263
307 261 0.0214286
307 262 0.104938
307 308 0.050505
307 309 0.0519481
307 353 0.115108
307 354 0.0915033
307 355 0.296774
307 356 0.0578512
307 357 0.0141844
308 262 0.013986
308 307 0.050505
308 309 0.37037
308 310 0.0162602
308 355 0.0955882
308 356 0.00980392
308 357 0.245902
309 307 0.0519481
309 308 0.37037
309 310 0.101124
309 355 0.0994764
309 356 0.101911
309 357 0.491525
309 358 0.0193237
310 263 0.337748
310 308 0.0162602
310 309 0.101124
310 311 0.0621118
310 312 0.0111732
310 355 0.00558659
310 357 0.248485
310 358 0.215385
311 263 0.109589
311 264 0.0582011
311 265 0.0217391
311 310 0.0621118
311 312 0.442529
311 313 0.10596
311 358 0.163158
311 359 0.0657895
312 263 0.0365854
312 264 0.140097
312 265 0.108974
312 266 0.00884956
312 310 0.0111732
312 311 0.442529
312 313 0.248521
312 358 0.0432692
312 359 0.0588235
313 264 0.103261
313 266 0.0935961
313 311 0.10596
313 312 0.248521
313 314 0.0625
313 315 0.0714286
313 359 0.0204082
