0 1 0.209524
0 47 0.193277
1 0 0.209524
1 2 0.181818
1 47 0.11194
1 48 0.0390625
1 49 0.00787402
2 1 0.181818
2 3 0.106796
2 49 0.34188
3 2 0.106796
3 4 0.121495
3 48 0.0330578
3 49 0.116667
3 50 0.0333333
4 3 0.121495
4 5 0.158333
4 49 0.00826446
4 50 0.14876
4 51 0.0733945
5 4 0.158333
5 6 0.154639
5 7 0.0185185
5 51 0.0495868
5 52 0.115108
5 53 0.037037
5 54 0.0927152
6 5 0.154639
6 7 0.109589
7 5 0.0185185
7 6 0.109589
7 8 0.188034
7 9 0.05
8 7 0.188034
8 9 0.0526316
8 53 0.0347222
8 54 0.1875
8 55 0.203488
8 56 0.00526316
9 7 0.05
9 8 0.0526316
9 10 0.133333
9 11 0.0421053
9 55 0.0451613
9 56 0.208092
9 57 0.0446429
9 58 0.0166667
10 9 0.133333
10 11 0.0144928
10 12 0.076087
11 9 0.0421053
11 10 0.0144928
11 12 0.113402
11 13 0.0138889
11 58 0.020202
11 59 0.158879
12 10 0.076087
12 11 0.113402
12 13 0.281437
12 60 0.0420168
13 11 0.0138889
13 12 0.281437
13 14 0.25
13 59 0.0112994
13 60 0.120482
14 13 0.25
14 15 0.0625
14 60 0.00806452
14 62 0.109375
15 14 0.0625
15 16 0.324324
15 62 0.18254
15 63 0.0948905
16 15 0.324324
16 17 0.0891089
16 18 0.0434783
16 63 0.114754
17 16 0.0891089
17 18 0.0721649
17 63 0.11811
17 64 0.0888889
17 65 0.050505
17 66 0.122807
18 16 0.0434783
18 17 0.0721649
18 19 0.142857
18 66 0.12381
18 67 0.0263158
19 18 0.142857
19 20 0.201681
19 66 0.0147059
19 67 0.206897
20 19 0.201681
20 21 0.147368
20 67 0.0438596
20 69 0.0105263
21 20 0.147368
21 22 0.212389
21 69 0.0784314
22 21 0.212389
22 23 0.0943396
22 69 0.20354
22 70 0.024
23 22 0.0943396
23 70 0.121495
23 71 0.258427
24 25 0.0422535
24 71 0.1
24 72 0.0694444
25 24 0.0422535
25 26 0.287129
25 27 0.109756
25 72 0.107527
26 25 0.287129
26 27 0.021978
26 73 0.230769
27 25 0.109756
27 26 0.021978
27 28 0.0958904
27 73 0.0102041
27 76 0.0105263
28 27 0.0958904
28 29 0.101124
28 76 0.0625
29 28 0.101124
29 30 0.148438
29 76 0.117117
30 29 0.148438
30 31 0.176871
30 76 0.0740741
30 77 0.0869565
31 30 0.176871
31 32 0.0884956
31 77 0.0902256
31 78 0.243421
31 79 0.00806452
32 31 0.0884956
32 33 0.238095
32 79 0.0105263
33 32 0.238095
33 34 0.0232558
33 79 0.0947368
34 33 0.0232558
34 36 0.0480769
34 79 0.0412371
34 81 0.163043
35 36 0.164062
35 80 0.0608696
35 81 0.0344828
35 82 0.257576
35 83 0.140496
36 34 0.0480769
36 35 0.164062
36 37 0.0347826
36 81 0.0648148
36 83 0.212389
37 36 0.0347826
37 38 0.299213
37 83 0.111111
37 84 0.0769231
38 37 0.299213
38 39 0.141935
38 85 0.0991736
39 38 0.141935
39 40 0.232558
39 86 0.0444444
39 87 0.176101
40 39 0.232558
40 41 0.322368
40 87 0.0242424
40 88 0.0914634
41 40 0.322368
41 42 0.0363636
41 89 0.184
42 41 0.0363636
42 43 0.122807
42 89 0.211009
42 90 0.0925926
43 42 0.122807
43 44 0.29661
43 90 0.117188
43 91 0.0756303
44 43 0.29661
44 45 0.0701754
44 91 0.00970874
44 92 0.0612245
45 44 0.0701754
45 46 0.162162
45 92 0.308176
45 93 0.0683761
46 45 0.162162
46 92 0.0833333
46 93 0.127451
47 0 0.193277
47 1 0.11194
47 48 0.0211268
47 94 0.201681
47 95 0.18705
48 1 0.0390625
48 3 0.0330578
48 47 0.0211268
48 49 0.251852
48 95 0.263158
48 96 0.10687
49 1 0.00787402
49 2 0.34188
49 3 0.116667
49 4 0.00826446
49 48 0.251852
49 50 0.104478
49 95 0.0151515
49 96 0.0230769
50 3 0.0333333
50 4 0.14876
50 49 0.104478
50 96 0.0846154
50 98 0.288
51 4 0.0733945
51 5 0.0495868
51 52 0.257812
51 98 0.141593
52 5 0.115108
52 51 0.257812
52 53 0.204225
52 100 0.128788
52 101 0.015873
53 5 0.037037
53 8 0.0347222
53 52 0.204225
53 54 0.272727
53 101 0.147541
53 102 0.0296296
54 5 0.0927152
54 8 0.1875
54 53 0.272727
54 55 0.0714286
54 102 0.013245
55 8 0.203488
55 9 0.0451613
55 54 0.0714286
55 56 0.311321
55 57 0.0397351
55 102 0.0184049
55 103 0.011236
55 104 0.00578035
56 8 0.00526316
56 9 0.208092
56 55 0.311321
56 57 0.0591716
56 58 0.0169492
56 103 0.132653
56 104 0.0732984
57 9 0.0446429
57 55 0.0397351
57 56 0.0591716
57 58 0.137931
57 104 0.284615
58 9 0.0166667
58 11 0.020202
58 56 0.0169492
58 57 0.137931
58 59 0.143939
58 104 0.0507246
58 105 0.198473
59 11 0.158879
59 13 0.0112994
59 58 0.143939
59 60 0.00775194
59 105 0.0503597
59 106 0.321168
60 12 0.0420168
60 13 0.120482
60 14 0.00806452
60 59 0.00775194
60 61 0.0594059
60 106 0.142857
60 109 0.0666667
61 60 0.0594059
61 108 0.171429
61 109 0.147727
62 14 0.109375
62 15 0.18254
62 109 0.201835
62 110 0.1
63 15 0.0948905
63 16 0.114754
63 17 0.11811
63 64 0.288462
63 65 0.00833333
63 110 0.0851064
64 17 0.0888889
64 63 0.288462
64 65 0.09375
64 110 0.107383
64 112 0.148936
65 17 0.050505
65 63 0.00833333
65 64 0.09375
65 66 0.149533
65 111 0.00909091
65 112 0.12381
65 113 0.0210526
66 17 0.122807
66 18 0.12381
66 19 0.0147059
66 65 0.149533
66 67 0.0992366
66 68 0.0148148
66 113 0.1
66 114 0.0353982
67 18 0.0263158
67 19 0.206897
67 20 0.0438596
67 66 0.0992366
67 68 0.194444
67 69 0.0413223
67 114 0.00819672
68 66 0.0148148
68 67 0.194444
68 69 0.088
68 70 0.0218978
68 114 0.246032
68 115 0.0813008
69 20 0.0105263
69 21 0.0784314
69 22 0.20354
69 67 0.0413223
69 68 0.088
69 70 0.105263
70 22 0.024
70 23 0.121495
70 68 0.0218978
70 69 0.105263
70 115 0.178571
70 116 0.0416667
70 117 0.0681818
71 23 0.258427
71 24 0.1
71 117 0.0263158
71 118 0.126316
72 24 0.0694444
72 25 0.107527
72 118 0.216495
72 119 0.14433
73 26 0.230769
73 27 0.0102041
73 74 0.160714
73 76 0.0909091
73 119 0.0178571
73 120 0.0775862
74 73 0.160714
74 75 0.0306122
74 76 0.0825688
74 120 0.288462
75 74 0.0306122
75 76 0.0373832
75 120 0.0196078
75 121 0.0571429
75 122 0.245098
75 123 0.117021
76 27 0.0105263
76 28 0.0625
76 29 0.117117
76 30 0.0740741
76 73 0.0909091
76 74 0.0825688
76 75 0.0373832
76 77 0.0661157
76 123 0.0380952
77 30 0.0869565
77 31 0.0902256
77 76 0.0661157
77 78 0.0979021
77 123 0.212963
77 124 0.0630631
78 31 0.243421
78 77 0.0979021
78 79 0.0746269
78 124 0.0384615
78 125 0.179641
79 31 0.00806452
79 32 0.0105263
79 33 0.0947368
79 34 0.0412371
79 78 0.0746269
79 125 0.129496
79 126 0.122807
80 35 0.0608696
80 81 0.115789
80 82 0.0990991
80 127 0.177966
80 128 0.0294118
81 34 0.163043
81 35 0.0344828
81 36 0.0648148
81 80 0.115789
81 82 0.00892857
81 126 0.0458716
81 127 0.092437
82 35 0.257576
82 80 0.0990991
82 81 0.00892857
82 127 0.0444444
82 128 0.226891
82 129 0.0275229
83 35 0.140496
83 36 0.212389
83 37 0.111111
83 84 0.0686275
83 130 0.0483871
84 37 0.0769231
84 83 0.0686275
84 130 0.158333
84 131 0.163636
85 38 0.0991736
85 86 0.049505
85 131 0.0909091
85 132 0.24
86 39 0.0444444
86 85 0.049505
86 87 0.179688
86 132 0.262136
86 133 0.12069
87 39 0.176101
87 40 0.0242424
87 86 0.179688
87 88 0.10596
87 132 0.00787402
87 133 0.142857
87 134 0.0218978
88 40 0.0914634
88 87 0.10596
88 134 0.110294
88 135 0.161905
88 136 0.160584
89 41 0.184
89 42 0.211009
89 90 0.105691
89 136 0.00806452
89 137 0.102564
89 138 0.0420168
90 42 0.0925926
90 43 0.117188
90 89 0.105691
90 91 0.19469
90 138 0.101695
91 43 0.0756303
91 44 0.00970874
91 90 0.19469
91 92 0.108108
91 138 0.0642202
91 139 0.11215
92 44 0.0612245
92 45 0.308176
92 46 0.0833333
92 91 0.108108
92 93 0.113333
92 139 0.0596026
92 140 0.107955
93 45 0.0683761
93 46 0.127451
93 92 0.113333
93 140 0.223881
94 47 0.201681
94 141 0.145455
95 47 0.18705
95 48 0.263158
95 49 0.0151515
95 96 0.03125
95 141 0.0692308
95 142 0.0181818
96 48 0.10687
96 49 0.0230769
96 50 0.0846154
96 95 0.03125
96 97 0.00943396
96 142 0.138889
96 143 0.111111
97 96 0.00943396
97 98 0.019802
97 143 0.195876
97 144 0.116667
97 145 0.0925926
98 50 0.288
98 51 0.141593
98 97 0.019802
98 143 0.0267857
98 145 0.00813008
99 100 0.209524
99 145 0.036036
99 146 0.346939
100 52 0.128788
100 99 0.209524
100 101 0.0535714
100 145 0.137097
100 146 0.036036
100 148 0.0185185
100 149 0.0344828
101 52 0.015873
101 53 0.147541
101 100 0.0535714
101 102 0.0840336
101 149 0.227273
101 150 0.059322
102 53 0.0296296
102 54 0.013245
102 55 0.0184049
102 101 0.0840336
102 103 0.333333
102 150 0.0610687
103 55 0.011236
103 56 0.132653
103 102 0.333333
103 104 0.0127389
103 150 0.0342466
103 151 0.198473
104 55 0.00578035
104 56 0.0732984
104 57 0.284615
104 58 0.0507246
104 103 0.0127389
104 105 0.0689655
104 151 0.198413
104 152 0.0909091
105 58 0.198473
105 59 0.0503597
105 104 0.0689655
105 106 0.0735294
105 152 0.0808824
105 153 0.0655738
106 59 0.321168
106 60 0.142857
106 105 0.0735294
106 153 0.141667
107 108 0.173554
107 154 0.310924
107 155 0.0703125
108 61 0.171429
108 107 0.173554
108 154 0.016129
108 155 0.285714
108 156 0.0267857
109 60 0.0666667
109 61 0.147727
109 62 0.201835
109 156 0.105263
109 157 0.0825688
110 62 0.1
110 63 0.0851064
110 64 0.107383
110 112 0.0555556
110 158 0.131387
110 159 0.0150376
111 65 0.00909091
111 112 0.219512
111 113 0.176991
111 159 0.269231
111 160 0.0153846
112 64 0.148936
112 65 0.12381
112 110 0.0555556
112 111 0.219512
112 113 0.0648148
112 159 0.008
113 65 0.0210526
113 66 0.1
113 111 0.176991
113 112 0.0648148
113 114 0.00990099
113 159 0.0173913
113 160 0.182609
114 66 0.0353982
114 67 0.00819672
114 68 0.246032
114 113 0.00990099
114 115 0.0594059
114 160 0.135593
114 161 0.122642
114 162 0.0247934
115 68 0.0813008
115 70 0.178571
115 114 0.0594059
115 116 0.226415
116 70 0.0416667
116 115 0.226415
116 117 0.119048
116 161 0.018018
116 162 0.174603
116 163 0.0336134
116 164 0.00746269
117 70 0.0681818
117 71 0.0263158
117 116 0.119048
117 118 0.092437
117 163 0.0229008
117 164 0.273973
118 71 0.126316
118 72 0.216495
118 117 0.092437
118 119 0.03
118 164 0.023622
119 72 0.14433
119 73 0.0178571
119 118 0.03
119 165 0.0754717
119 166 0.141414
120 73 0.0775862
120 74 0.288462
120 75 0.0196078
120 121 0.108108
120 166 0.0582524
120 167 0.0517241
121 75 0.0571429
121 120 0.108108
121 122 0.00900901
121 167 0.10084
121 168 0.4
122 75 0.245098
122 121 0.00900901
122 123 0.08
122 124 0.0485437
122 168 0.0819672
122 169 0.233577
123 75 0.117021
123 76 0.0380952
123 77 0.212963
123 122 0.08
123 124 0.105263
124 77 0.0630631
124 78 0.0384615
124 122 0.0485437
124 123 0.105263
124 125 0.0518519
124 169 0.0454545
124 170 0.060241
124 171 0.043956
124 172 0.0857143
125 78 0.179641
125 79 0.129496
125 124 0.0518519
125 172 0.316384
125 173 0.0141844
126 79 0.122807
126 81 0.0458716
126 127 0.113636
126 172 0.105263
126 173 0.00862069
126 174 0.0791367
127 80 0.177966
127 81 0.092437
127 82 0.0444444
127 126 0.113636
127 128 0.103175
127 174 0.261745
128 80 0.0294118
128 82 0.226891
128 127 0.103175
128 129 0.04
128 175 0.145455
128 176 0.103175
129 82 0.0275229
129 128 0.04
129 130 0.181034
129 176 0.155172
129 177 0.0618557
130 83 0.0483871
130 84 0.158333
130 129 0.181034
130 131 0.0606061
130 177 0.0731707
131 84 0.163636
131 85 0.0909091
131 130 0.0606061
131 178 0.125
131 179 0.0458716
132 85 0.24
132 86 0.262136
132 87 0.00787402
133 86 0.12069
133 87 0.142857
133 134 0.152
133 179 0.107143
133 180 0.0808081
133 181 0.0155039
134 87 0.0218978
134 88 0.110294
134 133 0.152
134 135 0.0879121
134 180 0.0104167
134 181 0.222222
134 182 0.00826446
135 88 0.161905
135 134 0.0879121
135 181 0.0421053
135 182 0.0222222
135 183 0.120482
136 88 0.160584
136 89 0.00806452
136 137 0.17094
136 184 0.15625
136 185 0.0327869
137 89 0.102564
137 136 0.17094
137 138 0.1875
137 185 0.191304
138 89 0.0420168
138 90 0.101695
138 91 0.0642202
138 137 0.1875
138 185 0.119658
138 186 0.118182
139 91 0.11215
139 92 0.0596026
139 140 0.140741
139 186 0.194444
140 92 0.107955
140 93 0.223881
140 139 0.140741
140 187 0.208333
141 94 0.145455
141 95 0.0692308
141 142 0.1
141 188 0.104478
141 189 0.00869565
142 95 0.0181818
142 96 0.138889
142 141 0.1
142 188 0.00877193
142 189 0.136842
142 190 0.0909091
143 96 0.111111
143 97 0.195876
143 98 0.0267857
143 144 0.112676
143 190 0.163121
143 191 0.114035
144 97 0.116667
144 143 0.112676
144 190 0.0192308
144 191 0.038961
144 192 0.105263
145 97 0.0925926
145 98 0.00813008
145 99 0.036036
145 100 0.137097
145 192 0.290323
146 99 0.346939
146 100 0.036036
146 147 0.205607
146 148 0.039604
146 193 0.00854701
147 146 0.205607
147 148 0.0288462
147 193 0.0166667
147 194 0.182292
147 195 0.045045
148 100 0.0185185
148 146 0.039604
148 147 0.0288462
148 149 0.254717
148 195 0.257143
149 100 0.0344828
149 101 0.227273
149 148 0.254717
149 196 0.172727
150 101 0.059322
150 102 0.0610687
150 103 0.0342466
150 196 0.194915
150 197 0.238095
151 103 0.198473
151 104 0.198413
151 152 0.042735
151 197 0.036036
151 198 0.0625
152 104 0.0909091
152 105 0.0808824
152 151 0.042735
152 198 0.238938
152 199 0.122302
152 200 0.0495868
153 105 0.0655738
153 106 0.141667
153 154 0.175439
153 200 0.140187
153 201 0.0243902
154 107 0.310924
154 108 0.016129
154 153 0.175439
154 201 0.00763359
155 107 0.0703125
155 108 0.285714
155 202 0.191617
156 108 0.0267857
156 109 0.105263
156 157 0.125
156 202 0.0753425
156 203 0.0803571
156 204 0.0413223
156 205 0.037037
157 109 0.0825688
157 156 0.125
157 158 0.278196
157 205 0.188525
158 110 0.131387
158 157 0.278196
158 159 0.0661765
158 205 0.0465116
158 206 0.0902778
159 110 0.0150376
159 111 0.269231
159 112 0.008
159 113 0.0173913
159 158 0.0661765
159 206 0.264286
159 207 0.118644
160 111 0.0153846
160 113 0.182609
160 114 0.135593
160 161 0.0583333
160 207 0.110169
160 208 0.18254
161 114 0.122642
161 116 0.018018
161 160 0.0583333
161 162 0.349593
161 208 0.166667
162 114 0.0247934
162 116 0.174603
162 161 0.349593
162 163 0.198473
162 208 0.0155039
163 116 0.0336134
163 117 0.0229008
163 162 0.198473
163 164 0.107914
163 209 0.178218
163 210 0.0285714
163 211 0.0169492
164 116 0.00746269
164 117 0.273973
164 118 0.023622
164 163 0.107914
164 165 0.18797
164 211 0.0150376
165 119 0.0754717
165 164 0.18797
165 211 0.196429
166 119 0.141414
166 120 0.0582524
166 167 0.171171
166 211 0.0285714
166 212 0.0784314
166 213 0.0392157
166 214 0.00793651
167 120 0.0517241
167 121 0.10084
167 166 0.171171
167 213 0.173913
167 214 0.136691
168 121 0.4
168 122 0.0819672
168 169 0.18543
168 214 0.00689655
168 215 0.0217391
169 122 0.233577
169 124 0.0454545
169 168 0.18543
169 170 0.0683761
169 215 0.0522876
169 216 0.096
170 124 0.060241
170 169 0.0683761
170 171 0.197368
170 216 0.0131579
170 219 0.1
171 124 0.043956
171 170 0.197368
171 172 0.0827068
171 219 0.0510204
171 220 0.108696
172 124 0.0857143
172 125 0.316384
172 126 0.105263
172 171 0.0827068
172 173 0.0890411
172 220 0.0213904
173 125 0.0141844
173 126 0.00862069
173 172 0.0890411
173 220 0.370861
174 126 0.0791367
174 127 0.261745
174 220 0.114943
174 221 0.0137931
174 222 0.132812
175 128 0.145455
175 176 0.492063
175 223 0.0277778
176 128 0.103175
176 129 0.155172
176 175 0.492063
176 222 0.0495868
176 223 0.05
176 224 0.056338
177 129 0.0618557
177 130 0.0731707
177 224 0.219512
177 225 0.205357
178 131 0.125
178 179 0.205607
178 225 0.243697
178 226 0.0430108
179 131 0.0458716
179 133 0.107143
179 178 0.205607
179 180 0.0240964
179 226 0.0121951
180 133 0.0808081
180 134 0.0104167
180 179 0.0240964
180 181 0.18
180 226 0.188406
180 227 0.045045
181 133 0.0155039
181 134 0.222222
181 135 0.0421053
181 180 0.18
181 182 0.08
181 227 0.241135
182 134 0.00826446
182 135 0.0222222
182 181 0.08
182 183 0.0442478
182 227 0.0882353
182 228 0.0148148
182 229 0.241379
182 230 0.00657895
183 135 0.120482
183 182 0.0442478
183 184 0.00840336
183 229 0.12844
183 230 0.0965517
183 231 0.292683
184 136 0.15625
184 183 0.00840336
184 185 0.103175
184 231 0.176471
184 232 0.115702
185 136 0.0327869
185 137 0.191304
185 138 0.119658
185 184 0.103175
185 233 0.102804
186 138 0.118182
186 139 0.194444
186 233 0.2
186 234 0.0618557
187 140 0.208333
187 234 0.178571
188 141 0.104478
188 142 0.00877193
188 189 0.12605
188 235 0.411348
188 236 0.0636943
189 141 0.00869565
189 142 0.136842
189 188 0.12605
189 190 0.175182
189 236 0.0217391
190 142 0.0909091
190 143 0.163121
190 144 0.0192308
190 189 0.175182
190 191 0.108844
190 238 0.0196078
191 143 0.114035
191 144 0.038961
191 190 0.108844
191 192 0.117647
191 238 0.0873016
191 239 0.127119
191 240 0.00869565
192 144 0.105263
192 145 0.290323
192 191 0.117647
192 239 0.042735
192 240 0.0877193
193 146 0.00854701
193 147 0.0166667
193 194 0.118812
193 240 0.025
193 241 0.263473
193 242 0.0909091
194 147 0.182292
194 193 0.118812
194 195 0.264249
194 241 0.376569
194 242 0.00549451
195 147 0.045045
195 148 0.257143
195 194 0.264249
195 196 0.00917431
195 241 0.0126582
195 242 0.0693069
196 149 0.172727
196 150 0.194915
196 195 0.00917431
196 197 0.0350877
196 242 0.0714286
196 243 0.0333333
197 150 0.238095
197 151 0.036036
197 196 0.0350877
197 198 0.046729
197 243 0.0390625
198 151 0.0625
198 152 0.238938
198 197 0.046729
198 199 0.059322
198 244 0.05
198 245 0.016129
199 152 0.122302
199 198 0.059322
199 245 0.146667
199 246 0.306569
200 152 0.0495868
200 153 0.140187
200 201 0.00806452
200 246 0.0252101
200 247 0.155039
200 248 0.02
201 153 0.0243902
201 154 0.00763359
201 200 0.00806452
201 202 0.161677
201 203 0.0676692
201 247 0.0896552
201 248 0.174699
202 155 0.191617
202 156 0.0753425
202 201 0.161677
202 203 0.1375
203 156 0.0803571
203 201 0.0676692
203 202 0.1375
203 204 0.0518519
203 248 0.0125786
203 249 0.0305344
203 250 0.128378
204 156 0.0413223
204 203 0.0518519
204 205 0.206107
204 250 0.216561
204 252 0.134454
204 253 0.0166667
205 156 0.037037
205 157 0.188525
205 158 0.0465116
205 204 0.206107
205 206 0.075188
205 250 0.0416667
205 253 0.0280374
206 158 0.0902778
206 159 0.264286
206 205 0.075188
206 207 0.111111
206 253 0.237705
206 254 0.0078125
207 159 0.118644
207 160 0.110169
207 206 0.111111
207 208 0.0178571
207 254 0.188679
208 160 0.18254
208 161 0.166667
208 162 0.0155039
208 207 0.0178571
208 254 0.201754
208 255 0.144144
209 163 0.178218
209 210 0.0731707
209 255 0.0666667
210 163 0.0285714
210 209 0.0731707
210 211 0.0707071
210 212 0.03125
210 256 0.164835
210 257 0.0227273
211 163 0.0169492
211 164 0.0150376
211 165 0.196429
211 166 0.0285714
211 210 0.0707071
211 212 0.192661
212 166 0.0784314
212 210 0.03125
212 211 0.192661
212 213 0.103774
212 257 0.0510204
212 259 0.0215054
213 166 0.0392157
213 167 0.173913
213 212 0.103774
213 214 0.00769231
213 258 0.00952381
213 259 0.0860215
213 260 0.0775194
214 166 0.00793651
214 167 0.136691
214 168 0.00689655
214 213 0.00769231
214 215 0.231293
214 260 0.0326797
214 262 0.149068
215 168 0.0217391
215 169 0.0522876
215 214 0.231293
215 216 0.0892857
215 262 0.0324675
216 169 0.096
216 170 0.0131579
216 215 0.0892857
216 263 0.225806
217 218 0.206186
217 219 0.00961538
217 263 0.252525
217 264 0.03125
218 217 0.206186
218 219 0.209524
218 264 0.0927835
218 265 0.0882353
218 266 0.0776699
219 170 0.1
219 171 0.0510204
219 217 0.00961538
219 218 0.209524
219 266 0.145455
219 267 0.179245
220 171 0.108696
220 172 0.0213904
220 173 0.370861
220 174 0.114943
220 267 0.0273973
220 268 0.205405
221 174 0.0137931
221 222 0.025641
221 267 0.025641
221 268 0.301282
221 269 0.151079
222 174 0.132812
222 176 0.0495868
222 221 0.025641
222 223 0.129496
222 269 0.163934
223 175 0.0277778
223 176 0.05
223 222 0.129496
223 224 0.15
223 269 0.204969
223 270 0.0858896
223 271 0.0229008
224 176 0.056338
224 177 0.219512
224 223 0.15
224 271 0.0530973
224 272 0.0900901
225 177 0.205357
225 178 0.243697
225 272 0.05
226 178 0.0430108
226 179 0.0121951
226 180 0.188406
226 227 0.0181818
226 272 0.175676
226 273 0.105263
226 274 0.011236
227 180 0.045045
227 181 0.241135
227 182 0.0882353
227 226 0.0181818
227 228 0.331126
227 273 0.059322
227 274 0.0152672
228 182 0.0148148
228 227 0.331126
228 274 0.0538462
228 275 0.263514
228 276 0.121622
229 182 0.241379
229 183 0.12844
229 230 0.351351
229 231 0.00793651
230 182 0.00657895
230 183 0.0965517
230 229 0.351351
230 231 0.037037
230 276 0.0787879
230 277 0.15
230 278 0.0542169
231 183 0.292683
231 184 0.176471
231 229 0.00793651
231 230 0.037037
231 232 0.104
231 278 0.145833
232 184 0.115702
232 231 0.104
232 278 0.0775194
232 279 0.0961538
233 185 0.102804
233 186 0.2
233 280 0.137615
233 281 0.0736842
234 186 0.0618557
234 187 0.178571
234 281 0.173913
235 188 0.411348
235 236 0.09375
235 282 0.083871
236 188 0.0636943
236 189 0.0217391
236 235 0.09375
236 237 0.25
236 282 0.181287
236 283 0.075
236 285 0.0696203
237 236 0.25
237 283 0.0648148
237 284 0.0581395
237 285 0.122642
238 190 0.0196078
238 191 0.0873016
238 285 0.110294
238 286 0.237705
239 191 0.127119
239 192 0.042735
239 240 0.115044
239 286 0.166667
239 287 0.102564
240 191 0.00869565
240 192 0.0877193
240 193 0.025
240 239 0.115044
240 287 0.0438596
240 288 0.121495
241 193 0.263473
241 194 0.376569
241 195 0.0126582
241 242 0.00680272
241 288 0.0194805
242 193 0.0909091
242 194 0.00549451
242 195 0.0693069
242 196 0.0714286
242 241 0.00680272
242 288 0.0206186
242 289 0.181034
243 196 0.0333333
243 197 0.0390625
243 244 0.0743802
243 289 0.26087
243 290 0.0956522
244 198 0.05
244 243 0.0743802
244 245 0.121212
244 290 0.156863
244 291 0.165414
244 292 0.01
245 198 0.016129
245 199 0.146667
245 244 0.121212
245 246 0.048951
245 291 0.146497
245 293 0.182353
246 199 0.306569
246 200 0.0252101
246 245 0.048951
246 247 0.128571
246 293 0.0573248
246 294 0.0555556
247 200 0.155039
247 201 0.0896552
247 246 0.128571
247 248 0.385965
247 294 0.0779221
248 200 0.02
248 201 0.174699
248 203 0.0125786
248 247 0.385965
248 249 0.0243902
248 294 0.142857
249 203 0.0305344
249 248 0.0243902
249 250 0.0588235
249 251 0.202899
249 294 0.0680272
249 295 0.224638
249 296 0.0841122
250 203 0.128378
250 204 0.216561
250 205 0.0416667
250 249 0.0588235
250 251 0.258065
250 300 0.0467836
251 249 0.202899
251 250 0.258065
251 296 0.0550459
251 297 0.0176991
251 298 0.285714
251 300 0.025641
252 204 0.134454
252 253 0.115789
252 300 0.180451
253 204 0.0166667
253 205 0.0280374
253 206 0.237705
253 252 0.115789
253 300 0.0671642
253 301 0.0530973
254 206 0.0078125
254 207 0.188679
254 208 0.201754
254 255 0.0571429
254 301 0.092437
255 208 0.144144
255 209 0.0666667
255 254 0.0571429
255 302 0.129032
256 210 0.164835
256 257 0.172043
256 302 0.144444
256 303 0.0449438
257 210 0.0227273
257 212 0.0510204
257 256 0.172043
257 259 0.176471
257 303 0.0465116
258 213 0.00952381
258 259 0.206522
258 260 0.0859375
258 304 0.10989
258 305 0.169492
258 307 0.046729
259 212 0.0215054
259 213 0.0860215
259 257 0.176471
259 258 0.206522
259 260 0.00862069
259 303 0.0246914
259 304 0.0759494
260 213 0.0775194
260 214 0.0326797
260 258 0.0859375
260 259 0.00862069
260 261 0.0214286
260 262 0.03125
260 307 0.244275
260 308 0.112994
261 260 0.0214286
261 262 0.108108
261 307 0.0252101
261 308 0.406061
262 214 0.149068
262 215 0.0324675
262 260 0.03125
262 261 0.108108
262 308 0.437838
262 309 0.0839161
263 216 0.225806
263 217 0.252525
263 309 0.0181818
263 310 0.0454545
264 217 0.03125
264 218 0.0927835
264 265 0.2
264 311 0.177083
264 312 0.0202703
265 218 0.0882353
265 264 0.2
265 266 0.148936
265 312 0.240642
265 313 0.0780142
266 218 0.0776699
266 219 0.145455
266 265 0.148936
266 267 0.0288462
266 313 0.0555556
266 314 0.0103093
266 315 0.111111
267 219 0.179245
267 220 0.0273973
267 221 0.025641
267 266 0.0288462
267 268 0.151079
267 315 0.153846
268 220 0.205405
268 221 0.301282
268 267 0.151079
269 221 0.151079
269 222 0.163934
269 223 0.204969
269 270 0.164384
269 315 0.0396825
269 316 0.0168067
270 223 0.0858896
270 269 0.164384
270 271 0.0689655
270 316 0.214876
270 317 0.0992908
270 318 0.0165289
271 223 0.0229008
271 224 0.0530973
271 270 0.0689655
271 318 0.325843
271 319 0.0363636
272 224 0.0900901
272 225 0.05
272 226 0.175676
272 319 0.101852
273 226 0.105263
273 227 0.059322
273 274 0.154639
273 319 0.1
273 320 0.17284
274 226 0.011236
274 227 0.0152672
274 228 0.0538462
274 273 0.154639
274 275 0.179688
274 320 0.159574
274 321 0.136842
274 322 0.00884956
275 228 0.263514
275 274 0.179688
275 321 0.079646
275 322 0.167939
275 323 0.0923077
276 228 0.121622
276 230 0.0787879
276 277 0.273292
276 323 0.0615385
277 230 0.15
277 276 0.273292
277 278 0.12963
277 323 0.0413793
277 324 0.13245
278 230 0.0542169
278 231 0.145833
278 232 0.0775194
278 277 0.12963
278 324 0.0875912
278 325 0.164474
279 232 0.0961538
279 280 0.189189
279 326 0.133333
279 327 0.028777
280 233 0.137615
280 279 0.189189
280 327 0.125
280 328 0.176471
281 233 0.0736842
281 234 0.173913
281 328 0.180952
282 235 0.083871
282 236 0.181287
282 283 0.00645161
282 329 0.302703
282 330 0.0136986
283 236 0.075
283 237 0.0648148
283 282 0.00645161
283 284 0.221311
283 285 0.0211268
283 329 0.0287356
283 330 0.2
283 331 0.00877193
284 237 0.0581395
284 283 0.221311
284 285 0.0333333
284 331 0.0543478
284 332 0.146552
285 236 0.0696203
285 237 0.122642
285 238 0.110294
285 283 0.0211268
285 284 0.0333333
285 332 0.00735294
286 238 0.237705
286 239 0.166667
286 332 0.00819672
286 333 0.0169492
286 334 0.0490196
287 239 0.102564
287 240 0.0438596
287 288 0.162162
287 289 0.0846154
287 334 0.0380952
287 335 0.117647
288 240 0.121495
288 241 0.0194805
288 242 0.0206186
288 287 0.162162
288 289 0.00813008
289 242 0.181034
289 243 0.26087
289 287 0.0846154
289 288 0.00813008
289 335 0.0666667
289 336 0.0571429
290 243 0.0956522
290 244 0.156863
290 336 0.017094
291 244 0.165414
291 245 0.146497
291 292 0.32
291 293 0.0467836
291 336 0.0743243
291 337 0.0992366
291 338 0.0518519
291 340 0.0238095
291 341 0.04
292 244 0.01
292 291 0.32
292 293 0.0289855
292 336 0.0434783
292 337 0.0816327
292 338 0.0588235
292 339 0.113043
292 340 0.258065
292 341 0.0434783
293 245 0.182353
293 246 0.0573248
293 291 0.0467836
293 292 0.0289855
293 294 0.0994152
293 295 0.037037
293 340 0.0215827
293 341 0.333333
294 246 0.0555556
294 247 0.0779221
294 248 0.142857
294 249 0.0680272
294 293 0.0994152
294 295 0.161074
294 296 0.00847458
295 249 0.224638
295 293 0.037037
295 294 0.161074
295 296 0.211009
295 297 0.0176991
295 341 0.0689655
295 342 0.138889
295 343 0.0169492
296 249 0.0841122
296 251 0.0550459
296 294 0.00847458
296 295 0.211009
296 297 0.219512
296 298 0.0113636
296 342 0.155844
296 343 0.045977
297 251 0.0176991
297 295 0.0176991
297 296 0.219512
297 298 0.25
297 342 0.037037
297 343 0.010989
297 346 0.0481928
298 251 0.285714
298 296 0.0113636
298 297 0.25
298 299 0.0947368
298 300 0.0518519
298 346 0.280899
299 298 0.0947368
299 300 0.212121
299 301 0.162162
299 346 0.27907
299 347 0.036036
299 348 0.08
300 250 0.0467836
300 251 0.025641
300 252 0.180451
300 253 0.0671642
300 298 0.0518519
300 299 0.212121
300 301 0.192053
300 346 0.00793651
301 253 0.0530973
301 254 0.092437
301 299 0.162162
301 300 0.192053
301 346 0.00952381
301 347 0.223077
301 348 0.0208333
302 255 0.129032
302 256 0.144444
302 347 0.0373832
302 348 0.0330578
302 349 0.0108696
303 256 0.0449438
303 257 0.0465116
303 259 0.0246914
303 304 0.2625
303 350 0.008
304 258 0.10989
304 259 0.0759494
304 303 0.2625
304 305 0.0666667
304 350 0.0325203
305 258 0.169492
305 304 0.0666667
305 306 0.0150376
305 307 0.0247934
305 350 0.0666667
305 351 0.0617284
305 352 0.0547945
306 305 0.0150376
306 307 0.0819672
306 351 0.0306748
306 352 0.482993
306 353 0.015748
306 354 0.114094
307 258 0.046729
307 260 0.244275
307 261 0.0252101
307 305 0.0247934
307 306 0.0819672
307 308 0.025641
307 352 0.0444444
307 353 0.0347826
307 354 0.0291971
308 260 0.112994
308 261 0.406061
308 262 0.437838
308 307 0.025641
308 309 0.0625
308 354 0.00546448
308 355 0.0361446
309 262 0.0839161
309 263 0.0181818
309 308 0.0625
309 310 0.194915
309 356 0.10219
309 357 0.00877193
310 263 0.0454545
310 309 0.194915
310 357 0.166667
310 358 0.0882353
311 264 0.177083
311 358 0.307692
311 359 0.121212
312 264 0.0202703
312 265 0.240642
312 313 0.123377
312 359 0.139073
312 360 0.188406
313 265 0.0780142
313 266 0.0555556
313 312 0.123377
313 314 0.216495
313 361 0.122642
314 266 0.0103093
314 313 0.216495
314 315 0.237113
314 361 0.0526316
314 363 0.0625
315 266 0.111111
315 267 0.153846
315 269 0.0396825
315 314 0.237113
315 316 0.0693069
315 363 0.0162602
316 269 0.0168067
316 270 0.214876
316 315 0.0693069
316 317 0.0438596
316 363 0.172414
317 270 0.0992908
317 316 0.0438596
317 318 0.0614035
317 363 0.102941
317 364 0.30303
317 365 0.00653595
318 270 0.0165289
318 271 0.325843
318 317 0.0614035
318 319 0.0956522
318 364 0.0275862
319 271 0.0363636
319 272 0.101852
319 273 0.1
319 318 0.0956522
319 364 0.0722892
319 366 0.152542
320 273 0.17284
320 274 0.159574
320 321 0.101266
320 366 0.123596
320 367 0.0823529
321 274 0.136842
321 275 0.079646
321 320 0.101266
321 322 0.0612245
321 367 0.0581395
321 368 0.12931
322 274 0.00884956
322 275 0.167939
322 321 0.0612245
322 368 0.216418
322 369 0.0934579
323 275 0.0923077
323 276 0.0615385
323 277 0.0413793
323 324 0.025
323 369 0.226415
323 370 0.186275
324 277 0.13245
324 278 0.0875912
324 323 0.025
324 325 0.248227
324 370 0.157407
325 278 0.164474
325 324 0.248227
325 326 0.0223881
325 371 0.0939597
325 372 0.164773
326 279 0.133333
326 325 0.0223881
326 327 0.0479452
326 372 0.0454545
326 373 0.222222
327 279 0.028777
327 280 0.125
327 326 0.0479452
327 328 0.00680272
327 373 0.0915493
327 374 0.294444
328 280 0.176471
328 281 0.180952
328 327 0.00680272
328 374 0.0680272
328 375 0.0941176
329 282 0.302703
329 283 0.0287356
329 330 0.218182
329 376 0.279221
330 282 0.0136986
330 283 0.2
330 329 0.218182
330 376 0.00869565
330 377 0.0695652
331 283 0.00877193
331 284 0.0543478
331 333 0.0192308
331 377 0.170213
331 378 0.326923
332 284 0.146552
332 285 0.00735294
332 286 0.00819672
332 333 0.367188
332 378 0.0703125
332 379 0.041958
332 380 0.0608696
333 286 0.0169492
333 331 0.0192308
333 332 0.367188
333 378 0.0322581
333 379 0.115108
333 380 0.414414
333 381 0.0185185
334 286 0.0490196
334 287 0.0380952
334 335 0.0428571
334 380 0.168421
334 381 0.0205479
334 382 0.104294
335 287 0.117647
335 289 0.0666667
335 334 0.0428571
335 336 0.0981595
335 382 0.364929
335 383 0.0392157
336 289 0.0571429
336 290 0.017094
336 291 0.0743243
336 292 0.0434783
336 335 0.0981595
336 337 0.123967
336 338 0.008
336 382 0.0483871
336 383 0.296875
337 291 0.0992366
337 292 0.0816327
337 336 0.123967
337 338 0.351852
337 383 0.351351
337 384 0.12381
338 291 0.0518519
338 292 0.0588235
338 336 0.008
338 337 0.351852
338 339 0.016
338 340 0.0582524
338 383 0.0347826
338 384 0.449541
338 385 0.00775194
339 292 0.113043
339 338 0.016
339 340 0.224138
339 341 0.00869565
339 384 0.155738
339 385 0.0211268
339 386 0.259843
339 387 0.0620155
339 388 0.00775194
340 291 0.0238095
340 292 0.258065
340 293 0.0215827
340 338 0.0582524
340 339 0.224138
340 341 0.182796
340 384 0.03
340 386 0.0857143
340 387 0.158879
340 388 0.0934579
341 291 0.04
341 292 0.0434783
341 293 0.333333
341 295 0.0689655
341 339 0.00869565
341 340 0.182796
341 342 0.0714286
341 387 0.0660377
341 388 0.141509
342 295 0.138889
342 296 0.155844
342 297 0.037037
342 341 0.0714286
342 343 0.534884
342 389 0.0759494
343 295 0.0169492
343 296 0.045977
343 297 0.010989
343 342 0.534884
343 389 0.337079
343 390 0.00980392
344 345 0.333333
344 391 0.172932
345 344 0.333333
345 346 0.01
345 390 0.00877193
345 391 0.158621
345 393 0.186207
345 394 0.0141844
346 297 0.0481928
346 298 0.280899
346 299 0.27907
346 300 0.00793651
346 301 0.00952381
346 345 0.01
346 391 0.04
346 393 0.08
346 394 0.0495868
347 299 0.036036
347 301 0.223077
347 302 0.0373832
347 348 0.291667
347 395 0.00719424
348 299 0.08
348 301 0.0208333
348 302 0.0330578
348 347 0.291667
348 349 0.24031
348 350 0.00613497
348 395 0.176471
348 396 0.0633803
349 302 0.0108696
349 348 0.24031
349 350 0.0671642
349 395 0.0483871
349 396 0.292035
350 303 0.008
350 304 0.0325203
350 305 0.0666667
350 348 0.00613497
350 349 0.0671642
350 351 0.211111
350 395 0.00632911
350 396 0.251701
350 397 0.212766
350 398 0.0204082
351 305 0.0617284
351 306 0.0306748
351 350 0.211111
351 352 0.0852273
351 397 0.0849673
351 398 0.194969
351 399 0.146067
351 400 0.00555556
352 305 0.0547945
352 306 0.482993
352 307 0.0444444
352 351 0.0852273
352 399 0.0493827
353 306 0.015748
353 307 0.0347826
353 354 0.28169
353 399 0.0422535
353 400 0.111111
353 401 0.0437956
353 402 0.0518519
354 306 0.114094
354 307 0.0291971
354 308 0.00546448
354 353 0.28169
354 355 0.156463
354 356 0.04375
354 402 0.044586
355 308 0.0361446
355 354 0.156463
355 356 0.356643
355 402 0.0142857
356 309 0.10219
356 354 0.04375
356 355 0.356643
356 402 0.0522876
356 403 0.17284
357 309 0.00877193
357 310 0.166667
357 358 0.153061
357 404 0.0992366
357 405 0.152
358 310 0.0882353
358 311 0.307692
358 357 0.153061
358 405 0.0973451
358 406 0.011236
359 311 0.121212
359 312 0.139073
359 360 0.011236
359 406 0.123711
359 407 0.114286
360 312 0.188406
360 359 0.011236
360 407 0.125984
360 408 0.0431655
361 313 0.122642
361 314 0.0526316
361 362 0.222222
361 407 0.0496454
361 408 0.124183
361 409 0.03125
361 410 0.039604
362 361 0.222222
362 408 0.0135135
362 409 0.243902
362 410 0.21875
363 314 0.0625
363 315 0.0162602
363 316 0.172414
363 317 0.102941
363 410 0.279661
363 411 0.0634921
364 317 0.30303
364 318 0.0275862
364 319 0.0722892
364 365 0.26087
364 366 0.0878378
364 411 0.00645161
364 413 0.0135135
365 317 0.00653595
365 364 0.26087
365 411 0.0629371
365 412 0.292208
365 413 0.0367647
366 319 0.152542
366 320 0.123596
366 364 0.0878378
366 367 0.0104167
366 413 0.17
367 320 0.0823529
367 321 0.0581395
367 366 0.0104167
367 368 0.0491803
367 413 0.208333
367 414 0.0869565
368 321 0.12931
368 322 0.216418
368 367 0.0491803
368 414 0.057377
368 415 0.104
368 416 0.0542636
369 322 0.0934579
369 323 0.226415
369 370 0.0319149
369 416 0.0980392
369 417 0.0693069
370 323 0.186275
370 324 0.157407
370 369 0.0319149
370 417 0.0618557
370 418 0.116505
371 325 0.0939597
371 372 0.313609
371 418 0.209302
371 419 0.161074
372 325 0.164773
372 326 0.0454545
372 371 0.313609
372 373 0.0266667
372 418 0.0128205
372 419 0.301136
373 326 0.222222
373 327 0.0915493
373 372 0.0266667
373 419 0.161538
373 420 0.129032
374 327 0.294444
374 328 0.0680272
374 375 0.0423729
374 421 0.222826
374 422 0.0714286
375 328 0.0941176
375 374 0.0423729
375 422 0.141791
376 329 0.279221
376 330 0.00869565
376 423 0.0873786
377 330 0.0695652
377 331 0.170213
377 423 0.038835
377 424 0.132075
378 331 0.326923
378 332 0.0703125
378 333 0.0322581
378 379 0.0143885
378 380 0.027027
378 425 0.0774648
379 332 0.041958
379 333 0.115108
379 378 0.0143885
379 380 0.0952381
379 381 0.372881
379 425 0.044586
379 426 0.0591716
380 332 0.0608696
380 333 0.414414
380 334 0.168421
380 378 0.027027
380 379 0.0952381
380 381 0.0805369
381 333 0.0185185
381 334 0.0205479
381 379 0.372881
381 380 0.0805369
381 426 0.0833333
381 427 0.0645161
381 428 0.17284
382 334 0.104294
382 335 0.364929
382 336 0.0483871
382 383 0.0568182
382 428 0.0614525
382 429 0.241379
382 430 0.0116959
383 335 0.0392157
383 336 0.296875
383 337 0.351351
383 338 0.0347826
383 382 0.0568182
383 429 0.0206897
383 430 0.221239
384 337 0.12381
384 338 0.449541
384 339 0.155738
384 340 0.03
384 385 0.0238095
384 386 0.00900901
384 430 0.0560748
384 432 0.214953
384 433 0.00740741
385 338 0.00775194
385 339 0.0211268
385 384 0.0238095
385 431 0.213018
385 432 0.346457
386 339 0.259843
386 340 0.0857143
386 384 0.00900901
386 387 0.0762712
386 431 0.0194805
386 433 0.257143
387 339 0.0620155
387 340 0.158879
387 341 0.0660377
387 386 0.0762712
387 388 0.333333
387 432 0.00877193
387 433 0.190141
387 434 0.0735294
387 435 0.0289855
388 339 0.00775194
388 340 0.0934579
388 341 0.141509
388 387 0.333333
388 433 0.028169
388 434 0.132353
388 435 0.297101
389 342 0.0759494
389 343 0.337079
389 390 0.357895
389 391 0.015873
389 434 0.00854701
389 437 0.0442478
389 438 0.0720721
390 343 0.00980392
390 345 0.00877193
390 389 0.357895
390 391 0.323741
390 438 0.112903
391 344 0.172932
391 345 0.158621
391 346 0.04
391 389 0.015873
391 390 0.323741
391 392 0.0638298
391 438 0.0258065
392 391 0.0638298
392 393 0.0070922
392 394 0.0510949
392 438 0.015873
392 439 0.00925926
392 440 0.247423
392 441 0.107914
393 345 0.186207
393 346 0.08
393 392 0.0070922
393 394 0.5
393 441 0.0595238
393 442 0.00684932
394 345 0.0141844
394 346 0.0495868
394 392 0.0510949
394 393 0.5
394 395 0.0193548
394 441 0.27439
394 442 0.0352113
395 347 0.00719424
395 348 0.176471
395 349 0.0483871
395 350 0.00632911
395 394 0.0193548
395 396 0.0510949
395 397 0.0305344
395 441 0.191083
395 442 0.0444444
395 444 0.17341
396 348 0.0633803
396 349 0.292035
396 350 0.251701
396 395 0.0510949
396 397 0.0416667
396 444 0.00617284
397 350 0.212766
397 351 0.0849673
397 395 0.0305344
397 396 0.0416667
397 398 0.0833333
397 442 0.0169492
397 443 0.00952381
397 444 0.224359
397 445 0.231405
398 350 0.0204082
398 351 0.194969
398 397 0.0833333
398 399 0.110345
398 400 0.047619
398 445 0.102362
398 446 0.278196
398 447 0.0310078
399 351 0.146067
399 352 0.0493827
399 353 0.0422535
399 398 0.110345
399 400 0.313253
399 401 0.0125786
399 446 0.0131579
399 447 0.168919
399 448 0.0290698
400 351 0.00555556
400 353 0.111111
400 398 0.047619
400 399 0.313253
400 401 0.173913
400 446 0.0324675
400 447 0.266667
400 448 0.183908
400 449 0.0104712
401 353 0.0437956
401 399 0.0125786
401 400 0.173913
401 447 0.0559441
401 448 0.383234
401 449 0.119565
402 353 0.0518519
402 354 0.044586
402 355 0.0142857
402 356 0.0522876
402 403 0.0566038
402 449 0.236264
402 450 0.110429
403 356 0.17284
403 402 0.0566038
403 404 0.1125
403 450 0.0523256
403 451 0.00458716
404 357 0.0992366
404 403 0.1125
404 405 0.287671
404 450 0.00609756
404 451 0.109524
405 357 0.152
405 358 0.0973451
405 404 0.287671
405 406 0.103448
405 451 0.0686275
405 452 0.0694444
406 358 0.011236
406 359 0.123711
406 405 0.103448
406 407 0.0740741
406 452 0.0916667
407 359 0.114286
407 360 0.125984
407 361 0.0496454
407 406 0.0740741
407 408 0.257895
407 453 0.00625
408 360 0.0431655
408 361 0.124183
408 362 0.0135135
408 407 0.257895
408 409 0.0734463
408 453 0.0174419
408 454 0.148148
409 361 0.03125
409 362 0.243902
409 408 0.0734463
409 454 0.0157068
409 455 0.216561
409 457 0.0322581
410 361 0.039604
410 362 0.21875
410 363 0.279661
410 457 0.0515464
411 363 0.0634921
411 364 0.00645161
411 365 0.0629371
411 457 0.304762
411 458 0.223301
412 365 0.292208
412 458 0.0877193
412 459 0.149254
412 460 0.0608696
413 364 0.0135135
413 365 0.0367647
413 366 0.17
413 367 0.208333
413 414 0.0520833
413 460 0.0721649
414 367 0.0869565
414 368 0.057377
414 413 0.0520833
414 415 0.0315789
414 460 0.0860215
414 461 0.168317
415 368 0.104
415 414 0.0315789
415 416 0.147059
415 461 0.144231
415 462 0.00892857
415 463 0.145455
416 368 0.0542636
416 369 0.0980392
416 415 0.147059
416 463 0.114035
416 464 0.137931
417 369 0.0693069
417 370 0.0618557
417 464 0.226087
417 465 0.214876
418 370 0.116505
418 371 0.209302
418 372 0.0128205
418 465 0.212598
418 466 0.00943396
419 371 0.161074
419 372 0.301136
419 373 0.161538
419 420 0.092437
419 466 0.0952381
419 467 0.0465116
420 373 0.129032
420 419 0.092437
420 421 0.0814815
420 467 0.0434783
420 468 0.047619
421 374 0.222826
421 420 0.0814815
421 422 0.17
421 468 0.14557
421 469 0.0105263
422 374 0.0714286
422 375 0.141791
422 421 0.17
422 468 0.0235294
422 469 0.227723
423 376 0.0873786
423 377 0.038835
423 424 0.238095
423 470 0.2
424 377 0.132075
424 423 0.238095
424 470 0.0306122
424 471 0.149533
424 472 0.00806452
425 378 0.0774648
425 379 0.044586
425 426 0.47093
425 472 0.113333
425 473 0.00917431
425 474 0.00714286
426 379 0.0591716
426 381 0.0833333
426 425 0.47093
426 472 0.0802469
426 473 0.0330578
426 474 0.0460526
427 381 0.0645161
427 428 0.0940171
427 429 0.0212766
427 474 0.321739
427 475 0.037037
428 381 0.17284
428 382 0.0614525
428 427 0.0940171
428 429 0.182432
428 475 0.035503
429 382 0.241379
429 383 0.0206897
429 427 0.0212766
429 428 0.182432
429 430 0.0214286
429 475 0.165803
429 476 0.101449
430 382 0.0116959
430 383 0.221239
430 384 0.0560748
430 429 0.0214286
430 431 0.0133333
430 476 0.40566
430 477 0.264706
431 385 0.213018
431 386 0.0194805
431 430 0.0133333
431 432 0.0666667
431 477 0.256944
431 478 0.0864198
431 479 0.228395
432 384 0.214953
432 385 0.346457
432 387 0.00877193
432 431 0.0666667
432 477 0.0686275
433 384 0.00740741
