0 1 0.457143
0 2 0.0454545
0 32 0.00735294
1 0 0.457143
1 2 0.0243902
1 31 0.0344828
1 32 0.0977444
1 62 0.0606061
2 0 0.0454545
2 1 0.0243902
2 3 0.0967742
2 32 0.0915493
3 2 0.0967742
3 4 0.227979
3 32 0.087963
3 33 0.14218
3 34 0.00877193
3 63 0.0149254
3 64 0.0360825
4 3 0.227979
4 5 0.275862
4 34 0.0717489
4 35 0.0138889
5 4 0.275862
5 6 0.376682
5 7 0.0394089
5 34 0.0252101
5 35 0.0909091
5 36 0.0192308
6 5 0.376682
6 7 0.413462
6 35 0.0381356
6 36 0.0657277
6 37 0.0378378
6 68 0.012766
7 5 0.0394089
7 6 0.413462
7 8 0.170213
7 9 0.0645161
7 36 0.015544
7 37 0.0484848
7 38 0.0264901
7 68 0.0465116
8 7 0.170213
8 9 0.268519
8 10 0.0581395
8 38 0.0384615
8 39 0.0238095
9 7 0.0645161
9 8 0.268519
9 10 0.04
9 37 0.00757576
9 38 0.118644
9 39 0.17033
9 40 0.0184332
10 8 0.0581395
10 9 0.04
10 11 0.0384615
10 39 0.0875
10 40 0.2
10 41 0.0914286
11 10 0.0384615
11 12 0.075
11 40 0.0180995
11 41 0.238806
11 43 0.1625
11 44 0.0402299
11 72 0.0179641
12 11 0.075
12 13 0.08
12 14 0.020202
12 43 0.0272727
12 44 0.00806452
13 12 0.08
13 14 0.0851064
13 16 0.0625
13 43 0.00952381
13 44 0.00840336
14 12 0.020202
14 13 0.0851064
14 15 0.0102041
14 16 0.0666667
14 43 0.0223464
14 44 0.284974
14 45 0.263636
14 46 0.0569948
14 74 0.0187793
15 14 0.0102041
15 16 0.15
15 18 0.0344828
15 46 0.0487805
15 47 0.0630631
16 13 0.0625
16 14 0.0666667
16 15 0.15
16 46 0.026087
17 18 0.0708661
17 47 0.258373
17 48 0.0590551
17 49 0.364706
17 78 0.0462185
18 15 0.0344828
18 17 0.0708661
18 47 0.0446429
18 49 0.0253165
19 20 0.0330578
19 21 0.0275229
19 49 0.00636943
20 19 0.0330578
20 21 0.0792079
20 48 0.0401606
20 49 0.208
20 51 0.304721
21 19 0.0275229
21 20 0.0792079
21 22 0.0196078
21 23 0.127119
21 24 0.0454545
21 51 0.0678733
21 52 0.341232
22 21 0.0196078
22 23 0.0202703
22 24 0.0227273
23 21 0.127119
23 22 0.0202703
23 24 0.400901
23 25 0.0676692
23 52 0.0544747
23 54 0.232759
23 55 0.00952381
24 21 0.0454545
24 22 0.0227273
24 23 0.400901
24 25 0.126214
24 52 0.00507614
24 54 0.00581395
25 23 0.0676692
25 24 0.126214
25 26 0.279476
25 54 0.0462963
25 55 0.242268
25 57 0.0904523
26 25 0.279476
26 27 0.0816327
26 55 0.0346821
26 57 0.342697
26 58 0.0689655
27 26 0.0816327
27 28 0.103774
27 58 0.392857
27 59 0.00584795
28 27 0.103774
28 29 0.00847458
28 58 0.00961538
28 59 0.157068
28 60 0.0693642
28 89 0.0163934
28 90 0.0681818
28 91 0.0175439
29 28 0.00847458
29 30 0.357798
29 60 0.315152
29 61 0.112426
30 29 0.357798
30 60 0.0731707
30 61 0.0416667
31 1 0.0344828
31 62 0.433333
32 0 0.00735294
32 1 0.0977444
32 2 0.0915493
32 3 0.087963
32 33 0.0655022
32 62 0.0970149
32 63 0.182648
32 64 0.0283019
33 3 0.14218
33 32 0.0655022
33 34 0.0788382
33 63 0.0747664
33 64 0.487923
33 65 0.0904762
33 94 0.00409836
33 95 0.00938967
34 3 0.00877193
34 4 0.0717489
34 5 0.0252101
34 33 0.0788382
34 35 0.247012
34 36 0.0131579
34 64 0.0803571
34 65 0.400881
34 66 0.0248963
34 96 0.00816326
35 4 0.0138889
35 5 0.0909091
35 6 0.0381356
35 34 0.247012
35 36 0.343891
35 65 0.0545455
35 66 0.106838
35 67 0.0547264
35 68 0.00411523
35 97 0.00990099
36 5 0.0192308
36 6 0.0657277
36 7 0.015544
36 34 0.0131579
36 35 0.343891
36 37 0.0705882
36 66 0.0521327
36 67 0.196629
36 68 0.163636
36 97 0.0167598
37 6 0.0378378
37 7 0.0484848
37 9 0.00757576
37 36 0.0705882
37 38 0.179688
37 67 0.0533333
37 68 0.34375
37 69 0.0670732
37 99 0.107595
38 7 0.0264901
38 8 0.0384615
38 9 0.118644
38 37 0.179688
38 39 0.219101
38 40 0.00469484
38 68 0.0393258
38 69 0.0733333
39 8 0.0238095
39 9 0.17033
39 10 0.0875
39 38 0.219101
39 40 0.285199
39 69 0.158879
39 70 0.0144231
39 71 0.00392157
40 9 0.0184332
40 10 0.2
40 11 0.0180995
40 38 0.00469484
40 39 0.285199
40 41 0.380137
40 69 0.00401606
40 70 0.00823045
40 71 0.0310345
40 72 0.0116279
41 10 0.0914286
41 11 0.238806
41 40 0.380137
41 42 0.00816326
41 43 0.0779221
41 71 0.0222222
41 72 0.163866
42 41 0.00816326
42 43 0.235294
42 44 0.087156
42 72 0.293839
42 73 0.118644
42 74 0.0546218
42 104 0.0441176
42 105 0.0397727
43 11 0.1625
43 12 0.0272727
43 13 0.00952381
43 14 0.0223464
43 41 0.0779221
43 42 0.235294
43 44 0.328431
43 72 0.0456853
43 74 0.0133929
44 11 0.0402299
44 12 0.00806452
44 13 0.00840336
44 14 0.284974
44 42 0.087156
44 43 0.328431
44 45 0.0489796
44 73 0.00423729
44 74 0.10084
45 14 0.263636
45 44 0.0489796
45 46 0.330612
45 74 0.124528
45 76 0.100402
45 77 0.0635593
46 14 0.0569948
46 15 0.0487805
46 16 0.026087
46 45 0.330612
46 47 0.150485
46 76 0.0045045
46 77 0.191388
46 78 0.012766
47 15 0.0630631
47 17 0.258373
47 18 0.0446429
47 46 0.150485
47 77 0.0659898
47 78 0.058296
48 17 0.0590551
48 20 0.0401606
48 49 0.25614
48 51 0.0335821
48 78 0.011194
48 79 0.0185185
48 80 0.388235
48 109 0.0421456
49 17 0.364706
49 18 0.0253165
49 19 0.00636943
49 20 0.208
49 48 0.25614
49 51 0.0297398
49 80 0.0078125
50 51 0.156627
50 52 0.00641026
50 53 0.0487805
50 80 0.137255
50 81 0.0693069
50 82 0.0895522
50 83 0.0625
50 111 0.0365854
50 112 0.0340909
50 113 0.0869565
50 114 0.0697674
51 20 0.304721
51 21 0.0678733
51 48 0.0335821
51 49 0.0297398
51 50 0.156627
51 52 0.165289
51 80 0.0585774
51 83 0.0151515
51 113 0.00497512
52 21 0.341232
52 23 0.0544747
52 24 0.00507614
52 50 0.00641026
52 51 0.165289
52 53 0.0253165
52 54 0.115942
52 83 0.00531915
52 84 0.0559006
52 113 0.0104712
53 50 0.0487805
53 52 0.0253165
53 82 0.0289855
53 83 0.0701754
53 84 0.287356
53 113 0.128205
53 114 0.352273
53 115 0.0330578
54 23 0.232759
54 24 0.00581395
54 25 0.0462963
54 52 0.115942
54 55 0.1625
54 56 0.0190476
54 84 0.00735294
54 85 0.0162162
54 86 0.0542636
54 115 0.0117647
54 117 0.00483092
55 23 0.00952381
55 25 0.242268
55 26 0.0346821
55 54 0.1625
55 56 0.0722892
55 57 0.20979
55 86 0.0280374
55 117 0.00540541
56 54 0.0190476
56 55 0.0722892
56 57 0.113636
56 85 0.0185185
56 86 0.0384615
56 87 0.032
56 88 0.0148148
56 117 0.0153846
56 119 0.00671141
57 25 0.0904523
57 26 0.342697
57 55 0.20979
57 56 0.113636
57 58 0.0695652
57 88 0.0153846
57 89 0.0300752
57 119 0.00478469
58 26 0.0689655
58 27 0.392857
58 28 0.00961538
58 57 0.0695652
58 59 0.035503
58 88 0.0308642
58 89 0.07
59 27 0.00584795
59 28 0.157068
59 58 0.035503
59 60 0.00840336
59 88 0.0120482
59 89 0.0909091
59 90 0.463158
59 91 0.027933
59 121 0.0791667
60 28 0.0693642
60 29 0.315152
60 30 0.0731707
60 59 0.00840336
60 61 0.272321
60 90 0.00374532
60 91 0.0931677
60 92 0.0343137
61 29 0.112426
61 30 0.0416667
61 60 0.272321
61 91 0.0606061
61 92 0.350962
61 123 0.0158103
62 1 0.0606061
62 31 0.433333
62 32 0.0970149
62 63 0.0336134
62 93 0.0288462
62 124 0.0666667
63 3 0.0149254
63 32 0.182648
63 33 0.0747664
63 62 0.0336134
63 64 0.116751
63 93 0.153439
63 94 0.141026
64 3 0.0360825
64 32 0.0283019
64 33 0.487923
64 34 0.0803571
64 63 0.116751
64 65 0.108808
64 94 0.00881057
64 95 0.107143
64 96 0.00947867
65 33 0.0904762
65 34 0.400881
65 35 0.0545455
65 64 0.108808
65 66 0.0857143
65 95 0.0603015
65 96 0.126168
66 34 0.0248963
66 35 0.106838
66 36 0.0521327
66 65 0.0857143
66 67 0.0680628
66 95 0.00469484
66 96 0.157895
66 97 0.411458
66 98 0.079646
66 127 0.00478469
67 35 0.0547264
67 36 0.196629
67 37 0.0533333
67 66 0.0680628
67 68 0.14
67 97 0.0251572
67 98 0.181347
67 99 0.174699
67 100 0.0118343
67 130 0.00540541
68 6 0.012766
68 7 0.0465116
68 35 0.00411523
68 36 0.163636
68 37 0.34375
68 38 0.0393258
68 67 0.14
68 69 0.280374
68 99 0.134615
68 100 0.0331754
69 37 0.0670732
69 38 0.0733333
69 39 0.158879
69 40 0.00401606
69 68 0.280374
69 70 0.0555556
69 71 0.0176211
69 99 0.0333333
69 100 0.0765027
69 101 0.00526316
70 39 0.0144231
70 40 0.00823045
70 69 0.0555556
70 71 0.461538
70 100 0.0112994
70 101 0.103261
70 102 0.0348259
70 131 0.0201342
71 39 0.00392157
71 40 0.0310345
71 41 0.0222222
71 69 0.0176211
71 70 0.461538
71 72 0.0720339
71 101 0.034632
71 102 0.266129
71 103 0.0344828
71 133 0.0366492
72 11 0.0179641
72 40 0.0116279
72 41 0.163866
72 42 0.293839
72 43 0.0456853
72 71 0.0720339
72 73 0.0131004
72 102 0.0324074
72 103 0.02
72 105 0.0710059
73 42 0.118644
73 44 0.00423729
73 72 0.0131004
73 74 0.199219
73 75 0.172996
73 103 0.00444444
73 104 0.0844156
73 105 0.350515
73 106 0.00444444
73 135 0.0544747
74 14 0.0187793
74 42 0.0546218
74 43 0.0133929
74 44 0.10084
74 45 0.124528
74 73 0.199219
74 75 0.213389
74 76 0.0909091
74 104 0.0128205
75 73 0.172996
75 74 0.213389
75 76 0.242152
75 104 0.00729927
75 105 0.0112994
75 106 0.144231
75 107 0.034188
75 135 0.0291667
75 136 0.00888889
76 45 0.100402
76 46 0.0045045
76 74 0.0909091
76 75 0.242152
76 77 0.14554
76 106 0.00947867
76 107 0.202532
77 45 0.0635593
77 46 0.191388
77 47 0.0659898
77 76 0.14554
77 78 0.207965
77 79 0.0131579
77 107 0.03125
77 108 0.0222222
78 17 0.0462185
78 46 0.012766
78 47 0.058296
78 48 0.011194
78 77 0.207965
78 79 0.413386
78 108 0.0159363
78 109 0.0979592
79 48 0.0185185
79 77 0.0131579
79 78 0.413386
79 80 0.00414938
79 108 0.146245
79 109 0.477733
79 110 0.025641
80 48 0.388235
80 49 0.0078125
80 50 0.137255
80 51 0.0585774
80 79 0.00414938
80 109 0.0474138
80 110 0.0310078
80 111 0.0516129
80 141 0.030303
81 50 0.0693069
81 82 0.159091
81 83 0.0601504
81 111 0.126214
81 112 0.238532
81 113 0.183824
81 114 0.046729
81 142 0.0104167
81 143 0.0819672
81 144 0.168831
82 50 0.0895522
82 53 0.0289855
82 81 0.159091
82 83 0.0606061
82 112 0.0533333
82 113 0.0490196
82 114 0.150685
82 143 0.0227273
83 50 0.0625
83 51 0.0151515
83 52 0.00531915
83 53 0.0701754
83 81 0.0601504
83 82 0.0606061
83 84 0.136752
83 112 0.191667
83 113 0.360544
83 114 0.0423729
83 115 0.013245
83 144 0.0606061
83 145 0.0555556
83 146 0.0307692
84 52 0.0559006
84 53 0.287356
84 54 0.00735294
84 83 0.136752
84 113 0.108333
84 114 0.153846
84 115 0.0887097
84 116 0.00680272
84 145 0.00854701
84 146 0.339806
85 54 0.0162162
85 56 0.0185185
85 86 0.106061
85 87 0.097561
85 115 0.34104
85 116 0.285714
85 117 0.185714
85 118 0.0201342
85 145 0.0240964
85 146 0.105263
85 147 0.0227273
85 148 0.0134529
86 54 0.0542636
86 55 0.0280374
86 56 0.0384615
86 85 0.106061
86 87 0.0671141
86 115 0.128205
86 116 0.0357143
86 117 0.214286
86 118 0.0322581
86 146 0.03125
86 147 0.0243902
87 56 0.032
87 85 0.097561
87 86 0.0671141
87 88 0.0301724
87 116 0.0422535
87 117 0.387665
87 118 0.319277
87 119 0.101626
87 147 0.00843882
87 148 0.0333333
87 149 0.00458716
87 150 0.0288462
88 56 0.0148148
88 57 0.0153846
88 58 0.0308642
88 59 0.0120482
88 87 0.0301724
88 89 0.261111
88 117 0.0126582
88 118 0.0568182
88 119 0.546875
88 120 0.0492611
88 149 0.00438596
88 150 0.00917431
89 28 0.0163934
89 57 0.0300752
89 58 0.07
89 59 0.0909091
89 88 0.261111
89 90 0.115741
89 119 0.0824742
89 120 0.0638298
89 121 0.0409357
90 28 0.0681818
90 59 0.463158
90 60 0.00374532
90 89 0.115741
90 91 0.254808
90 92 0.00398406
90 120 0.0083682
90 121 0.137546
91 28 0.0175439
91 59 0.027933
91 60 0.0931677
91 61 0.0606061
91 90 0.254808
91 92 0.0275862
91 123 0.0105263
91 154 0.0104167
92 60 0.0343137
92 61 0.350962
92 90 0.00398406
92 91 0.0275862
92 121 0.0145631
92 122 0.0287356
92 123 0.266094
92 154 0.107914
93 62 0.0288462
93 63 0.153439
93 94 0.214612
93 124 0.13
93 125 0.0828729
94 33 0.00409836
94 63 0.141026
94 64 0.00881057
94 93 0.214612
94 95 0.223176
94 96 0.00403226
94 125 0.123894
94 126 0.110599
94 156 0.0784983
94 157 0.0339623
95 33 0.00938967
95 64 0.107143
95 65 0.0603015
95 66 0.00469484
95 94 0.223176
95 96 0.336406
95 126 0.129032
95 127 0.020202
95 157 0.0512821
96 34 0.00816326
96 64 0.00947867
96 65 0.126168
96 66 0.157895
96 94 0.00403226
96 95 0.336406
96 97 0.0918367
96 126 0.0199005
96 127 0.239437
97 35 0.00990099
97 36 0.0167598
97 66 0.411458
97 67 0.0251572
97 96 0.0918367
97 98 0.226804
97 127 0.112994
97 158 0.0228571
97 159 0.0154639
98 66 0.079646
98 67 0.181347
98 97 0.226804
98 99 0.0597015
98 100 0.0147059
98 127 0.00473934
98 128 0.0176471
98 129 0.366013
98 130 0.136364
98 159 0.0131579
98 160 0.0199005
99 37 0.107595
99 67 0.174699
99 68 0.134615
99 69 0.0333333
99 98 0.0597015
99 100 0.237288
99 129 0.031746
99 130 0.129534
99 131 0.0201342
100 67 0.0118343
100 68 0.0331754
100 69 0.0765027
100 70 0.0112994
100 98 0.0147059
100 99 0.237288
100 101 0.165775
100 130 0.147959
100 131 0.138158
100 132 0.0159574
100 161 0.104
101 69 0.00526316
101 70 0.103261
101 71 0.034632
101 100 0.165775
101 102 0.0521327
101 131 0.27044
101 132 0.251282
101 133 0.142857
101 162 0.00884956
102 70 0.0348259
102 71 0.266129
102 72 0.0324074
102 101 0.0521327
102 103 0.382075
102 132 0.00943396
102 133 0.204678
102 134 0.0117647
102 135 0.0204918
102 164 0.0204082
103 71 0.0344828
103 72 0.02
103 73 0.00444444
103 102 0.382075
103 104 0.008
103 105 0.030303
103 134 0.0324675
103 135 0.258772
103 136 0.00469484
103 164 0.0611111
103 165 0.0111732
104 42 0.0441176
104 73 0.0844156
104 74 0.0128205
104 75 0.00729927
104 103 0.008
104 105 0.212766
104 135 0.0764331
104 136 0.028169
105 42 0.0397727
105 72 0.0710059
105 73 0.350515
105 75 0.0112994
105 103 0.030303
105 104 0.212766
105 135 0.101523
105 136 0.0164835
106 73 0.00444444
106 75 0.144231
106 76 0.00947867
106 107 0.0540541
106 135 0.0394737
106 136 0.361502
106 137 0.282178
106 138 0.00913242
106 166 0.00956938
106 167 0.0696203
107 75 0.034188
107 76 0.202532
107 77 0.03125
107 106 0.0540541
107 108 0.401606
107 137 0.0438596
107 138 0.171429
107 139 0.00421941
108 77 0.0222222
108 78 0.0159363
108 79 0.146245
108 107 0.401606
108 109 0.0286885
108 138 0.0731707
108 139 0.247899
109 48 0.0421456
109 78 0.0979592
109 79 0.477733
109 80 0.0474138
109 108 0.0286885
109 110 0.204545
109 139 0.012931
109 141 0.0126582
110 79 0.025641
110 80 0.0310078
110 109 0.204545
110 111 0.0106952
110 139 0.0930233
110 141 0.460076
110 172 0.0728155
111 50 0.0365854
111 80 0.0516129
111 81 0.126214
111 110 0.0106952
111 112 0.0222222
111 141 0.20625
111 142 0.12987
111 143 0.0970874
111 144 0.0888889
111 173 0.00884956
112 50 0.0340909
112 81 0.238532
112 82 0.0533333
112 83 0.191667
112 111 0.0222222
112 113 0.130081
112 114 0.0319149
112 144 0.163121
113 50 0.0869565
113 51 0.00497512
113 52 0.0104712
113 53 0.128205
113 81 0.183824
113 82 0.0490196
113 83 0.360544
113 84 0.108333
113 112 0.130081
113 114 0.107438
113 143 0.0514706
113 144 0.0952381
113 145 0.0272109
113 146 0.0601504
113 177 0.0531401
114 50 0.0697674
114 53 0.352273
114 81 0.046729
114 82 0.150685
114 83 0.0423729
114 84 0.153846
114 112 0.0319149
114 113 0.107438
114 115 0.008
114 143 0.0373832
114 145 0.0254237
114 146 0.00961538
114 177 0.00561798
115 53 0.0330578
115 54 0.0117647
115 83 0.013245
115 84 0.0887097
115 85 0.34104
115 86 0.128205
115 114 0.008
115 116 0.187845
115 117 0.0102564
115 145 0.0993377
115 146 0.248175
115 147 0.0341463
115 148 0.0144231
115 176 0.00961538
115 177 0.0758294
116 84 0.00680272
116 85 0.285714
116 86 0.0357143
116 87 0.0422535
116 115 0.187845
116 117 0.0825688
116 118 0.044586
116 145 0.16092
116 146 0.025
116 147 0.149123
116 148 0.207792
116 177 0.034188
117 54 0.00483092
117 55 0.00540541
117 56 0.0153846
117 85 0.185714
117 86 0.214286
117 87 0.387665
117 88 0.0126582
117 115 0.0102564
117 116 0.0825688
117 118 0.0584795
117 119 0.0677291
117 147 0.0495868
117 148 0.0612245
117 149 0.0717489
117 150 0.0187793
118 85 0.0201342
118 86 0.0322581
118 87 0.319277
118 88 0.0568182
118 116 0.044586
118 117 0.0584795
118 119 0.0684211
118 147 0.0276243
118 148 0.119565
118 149 0.0308642
118 150 0.0723684
119 56 0.00671141
119 57 0.00478469
119 87 0.101626
119 88 0.546875
119 89 0.0824742
119 117 0.0677291
119 118 0.0684211
119 120 0.0414747
119 149 0.0454545
119 150 0.0689655
119 182 0.026087
120 88 0.0492611
120 89 0.0638298
120 90 0.0083682
120 119 0.0414747
120 121 0.0515464
120 149 0.015873
120 150 0.00558659
120 151 0.118182
120 152 0.015748
120 153 0.0102041
120 181 0.00653595
120 182 0.327684
120 183 0.00699301
121 59 0.0791667
121 89 0.0409357
121 90 0.137546
121 92 0.0145631
121 120 0.0515464
121 122 0.03125
121 152 0.127389
121 153 0.137168
121 154 0.0127389
121 183 0.132948
122 92 0.0287356
122 121 0.03125
122 123 0.287671
122 153 0.0721649
122 154 0.072
122 183 0.0070922
122 184 0.197309
122 185 0.153333
123 61 0.0158103
123 91 0.0105263
123 92 0.266094
123 122 0.287671
123 153 0.0118577
123 154 0.342391
123 184 0.0460993
123 185 0.133971
124 62 0.0666667
124 93 0.13
125 93 0.0828729
125 94 0.123894
125 155 0.0733945
125 156 0.337255
125 157 0.00440529
125 186 0.111111
126 94 0.110599
126 95 0.129032
126 96 0.0199005
126 127 0.197802
126 156 0.0162602
126 157 0.302752
126 158 0.0944444
126 188 0.0374332
126 189 0.0153846
127 66 0.00478469
127 95 0.020202
127 96 0.239437
127 97 0.112994
127 98 0.00473934
127 126 0.197802
127 128 0.0784314
127 157 0.026087
127 158 0.380208
127 159 0.028436
128 98 0.0176471
128 127 0.0784314
128 129 0.0842105
128 158 0.0198676
128 159 0.441176
128 160 0.111888
128 189 0.00990099
129 98 0.366013
129 99 0.031746
129 128 0.0842105
129 130 0.124138
129 159 0.0522876
129 160 0.0555556
130 67 0.00540541
130 98 0.136364
130 99 0.129534
130 100 0.147959
130 129 0.124138
130 131 0.0238095
130 159 0.0227273
130 160 0.176166
130 161 0.184397
130 162 0.0170213
130 190 0.00564972
130 192 0.0378378
131 70 0.0201342
131 99 0.0201342
131 100 0.138158
131 101 0.27044
131 130 0.0238095
131 132 0.04375
131 133 0.0252101
131 161 0.0618557
131 162 0.136126
131 192 0.0212766
132 100 0.0159574
132 101 0.251282
132 102 0.00943396
132 131 0.04375
132 133 0.4
132 134 0.012987
132 162 0.0264317
132 163 0.205882
132 164 0.161111
133 71 0.0366492
133 101 0.142857
133 102 0.204678
133 131 0.0252101
133 132 0.4
133 163 0.0310078
133 164 0.0503597
134 102 0.0117647
134 103 0.0324675
134 132 0.012987
134 135 0.0913979
134 136 0.0116959
134 164 0.0797101
134 165 0.481752
134 166 0.011976
134 197 0.0402299
135 73 0.0544747
135 75 0.0291667
135 102 0.0204918
135 103 0.258772
135 104 0.0764331
135 105 0.101523
135 106 0.0394737
135 134 0.0913979
135 136 0.379592
135 164 0.00471698
135 165 0.0331754
135 166 0.0290456
135 197 0.0120968
136 75 0.00888889
136 103 0.00469484
136 104 0.028169
136 105 0.0164835
136 106 0.361502
136 134 0.0116959
136 135 0.379592
136 137 0.0684932
136 165 0.00510204
136 166 0.146018
136 167 0.0628571
136 197 0.0343348
137 106 0.282178
137 107 0.0438596
137 136 0.0684932
137 138 0.337778
137 166 0.0837209
137 167 0.0731707
137 168 0.0697674
137 199 0.0967742
138 106 0.00913242
138 107 0.171429
138 108 0.0731707
138 137 0.337778
138 139 0.175214
138 167 0.0276243
138 168 0.202586
138 169 0.030303
139 107 0.00421941
139 108 0.247899
139 109 0.012931
139 110 0.0930233
139 138 0.175214
139 168 0.0491071
139 169 0.089172
139 172 0.0402299
140 169 0.0125
140 170 0.275
140 171 0.305556
140 172 0.0927835
140 173 0.0186916
140 200 0.227848
140 202 0.0869565
140 203 0.0394737
141 80 0.030303
141 109 0.0126582
141 110 0.460076
141 111 0.20625
141 142 0.00653595
141 172 0.156425
141 173 0.015873
142 81 0.0104167
142 111 0.12987
142 141 0.00653595
142 143 0.15625
142 144 0.0859375
142 172 0.03125
142 173 0.122642
142 174 0.0707071
142 175 0.0111111
142 203 0.0266667
142 204 0.133333
142 205 0.10989
143 81 0.0819672
143 82 0.0227273
143 111 0.0970874
143 113 0.0514706
143 114 0.0373832
143 142 0.15625
143 144 0.188312
143 174 0.032
143 175 0.00970874
143 177 0.0103627
143 204 0.103448
144 81 0.168831
144 83 0.0606061
144 111 0.0888889
144 112 0.163121
144 113 0.0952381
144 142 0.0859375
144 143 0.188312
144 173 0.0914634
144 174 0.0573248
144 175 0.0252101
144 176 0.0135135
144 204 0.00675676
144 206 0.0384615
145 83 0.0555556
145 84 0.00854701
145 85 0.0240964
145 113 0.0272109
145 114 0.0254237
145 115 0.0993377
145 116 0.16092
145 146 0.1
145 147 0.0252525
145 176 0.0547264
145 177 0.205882
145 178 0.00653595
146 83 0.0307692
146 84 0.339806
146 85 0.105263
146 86 0.03125
146 113 0.0601504
146 114 0.00961538
146 115 0.248175
146 116 0.025
146 145 0.1
146 147 0.0543478
146 176 0.00534759
146 177 0.0263158
147 85 0.0227273
147 86 0.0243902
147 87 0.00843882
147 115 0.0341463
147 116 0.149123
147 117 0.0495868
147 118 0.0276243
147 145 0.0252525
147 146 0.0543478
147 148 0.27451
147 177 0.0426357
147 178 0.057971
147 208 0.00769231
147 209 0.205556
147 210 0.0896057
148 85 0.0134529
148 87 0.0333333
148 115 0.0144231
148 116 0.207792
148 117 0.0612245
148 118 0.119565
148 147 0.27451
148 149 0.059322
148 150 0.110619
148 178 0.0666667
148 180 0.0553191
148 209 0.00546448
148 210 0.0567376
148 211 0.0180505
149 87 0.00458716
149 88 0.00438596
149 117 0.0717489
149 118 0.0308642
149 119 0.0454545
149 120 0.015873
149 148 0.059322
149 150 0.348039
149 179 0.00617284
149 180 0.239437
149 182 0.143564
149 213 0.00502513
150 87 0.0288462
150 88 0.00917431
150 117 0.0187793
150 118 0.0723684
150 119 0.0689655
150 120 0.00558659
150 148 0.110619
150 149 0.348039
150 180 0.162562
150 182 0.0364583
150 210 0.008
150 211 0.00408163
151 120 0.118182
151 152 0.0958904
151 153 0.00704225
151 181 0.30303
151 182 0.0813008
151 183 0.011236
151 212 0.00746269
151 214 0.0384615
151 215 0.0782609
152 120 0.015748
152 121 0.127389
152 151 0.0958904
152 153 0.264151
152 181 0.0689655
152 182 0.0428571
152 183 0.0754717
152 213 0.00729927
153 120 0.0102041
153 121 0.137168
153 122 0.0721649
153 123 0.0118577
153 151 0.00704225
153 152 0.264151
153 154 0.00628931
153 181 0.00540541
153 182 0.00478469
153 183 0.462857
153 184 0.0233463
153 185 0.00543478
153 214 0.00413223
153 215 0.0348259
154 91 0.0104167
154 92 0.107914
154 121 0.0127389
154 122 0.072
154 123 0.342391
154 153 0.00628931
154 185 0.121739
155 125 0.0733945
155 186 0.076087
155 217 0.0454545
156 94 0.0784983
156 125 0.337255
156 126 0.0162602
156 157 0.343537
156 186 0.10084
156 187 0.0974843
156 188 0.0114068
156 217 0.0299145
157 94 0.0339623
157 95 0.0512821
157 125 0.00440529
157 126 0.302752
157 127 0.026087
157 156 0.343537
157 158 0.0219298
157 187 0.0137931
157 188 0.0765957
157 189 0.011236
158 97 0.0228571
158 126 0.0944444
158 127 0.380208
158 128 0.0198676
158 157 0.0219298
158 159 0.133971
158 188 0.0609137
158 189 0.0785714
158 219 0.0364583
159 97 0.0154639
159 98 0.0131579
159 127 0.028436
159 128 0.441176
159 129 0.0522876
159 130 0.0227273
159 158 0.133971
159 160 0.318408
159 189 0.00628931
159 190 0.027027
159 191 0.00843882
159 219 0.0189573
160 98 0.0199005
160 128 0.111888
160 129 0.0555556
160 130 0.176166
160 159 0.318408
160 161 0.122951
160 190 0.056962
160 191 0.157143
160 192 0.0180723
160 222 0.0413793
160 223 0.005
161 100 0.104
161 130 0.184397
161 131 0.0618557
161 160 0.122951
161 162 0.0487805
161 191 0.0316456
161 192 0.140351
162 101 0.00884956
162 130 0.0170213
162 131 0.136126
162 132 0.0264317
162 161 0.0487805
162 163 0.189055
162 192 0.365385
162 193 0.376884
162 195 0.00436681
162 223 0.00826446
163 132 0.205882
163 133 0.0310078
163 162 0.189055
163 164 0.0844156
163 192 0.013245
163 193 0.246479
163 194 0.0209424
163 195 0.0988372
163 225 0.0342466
164 102 0.0204082
164 103 0.0611111
164 132 0.161111
164 133 0.0503597
164 134 0.0797101
164 135 0.00471698
164 163 0.0844156
164 165 0.0429448
164 194 0.218905
164 195 0.0274725
164 196 0.00478469
165 103 0.0111732
165 134 0.481752
165 135 0.0331754
165 136 0.00510204
165 164 0.0429448
165 166 0.015625
165 194 0.045
165 196 0.0528846
165 197 0.100503
166 106 0.00956938
166 134 0.011976
166 135 0.0290456
166 136 0.146018
166 137 0.0837209
166 165 0.015625
166 167 0.128655
166 196 0.00420168
166 197 0.344978
166 198 0.0388889
166 199 0.134715
166 228 0.0321101
166 229 0.0213904
167 106 0.0696203
167 136 0.0628571
167 137 0.0731707
167 138 0.0276243
167 166 0.128655
167 168 0.116959
167 197 0.0168539
167 199 0.140845
167 229 0.154412
168 137 0.0697674
168 138 0.202586
168 139 0.0491071
168 167 0.116959
168 169 0.23871
168 198 0.0444444
168 199 0.284974
168 229 0.0695187
168 230 0.0289855
169 138 0.030303
169 139 0.089172
169 140 0.0125
169 168 0.23871
169 170 0.113636
169 172 0.0952381
169 202 0.01
169 230 0.197183
170 140 0.275
170 169 0.113636
170 171 0.0125
170 172 0.0761905
170 200 0.0804598
170 201 0.0186916
170 202 0.12
170 230 0.309859
170 231 0.0520833
170 232 0.026087
170 233 0.0422535
171 140 0.305556
171 170 0.0125
171 172 0.0309278
171 173 0.00934579
171 200 0.253165
171 201 0.141414
171 202 0.0108696
171 203 0.0526316
171 230 0.015873
171 231 0.0909091
171 233 0.00746269
172 110 0.0728155
172 139 0.0402299
172 140 0.0927835
172 141 0.156425
172 142 0.03125
172 169 0.0952381
172 170 0.0761905
172 171 0.0309278
172 173 0.0151515
172 202 0.00854701
172 203 0.00990099
172 205 0.0512821
173 111 0.00884956
173 140 0.0186916
173 141 0.015873
173 142 0.122642
173 144 0.0914634
173 171 0.00934579
173 172 0.0151515
173 174 0.0148148
173 202 0.188976
173 203 0.153153
173 204 0.015873
173 205 0.125984
173 233 0.0650888
173 236 0.0625
174 142 0.0707071
174 143 0.032
174 144 0.0573248
174 173 0.0148148
174 175 0.287081
174 176 0.015544
174 204 0.0252101
174 205 0.0333333
174 206 0.0849673
174 236 0.0915033
174 237 0.0808824
174 238 0.047619
175 142 0.0111111
175 143 0.00970874
175 144 0.0252101
175 174 0.287081
175 176 0.20438
175 177 0.0216607
175 206 0.358974
175 207 0.0507614
175 208 0.0143369
175 236 0.0769231
175 237 0.0921659
175 238 0.109649
175 240 0.0245902
176 115 0.00961538
176 144 0.0135135
176 145 0.0547264
176 146 0.00534759
176 174 0.015544
176 175 0.20438
176 177 0.386973
176 178 0.104762
176 206 0.0963303
176 207 0.0331492
176 208 0.125475
176 209 0.0273224
176 237 0.00995025
177 113 0.0531401
177 114 0.00561798
177 115 0.0758294
177 116 0.034188
177 143 0.0103627
177 145 0.205882
177 146 0.0263158
177 147 0.0426357
177 175 0.0216607
177 176 0.386973
177 178 0.084507
177 206 0.117647
177 207 0.0380435
177 208 0.0037594
177 209 0.0322581
178 145 0.00653595
178 147 0.057971
178 148 0.0666667
178 176 0.104762
178 177 0.084507
178 208 0.172093
178 209 0.125926
178 210 0.192308
178 211 0.0174672
178 240 0.0277778
179 149 0.00617284
179 180 0.0993789
179 181 0.0793651
179 182 0.08
179 210 0.00480769
179 211 0.0394089
179 212 0.180124
179 213 0.360544
179 243 0.0123457
179 245 0.0232558
180 148 0.0553191
180 149 0.239437
180 150 0.162562
180 179 0.0993789
180 182 0.0199005
180 210 0.042471
180 211 0.216535
180 212 0.0188679
180 213 0.0707071
180 242 0.0481928
181 120 0.00653595
181 151 0.30303
181 152 0.0689655
181 153 0.00540541
181 179 0.0793651
181 182 0.222892
181 212 0.293785
181 213 0.171779
181 214 0.0251256
181 215 0.101266
181 245 0.0106383
182 119 0.026087
182 120 0.327684
182 149 0.143564
182 150 0.0364583
182 151 0.0813008
182 152 0.0428571
182 153 0.00478469
182 179 0.08
182 180 0.0199005
182 181 0.222892
182 183 0.0128205
182 212 0.079602
182 213 0.15508
182 215 0.0274725
183 120 0.00699301
183 121 0.132948
183 122 0.0070922
183 151 0.011236
183 152 0.0754717
183 153 0.462857
183 182 0.0128205
183 214 0.015873
183 215 0.0608108
184 122 0.197309
184 123 0.0460993
184 153 0.0233463
184 185 0.258216
184 214 0.118081
184 215 0.0434783
184 216 0.0292398
184 246 0.00961538
184 247 0.278539
185 122 0.153333
185 123 0.133971
185 153 0.00543478
185 154 0.121739
185 184 0.258216
185 214 0.00505051
185 216 0.0510204
185 247 0.0136986
186 125 0.111111
186 155 0.076087
186 156 0.10084
186 187 0.115385
186 217 0.453333
186 248 0.0729167
187 156 0.0974843
187 157 0.0137931
187 186 0.115385
187 188 0.281853
187 217 0.117391
187 218 0.214047
187 220 0.00413223
187 249 0.139706
187 250 0.00719424
188 126 0.0374332
188 156 0.0114068
188 157 0.0765957
188 158 0.0609137
188 187 0.281853
188 189 0.0748299
188 218 0.0245902
188 219 0.0904523
188 220 0.165775
188 221 0.0110497
189 126 0.0153846
189 128 0.00990099
189 157 0.011236
189 158 0.0785714
189 159 0.00628931
189 188 0.0748299
189 190 0.0258621
189 219 0.478873
189 220 0.130769
189 221 0.0725806
189 251 0.0075188
190 130 0.00564972
190 159 0.027027
190 160 0.056962
190 189 0.0258621
190 191 0.268041
190 219 0.14881
190 221 0.08
190 222 0.0232558
190 252 0.0264901
190 253 0.0328947
191 159 0.00843882
191 160 0.157143
191 161 0.0316456
191 190 0.268041
191 192 0.00990099
191 221 0.0148515
191 222 0.364641
191 223 0.0338983
191 253 0.122549
191 254 0.00518135
192 130 0.0378378
192 131 0.0212766
192 160 0.0180723
192 161 0.140351
192 162 0.365385
192 163 0.013245
192 191 0.00990099
192 193 0.107383
192 223 0.213542
192 224 0.0164835
192 225 0.00653595
193 162 0.376884
193 163 0.246479
193 192 0.107383
193 195 0.0352941
193 223 0.103825
193 224 0.0404624
193 225 0.1875
194 163 0.0209424
194 164 0.218905
194 165 0.045
194 195 0.342466
194 196 0.321138
194 225 0.0362694
194 226 0.0468085
195 162 0.00436681
195 163 0.0988372
195 164 0.0274725
195 193 0.0352941
195 194 0.342466
195 196 0.0132159
195 224 0.00492611
195 225 0.362069
195 226 0.171296
195 257 0.0132743
196 164 0.00478469
196 165 0.0528846
196 166 0.00420168
196 194 0.321138
196 195 0.0132159
196 197 0.204082
196 226 0.037037
196 227 0.176471
196 228 0.0512821
196 257 0.00395257
197 134 0.0402299
197 135 0.0120968
197 136 0.0343348
197 165 0.100503
197 166 0.344978
197 167 0.0168539
197 196 0.204082
197 199 0.01
197 227 0.0243902
197 228 0.133333
198 166 0.0388889
198 168 0.0444444
198 199 0.205298
198 228 0.0681818
198 229 0.22069
198 230 0.0729167
198 259 0.0502793
198 260 0.0630631
198 261 0.0446429
199 137 0.0967742
199 166 0.134715
199 167 0.140845
199 168 0.284974
199 197 0.01
199 198 0.205298
199 228 0.0529101
199 229 0.0822785
199 230 0.00917431
199 261 0.016
200 140 0.227848
200 170 0.0804598
200 171 0.253165
200 201 0.150943
200 202 0.0808081
200 203 0.0120482
200 230 0.0571429
200 231 0.178947
200 232 0.0175439
200 233 0.0851064
200 261 0.0465116
200 263 0.0551181
200 264 0.0116279
201 170 0.0186916
201 171 0.141414
201 200 0.150943
201 230 0.0111111
201 231 0.391304
201 232 0.0149254
201 261 0.0660377
201 263 0.00680272
201 264 0.00943396
202 140 0.0869565
202 169 0.01
202 170 0.12
202 171 0.0108696
202 172 0.00854701
202 173 0.188976
202 200 0.0808081
202 203 0.09375
202 205 0.0446429
202 232 0.00787402
202 233 0.162338
202 263 0.0142857
202 264 0.020202
203 140 0.0394737
203 142 0.0266667
203 171 0.0526316
203 172 0.00990099
203 173 0.153153
203 200 0.0120482
203 202 0.09375
203 204 0.210526
203 205 0.239583
203 233 0.0724638
203 234 0.188889
203 235 0.00806452
203 236 0.0310078
203 264 0.13253
203 265 0.024
203 266 0.0424242
204 142 0.133333
204 143 0.103448
204 144 0.00675676
204 173 0.015873
204 174 0.0252101
204 203 0.210526
204 205 0.144144
204 234 0.047619
204 236 0.0486111
204 264 0.0408163
205 142 0.10989
205 172 0.0512821
205 173 0.125984
205 174 0.0333333
205 202 0.0446429
205 203 0.239583
205 204 0.144144
205 234 0.00943396
205 235 0.00714286
205 236 0.241379
205 264 0.050505
205 266 0.0441989
205 267 0.0162162
206 144 0.0384615
206 174 0.0849673
206 175 0.358974
206 176 0.0963303
206 177 0.117647
206 207 0.184397
206 208 0.0538117
206 236 0.0224719
206 237 0.00621118
206 238 0.0872093
206 240 0.00531915
207 175 0.0507614
207 176 0.0331492
207 177 0.0380435
207 206 0.184397
207 208 0.284946
207 209 0.00943396
207 238 0.0962963
207 240 0.0927152
207 268 0.0113636
208 147 0.00769231
208 175 0.0143369
208 176 0.125475
208 177 0.0037594
208 178 0.172093
208 206 0.0538117
208 207 0.284946
208 209 0.143617
208 210 0.0418118
208 238 0.0552995
208 239 0.028436
208 240 0.330472
208 241 0.00460829
208 268 0.00387597
208 270 0.00367647
208 271 0.014652
209 147 0.205556
209 148 0.00546448
209 176 0.0273224
209 177 0.0322581
209 178 0.125926
209 207 0.00943396
209 208 0.143617
209 210 0.120773
209 211 0.00990099
209 240 0.0261438
210 147 0.0896057
210 148 0.0567376
210 150 0.008
210 178 0.192308
210 179 0.00480769
210 180 0.042471
210 208 0.0418118
210 209 0.120773
210 211 0.388704
210 239 0.00869565
210 240 0.0396825
210 241 0.0677966
210 242 0.0187793
210 272 0.018797
211 148 0.0180505
211 150 0.00408163
211 178 0.0174672
211 179 0.0394089
211 180 0.216535
211 209 0.00990099
211 210 0.388704
211 213 0.00416667
211 241 0.00865801
211 242 0.182692
211 243 0.0313726
211 271 0.00696864
211 272 0.0306513
212 151 0.00746269
212 179 0.180124
212 180 0.0188679
212 181 0.293785
212 182 0.079602
212 213 0.388889
212 215 0.015544
212 243 0.0469484
212 245 0.134529
212 274 0.0789474
212 275 0.141176
212 276 0.00826446
213 149 0.00502513
213 152 0.00729927
213 179 0.360544
213 180 0.0707071
213 181 0.171779
213 182 0.15508
213 211 0.00416667
213 212 0.388889
213 215 0.0223464
213 243 0.0100503
213 244 0.00869565
213 245 0.0430622
213 274 0.00934579
213 275 0.00641026
214 151 0.0384615
214 153 0.00413223
214 181 0.0251256
214 183 0.015873
214 184 0.118081
214 185 0.00505051
214 215 0.27907
214 216 0.00641026
214 245 0.044898
214 246 0.129534
214 247 0.107843
214 276 0.0643939
214 278 0.126638
215 151 0.0782609
215 153 0.0348259
215 181 0.101266
215 182 0.0274725
215 183 0.0608108
215 184 0.0434783
215 212 0.015544
215 213 0.0223464
215 214 0.27907
215 245 0.0539216
215 246 0.0197368
215 247 0.0184049
215 276 0.00448431
216 184 0.0292398
216 185 0.0510204
216 214 0.00641026
216 246 0.16129
216 247 0.0576923
216 278 0.0542636
217 155 0.0454545
217 156 0.0299145
217 186 0.453333
217 187 0.117391
217 248 0.0543478
217 249 0.0904255
218 187 0.214047
218 188 0.0245902
218 219 0.0083682
218 220 0.00440529
218 249 0.210117
218 250 0.376426
218 251 0.0130435
218 280 0.0362319
219 158 0.0364583
219 159 0.0189573
219 188 0.0904523
219 189 0.478873
219 190 0.14881
219 218 0.0083682
219 220 0.28022
219 221 0.255682
219 250 0.0183486
220 187 0.00413223
220 188 0.165775
220 189 0.130769
220 218 0.00440529
220 219 0.28022
220 221 0.22561
220 250 0.0873786
220 251 0.202312
220 252 0.0848485
221 188 0.0110497
221 189 0.0725806
221 190 0.08
221 191 0.0148515
221 219 0.255682
221 220 0.22561
221 251 0.0538922
221 252 0.0880503
221 253 0.16875
221 283 0.0170455
222 160 0.0413793
222 190 0.0232558
222 191 0.364641
222 223 0.0292398
222 253 0.230216
222 254 0.0390625
222 283 0.0129032
222 285 0.0125786
223 160 0.005
223 162 0.00826446
223 191 0.0338983
223 192 0.213542
223 193 0.103825
223 222 0.0292398
223 224 0.532407
223 225 0.0213904
223 254 0.142077
223 255 0.0240964
223 285 0.0046729
223 287 0.00434783
224 192 0.0164835
224 193 0.0404624
224 195 0.00492611
224 223 0.532407
224 225 0.0677966
224 226 0.00913242
224 254 0.138728
224 255 0.230769
224 256 0.0591398
224 285 0.0245098
224 287 0.0136364
225 163 0.0342466
225 192 0.00653595
225 193 0.1875
225 194 0.0362694
225 195 0.362069
225 223 0.0213904
225 224 0.0677966
225 226 0.105263
225 256 0.152866
225 257 0.01
226 194 0.0468085
226 195 0.171296
226 196 0.037037
226 224 0.00913242
226 225 0.105263
226 227 0.0122951
226 256 0.376884
226 257 0.256198
226 287 0.0343348
227 196 0.176471
227 197 0.0243902
227 226 0.0122951
227 228 0.319149
227 257 0.244094
227 258 0.0974576
227 259 0.012605
227 288 0.00760456
228 166 0.0321101
228 196 0.0512821
228 197 0.133333
228 198 0.0681818
228 199 0.0529101
228 227 0.319149
228 229 0.10929
228 258 0.0232558
228 259 0.133641
229 166 0.0213904
229 167 0.154412
229 168 0.0695187
229 198 0.22069
229 199 0.0822785
229 228 0.10929
229 259 0.0645161
229 260 0.0423729
230 168 0.0289855
230 169 0.197183
230 170 0.309859
230 171 0.015873
230 198 0.0729167
230 199 0.00917431
230 200 0.0571429
230 201 0.0111111
230 231 0.113924
230 261 0.214286
231 170 0.0520833
231 171 0.0909091
231 200 0.178947
231 201 0.391304
231 230 0.113924
231 232 0.0487805
231 233 0.0333333
231 261 0.0526316
231 262 0.0188679
231 263 0.0661765
231 264 0.0315789
231 295 0.204301
232 170 0.026087
232 200 0.0175439
232 201 0.0149254
232 202 0.00787402
232 231 0.0487805
232 233 0.035503
232 261 0.280702
232 262 0.4
232 263 0.135484
232 264 0.00877193
232 292 0.0104167
232 293 0.0643275
232 295 0.116071
233 170 0.0422535
233 171 0.00746269
233 173 0.0650888
233 200 0.0851064
233 202 0.162338
233 203 0.0724638
233 231 0.0333333
233 232 0.035503
233 234 0.0202703
233 263 0.357143
233 264 0.070922
233 265 0.0655738
233 294 0.00613497
233 295 0.115108
234 203 0.188889
234 204 0.047619
234 205 0.00943396
234 233 0.0202703
234 263 0.0298507
234 264 0.365591
234 265 0.0444444
234 266 0.0114286
234 294 0.217391
234 295 0.021978
234 297 0.0105263
235 203 0.00806452
235 205 0.00714286
235 237 0.0192308
235 265 0.213018
235 266 0.282297
235 267 0.244131
235 296 0.0444444
235 297 0.0930233
235 298 0.0526316
236 173 0.0625
236 174 0.0915033
236 175 0.0769231
236 203 0.0310078
236 204 0.0486111
236 205 0.241379
236 206 0.0224719
236 237 0.0372671
236 238 0.0174419
236 266 0.242991
236 267 0.087156
236 268 0.00469484
237 174 0.0808824
237 175 0.0921659
237 176 0.00995025
237 206 0.00621118
237 235 0.0192308
237 236 0.0372671
237 238 0.135484
237 266 0.0812183
237 267 0.124378
237 268 0.255102
237 270 0.00952381
237 297 0.00854701
238 174 0.047619
238 175 0.109649
238 206 0.0872093
238 207 0.0962963
238 208 0.0552995
238 236 0.0174419
238 237 0.135484
238 239 0.0125
238 240 0.0604396
238 267 0.0613208
238 268 0.144928
238 270 0.153846
238 299 0.0598291
239 208 0.028436
239 210 0.00869565
239 238 0.0125
239 240 0.170455
239 241 0.25
239 269 0.0885417
239 270 0.0604651
239 271 0.208333
239 272 0.0263158
239 301 0.0851064
239 302 0.0392157
239 303 0.00724638
240 175 0.0245902
240 178 0.0277778
240 206 0.00531915
240 207 0.0927152
240 208 0.330472
240 209 0.0261438
240 210 0.0396825
240 238 0.0604396
240 239 0.170455
240 241 0.0879121
240 268 0.0358744
240 269 0.00934579
240 270 0.164557
240 271 0.0882353
241 208 0.00460829
241 210 0.0677966
241 211 0.00865801
241 239 0.25
241 240 0.0879121
241 242 0.0909091
241 271 0.261261
241 272 0.19898
241 273 0.0075188
241 301 0.00680272
241 302 0.0377358
241 303 0.0625
242 180 0.0481928
242 210 0.0187793
242 211 0.182692
242 241 0.0909091
242 243 0.0179641
242 271 0.0703518
242 272 0.202312
242 273 0.0272727
242 274 0.00549451
243 179 0.0123457
243 211 0.0313726
243 212 0.0469484
243 213 0.0100503
243 242 0.0179641
243 244 0.00769231
243 245 0.102679
243 272 0.0136364
243 273 0.10828
243 274 0.576419
243 275 0.0467836
243 304 0.0300429
243 305 0.020202
244 213 0.00869565
244 243 0.00769231
244 245 0.178571
244 275 0.356322
244 276 0.0251572
245 179 0.0232558
245 181 0.0106383
245 212 0.134529
245 213 0.0430622
245 214 0.044898
245 215 0.0539216
245 243 0.102679
245 244 0.178571
245 274 0.121339
245 275 0.403315
245 276 0.245059
245 305 0.00961538
246 184 0.00961538
246 214 0.129534
246 215 0.0197368
246 216 0.16129
246 247 0.170213
246 276 0.0149254
246 277 0.015748
246 278 0.301205
247 184 0.278539
247 185 0.0136986
247 214 0.107843
247 215 0.0184049
247 216 0.0576923
247 246 0.170213
247 276 0.0141509
247 278 0.112994
248 186 0.0729167
248 217 0.0543478
248 249 0.0820896
248 279 0.0789474
249 187 0.139706
249 217 0.0904255
249 218 0.210117
249 248 0.0820896
249 250 0.00423729
249 279 0.0522388
249 280 0.200803
249 281 0.00588235
249 310 0.0242718
250 187 0.00719424
250 218 0.376426
250 219 0.0183486
250 220 0.0873786
250 249 0.00423729
250 251 0.277512
250 280 0.0666667
250 281 0.0625
250 282 0.079646
250 312 0.00520833
250 314 0.00416667
251 189 0.0075188
251 218 0.0130435
251 220 0.202312
251 221 0.0538922
251 250 0.277512
251 252 0.10119
251 281 0.00699301
251 282 0.0569948
251 283 0.0108108
251 312 0.00628931
252 190 0.0264901
252 220 0.0848485
252 221 0.0880503
252 251 0.10119
252 253 0.0559006
252 282 0.0216216
252 283 0.242938
252 314 0.0552764
253 190 0.0328947
253 191 0.122549
253 221 0.16875
253 222 0.230216
253 252 0.0559006
253 254 0.0397351
253 283 0.202247
253 285 0.010989
254 191 0.00518135
254 222 0.0390625
254 223 0.142077
254 224 0.138728
254 253 0.0397351
254 255 0.00813008
254 283 0.011976
254 284 0.116279
254 285 0.263158
254 286 0.025
255 223 0.0240964
255 224 0.230769
255 254 0.00813008
255 256 0.0294118
255 284 0.0193548
255 285 0.168831
255 286 0.195804
255 287 0.105882
255 317 0.00584795
256 224 0.0591398
256 225 0.152866
256 226 0.376884
256 255 0.0294118
256 257 0.0478469
256 286 0.0115607
256 287 0.175
257 195 0.0132743
257 196 0.00395257
257 225 0.01
257 226 0.256198
257 227 0.244094
257 256 0.0478469
