0 1 0.0361446
0 31 0.163636
1 0 0.0361446
1 2 0.0671642
1 31 0.294118
1 32 0.0526316
2 1 0.0671642
2 3 0.38756
2 4 0.0157895
2 32 0.19708
2 33 0.166667
2 34 0.0933333
2 35 0.027933
3 2 0.38756
3 4 0.304933
3 32 0.0411765
3 33 0.106667
3 34 0.251366
3 35 0.127358
3 36 0.0205128
3 65 0.0041841
3 66 0.00485437
4 2 0.0157895
4 3 0.304933
4 5 0.17619
4 6 0.0457143
4 34 0.109756
4 35 0.181347
4 36 0.147727
4 37 0.004
4 65 0.0181818
4 66 0.0106952
5 4 0.17619
5 6 0.19337
5 7 0.0194175
5 35 0.00502513
5 36 0.0659341
5 37 0.464844
5 65 0.0132743
5 67 0.00398406
5 69 0.017094
6 4 0.0457143
6 5 0.19337
6 7 0.111111
6 37 0.361991
6 38 0.060241
7 5 0.0194175
7 6 0.111111
7 8 0.0179641
7 9 0.146465
7 37 0.174797
7 38 0.225131
7 39 0.189474
7 69 0.03125
7 70 0.0236967
8 7 0.0179641
8 9 0.153846
8 38 0.135802
8 39 0.0372671
8 40 0.0159574
8 69 0.0153846
8 70 0.313187
9 7 0.146465
9 8 0.153846
9 10 0.0955414
9 11 0.0319149
9 38 0.0673575
9 39 0.203125
9 40 0.086758
9 70 0.00938967
9 72 0.021978
10 9 0.0955414
10 11 0.227586
10 40 0.153409
10 41 0.0463576
10 70 0.0176471
10 71 0.00763359
10 72 0.0359712
10 74 0.00704225
11 9 0.0319149
11 10 0.227586
11 13 0.0416667
11 40 0.0676328
11 41 0.00549451
11 43 0.0758294
11 72 0.329412
11 74 0.132948
12 13 0.132353
12 43 0.0774194
12 74 0.17094
13 11 0.0416667
13 12 0.132353
13 14 0.0335196
13 15 0.113095
13 43 0.334802
13 44 0.144279
13 72 0.0268817
13 74 0.100529
14 13 0.0335196
14 15 0.345324
14 16 0.104478
14 44 0.174419
14 46 0.060241
14 76 0.00980392
14 77 0.10084
15 13 0.113095
15 14 0.345324
15 16 0.00813008
15 43 0.00534759
15 44 0.0186335
15 46 0.0516129
15 76 0.0549451
15 77 0.231481
16 14 0.104478
16 15 0.00813008
16 17 0.0135135
16 46 0.0266667
16 47 0.244565
16 77 0.00970874
17 16 0.0135135
17 18 0.219178
17 47 0.172897
17 48 0.310559
17 50 0.00995025
17 81 0.0108696
18 17 0.219178
18 19 0.0280374
18 48 0.0775194
18 50 0.272189
18 80 0.103448
18 81 0.144737
19 18 0.0280374
19 20 0.0121951
19 50 0.364198
19 53 0.0638298
19 80 0.00724638
20 19 0.0121951
20 21 0.126761
20 22 0.0569106
20 50 0.0486111
20 52 0.0705882
20 53 0.260163
21 20 0.126761
21 22 0.261538
21 51 0.0114943
21 52 0.195652
21 53 0.115385
21 83 0.020979
22 20 0.0569106
22 21 0.261538
22 23 0.0846561
22 51 0.00719424
22 52 0.0972222
22 53 0.258242
22 54 0.0829876
22 83 0.0717949
23 22 0.0846561
23 24 0.198198
23 54 0.342742
23 55 0.0456432
23 86 0.0119048
24 23 0.198198
24 25 0.0701754
24 26 0.0160643
24 54 0.0182482
24 55 0.307116
24 56 0.194805
24 86 0.0359712
24 87 0.00840336
25 24 0.0701754
25 26 0.226744
25 27 0.00574713
25 55 0.121053
25 56 0.0974026
25 57 0.157303
25 58 0.0295858
25 87 0.0248447
26 24 0.0160643
26 25 0.226744
26 27 0.18254
26 55 0.00746269
26 56 0.413793
26 57 0.0976562
26 58 0.121457
26 60 0.0737327
27 25 0.00574713
27 26 0.18254
27 28 0.216327
27 56 0.034188
27 57 0.0271318
27 58 0.0481928
27 59 0.0222222
27 60 0.401826
27 89 0.0117647
27 91 0.0126582
28 27 0.216327
28 29 0.20339
28 59 0.0509259
28 60 0.233333
28 61 0.0409091
28 89 0.0124224
28 91 0.0657895
29 28 0.20339
29 30 0.048951
29 59 0.00462963
29 60 0.0047619
29 61 0.454545
29 91 0.0482456
30 29 0.048951
30 61 0.0866142
30 92 0.0925926
31 0 0.163636
31 1 0.294118
31 62 0.181102
31 93 0.0102041
32 1 0.0526316
32 2 0.19708
32 3 0.0411765
32 33 0.215686
32 63 0.0149254
32 64 0.186275
32 93 0.162162
32 95 0.00704225
33 2 0.166667
33 3 0.106667
33 32 0.215686
33 34 0.295181
33 35 0.0717949
33 64 0.370656
33 65 0.0405405
33 93 0.0232558
33 94 0.0217391
33 95 0.0101523
33 96 0.0045045
34 2 0.0933333
34 3 0.251366
34 4 0.109756
34 33 0.295181
34 35 0.0849673
34 64 0.0230415
34 65 0.0722222
34 66 0.0136054
35 2 0.027933
35 3 0.127358
35 4 0.181347
35 5 0.00502513
35 33 0.0717949
35 34 0.0849673
35 36 0.133333
35 64 0.0203252
35 65 0.272727
35 66 0.0340909
35 67 0.0128205
35 97 0.0100503
36 3 0.0205128
36 4 0.147727
36 5 0.0659341
36 35 0.133333
36 37 0.0675676
36 65 0.244792
36 66 0.371069
36 67 0.119816
36 98 0.0243902
37 4 0.004
37 5 0.464844
37 6 0.361991
37 7 0.174797
37 36 0.0675676
37 38 0.0871369
37 39 0.00833333
37 66 0.0300429
37 67 0.0824742
37 68 0.00512821
37 69 0.142336
37 98 0.0588235
38 6 0.060241
38 7 0.225131
38 8 0.135802
38 9 0.0673575
38 37 0.0871369
38 39 0.140541
38 69 0.200913
38 70 0.11165
38 98 0.00546448
38 99 0.00561798
39 7 0.189474
39 8 0.0372671
39 9 0.203125
39 37 0.00833333
39 38 0.140541
39 68 0.00719424
39 69 0.233945
39 70 0.292683
39 71 0.0120482
39 98 0.00549451
39 99 0.0169492
39 100 0.00934579
40 8 0.0159574
40 9 0.086758
40 10 0.153409
40 11 0.0676328
40 41 0.375587
40 70 0.0948276
40 71 0.108808
40 72 0.18408
40 101 0.0372093
40 103 0.164384
41 10 0.0463576
41 11 0.00549451
41 40 0.375587
41 43 0.0184332
41 71 0.0357143
41 72 0.130682
41 73 0.0227273
41 74 0.027933
41 101 0.0157895
41 103 0.0670103
41 104 0.0789474
41 105 0.045045
42 43 0.00704225
42 73 0.039604
42 74 0.0480769
42 104 0.142857
42 105 0.142857
43 11 0.0758294
43 12 0.0774194
43 13 0.334802
43 15 0.00534759
43 41 0.0184332
43 42 0.00704225
43 44 0.0818182
43 72 0.0731707
43 73 0.160976
43 74 0.408654
43 75 0.0334928
43 105 0.00398406
44 13 0.144279
44 14 0.174419
44 15 0.0186335
44 43 0.0818182
44 45 0.00862069
44 46 0.111702
44 73 0.0782123
44 75 0.103825
44 76 0.0403226
44 77 0.035461
45 44 0.00862069
45 46 0.0363636
45 76 0.347826
45 77 0.047619
45 107 0.145833
45 108 0.0105263
46 14 0.060241
46 15 0.0516129
46 16 0.0266667
46 44 0.111702
46 45 0.0363636
46 47 0.0324074
46 75 0.0282486
46 76 0.169492
46 77 0.244444
46 107 0.0583333
46 108 0.149701
47 16 0.244565
47 17 0.172897
47 46 0.0324074
47 48 0.0203046
47 78 0.152074
47 79 0.0449438
47 108 0.0149254
48 17 0.310559
48 18 0.0775194
48 47 0.0203046
48 49 0.10084
48 79 0.088
48 80 0.01875
48 81 0.125749
48 110 0.111111
49 48 0.10084
49 50 0.00628931
49 80 0.118519
49 81 0.161972
49 110 0.108696
49 111 0.103448
49 112 0.0508475
50 17 0.00995025
50 18 0.272189
50 19 0.364198
50 20 0.0486111
50 49 0.00628931
50 53 0.0541872
50 80 0.175
50 81 0.0193237
51 21 0.0114943
51 22 0.00719424
51 52 0.039604
51 53 0.151079
51 81 0.00699301
51 82 0.149254
51 83 0.184211
51 84 0.0887097
51 113 0.0128205
52 20 0.0705882
52 21 0.195652
52 22 0.0972222
52 51 0.039604
52 53 0.131944
52 81 0.0337838
52 82 0.0935252
52 83 0.248408
52 84 0.00775194
52 113 0.0722892
53 19 0.0638298
53 20 0.260163
53 21 0.115385
53 22 0.258242
53 50 0.0541872
53 51 0.151079
53 52 0.131944
53 54 0.00414938
53 80 0.0111732
53 81 0.016129
53 83 0.128205
54 22 0.0829876
54 23 0.342742
54 24 0.0182482
54 53 0.00414938
54 55 0.0341297
54 83 0.0944882
54 84 0.154867
54 85 0.004329
54 86 0.148026
55 23 0.0456432
55 24 0.307116
55 25 0.121053
55 26 0.00746269
55 54 0.0341297
55 56 0.016
55 57 0.0182482
55 86 0.37037
55 87 0.143969
55 88 0.0576923
55 118 0.015748
56 24 0.194805
56 25 0.0974026
56 26 0.413793
56 27 0.034188
56 55 0.016
56 57 0.0504202
56 58 0.117904
56 86 0.00383142
56 87 0.00452489
57 25 0.157303
57 26 0.0976562
57 27 0.0271318
57 55 0.0182482
57 56 0.0504202
57 58 0.498024
57 60 0.0403587
57 87 0.138776
57 88 0.0918367
57 89 0.0689655
57 90 0.00390625
57 118 0.00413223
57 120 0.0692308
58 25 0.0295858
58 26 0.121457
58 27 0.0481928
58 56 0.117904
58 57 0.498024
58 59 0.00454545
58 60 0.0327103
58 87 0.0211864
58 88 0.0106952
58 89 0.0484848
58 90 0.0202429
58 120 0.0398406
59 27 0.0222222
59 28 0.0509259
59 29 0.00462963
59 58 0.00454545
59 60 0.0684211
59 89 0.0567376
59 90 0.443946
59 91 0.120192
59 120 0.030837
59 121 0.0155039
59 122 0.0538117
60 26 0.0737327
60 27 0.401826
60 28 0.233333
60 29 0.0047619
60 57 0.0403587
60 58 0.0327103
60 59 0.0684211
60 89 0.103704
60 90 0.0737327
60 91 0.0445545
61 28 0.0409091
61 29 0.454545
61 30 0.0866142
61 91 0.0754717
61 92 0.0687023
61 122 0.061674
62 31 0.181102
62 63 0.0416667
62 93 0.240506
62 124 0.0842105
63 32 0.0149254
63 62 0.0416667
63 64 0.0346821
63 93 0.186047
63 95 0.117117
63 124 0.0847458
64 32 0.186275
64 33 0.370656
64 34 0.0230415
64 35 0.0203252
64 63 0.0346821
64 65 0.0659341
64 93 0.00555556
64 94 0.21164
64 95 0.278226
64 96 0.0769231
64 97 0.0874525
64 125 0.0420168
64 126 0.00896861
64 127 0.00342466
65 3 0.0041841
65 4 0.0181818
65 5 0.0132743
65 33 0.0405405
65 34 0.0722222
65 35 0.272727
65 36 0.244792
65 64 0.0659341
65 66 0.246305
65 67 0.130268
65 94 0.0197368
65 96 0.177966
65 97 0.128319
65 128 0.0322581
66 3 0.00485437
66 4 0.0106952
66 34 0.0136054
66 35 0.0340909
66 36 0.371069
66 37 0.0300429
66 65 0.246305
66 67 0.214912
66 96 0.00985222
66 97 0.015544
66 98 0.0342857
66 128 0.0597826
67 5 0.00398406
67 35 0.0128205
67 36 0.119816
67 37 0.0824742
67 65 0.130268
67 66 0.214912
67 68 0.0947368
67 69 0.0780669
67 96 0.00383142
67 97 0.0398406
67 98 0.412017
67 128 0.0867769
67 129 0.0137931
68 37 0.00512821
68 39 0.00719424
68 67 0.0947368
68 69 0.0693642
68 98 0.343066
68 99 0.00757576
68 100 0.0177515
68 128 0.00684932
68 129 0.123711
68 130 0.0180723
68 131 0.0346821
69 5 0.017094
69 7 0.03125
69 8 0.0153846
69 37 0.142336
69 38 0.200913
69 39 0.233945
69 67 0.0780669
69 68 0.0693642
69 70 0.129707
69 98 0.148148
69 99 0.0758294
69 100 0.100806
69 131 0.0198413
70 7 0.0236967
70 8 0.313187
70 9 0.00938967
70 10 0.0176471
70 38 0.11165
70 39 0.292683
70 40 0.0948276
70 69 0.129707
70 71 0.0106952
70 99 0.136364
70 100 0.0553191
70 101 0.076555
70 102 0.00675676
70 103 0.00469484
70 131 0.0083682
71 10 0.00763359
71 39 0.0120482
71 40 0.108808
71 41 0.0357143
71 70 0.0106952
71 72 0.0128205
71 100 0.00510204
71 101 0.305882
71 102 0.238532
71 103 0.0689655
71 132 0.0208333
71 133 0.0207254
71 134 0.125604
72 9 0.021978
72 10 0.0359712
72 11 0.329412
72 13 0.0268817
72 40 0.18408
72 41 0.130682
72 43 0.0731707
72 71 0.0128205
72 73 0.00609756
72 74 0.113772
72 103 0.00549451
73 41 0.0227273
73 42 0.039604
73 43 0.160976
73 44 0.0782123
73 72 0.00609756
73 75 0.291667
73 103 0.010989
73 104 0.0571429
73 105 0.32381
73 106 0.00746269
73 134 0.00465116
73 136 0.0402685
73 137 0.0954774
73 139 0.0218978
74 10 0.00704225
74 11 0.132948
74 12 0.17094
74 13 0.100529
74 41 0.027933
74 42 0.0480769
74 43 0.408654
74 72 0.113772
74 105 0.0187793
75 43 0.0334928
75 44 0.103825
75 46 0.0282486
75 73 0.291667
75 104 0.0138889
75 105 0.046729
75 106 0.173913
75 136 0.0196078
75 137 0.236453
75 139 0.0496454
76 14 0.00980392
76 15 0.0549451
76 44 0.0403226
76 45 0.347826
76 46 0.169492
76 77 0.169014
76 107 0.0357143
76 139 0.0487805
77 14 0.10084
77 15 0.231481
77 16 0.00970874
77 44 0.035461
77 45 0.047619
77 46 0.244444
77 76 0.169014
77 108 0.0333333
77 137 0.0496894
77 139 0.0707071
78 47 0.152074
78 79 0.137931
78 108 0.160714
78 109 0.0519481
78 140 0.114583
79 47 0.0449438
79 48 0.088
79 78 0.137931
79 110 0.183673
79 140 0.00653595
79 141 0.0471698
80 18 0.103448
80 19 0.00724638
80 48 0.01875
80 49 0.118519
80 50 0.175
80 53 0.0111732
80 81 0.344262
80 82 0.00574713
80 83 0.0104167
80 111 0.0107527
80 142 0.128079
81 17 0.0108696
81 18 0.144737
81 48 0.125749
81 49 0.161972
81 50 0.0193237
81 51 0.00699301
81 52 0.0337838
81 53 0.016129
81 80 0.344262
81 82 0.038674
81 83 0.00502513
81 110 0.0285714
81 111 0.00518135
81 112 0.0120482
81 142 0.12381
82 51 0.149254
82 52 0.0935252
82 80 0.00574713
82 81 0.038674
82 83 0.215789
82 84 0.0987654
82 112 0.0127389
82 113 0.0948276
82 114 0.192308
82 142 0.0497512
82 144 0.2
82 145 0.0777202
83 21 0.020979
83 22 0.0717949
83 51 0.184211
83 52 0.248408
83 53 0.128205
83 54 0.0944882
83 80 0.0104167
83 81 0.00502513
83 82 0.215789
83 84 0.111111
83 112 0.0114286
83 113 0.134328
83 114 0.0878378
83 144 0.00561798
84 51 0.0887097
84 52 0.00775194
84 54 0.154867
84 82 0.0987654
84 83 0.111111
84 85 0.0636943
84 86 0.00869565
84 113 0.00943396
84 114 0.0416667
84 144 0.04
84 145 0.10929
84 147 0.035461
85 54 0.004329
85 84 0.0636943
85 86 0.0978723
85 87 0.0102564
85 115 0.0381679
85 117 0.17094
85 118 0.09375
85 147 0.164384
85 148 0.0904762
85 149 0.0046729
86 23 0.0119048
86 24 0.0359712
86 54 0.148026
86 55 0.37037
86 56 0.00383142
86 84 0.00869565
86 85 0.0978723
86 87 0.19403
86 88 0.00913242
86 118 0.0981132
87 24 0.00840336
87 25 0.0248447
87 55 0.143969
87 56 0.00452489
87 57 0.138776
87 58 0.0211864
87 85 0.0102564
87 86 0.19403
87 88 0.150838
87 118 0.217778
87 120 0.00411523
87 149 0.0161943
88 55 0.0576923
88 57 0.0918367
88 58 0.0106952
88 86 0.00913242
88 87 0.150838
88 89 0.037037
88 118 0.227273
88 119 0.101266
88 120 0.134021
88 149 0.00505051
88 151 0.0310559
89 27 0.0117647
89 28 0.0124224
89 57 0.0689655
89 58 0.0484848
89 59 0.0567376
89 60 0.103704
89 88 0.037037
89 90 0.113095
89 91 0.00653595
89 119 0.0294118
89 120 0.104651
89 121 0.0405405
89 151 0.0791367
90 57 0.00390625
90 58 0.0202429
90 59 0.443946
90 60 0.0737327
90 89 0.113095
90 91 0.187234
90 120 0.129921
90 121 0.0641026
90 122 0.004
90 151 0.122172
90 152 0.0781893
90 153 0.0875
91 27 0.0126582
91 28 0.0657895
91 29 0.0482456
91 59 0.120192
91 60 0.0445545
91 61 0.0754717
91 89 0.00653595
91 90 0.187234
91 122 0.26383
91 151 0.00485437
91 153 0.0577778
92 30 0.0925926
92 61 0.0687023
92 122 0.0779221
92 123 0.127273
93 31 0.0102041
93 32 0.162162
93 33 0.0232558
93 62 0.240506
93 63 0.186047
93 64 0.00555556
93 95 0.00847458
94 33 0.0217391
94 64 0.21164
94 65 0.0197368
94 95 0.165354
94 96 0.0657895
94 97 0.00704225
94 125 0.145299
94 127 0.0292398
95 32 0.00704225
95 33 0.0101523
95 63 0.117117
95 64 0.278226
95 93 0.00847458
95 94 0.165354
95 96 0.042654
95 97 0.00995025
95 124 0.00746269
95 125 0.295455
95 126 0.10559
95 127 0.143478
95 156 0.0441989
95 157 0.0944882
95 158 0.00471698
96 33 0.0045045
96 64 0.0769231
96 65 0.177966
96 66 0.00985222
96 67 0.00383142
96 94 0.0657895
96 95 0.042654
96 97 0.415929
96 125 0.0199005
96 126 0.0376344
96 127 0.14902
96 128 0.119816
96 129 0.0264151
96 158 0.0970464
96 159 0.0208333
97 35 0.0100503
97 64 0.0874525
97 65 0.128319
97 66 0.015544
97 67 0.0398406
97 94 0.00704225
97 95 0.00995025
97 96 0.415929
97 125 0.0052356
97 126 0.125
97 127 0.0612245
97 128 0.0966184
97 129 0.14902
97 158 0.0220264
97 159 0.010989
98 36 0.0243902
98 37 0.0588235
98 38 0.00546448
98 39 0.00549451
98 66 0.0342857
98 67 0.412017
98 68 0.343066
98 69 0.148148
98 100 0.0377358
98 128 0.010582
98 129 0.0126582
98 130 0.00478469
98 131 0.0277778
99 38 0.00561798
99 39 0.0169492
99 68 0.00757576
99 69 0.0758294
99 70 0.136364
99 100 0.425121
99 101 0.00552486
99 130 0.112745
99 131 0.175355
99 132 0.00645161
99 133 0.00980392
99 161 0.0246914
100 39 0.00934579
100 68 0.0177515
100 69 0.100806
100 70 0.0553191
100 71 0.00510204
100 98 0.0377358
100 99 0.425121
100 101 0.087156
100 130 0.0871369
100 131 0.479839
100 132 0.0572917
100 133 0.0414938
100 161 0.040201
100 165 0.0143541
101 40 0.0372093
101 41 0.0157895
101 70 0.076555
101 71 0.305882
101 99 0.00552486
101 100 0.087156
101 102 0.0687023
101 103 0.244898
101 132 0.0421687
101 133 0.125581
101 134 0.122271
101 165 0.120219
102 70 0.00675676
102 71 0.238532
102 101 0.0687023
102 132 0.104762
102 133 0.0194805
102 134 0.0654762
102 165 0.139344
103 40 0.164384
103 41 0.0670103
103 70 0.00469484
103 71 0.0689655
103 72 0.00549451
103 73 0.010989
103 101 0.244898
103 104 0.0632911
103 105 0.00438596
103 133 0.0730594
103 134 0.330472
103 135 0.053719
103 165 0.0213904
104 41 0.0789474
104 42 0.142857
104 73 0.0571429
104 75 0.0138889
104 103 0.0632911
104 105 0.252688
104 134 0.235602
104 135 0.035
104 136 0.008
104 137 0.0114286
104 166 0.0263158
104 167 0.010101
105 41 0.045045
105 42 0.142857
105 43 0.00398406
105 73 0.32381
105 74 0.0187793
105 75 0.046729
105 103 0.00438596
105 104 0.252688
105 134 0.0268199
105 135 0.0740741
105 136 0.0974359
105 137 0.293878
105 138 0.00495049
105 139 0.0273224
105 166 0.045045
105 167 0.0177515
106 73 0.00746269
106 75 0.173913
106 107 0.0246914
106 136 0.0336134
106 137 0.171598
106 138 0.0396825
106 139 0.0841122
106 168 0.0416667
106 169 0.0465116
106 170 0.0423729
106 171 0.00571429
107 45 0.145833
107 46 0.0583333
107 76 0.0357143
107 106 0.0246914
107 108 0.00952381
107 137 0.00684932
107 139 0.238095
107 169 0.142857
107 170 0.0210526
108 45 0.0105263
108 46 0.149701
108 47 0.0149254
108 77 0.0333333
108 78 0.160714
108 107 0.00952381
108 137 0.00518135
108 139 0.0534351
108 140 0.0568182
108 170 0.0633803
108 171 0.0150754
109 78 0.0519481
109 140 0.277778
109 141 0.0521739
110 48 0.111111
110 49 0.108696
110 79 0.183673
110 81 0.0285714
110 111 0.0699301
110 112 0.0517241
110 141 0.0204082
110 142 0.00625
111 49 0.103448
111 80 0.0107527
111 81 0.00518135
111 110 0.0699301
111 112 0.230769
111 141 0.0198676
111 142 0.220657
111 172 0.154255
111 173 0.159091
111 175 0.00540541
112 49 0.0508475
112 81 0.0120482
112 82 0.0127389
112 83 0.0114286
112 110 0.0517241
112 111 0.230769
112 113 0.039604
112 114 0.026087
112 142 0.360215
112 144 0.0275862
112 145 0.0168539
112 172 0.0248447
112 173 0.103627
112 174 0.01
112 175 0.0253165
113 51 0.0128205
113 52 0.0722892
113 82 0.0948276
113 83 0.134328
113 84 0.00943396
113 112 0.039604
113 114 0.243243
113 142 0.00689655
113 144 0.0480769
113 145 0.0145985
113 175 0.00854701
114 82 0.192308
114 83 0.0878378
114 84 0.0416667
114 112 0.026087
114 113 0.243243
114 142 0.00628931
114 144 0.0169492
114 145 0.192053
114 174 0.0547945
114 175 0.10687
115 85 0.0381679
115 116 0.0921053
115 117 0.209302
115 145 0.044586
115 146 0.08
115 147 0.217391
115 176 0.0367647
115 177 0.0704225
115 178 0.037037
116 115 0.0921053
116 117 0.403226
116 147 0.021978
117 85 0.17094
117 115 0.209302
117 116 0.403226
117 145 0.00699301
117 147 0.138614
117 177 0.0078125
118 55 0.015748
118 57 0.00413223
118 85 0.09375
118 86 0.0981132
118 87 0.217778
118 88 0.227273
118 119 0.0147059
118 120 0.00416667
118 148 0.1
118 149 0.22541
118 150 0.00390625
118 180 0.00452489
119 88 0.101266
119 89 0.0294118
119 118 0.0147059
119 120 0.27027
119 149 0.0530973
119 150 0.218487
119 151 0.0899471
119 181 0.0239521
119 182 0.00568182
120 57 0.0692308
120 58 0.0398406
120 59 0.030837
120 87 0.00411523
120 88 0.134021
120 89 0.104651
120 90 0.129921
120 118 0.00416667
120 119 0.27027
120 121 0.05
120 149 0.0114504
120 150 0.0255474
120 151 0.284444
120 152 0.0202429
120 182 0.0660377
120 183 0.00775194
121 59 0.0155039
121 89 0.0405405
121 90 0.0641026
121 120 0.05
121 151 0.259843
121 152 0.0201342
121 153 0.0547945
121 182 0.0614035
122 59 0.0538117
122 61 0.061674
122 90 0.004
122 91 0.26383
122 92 0.0779221
122 123 0.0529801
122 152 0.0617284
122 153 0.133333
122 185 0.03861
123 92 0.127273
123 122 0.0529801
123 154 0.211538
123 185 0.01875
124 62 0.0842105
124 63 0.0847458
124 95 0.00746269
124 155 0.0833333
124 157 0.106667
125 64 0.0420168
125 94 0.145299
125 95 0.295455
125 96 0.0199005
125 97 0.0052356
125 126 0.10596
125 127 0.190909
125 156 0.298246
125 157 0.0683761
125 187 0.0357143
125 188 0.0246914
126 64 0.00896861
126 95 0.10559
126 96 0.0376344
126 97 0.125
126 125 0.10596
126 127 0.468293
126 156 0.0576923
126 157 0.00980392
126 158 0.0802139
126 159 0.00704225
126 187 0.0196078
126 189 0.00862069
127 64 0.00342466
127 94 0.0292398
127 95 0.143478
127 96 0.14902
127 97 0.0612245
127 125 0.190909
127 126 0.468293
127 128 0.00847458
127 156 0.0533333
127 157 0.0116959
127 158 0.292969
127 159 0.0473934
127 187 0.0315315
127 188 0.0324074
127 189 0.00540541
128 65 0.0322581
128 66 0.0597826
128 67 0.0867769
128 68 0.00684932
128 96 0.119816
128 97 0.0966184
128 98 0.010582
128 127 0.00847458
128 129 0.422764
128 130 0.0366972
128 158 0.0458716
128 159 0.0635838
128 160 0.0443038
128 161 0.0227273
128 191 0.0350877
129 67 0.0137931
129 68 0.123711
129 96 0.0264151
129 97 0.14902
129 98 0.0126582
129 128 0.422764
129 130 0.12782
129 131 0.021978
129 158 0.0639098
129 159 0.167421
129 160 0.0242718
129 161 0.0446429
129 191 0.0362319
130 68 0.0180723
130 98 0.00478469
130 99 0.112745
130 100 0.0871369
130 128 0.0366972
130 129 0.12782
130 131 0.253061
130 159 0.015544
130 160 0.0280899
130 161 0.397959
130 162 0.00460829
130 191 0.0524194
130 192 0.00888889
130 193 0.0189573
130 194 0.0355731
131 68 0.0346821
131 69 0.0198413
131 70 0.0083682
131 98 0.0277778
131 99 0.175355
131 100 0.479839
131 129 0.021978
131 130 0.253061
131 132 0.117347
131 133 0.00816326
131 161 0.044335
131 162 0.00446429
131 191 0.00784314
131 194 0.00769231
132 71 0.0208333
132 99 0.00645161
132 100 0.0572917
132 101 0.0421687
132 102 0.104762
132 131 0.117347
132 133 0.185185
132 161 0.00680272
132 162 0.047619
132 163 0.0714286
132 164 0.024
132 165 0.178344
132 193 0.0555556
132 194 0.102941
132 196 0.014218
133 71 0.0207254
133 99 0.00980392
133 100 0.0414938
133 101 0.125581
133 102 0.0194805
133 103 0.0730594
133 131 0.00816326
133 132 0.185185
133 134 0.119048
133 135 0.0344828
133 164 0.109195
133 165 0.407767
133 193 0.0189573
133 194 0.0355731
133 195 0.0156863
133 196 0.169231
134 71 0.125604
134 73 0.00465116
134 101 0.122271
134 102 0.0654762
134 103 0.330472
134 104 0.235602
134 105 0.0268199
134 133 0.119048
134 135 0.181818
134 136 0.025
134 165 0.0772727
134 166 0.14978
134 196 0.0109489
135 103 0.053719
135 104 0.035
135 105 0.0740741
135 133 0.0344828
135 134 0.181818
135 136 0.22488
135 165 0.00873362
135 166 0.364407
135 167 0.103825
135 195 0.00719424
135 196 0.155477
135 197 0.0413793
135 198 0.0617284
136 73 0.0402685
136 75 0.0196078
136 104 0.008
136 105 0.0974359
136 106 0.0336134
136 134 0.025
136 135 0.22488
136 137 0.076087
136 138 0.0496454
136 166 0.0310559
136 167 0.0648148
136 198 0.077381
136 199 0.145251
137 73 0.0954774
137 75 0.236453
137 77 0.0496894
137 104 0.0114286
137 105 0.293878
137 106 0.171598
137 107 0.00684932
137 108 0.00518135
137 136 0.076087
137 139 0.290698
137 166 0.00947867
137 169 0.00662252
137 199 0.0349345
138 105 0.00495049
138 106 0.0396825
138 136 0.0496454
138 166 0.00595238
138 167 0.26087
138 168 0.056338
138 169 0.12037
138 198 0.0914286
138 199 0.489247
138 200 0.0104167
139 73 0.0218978
139 75 0.0496454
139 76 0.0487805
139 77 0.0707071
139 105 0.0273224
139 106 0.0841122
139 107 0.238095
139 108 0.0534351
139 137 0.290698
139 169 0.0337079
139 170 0.0495868
140 78 0.114583
140 79 0.00653595
140 108 0.0568182
140 109 0.277778
140 141 0.0588235
140 170 0.0060241
140 171 0.165919
140 202 0.0280899
141 79 0.0471698
141 109 0.0521739
141 110 0.0204082
141 111 0.0198676
141 140 0.0588235
141 172 0.027972
141 173 0.102857
141 202 0.0458015
141 203 0.0740741
141 204 0.0211268
142 80 0.128079
142 81 0.12381
142 82 0.0497512
142 110 0.00625
142 111 0.220657
142 112 0.360215
142 113 0.00689655
142 114 0.00628931
142 144 0.015873
142 172 0.0146341
142 173 0.0126582
142 175 0.00990099
143 146 0.0634921
143 172 0.015625
143 174 0.283582
143 175 0.056
143 176 0.00806452
143 178 0.0520833
143 206 0.0169492
143 207 0.198347
143 208 0.0574713
144 82 0.2
144 83 0.00561798
144 84 0.04
144 112 0.0275862
144 113 0.0480769
144 114 0.0169492
144 142 0.015873
144 145 0.220994
144 172 0.00609756
144 173 0.00510204
144 174 0.0194175
144 175 0.322981
144 176 0.025
145 82 0.0777202
145 84 0.10929
145 112 0.0168539
145 113 0.0145985
145 114 0.192053
145 115 0.044586
145 117 0.00699301
145 144 0.220994
145 146 0.0606061
145 147 0.0406977
145 174 0.0882353
145 175 0.335052
145 176 0.0569948
145 177 0.0251256
145 178 0.0545455
145 207 0.0105263
146 115 0.08
146 143 0.0634921
146 145 0.0606061
146 147 0.0333333
146 176 0.00900901
146 177 0.0683761
146 178 0.216867
146 207 0.0185185
146 208 0.0405405
147 84 0.035461
147 85 0.164384
147 115 0.217391
147 116 0.021978
147 117 0.138614
147 145 0.0406977
147 146 0.0333333
147 148 0.0876289
147 177 0.140127
147 178 0.00813008
147 180 0.00571429
148 85 0.0904762
148 118 0.1
148 147 0.0876289
148 149 0.40458
148 150 0.0255474
148 177 0.0180995
148 180 0.343096
148 181 0.0246305
149 85 0.0046729
149 87 0.0161943
149 88 0.00505051
149 118 0.22541
149 119 0.0530973
149 120 0.0114504
149 148 0.40458
149 150 0.136691
149 180 0.0987654
149 181 0.00966184
150 118 0.00390625
150 119 0.218487
150 120 0.0255474
150 148 0.0255474
150 149 0.136691
150 151 0.0414938
150 180 0.0392157
150 181 0.232877
150 182 0.0614035
150 183 0.0109489
150 211 0.0538462
150 212 0.106383
150 213 0.0428016
150 214 0.00546448
151 88 0.0310559
151 89 0.0791367
151 90 0.122172
151 91 0.00485437
151 119 0.0899471
151 120 0.284444
151 121 0.259843
151 150 0.0414938
151 152 0.0747664
151 153 0.042654
151 182 0.167598
151 183 0.0133333
152 90 0.0781893
152 120 0.0202429
152 121 0.0201342
152 122 0.0617284
152 151 0.0747664
152 153 0.291846
152 182 0.0646766
152 183 0.17004
152 185 0.150794
153 90 0.0875
153 91 0.0577778
153 121 0.0547945
153 122 0.133333
153 151 0.042654
153 152 0.291846
153 182 0.0151515
153 183 0.0286885
153 185 0.220884
154 123 0.211538
154 185 0.0375
154 216 0.297872
155 124 0.0833333
155 157 0.0779221
155 186 0.169231
155 217 0.0693069
156 95 0.0441989
156 125 0.298246
156 126 0.0576923
156 127 0.0533333
156 157 0.196721
156 158 0.0289855
156 186 0.0727273
156 187 0.323699
156 188 0.143713
156 190 0.00421941
156 218 0.00892857
156 219 0.0666667
157 95 0.0944882
157 124 0.106667
157 125 0.0683761
157 126 0.00980392
157 127 0.0116959
157 155 0.0779221
157 156 0.196721
157 186 0.0535714
158 95 0.00471698
158 96 0.0970464
158 97 0.0220264
158 126 0.0802139
158 127 0.292969
158 128 0.0458716
158 129 0.0639098
158 156 0.0289855
158 159 0.181347
158 160 0.0674157
158 187 0.0392157
158 188 0.0959596
158 189 0.101796
158 190 0.123134
158 191 0.0241935
158 219 0.00510204
158 221 0.0666667
159 96 0.0208333
159 97 0.010989
159 126 0.00704225
159 127 0.0473934
159 128 0.0635838
159 129 0.167421
159 130 0.015544
159 158 0.181347
159 160 0.0451128
159 189 0.0409836
159 190 0.0717489
159 191 0.172414
159 192 0.00555556
159 221 0.0222222
160 128 0.0443038
160 129 0.0242718
160 130 0.0280899
160 158 0.0674157
160 159 0.0451128
160 161 0.0367647
160 190 0.0528846
160 191 0.234043
160 192 0.0363636
160 221 0.315152
161 99 0.0246914
161 100 0.040201
161 128 0.0227273
161 129 0.0446429
161 130 0.397959
161 131 0.044335
161 132 0.00680272
161 160 0.0367647
161 162 0.0114286
161 191 0.0873786
161 192 0.142077
161 193 0.00591716
161 194 0.00947867
161 221 0.0273224
162 130 0.00460829
162 131 0.00446429
162 132 0.047619
162 161 0.0114286
162 163 0.223214
162 164 0.0130719
162 165 0.00540541
162 191 0.00440529
162 192 0.0735294
162 193 0.105263
162 194 0.443966
162 223 0.00680272
162 224 0.0638298
162 225 0.00520833
162 226 0.0233918
163 132 0.0714286
163 162 0.223214
163 192 0.00833333
163 194 0.0675676
164 132 0.024
164 133 0.109195
164 162 0.0130719
164 165 0.0352113
164 193 0.265306
164 194 0.148148
164 195 0.151832
164 196 0.117347
164 226 0.015625
164 227 0.0296296
165 100 0.0143541
165 101 0.120219
165 102 0.139344
165 103 0.0213904
165 132 0.178344
165 133 0.407767
165 134 0.0772727
165 135 0.00873362
165 162 0.00540541
165 164 0.0352113
165 193 0.0391061
165 194 0.0542986
165 195 0.00448431
165 196 0.162281
166 104 0.0263158
166 105 0.045045
166 134 0.14978
166 135 0.364407
166 136 0.0310559
166 137 0.00947867
166 138 0.00595238
166 167 0.140741
166 195 0.0173913
166 196 0.0510638
166 197 0.0785124
166 198 0.0820513
166 199 0.0582524
166 229 0.0115607
167 104 0.010101
167 105 0.0177515
167 135 0.103825
167 136 0.0648148
167 138 0.26087
167 166 0.140741
167 198 0.028169
167 199 0.0784314
168 106 0.0416667
168 138 0.056338
168 169 0.147059
168 170 0.0522388
168 171 0.0157068
168 199 0.2
168 200 0.0888889
168 201 0.0284091
168 229 0.0408163
168 230 0.322981
168 231 0.0594059
168 232 0.0964912
169 106 0.0465116
169 107 0.142857
169 137 0.00662252
169 138 0.12037
169 139 0.0337079
169 168 0.147059
169 170 0.03
169 171 0.0254777
169 199 0.109589
169 200 0.214286
169 232 0.0375
170 106 0.0423729
170 107 0.0210526
170 108 0.0633803
170 139 0.0495868
170 140 0.0060241
170 168 0.0522388
170 169 0.03
170 171 0.312169
170 199 0.00561798
170 200 0.0113636
170 201 0.0287356
171 106 0.00571429
171 108 0.0150754
171 140 0.165919
171 168 0.0157068
171 169 0.0254777
171 170 0.312169
171 200 0.0206897
171 201 0.116883
171 202 0.104478
171 232 0.0295858
171 233 0.0313726
172 111 0.154255
172 112 0.0248447
172 141 0.027972
172 142 0.0146341
172 143 0.015625
172 144 0.00609756
172 173 0.34434
172 174 0.0168067
172 175 0.0564972
172 204 0.0949721
172 205 0.0758929
172 207 0.0231214
172 236 0.00591716
173 111 0.159091
173 112 0.103627
173 141 0.102857
173 142 0.0126582
173 144 0.00510204
173 172 0.34434
173 175 0.0143541
173 203 0.0564972
173 204 0.246445
173 205 0.0625
174 112 0.01
174 114 0.0547945
174 143 0.283582
174 144 0.0194175
174 145 0.0882353
174 172 0.0168067
174 175 0.0775862
174 176 0.0347826
174 178 0.0229885
174 207 0.142857
174 208 0.0128205
174 236 0.0277778
174 237 0.08
174 240 0.00877193
175 111 0.00540541
175 112 0.0253165
175 113 0.00854701
175 114 0.10687
175 142 0.00990099
175 143 0.056
175 144 0.322981
175 145 0.335052
175 172 0.0564972
175 173 0.0143541
175 174 0.0775862
175 176 0.202312
175 178 0.0344828
175 204 0.00568182
175 206 0.00598802
175 207 0.123529
175 208 0.00735294
176 115 0.0367647
176 143 0.00806452
176 144 0.025
176 145 0.0569948
176 146 0.00900901
176 174 0.0347826
176 175 0.202312
176 177 0.0505618
176 178 0.0902778
176 206 0.198795
176 207 0.12426
176 208 0.0148148
176 236 0.0242424
176 240 0.0643275
177 115 0.0704225
177 117 0.0078125
177 145 0.0251256
177 146 0.0683761
177 147 0.140127
177 148 0.0180995
177 176 0.0505618
177 178 0.146667
177 179 0.0539216
177 180 0.0891089
177 208 0.0283688
177 209 0.132911
177 210 0.00456621
177 238 0.0387597
177 240 0.0621469
178 115 0.037037
178 143 0.0520833
178 145 0.0545455
178 146 0.216867
178 147 0.00813008
178 174 0.0229885
178 175 0.0344828
178 176 0.0902778
178 177 0.146667
178 206 0.0724638
178 207 0.113475
178 208 0.186916
178 209 0.0887097
178 210 0.00540541
178 238 0.147368
178 239 0.0169492
178 240 0.132867
179 177 0.0539216
179 180 0.171171
179 181 0.0591398
179 209 0.404494
179 210 0.284519
179 211 0.0528634
179 241 0.045
179 242 0.00403226
180 118 0.00452489
180 147 0.00571429
180 148 0.343096
180 149 0.0987654
180 150 0.0392157
180 177 0.0891089
180 179 0.171171
180 181 0.0978261
180 210 0.0379747
180 211 0.0488889
181 119 0.0239521
181 148 0.0246305
181 149 0.00966184
181 150 0.232877
181 179 0.0591398
181 180 0.0978261
181 210 0.00995025
181 211 0.269841
181 212 0.0792683
181 242 0.052381
182 119 0.00568182
182 120 0.0660377
182 121 0.0614035
182 150 0.0614035
182 151 0.167598
182 152 0.0646766
182 153 0.0151515
182 183 0.150943
182 213 0.0974359
182 214 0.0909091
183 120 0.00775194
183 150 0.0109489
183 151 0.0133333
183 152 0.17004
183 153 0.0286885
183 182 0.150943
183 184 0.00809717
183 185 0.0456274
183 213 0.228216
183 214 0.0898204
183 215 0.0733945
183 244 0.0251256
183 246 0.0121457
184 183 0.00809717
184 185 0.198413
184 215 0.241546
184 216 0.0935252
184 246 0.105932
184 247 0.028169
185 122 0.03861
185 123 0.01875
185 152 0.150794
185 153 0.220884
185 154 0.0375
185 183 0.0456274
185 184 0.198413
185 215 0.0538117
185 216 0.0516129
186 155 0.169231
186 156 0.0727273
186 157 0.0535714
186 187 0.0186916
186 217 0.15
186 218 0.217391
186 219 0.020202
187 125 0.0357143
187 126 0.0196078
187 127 0.0315315
187 156 0.323699
187 158 0.0392157
187 186 0.0186916
187 188 0.20122
187 189 0.0977444
187 190 0.034188
187 218 0.0366972
187 219 0.314815
187 250 0.037234
188 125 0.0246914
188 127 0.0324074
188 156 0.143713
188 158 0.0959596
188 187 0.20122
188 189 0.0393701
188 190 0.105263
188 219 0.365385
188 220 0.0265957
188 250 0.0494506
189 126 0.00862069
189 127 0.00540541
189 158 0.101796
189 159 0.0409836
189 187 0.0977444
189 188 0.0393701
189 190 0.279188
189 219 0.024
189 220 0.197452
189 221 0.0194805
189 249 0.00606061
189 250 0.0463576
189 251 0.00671141
190 156 0.00421941
190 158 0.123134
190 159 0.0717489
190 160 0.0528846
190 187 0.034188
190 188 0.105263
190 189 0.279188
190 191 0.0719424
190 219 0.0221239
190 220 0.193798
190 221 0.203922
190 249 0.0037594
190 250 0.0198413
190 251 0.084
190 252 0.0765957
190 253 0.0201005
191 128 0.0350877
191 129 0.0362319
191 130 0.0524194
191 131 0.00784314
191 158 0.0241935
191 159 0.172414
191 160 0.234043
191 161 0.0873786
191 162 0.00440529
191 190 0.0719424
191 192 0.27234
191 221 0.306383
191 224 0.0488722
192 130 0.00888889
192 159 0.00555556
192 160 0.0363636
192 161 0.142077
192 162 0.0735294
192 163 0.00833333
192 191 0.27234
192 193 0.00505051
192 194 0.025
192 221 0.0990566
192 222 0.0483871
192 223 0.0903226
192 224 0.308642
192 225 0.035
192 252 0.00520833
192 253 0.00641026
192 255 0.0135747
193 130 0.0189573
193 132 0.0555556
193 133 0.0189573
193 161 0.00591716
193 162 0.105263
193 164 0.265306
193 165 0.0391061
193 192 0.00505051
193 194 0.49115
193 195 0.0219298
193 196 0.0257511
193 225 0.112903
193 226 0.0848485
193 227 0.0116279
193 255 0.0193237
193 257 0.004329
194 130 0.0355731
194 131 0.00769231
194 132 0.102941
194 133 0.0355731
194 161 0.00947867
194 162 0.443966
194 163 0.0675676
194 164 0.148148
194 165 0.0542986
194 192 0.025
194 193 0.49115
194 196 0.00727273
194 224 0.0258303
194 225 0.0219298
194 226 0.0338164
194 227 0.0280374
194 255 0.00803213
194 257 0.003663
195 133 0.0156863
195 135 0.00719424
195 164 0.151832
195 165 0.00448431
195 166 0.0173913
195 193 0.0219298
195 196 0.357401
195 197 0.18662
195 198 0.021097
195 226 0.0574163
195 227 0.25
195 257 0.105455
195 258 0.0151515
195 259 0.0230415
196 132 0.014218
196 133 0.169231
196 134 0.0109489
196 135 0.155477
196 164 0.117347
196 165 0.162281
196 166 0.0510638
196 193 0.0257511
196 194 0.00727273
196 195 0.357401
196 197 0.148789
196 226 0.0186916
196 227 0.0180995
197 135 0.0413793
197 166 0.0785124
197 195 0.18662
197 196 0.148789
197 198 0.341365
197 227 0.00877193
197 228 0.0239234
197 229 0.0572687
197 257 0.0139373
197 258 0.00952381
197 259 0.248908
197 260 0.00383142
198 135 0.0617284
198 136 0.077381
198 138 0.0914286
198 166 0.0820513
198 167 0.028169
198 195 0.021097
198 197 0.341365
198 199 0.056338
198 229 0.261111
198 230 0.0257732
198 259 0.021978
198 261 0.00462963
199 136 0.145251
199 137 0.0349345
199 138 0.489247
199 166 0.0582524
199 167 0.0784314
199 168 0.2
199 169 0.109589
199 170 0.00561798
199 198 0.056338
199 200 0.0149254
199 230 0.0341463
199 232 0.00632911
200 138 0.0104167
200 168 0.0888889
200 169 0.214286
200 170 0.0113636
200 171 0.0206897
200 199 0.0149254
200 230 0.0173913
200 231 0.236364
200 232 0.117647
201 168 0.0284091
201 170 0.0287356
201 171 0.116883
201 202 0.0107527
201 231 0.0212766
201 232 0.0909091
201 233 0.1875
201 263 0.145374
202 140 0.0280899
202 141 0.0458015
202 171 0.104478
202 201 0.0107527
202 203 0.165414
202 233 0.0761905
202 234 0.0697674
203 141 0.0740741
203 173 0.0564972
203 202 0.165414
203 204 0.0208333
203 233 0.0374332
203 234 0.248322
204 141 0.0211268
204 172 0.0949721
204 173 0.246445
204 175 0.00568182
204 203 0.0208333
204 205 0.412556
204 234 0.0382514
204 235 0.0754717
205 172 0.0758929
205 173 0.0625
205 204 0.412556
205 234 0.0219298
205 235 0.127451
205 236 0.084507
205 266 0.160305
206 143 0.0169492
206 175 0.00598802
206 176 0.198795
206 178 0.0724638
206 207 0.220859
206 208 0.0620155
206 236 0.251572
206 237 0.0693069
206 238 0.025641
206 239 0.0142857
206 240 0.206061
206 267 0.0533333
206 268 0.155689
206 269 0.0220588
207 143 0.198347
207 145 0.0105263
207 146 0.0185185
207 172 0.0231214
207 174 0.142857
207 175 0.123529
207 176 0.12426
207 178 0.113475
207 206 0.220859
207 208 0.0378788
207 236 0.234568
207 237 0.0480769
207 239 0.013986
207 240 0.0833333
207 267 0.0392157
207 268 0.0470588
208 143 0.0574713
208 146 0.0405405
208 174 0.0128205
208 175 0.00735294
208 176 0.0148148
208 177 0.0283688
208 178 0.186916
208 206 0.0620155
208 207 0.0378788
208 209 0.026087
208 236 0.0078125
208 238 0.406977
208 239 0.100917
208 240 0.164179
208 269 0.047619
208 270 0.0325203
209 177 0.132911
209 178 0.0887097
209 179 0.404494
209 208 0.026087
209 210 0.0777202
209 239 0.0396825
209 240 0.0397351
209 241 0.123377
210 177 0.00456621
210 178 0.00540541
210 179 0.284519
210 180 0.0379747
210 181 0.00995025
210 209 0.0777202
210 211 0.177686
210 240 0.108491
210 241 0.144186
210 242 0.0190114
210 271 0.0163043
210 272 0.029703
210 273 0.0689655
211 150 0.0538462
211 179 0.0528634
211 180 0.0488889
211 181 0.269841
211 210 0.177686
211 212 0.0487805
211 242 0.354582
211 243 0.00421941
211 272 0.0315789
211 273 0.0454545
212 150 0.106383
212 181 0.0792683
212 211 0.0487805
212 213 0.0940594
212 242 0.0265487
212 243 0.0566038
212 244 0.1125
212 274 0.133758
212 275 0.00636943
213 150 0.0428016
213 182 0.0974359
213 183 0.228216
213 212 0.0940594
213 214 0.34
213 215 0.0547264
213 244 0.247253
213 245 0.00985222
213 246 0.026087
213 275 0.0167598
213 276 0.0588235
214 150 0.00546448
214 182 0.0909091
214 183 0.0898204
214 213 0.34
214 215 0.015748
214 244 0.0462963
215 183 0.0733945
215 184 0.241546
215 185 0.0538117
215 213 0.0547264
215 214 0.015748
215 244 0.0188679
215 245 0.0333333
215 246 0.289855
215 275 0.00641026
215 276 0.0331492
215 277 0.0701754
216 154 0.297872
216 184 0.0935252
216 185 0.0516129
216 247 0.177778
217 155 0.0693069
217 186 0.15
217 218 0.0487805
217 248 0.206349
218 156 0.00892857
218 186 0.217391
218 187 0.0366972
218 217 0.0487805
218 219 0.0990099
218 248 0.119565
218 249 0.0283688
218 250 0.0787402
218 280 0.0327869
219 156 0.0666667
219 158 0.00510204
219 186 0.020202
219 187 0.314815
219 188 0.365385
219 189 0.024
219 190 0.0221239
219 218 0.0990099
219 220 0.0483871
219 249 0.0360825
219 250 0.222222
219 251 0.0224719
220 188 0.0265957
220 189 0.197452
220 190 0.193798
220 219 0.0483871
220 221 0.0139535
220 249 0.10177
220 250 0.198113
220 251 0.342857
220 252 0.0307692
220 280 0.0342466
220 281 0.0163043
220 282 0.0377358
220 283 0.0203046
221 158 0.0666667
221 159 0.0222222
221 160 0.315152
221 161 0.0273224
221 189 0.0194805
221 190 0.203922
221 191 0.306383
221 192 0.0990566
221 220 0.0139535
221 222 0.0483871
221 223 0.0193548
221 224 0.00823045
221 252 0.0989583
222 192 0.0483871
222 221 0.0483871
222 223 0.170543
222 224 0.230415
222 252 0.222892
222 253 0.330769
222 254 0.124183
222 283 0.0297619
222 284 0.0232558
222 285 0.00645161
222 286 0.0239234
223 162 0.00680272
223 192 0.0903226
223 221 0.0193548
223 222 0.170543
223 224 0.397849
223 252 0.0296296
223 253 0.111111
223 255 0.0243902
224 162 0.0638298
224 191 0.0488722
224 192 0.308642
224 194 0.0258303
224 221 0.00823045
224 222 0.230415
224 223 0.397849
224 225 0.047619
224 252 0.0134529
224 253 0.101604
224 254 0.0380952
224 255 0.115079
224 286 0.018797
225 162 0.00520833
225 192 0.035
225 193 0.112903
225 194 0.0219298
225 224 0.047619
225 226 0.161677
225 227 0.0344828
225 255 0.382775
225 256 0.0588235
225 257 0.0944206
225 286 0.044843
225 287 0.0255102
225 288 0.0304348
226 162 0.0233918
226 164 0.015625
226 193 0.0848485
226 194 0.0338164
226 195 0.0574163
226 196 0.0186916
226 225 0.161677
226 227 0.0915033
226 255 0.218085
226 257 0.231132
226 286 0.00990099
226 288 0.0669856
227 164 0.0296296
227 193 0.0116279
227 194 0.0280374
227 195 0.25
227 196 0.0180995
227 197 0.00877193
227 225 0.0344828
227 226 0.0915033
227 257 0.292237
227 258 0.15493
227 259 0.0496894
227 288 0.0787037
227 290 0.00653595
228 197 0.0239234
228 258 0.0243902
228 259 0.267606
228 260 0.0287356
228 289 0.0676692
228 290 0.350746
228 291 0.00819672
228 292 0.0129032
229 166 0.0115607
229 168 0.0408163
229 197 0.0572687
229 198 0.261111
229 230 0.197674
229 259 0.0375
229 260 0.0208333
229 261 0.139175
230 168 0.322981
230 198 0.0257732
230 199 0.0341463
230 200 0.0173913
230 229 0.197674
230 231 0.00793651
230 232 0.0935252
230 261 0.144231
230 262 0.0394737
231 168 0.0594059
231 200 0.236364
231 201 0.0212766
231 230 0.00793651
231 232 0.341772
231 261 0.027027
231 262 0.0543478
231 263 0.0328947
231 264 0.025641
232 168 0.0964912
232 169 0.0375
232 171 0.0295858
232 199 0.00632911
232 200 0.117647
232 201 0.0909091
232 230 0.0935252
232 231 0.341772
232 233 0.129213
