0 1 0.0483871
0 32 0.303922
0 62 0.00520833
1 0 0.0483871
1 2 0.125
1 3 0.0904977
1 32 0.294964
1 33 0.00740741
1 62 0.101504
1 63 0.01
1 65 0.286325
2 1 0.125
2 3 0.321168
2 33 0.0268817
2 34 0.0324675
2 65 0.173333
3 1 0.0904977
3 2 0.321168
3 4 0.005
3 5 0.0582524
3 33 0.177489
3 34 0.231156
3 63 0.00621118
3 65 0.0871795
4 3 0.005
4 5 0.486607
4 6 0.01
4 33 0.0120482
4 34 0.211982
4 35 0.029703
4 36 0.00819672
4 37 0.0186047
4 38 0.0753769
4 67 0.004329
5 3 0.0582524
5 4 0.486607
5 6 0.0679612
5 7 0.0346821
5 33 0.00784314
5 34 0.147982
5 35 0.00480769
5 36 0.0078125
5 37 0.0950226
5 38 0.0439024
6 4 0.01
6 5 0.0679612
6 7 0.288591
6 8 0.13615
6 37 0.147208
6 38 0.303867
6 39 0.0597015
6 67 0.0140845
6 69 0.00840336
7 5 0.0346821
7 6 0.288591
7 8 0.233333
7 37 0.0792683
7 38 0.0135135
7 39 0.00595238
8 6 0.13615
8 7 0.233333
8 9 0.036
8 38 0.00471698
8 39 0.0344828
8 40 0.00613497
8 41 0.262948
8 72 0.00719424
9 8 0.036
9 10 0.325893
9 11 0.0689655
9 40 0.0118343
9 41 0.268482
9 42 0.0731707
9 72 0.0492958
10 9 0.325893
10 11 0.37
10 40 0.0145985
10 41 0.08
10 42 0.0606061
10 72 0.0515873
10 74 0.00584795
11 9 0.0689655
11 10 0.37
11 12 0.0473373
11 42 0.321429
11 43 0.0233645
11 44 0.0268817
11 72 0.00384615
11 73 0.0149813
11 74 0.128492
12 11 0.0473373
12 14 0.0643275
12 15 0.00625
12 42 0.00990099
12 43 0.0457143
12 44 0.319728
12 45 0.00598802
12 75 0.37931
13 14 0.0559441
13 15 0.0530303
13 43 0.0136054
13 44 0.302521
13 45 0.0647482
13 46 0.047619
13 74 0.00892857
14 12 0.0643275
14 13 0.0559441
14 15 0.442786
14 16 0.182243
14 44 0.196809
14 45 0.0961538
14 46 0.037037
14 47 0.055
15 12 0.00625
15 13 0.0530303
15 14 0.442786
15 16 0.172414
15 43 0.0195122
15 44 0.0847458
15 45 0.0558376
15 46 0.15122
15 47 0.015873
16 14 0.182243
16 15 0.172414
16 17 0.0636364
16 45 0.0142857
16 46 0.0550459
16 47 0.247525
16 48 0.0123457
16 79 0.0412371
17 16 0.0636364
17 18 0.262887
17 19 0.0608696
17 47 0.116505
17 50 0.165289
17 78 0.0114943
17 79 0.181818
17 81 0.00390625
18 17 0.262887
18 19 0.0117647
18 20 0.0145985
18 21 0.208092
18 50 0.113208
18 51 0.0469484
18 81 0.0353982
19 17 0.0608696
19 18 0.0117647
20 18 0.0145985
20 21 0.363014
20 22 0.134969
20 51 0.0645161
20 81 0.0100503
21 18 0.208092
21 20 0.363014
21 22 0.18593
21 51 0.130631
21 53 0.0137615
21 81 0.0170213
22 20 0.134969
22 21 0.18593
22 23 0.144628
22 51 0.083682
22 52 0.0531915
22 53 0.246809
22 85 0.0172414
23 22 0.144628
23 24 0.366795
23 52 0.0280374
23 53 0.222222
23 54 0.010989
23 55 0.0125786
23 85 0.0542636
23 87 0.00380228
24 23 0.366795
24 25 0.0882353
24 52 0.00487805
24 53 0.0277778
24 54 0.0924855
24 55 0.0533333
24 56 0.190698
24 85 0.0321285
24 87 0.0354331
25 24 0.0882353
25 26 0.0220994
25 27 0.019685
25 54 0.0621118
25 55 0.0434783
25 56 0.325123
25 57 0.0116959
25 58 0.0307692
25 86 0.00990099
25 87 0.322314
25 88 0.0757576
26 25 0.0220994
26 27 0.54067
26 28 0.00775194
26 56 0.0253165
26 57 0.031746
26 58 0.02
26 59 0.027027
26 90 0.0122699
27 25 0.019685
27 26 0.54067
27 28 0.0940594
27 56 0.030303
27 57 0.080402
27 58 0.0852018
27 59 0.0633484
27 90 0.0381356
28 26 0.00775194
28 27 0.0940594
28 29 0.20122
28 57 0.0504202
28 59 0.219858
28 60 0.0718954
28 89 0.0149254
28 90 0.00641026
29 28 0.20122
29 30 0.0754717
29 59 0.0437158
29 60 0.425641
29 61 0.0454545
30 29 0.0754717
30 60 0.0199005
30 61 0.520161
30 92 0.0325203
31 32 0.0621762
31 62 0.132597
31 63 0.0434783
31 64 0.0125
31 93 0.0210526
31 94 0.226994
32 0 0.303922
32 1 0.294964
32 31 0.0621762
32 62 0.18662
32 63 0.0458716
32 64 0.0114068
32 65 0.031746
33 1 0.00740741
33 2 0.0268817
33 3 0.177489
33 4 0.0120482
33 5 0.00784314
33 34 0.282258
33 35 0.107296
33 63 0.1
33 64 0.121569
33 65 0.192623
33 66 0.230769
33 95 0.00694444
33 97 0.0111111
34 2 0.0324675
34 3 0.231156
34 4 0.211982
34 5 0.147982
34 33 0.282258
34 35 0.0646766
34 36 0.00826446
34 63 0.00561798
34 65 0.0377358
34 66 0.0940594
34 67 0.00434783
35 4 0.029703
35 5 0.00480769
35 33 0.107296
35 34 0.0646766
35 36 0.132075
35 37 0.0753769
35 65 0.0101523
35 66 0.197861
35 67 0.134884
35 96 0.0310559
35 97 0.286996
35 98 0.0615385
35 99 0.0438596
36 4 0.00819672
36 5 0.0078125
36 34 0.00826446
36 35 0.132075
36 37 0.0672269
36 66 0.00934579
36 67 0.0444444
36 69 0.0487805
36 99 0.0135135
37 4 0.0186047
37 5 0.0950226
37 6 0.147208
37 7 0.0792683
37 35 0.0753769
37 36 0.0672269
37 38 0.127551
37 67 0.131579
37 68 0.00564972
37 69 0.141791
37 98 0.020979
37 99 0.145228
38 4 0.0753769
38 5 0.0439024
38 6 0.303867
38 7 0.0135135
38 8 0.00471698
38 37 0.127551
38 39 0.18
38 67 0.0660377
38 68 0.0621118
38 69 0.110169
38 70 0.0285714
38 99 0.0622222
39 6 0.0597015
39 7 0.00595238
39 8 0.0344828
39 38 0.18
39 41 0.0753138
39 68 0.0662983
39 70 0.273913
39 71 0.0276498
39 99 0.0326531
39 101 0.136646
39 102 0.116751
40 8 0.00613497
40 9 0.0118343
40 10 0.0145985
40 41 0.0647059
40 42 0.012987
40 71 0.0202703
40 72 0.294416
40 73 0.00980392
40 101 0.0543478
40 102 0.078125
40 103 0.0714286
41 8 0.262948
41 9 0.268482
41 10 0.08
41 39 0.0753138
41 40 0.0647059
41 72 0.22807
41 101 0.00555556
41 102 0.00925926
42 9 0.0731707
42 10 0.0606061
42 11 0.321429
42 12 0.00990099
42 40 0.012987
42 72 0.03125
42 73 0.0452261
42 74 0.027027
43 11 0.0233645
43 12 0.0457143
43 13 0.0136054
43 15 0.0195122
43 44 0.0885417
43 45 0.188679
43 46 0.109091
43 73 0.014652
43 74 0.210811
43 75 0.229814
43 76 0.0928962
43 105 0.316384
43 106 0.0273973
43 107 0.0290456
44 11 0.0268817
44 12 0.319728
44 13 0.302521
44 14 0.196809
44 15 0.0847458
44 43 0.0885417
44 45 0.0978261
44 46 0.015625
44 75 0.0150376
45 12 0.00598802
45 13 0.0647482
45 14 0.0961538
45 15 0.0558376
45 16 0.0142857
45 43 0.188679
45 44 0.0978261
45 46 0.400943
45 47 0.00510204
45 74 0.0282486
45 75 0.0196078
45 76 0.148571
45 77 0.0101523
45 105 0.0177515
45 106 0.0189573
45 107 0.0643777
46 13 0.047619
46 14 0.037037
46 15 0.15122
46 16 0.0550459
46 43 0.109091
46 44 0.015625
46 45 0.400943
46 47 0.0882353
46 76 0.0327869
46 77 0.0487805
46 105 0.0282486
46 106 0.00456621
46 107 0.141079
47 14 0.055
47 15 0.015873
47 16 0.247525
47 17 0.116505
47 45 0.00510204
47 46 0.0882353
47 48 0.121622
47 77 0.0687831
47 78 0.0128205
47 79 0.133333
47 80 0.00442478
47 107 0.0222222
48 16 0.0123457
48 47 0.121622
48 50 0.0163043
48 77 0.0872483
48 78 0.474138
48 79 0.228571
48 80 0.0268817
48 108 0.0178571
48 109 0.048951
48 110 0.0136986
48 111 0.0171429
49 80 0.0629371
49 111 0.136364
49 112 0.0127389
50 17 0.165289
50 18 0.113208
50 48 0.0163043
50 51 0.111111
50 78 0.03125
50 79 0.0925926
50 80 0.0839695
50 81 0.175182
50 82 0.0136986
50 111 0.131474
51 18 0.0469484
51 20 0.0645161
51 21 0.130631
51 22 0.083682
51 50 0.111111
51 52 0.0331754
51 81 0.389091
51 82 0.0136054
51 83 0.0178571
51 112 0.0216607
51 113 0.012931
51 114 0.0693642
52 22 0.0531915
52 23 0.0280374
52 24 0.00487805
52 51 0.0331754
52 53 0.246377
52 83 0.0578035
52 84 0.0738255
52 85 0.284314
52 113 0.0441989
52 116 0.00510204
53 21 0.0137615
53 22 0.246809
53 23 0.222222
53 24 0.0277778
53 52 0.246377
53 54 0.0342857
53 55 0.00657895
53 83 0.0181818
53 85 0.286853
53 113 0.0526316
53 114 0.0177515
53 116 0.00411523
54 23 0.010989
54 24 0.0924855
54 25 0.0621118
54 53 0.0342857
54 55 0.479452
54 56 0.0434783
54 85 0.139535
54 86 0.0218978
54 87 0.107345
54 116 0.00609756
55 23 0.0125786
55 24 0.0533333
55 25 0.0434783
55 53 0.00657895
55 54 0.479452
55 56 0.00869565
55 84 0.0212766
55 85 0.0134228
55 86 0.00877193
55 87 0.012987
56 24 0.190698
56 25 0.325123
56 26 0.0253165
56 27 0.030303
56 54 0.0434783
56 55 0.00869565
56 57 0.00675676
56 58 0.00581395
56 87 0.0502283
57 25 0.0116959
57 26 0.031746
57 27 0.080402
57 28 0.0504202
57 56 0.00675676
57 58 0.107143
57 59 0.115942
57 87 0.0160428
57 89 0.010101
57 90 0.111111
57 118 0.0147059
57 119 0.152866
58 25 0.0307692
58 26 0.02
58 27 0.0852018
58 56 0.00581395
58 57 0.107143
58 59 0.0925926
58 86 0.0116959
58 87 0.00473934
58 88 0.168317
58 89 0.0720721
58 90 0.248588
58 118 0.00625
58 119 0.187845
58 120 0.0163043
59 26 0.027027
59 27 0.0633484
59 28 0.219858
59 29 0.0437158
59 57 0.115942
59 58 0.0925926
59 60 0.00581395
59 89 0.2
59 90 0.217143
59 122 0.0797872
60 28 0.0718954
60 29 0.425641
60 30 0.0199005
60 59 0.00581395
60 61 0.034632
60 122 0.12
61 29 0.0454545
61 30 0.520161
61 60 0.034632
61 91 0.0204778
61 92 0.0980392
61 122 0.0404858
61 123 0.111111
62 0 0.00520833
62 1 0.101504
62 31 0.132597
62 32 0.18662
62 63 0.0242718
62 64 0.0358566
62 65 0.025
62 93 0.0752688
62 94 0.322835
62 124 0.0382979
63 1 0.01
63 3 0.00621118
63 31 0.0434783
63 32 0.0458716
63 33 0.1
63 34 0.00561798
63 62 0.0242718
63 64 0.210811
63 65 0.126437
63 94 0.0106383
63 95 0.0917431
64 31 0.0125
64 32 0.0114068
64 33 0.121569
64 62 0.0358566
64 63 0.210811
64 65 0.164384
64 66 0.00478469
64 93 0.0242424
64 94 0.16309
64 95 0.220532
64 96 0.0273224
64 124 0.0140187
64 126 0.00881057
64 127 0.0729167
65 1 0.286325
65 2 0.173333
65 3 0.0871795
65 32 0.031746
65 33 0.192623
65 34 0.0377358
65 35 0.0101523
65 62 0.025
65 63 0.126437
65 64 0.164384
65 66 0.030303
65 94 0.0045045
65 95 0.00396825
66 33 0.230769
66 34 0.0940594
66 35 0.197861
66 36 0.00934579
66 64 0.00478469
66 65 0.030303
66 67 0.134259
66 95 0.0578512
66 96 0.0123457
66 97 0.196429
66 98 0.0229008
66 127 0.0175439
66 129 0.00909091
67 4 0.004329
67 6 0.0140845
67 34 0.00434783
67 35 0.134884
67 36 0.0444444
67 37 0.131579
67 38 0.0660377
67 66 0.134259
67 68 0.103627
67 69 0.0266667
67 97 0.0952381
67 98 0.0314465
67 99 0.346303
67 129 0.0322581
67 131 0.00956938
68 37 0.00564972
68 38 0.0621118
68 39 0.0662983
68 67 0.103627
68 69 0.030303
68 70 0.350785
68 99 0.169903
68 100 0.00613497
68 101 0.00819672
68 129 0.0761421
68 131 0.0189873
69 6 0.00840336
69 36 0.0487805
69 37 0.141791
69 38 0.110169
69 67 0.0266667
69 68 0.030303
69 70 0.00675676
69 98 0.0153846
69 99 0.0981595
69 100 0.0333333
69 131 0.0434783
70 38 0.0285714
70 39 0.273913
70 68 0.350785
70 69 0.00675676
70 71 0.286344
70 99 0.0901961
70 100 0.0141509
70 101 0.152047
70 102 0.0434783
70 131 0.0869565
70 132 0.027933
71 39 0.0276498
71 40 0.0202703
71 70 0.286344
71 72 0.0114068
71 100 0.0201005
71 101 0.158228
71 102 0.402062
71 103 0.0393258
71 131 0.00515464
71 132 0.271084
71 133 0.07
72 8 0.00719424
72 9 0.0492958
72 10 0.0515873
72 11 0.00384615
72 40 0.294416
72 41 0.22807
72 42 0.03125
72 71 0.0114068
72 73 0.213166
72 101 0.0193237
72 102 0.0946502
72 103 0.00881057
72 135 0.0630252
73 11 0.0149813
73 40 0.00980392
73 42 0.0452261
73 43 0.014652
73 72 0.213166
73 74 0.281513
73 75 0.0140187
73 104 0.107692
73 105 0.0521739
73 106 0.0367647
73 135 0.159184
74 10 0.00584795
74 11 0.128492
74 13 0.00892857
74 42 0.027027
74 43 0.210811
74 45 0.0282486
74 73 0.281513
74 75 0.031746
74 76 0.0472973
74 105 0.176056
74 106 0.0434783
75 12 0.37931
75 43 0.229814
75 44 0.0150376
75 45 0.0196078
75 73 0.0140187
75 74 0.031746
75 105 0.0508475
76 43 0.0928962
76 45 0.148571
76 46 0.0327869
76 74 0.0472973
76 77 0.00595238
76 105 0.0285714
76 106 0.153846
76 107 0.29902
76 136 0.00680272
76 137 0.0163043
76 138 0.0863309
77 45 0.0101523
77 46 0.0487805
77 47 0.0687831
77 48 0.0872483
77 76 0.00595238
77 78 0.00636943
77 79 0.0165746
77 107 0.29646
77 108 0.0915033
77 109 0.407609
77 110 0.0320856
77 138 0.149068
77 139 0.00645161
77 140 0.039604
78 17 0.0114943
78 47 0.0128205
78 48 0.474138
78 50 0.03125
78 77 0.00636943
78 79 0.155405
78 80 0.0515464
78 108 0.0166667
78 109 0.0198676
78 110 0.0454545
78 111 0.0218579
78 138 0.015625
79 16 0.0412371
79 17 0.181818
79 47 0.133333
79 48 0.228571
79 50 0.0925926
79 77 0.0165746
79 78 0.155405
79 80 0.151376
79 108 0.0902778
79 110 0.00561798
79 111 0.0966184
80 47 0.00442478
80 48 0.0268817
80 49 0.0629371
80 50 0.0839695
80 78 0.0515464
80 79 0.151376
80 81 0.0108696
80 108 0.0473684
80 110 0.03125
80 111 0.557312
80 112 0.0683453
80 141 0.0843373
80 143 0.0101523
81 17 0.00390625
81 18 0.0353982
81 20 0.0100503
81 21 0.0170213
81 50 0.175182
81 51 0.389091
81 80 0.0108696
81 82 0.0125
81 111 0.0226415
81 112 0.134483
81 114 0.0698925
81 144 0.00355872
82 50 0.0136986
82 51 0.0136054
82 81 0.0125
82 112 0.0493827
82 113 0.017094
82 114 0.275862
82 144 0.0392157
83 51 0.0178571
83 52 0.0578035
83 53 0.0181818
83 84 0.17284
83 85 0.0506912
83 113 0.546392
83 114 0.0296296
83 116 0.00478469
83 144 0.0869565
83 145 0.0212766
83 146 0.0574163
84 52 0.0738255
84 55 0.0212766
84 83 0.17284
84 85 0.196891
84 113 0.0588235
84 116 0.313514
84 117 0.034188
84 149 0.00543478
85 22 0.0172414
85 23 0.0542636
85 24 0.0321285
85 52 0.284314
85 53 0.286853
85 54 0.139535
85 55 0.0134228
85 83 0.0506912
85 84 0.196891
85 87 0.0197628
85 113 0.0622222
85 116 0.179167
85 117 0.00581395
86 25 0.00990099
86 54 0.0218978
86 55 0.00877193
86 58 0.0116959
86 87 0.334862
86 88 0.0185185
86 116 0.131707
86 117 0.080292
86 118 0.359281
86 119 0.117021
86 120 0.0314136
86 148 0.0447761
86 149 0.0980392
86 150 0.0117647
87 23 0.00380228
87 24 0.0354331
87 25 0.322314
87 54 0.107345
87 55 0.012987
87 56 0.0502283
87 57 0.0160428
87 58 0.00473934
87 85 0.0197628
87 86 0.334862
87 88 0.027027
87 116 0.044898
87 117 0.00564972
87 118 0.0386473
87 119 0.0482456
88 25 0.0757576
88 58 0.168317
88 86 0.0185185
88 87 0.027027
88 89 0.0125786
88 90 0.0438596
88 119 0.0932203
88 120 0.0165289
89 28 0.0149254
89 57 0.010101
89 58 0.0720721
89 59 0.2
89 88 0.0125786
89 90 0.374468
89 91 0.0272109
89 119 0.0669456
89 120 0.219008
89 121 0.102128
89 122 0.0846774
89 150 0.00452489
89 151 0.00374532
89 152 0.0101351
90 26 0.0122699
90 27 0.0381356
90 28 0.00641026
90 57 0.111111
90 58 0.248588
90 59 0.217143
90 88 0.0438596
90 89 0.374468
90 119 0.0618557
90 120 0.0101523
90 121 0.00526316
91 61 0.0204778
91 89 0.0272109
91 92 0.0119048
91 121 0.13253
91 122 0.450382
91 123 0.0401606
91 152 0.0935484
91 153 0.0493827
91 154 0.00473934
92 30 0.0325203
92 61 0.0980392
92 91 0.0119048
92 122 0.00819672
92 154 0.028169
93 31 0.0210526
93 62 0.0752688
93 64 0.0242424
93 94 0.0892857
93 124 0.261745
93 125 0.0449438
93 126 0.0123457
93 155 0.00689655
94 31 0.226994
94 62 0.322835
94 63 0.0106383
94 64 0.16309
94 65 0.0045045
94 93 0.0892857
94 95 0.0263158
94 124 0.235023
94 125 0.0243902
94 126 0.0130435
95 33 0.00694444
95 63 0.0917431
95 64 0.220532
95 65 0.00396825
95 66 0.0578512
95 94 0.0263158
95 96 0.0138889
95 97 0.0179856
95 125 0.152174
95 126 0.219231
95 127 0.16
95 158 0.0130435
96 35 0.0310559
96 64 0.0273224
96 66 0.0123457
96 95 0.0138889
96 97 0.0252525
96 98 0.0952381
96 127 0.268966
96 128 0.0591398
96 157 0.13
96 158 0.0266667
96 159 0.0114943
97 33 0.0111111
97 35 0.286996
97 66 0.196429
97 67 0.0952381
97 95 0.0179856
97 96 0.0252525
97 98 0.131737
97 99 0.0188679
97 127 0.164251
97 128 0.0443548
97 129 0.167969
97 158 0.0801887
97 159 0.0127119
98 35 0.0615385
98 37 0.020979
98 66 0.0229008
98 67 0.0314465
98 69 0.0153846
98 96 0.0952381
98 97 0.131737
98 99 0.0988372
98 127 0.0350877
98 128 0.00645161
98 129 0.104294
98 131 0.00806452
99 35 0.0438596
99 36 0.0135135
99 37 0.145228
99 38 0.0622222
99 39 0.0326531
99 67 0.346303
99 68 0.169903
99 69 0.0981595
99 70 0.0901961
99 97 0.0188679
99 98 0.0988372
99 100 0.0220264
99 129 0.172414
99 131 0.0855856
100 68 0.00613497
100 69 0.0333333
100 70 0.0141509
100 71 0.0201005
100 99 0.0220264
100 101 0.0699301
100 102 0.00558659
100 130 0.0129032
100 131 0.368715
100 132 0.0198676
100 133 0.0486486
100 161 0.0493827
100 162 0.0763359
100 163 0.168421
100 164 0.0467836
101 39 0.136646
101 40 0.0543478
101 41 0.00555556
101 68 0.00819672
101 70 0.152047
101 71 0.158228
101 72 0.0193237
101 100 0.0699301
101 102 0.231884
101 103 0.057377
102 39 0.116751
102 40 0.078125
102 41 0.00925926
102 70 0.0434783
102 71 0.402062
102 72 0.0946502
102 100 0.00558659
102 101 0.231884
102 103 0.196203
102 104 0.0108696
102 132 0.0273973
102 133 0.00555556
102 135 0.0650888
103 40 0.0714286
103 71 0.0393258
103 72 0.00881057
103 101 0.057377
103 102 0.196203
103 104 0.136905
103 132 0.0692308
103 133 0.121951
103 135 0.117647
103 166 0.0292887
104 73 0.107692
104 102 0.0108696
104 103 0.136905
104 133 0.0210526
104 134 0.151316
104 135 0.206704
104 136 0.0116959
104 166 0.34717
105 43 0.316384
105 45 0.0177515
105 46 0.0282486
105 73 0.0521739
105 74 0.176056
105 75 0.0508475
105 76 0.0285714
105 106 0.267045
105 107 0.010101
105 136 0.0070922
106 43 0.0273973
106 45 0.0189573
106 46 0.00456621
106 73 0.0367647
106 74 0.0434783
106 76 0.153846
106 105 0.267045
106 107 0.204167
106 135 0.0104712
106 136 0.224044
106 137 0.25
106 138 0.00571429
106 166 0.0180505
106 168 0.0616114
107 43 0.0290456
107 45 0.0643777
107 46 0.141079
107 47 0.0222222
107 76 0.29902
107 77 0.29646
107 105 0.010101
107 106 0.204167
107 109 0.0363636
107 137 0.0371901
107 138 0.0862944
107 140 0.00420168
108 48 0.0178571
108 77 0.0915033
108 78 0.0166667
108 79 0.0902778
108 80 0.0473684
108 109 0.0544218
108 110 0.393333
108 111 0.0111732
108 139 0.0169492
108 140 0.10303
108 141 0.0114286
108 171 0.0304878
108 172 0.0816327
109 48 0.048951
109 77 0.407609
109 78 0.0198676
109 107 0.0363636
109 108 0.0544218
109 110 0.132597
109 138 0.219355
109 139 0.00671141
109 140 0.0714286
109 169 0.04
109 170 0.088785
110 48 0.0136986
110 77 0.0320856
110 78 0.0454545
110 79 0.00561798
110 80 0.03125
110 108 0.393333
110 109 0.132597
110 111 0.0657277
110 139 0.0986842
110 140 0.346734
110 141 0.143541
110 169 0.00561798
110 170 0.00460829
110 171 0.020202
110 172 0.0454545
111 48 0.0171429
111 49 0.136364
111 50 0.131474
111 78 0.0218579
111 79 0.0966184
111 80 0.557312
111 81 0.0226415
111 108 0.0111732
111 110 0.0657277
111 112 0.0337079
111 140 0.0175439
111 141 0.092437
111 143 0.0215054
112 49 0.0127389
112 51 0.0216607
112 80 0.0683453
112 81 0.134483
112 82 0.0493827
112 111 0.0337079
112 113 0.048583
112 114 0.0425532
112 141 0.0418251
112 142 0.00645161
112 143 0.109005
112 144 0.40636
112 173 0.0619048
112 174 0.00381679
112 175 0.00746269
113 51 0.012931
113 52 0.0441989
113 53 0.0526316
113 82 0.017094
113 83 0.546392
113 84 0.0588235
113 85 0.0622222
113 112 0.048583
113 114 0.104895
113 144 0.134454
113 145 0.00510204
113 146 0.0829493
114 51 0.0693642
114 53 0.0177515
114 81 0.0698925
114 82 0.275862
114 83 0.0296296
114 112 0.0425532
114 113 0.104895
114 144 0.0726257
114 146 0.00632911
115 145 0.00826446
115 146 0.119718
115 147 0.0776699
115 177 0.344086
115 178 0.0267857
116 52 0.00510204
116 53 0.00411523
116 54 0.00609756
116 83 0.00478469
116 84 0.313514
116 85 0.179167
116 86 0.131707
116 87 0.044898
116 117 0.170732
116 118 0.0463918
116 146 0.0517241
116 148 0.0131579
116 149 0.047619
116 177 0.0819672
116 178 0.00495049
117 84 0.034188
117 85 0.00581395
117 86 0.080292
117 87 0.00564972
117 116 0.170732
117 118 0.0714286
117 148 0.1875
117 149 0.300613
118 57 0.0147059
118 58 0.00625
118 86 0.359281
118 87 0.0386473
118 116 0.0463918
118 117 0.0714286
118 119 0.158192
118 120 0.1
118 148 0.0473684
118 149 0.0829016
118 150 0.0754717
119 57 0.152866
119 58 0.187845
119 86 0.117021
119 87 0.0482456
119 88 0.0932203
119 89 0.0669456
119 90 0.0618557
119 118 0.158192
119 120 0.368159
119 150 0.0388889
119 151 0.00884956
120 58 0.0163043
120 86 0.0314136
120 88 0.0165289
120 89 0.219008
120 90 0.0101523
120 118 0.1
120 119 0.368159
120 121 0.106599
120 148 0.046729
120 150 0.125683
120 151 0.174672
120 152 0.00775194
120 180 0.0042735
120 181 0.00574713
121 89 0.102128
121 90 0.00526316
121 91 0.13253
121 120 0.106599
121 122 0.044335
121 151 0.018018
121 152 0.478088
121 153 0.0163043
121 182 0.00775194
121 183 0.0211864
121 184 0.0710383
122 59 0.0797872
122 60 0.12
122 61 0.0404858
122 89 0.0846774
122 91 0.450382
122 92 0.00819672
122 121 0.044335
122 123 0.0935961
122 152 0.0113636
122 153 0.0152284
122 154 0.0181818
123 61 0.111111
123 91 0.0401606
123 122 0.0935961
123 153 0.173913
123 154 0.447368
123 185 0.0123457
124 62 0.0382979
124 64 0.0140187
124 93 0.261745
124 94 0.235023
124 125 0.0352423
124 126 0.0236967
124 155 0.216495
124 156 0.0184049
124 186 0.0148515
125 93 0.0449438
125 94 0.0243902
125 95 0.152174
125 124 0.0352423
125 126 0.458333
125 127 0.0341463
125 155 0.0179372
125 156 0.197917
125 158 0.0619048
125 186 0.012987
125 187 0.0679612
125 188 0.0351562
125 189 0.00473934
126 64 0.00881057
126 93 0.0123457
126 94 0.0130435
126 95 0.219231
126 124 0.0236967
126 125 0.458333
126 127 0.010582
126 155 0.0241546
126 156 0.102273
126 158 0.0979381
126 186 0.00465116
126 187 0.0473684
127 64 0.0729167
127 66 0.0175439
127 95 0.16
127 96 0.268966
127 97 0.164251
127 98 0.0350877
127 125 0.0341463
127 126 0.010582
127 128 0.025641
127 158 0.138365
127 159 0.0382514
128 96 0.0591398
128 97 0.0443548
128 98 0.00645161
128 127 0.025641
128 129 0.0819672
128 130 0.0220994
128 157 0.02
128 158 0.035
128 159 0.366071
128 160 0.380488
128 161 0.0106383
128 189 0.119403
128 192 0.00609756
128 193 0.014218
129 66 0.00909091
129 67 0.0322581
129 68 0.0761421
129 97 0.167969
129 98 0.104294
129 99 0.172414
129 128 0.0819672
129 130 0.00529101
129 131 0.150235
129 159 0.0775862
129 161 0.0102041
129 193 0.00913242
130 100 0.0129032
130 128 0.0220994
130 129 0.00529101
130 131 0.0266667
130 160 0.146667
130 161 0.165414
130 162 0.0784314
130 163 0.186335
130 192 0.0183486
130 193 0.0641026
131 67 0.00956938
131 68 0.0189873
131 69 0.0434783
131 70 0.0869565
131 71 0.00515464
131 98 0.00806452
131 99 0.0855856
131 100 0.368715
131 129 0.150235
131 130 0.0266667
131 161 0.140127
131 163 0.0216216
132 70 0.027933
132 71 0.271084
132 100 0.0198676
132 102 0.0273973
132 103 0.0692308
132 133 0.197368
132 162 0.0408163
132 163 0.0254777
132 164 0.0289855
132 196 0.149254
133 71 0.07
133 100 0.0486486
133 102 0.00555556
133 103 0.121951
133 104 0.0210526
133 132 0.197368
133 134 0.0405405
133 135 0.00571429
133 162 0.0151515
133 163 0.0052356
133 164 0.156977
133 165 0.0111732
133 166 0.0229885
133 194 0.0273973
133 196 0.47619
133 197 0.0388889
134 104 0.151316
134 133 0.0405405
134 165 0.0212766
134 166 0.170404
134 196 0.00769231
134 197 0.0211268
134 198 0.158192
135 72 0.0630252
135 73 0.159184
135 102 0.0650888
135 103 0.117647
135 104 0.206704
135 106 0.0104712
135 133 0.00571429
135 166 0.208
135 196 0.0127389
136 76 0.00680272
136 104 0.0116959
136 105 0.0070922
136 106 0.224044
136 137 0.227027
136 166 0.053719
136 167 0.0852713
136 168 0.0511364
136 198 0.0714286
137 76 0.0163043
137 106 0.25
137 107 0.0371901
137 136 0.227027
137 138 0.0112994
137 166 0.0179211
137 167 0.0542169
137 168 0.446009
137 169 0.00507614
137 170 0.00847458
137 198 0.0300429
137 199 0.025974
137 200 0.0357143
138 76 0.0863309
138 77 0.149068
138 78 0.015625
138 106 0.00571429
138 107 0.0862944
138 109 0.219355
138 137 0.0112994
138 139 0.00793651
138 140 0.0289017
138 169 0.177632
138 170 0.0732984
138 200 0.0662252
139 77 0.00645161
139 108 0.0169492
139 109 0.00671141
139 110 0.0986842
139 138 0.00793651
139 140 0.401198
139 169 0.143836
139 170 0.0162162
139 171 0.0421687
139 201 0.0141509
139 202 0.0519481
140 77 0.039604
140 107 0.00420168
140 108 0.10303
140 109 0.0714286
140 110 0.346734
140 111 0.0175439
140 138 0.0289017
140 139 0.401198
140 169 0.0673575
140 170 0.0215517
140 171 0.0657277
140 172 0.0204082
140 200 0.0104167
140 204 0.00357143
141 80 0.0843373
141 108 0.0114286
141 110 0.143541
141 111 0.092437
141 112 0.0418251
141 142 0.0396825
141 143 0.318681
141 171 0.103139
141 173 0.0220994
141 174 0.0944206
141 204 0.0103448
142 112 0.00645161
142 141 0.0396825
142 143 0.175676
142 173 0.0136986
142 174 0.056
142 204 0.0164835
143 80 0.0101523
143 111 0.0215054
143 112 0.109005
143 141 0.318681
143 142 0.175676
143 144 0.0346535
143 171 0.0175439
143 173 0.108527
143 174 0.19337
143 204 0.0252101
144 81 0.00355872
144 82 0.0392157
144 83 0.0869565
144 112 0.40636
144 113 0.134454
144 114 0.0726257
144 143 0.0346535
144 145 0.0991379
144 146 0.0632411
144 173 0.0646766
144 174 0.0395257
144 175 0.146718
144 176 0.00862069
145 83 0.0212766
145 113 0.00510204
145 115 0.00826446
145 144 0.0991379
145 146 0.35545
145 147 0.0755814
145 175 0.138249
145 176 0.0368421
145 177 0.123457
145 178 0.127072
146 83 0.0574163
146 113 0.0829493
146 114 0.00632911
146 115 0.119718
146 116 0.0517241
146 144 0.0632411
146 145 0.35545
146 175 0.0420168
146 176 0.014218
146 177 0.196721
146 178 0.00990099
147 115 0.0776699
147 145 0.0755814
147 175 0.0603015
147 176 0.133721
147 177 0.173611
147 178 0.0674847
147 208 0.0300752
147 210 0.00769231
148 86 0.0447761
148 116 0.0131579
148 117 0.1875
148 118 0.0473684
148 120 0.046729
148 149 0.502203
148 150 0.0569948
148 179 0.0517241
148 180 0.127049
148 181 0.0597826
148 212 0.00796813
149 84 0.00543478
149 86 0.0980392
149 116 0.047619
149 117 0.300613
149 118 0.0829016
149 148 0.502203
149 150 0.0102041
149 177 0.0384615
149 178 0.0298507
149 179 0.19209
149 180 0.117409
149 181 0.0481283
150 86 0.0117647
150 89 0.00452489
150 118 0.0754717
150 119 0.0388889
150 120 0.125683
150 148 0.0569948
150 149 0.0102041
150 151 0.408654
150 152 0.0253165
150 180 0.0798122
150 181 0.0457516
150 182 0.00869565
150 183 0.00900901
151 89 0.00374532
151 119 0.00884956
151 120 0.174672
151 121 0.018018
151 150 0.408654
151 152 0.116608
151 180 0.0888031
151 181 0.0301508
151 182 0.0248447
151 183 0.164179
151 212 0.037594
151 213 0.00930233
151 214 0.0137931
152 89 0.0101351
152 91 0.0935484
152 120 0.00775194
152 121 0.478088
152 122 0.0113636
152 150 0.0253165
152 151 0.116608
152 153 0.0571429
152 182 0.0263158
152 183 0.124579
152 184 0.192623
152 185 0.0263158
153 91 0.0493827
153 121 0.0163043
153 122 0.0152284
153 123 0.173913
153 152 0.0571429
153 154 0.109589
153 184 0.0508475
153 185 0.345992
154 91 0.00473934
154 92 0.028169
154 122 0.0181818
154 123 0.447368
154 153 0.109589
154 185 0.00487805
155 93 0.00689655
155 124 0.216495
155 125 0.0179372
155 126 0.0241546
155 156 0.113208
155 186 0.419192
155 187 0.00578035
155 188 0.0134529
155 218 0.0045045
156 124 0.0184049
156 125 0.197917
156 126 0.102273
156 155 0.113208
156 158 0.00684932
156 186 0.155689
156 187 0.0774648
156 188 0.109375
156 217 0.0150376
156 218 0.0890052
157 96 0.13
157 128 0.02
157 158 0.0350877
157 159 0.0289855
157 189 0.295652
157 220 0.0232558
158 95 0.0130435
158 96 0.0266667
158 97 0.0801887
158 125 0.0619048
158 126 0.0979381
158 127 0.138365
158 128 0.035
158 156 0.00684932
158 157 0.0350877
158 159 0.18617
158 187 0.04375
158 189 0.109091
158 220 0.0135135
159 96 0.0114943
159 97 0.0127119
159 127 0.0382514
159 128 0.366071
159 129 0.0775862
159 157 0.0289855
159 158 0.18617
159 160 0.0984456
159 189 0.100529
159 192 0.0328947
159 219 0.0097561
159 220 0.186992
159 221 0.0126582
160 128 0.380488
160 130 0.146667
160 159 0.0984456
160 161 0.0382166
160 189 0.0117647
160 192 0.0902256
160 193 0.0444444
160 220 0.0352423
160 221 0.0647482
161 100 0.0493827
161 128 0.0106383
161 129 0.0102041
161 130 0.165414
161 131 0.140127
161 160 0.0382166
161 162 0.0183486
161 163 0.160714
161 192 0.0172414
161 193 0.349693
161 194 0.00510204
162 100 0.0763359
162 130 0.0784314
162 132 0.0408163
162 133 0.0151515
162 161 0.0183486
162 163 0.29927
162 164 0.0677966
162 193 0.0151515
162 194 0.0424242
163 100 0.168421
163 130 0.186335
163 131 0.0216216
163 132 0.0254777
163 133 0.0052356
163 161 0.160714
163 162 0.29927
163 164 0.0451977
163 193 0.0837696
163 194 0.133929
163 195 0.0201342
164 100 0.0467836
164 132 0.0289855
164 133 0.156977
164 162 0.0677966
164 163 0.0451977
164 165 0.121212
164 194 0.287805
164 195 0.0692308
164 196 0.025974
164 197 0.0180723
164 226 0.109375
164 227 0.034965
165 133 0.0111732
165 134 0.0212766
165 164 0.121212
165 194 0.0471698
165 195 0.0510949
165 196 0.0186335
165 197 0.306358
165 198 0.0144231
165 226 0.110553
165 227 0.28
165 228 0.0514706
165 229 0.00471698
166 103 0.0292887
166 104 0.34717
166 106 0.0180505
166 133 0.0229885
166 134 0.170404
166 135 0.208
166 136 0.053719
166 137 0.0179211
166 197 0.00392157
166 198 0.106897
167 136 0.0852713
167 137 0.0542169
167 168 0.0318471
167 197 0.0492958
167 198 0.220339
167 199 0.0114286
167 229 0.0441989
168 106 0.0616114
168 136 0.0511364
168 137 0.446009
168 167 0.0318471
168 170 0.0220264
168 198 0.0758929
168 199 0.252252
168 200 0.149733
168 230 0.010101
169 109 0.04
169 110 0.00561798
169 137 0.00507614
169 138 0.177632
169 139 0.143836
169 140 0.0673575
169 170 0.488152
169 200 0.163743
169 201 0.0378151
169 202 0.00555556
169 230 0.00549451
170 109 0.088785
170 110 0.00460829
170 137 0.00847458
170 138 0.0732984
170 139 0.0162162
170 140 0.0215517
170 168 0.0220264
170 169 0.488152
170 200 0.271429
170 201 0.173285
170 202 0.0319635
170 230 0.0180995
171 108 0.0304878
171 110 0.020202
171 139 0.0421687
171 140 0.0657277
171 141 0.103139
171 143 0.0175439
171 172 0.280822
171 174 0.0045045
171 201 0.0348837
171 202 0.115
171 203 0.00531915
171 204 0.379928
172 108 0.0816327
172 110 0.0454545
172 140 0.0204082
172 171 0.280822
172 202 0.0149254
172 204 0.230047
172 235 0.00621118
173 112 0.0619048
173 141 0.0220994
173 142 0.0136986
173 143 0.108527
173 144 0.0646766
173 174 0.25
173 175 0.0537634
173 176 0.0943396
173 204 0.0548523
173 205 0.0328947
173 237 0.00485437
174 112 0.00381679
174 141 0.0944206
174 142 0.056
174 143 0.19337
174 144 0.0395257
174 171 0.0045045
174 173 0.25
174 175 0.0546218
174 176 0.00947867
174 204 0.0622837
174 205 0.338235
174 206 0.0246914
174 235 0.0126582
174 237 0.0348837
175 112 0.00746269
175 144 0.146718
175 145 0.138249
175 146 0.0420168
175 147 0.0603015
175 173 0.0537634
175 174 0.0546218
175 176 0.396313
175 177 0.00529101
175 205 0.0285714
175 208 0.0617978
175 237 0.0265152
175 240 0.00843882
176 144 0.00862069
176 145 0.0368421
176 146 0.014218
176 147 0.133721
176 173 0.0943396
176 174 0.00947867
176 175 0.396313
176 205 0.0273224
176 206 0.0070922
176 208 0.0860927
176 237 0.172996
176 238 0.00938967
176 239 0.00555556
176 240 0.0142857
177 115 0.344086
177 116 0.0819672
177 145 0.123457
177 146 0.196721
177 147 0.173611
177 149 0.0384615
177 175 0.00529101
177 178 0.0653595
177 179 0.0232558
177 240 0.00549451
178 115 0.0267857
178 116 0.00495049
178 145 0.127072
178 146 0.00990099
178 147 0.0674847
178 149 0.0298507
178 177 0.0653595
178 179 0.121622
178 210 0.122302
178 211 0.0483092
178 240 0.139303
179 148 0.0517241
179 149 0.19209
179 177 0.0232558
179 178 0.121622
179 180 0.0360825
179 181 0.0671642
179 210 0.217391
179 211 0.153005
179 240 0.0282486
180 120 0.0042735
180 148 0.127049
180 149 0.117409
180 150 0.0798122
180 151 0.0888031
180 179 0.0360825
180 181 0.446078
180 210 0.00540541
180 211 0.00395257
180 212 0.346863
180 213 0.00909091
180 243 0.0164609
181 120 0.00574713
181 148 0.0597826
181 149 0.0481283
181 150 0.0457516
181 151 0.0301508
181 179 0.0671642
181 180 0.446078
181 210 0.016
181 211 0.0310881
181 212 0.251185
182 121 0.00775194
182 150 0.00869565
182 151 0.0248447
182 152 0.0263158
182 183 0.2
182 212 0.0346821
182 213 0.0491803
182 214 0.365385
182 215 0.0207254
182 243 0.00689655
182 245 0.0955056
183 121 0.0211864
183 150 0.00900901
183 151 0.164179
183 152 0.124579
183 182 0.2
183 184 0.069869
183 212 0.0892857
183 213 0.139738
183 214 0.081761
183 215 0.0733333
183 243 0.00396825
183 245 0.326316
183 246 0.00469484
184 121 0.0710383
184 152 0.192623
184 153 0.0508475
184 183 0.069869
184 185 0.36017
184 215 0.0850202
184 216 0.0357143
184 247 0.0625
185 123 0.0123457
185 152 0.0263158
185 153 0.345992
185 154 0.00487805
185 184 0.36017
185 215 0.019544
185 216 0.0390625
185 247 0.154545
186 124 0.0148515
186 125 0.012987
186 126 0.00465116
186 155 0.419192
186 156 0.155689
186 188 0.021645
186 217 0.174419
186 218 0.0173913
187 125 0.0679612
187 126 0.0473684
187 155 0.00578035
187 156 0.0774648
187 158 0.04375
187 188 0.373786
187 189 0.0310559
187 218 0.165854
187 219 0.0169492
187 220 0.0504587
188 125 0.0351562
188 155 0.0134529
188 156 0.109375
188 186 0.021645
188 187 0.373786
188 189 0.028436
188 217 0.0253807
188 218 0.458824
188 220 0.0223881
188 248 0.00355872
188 249 0.126531
188 250 0.0105634
189 125 0.00473934
189 128 0.119403
189 157 0.295652
189 158 0.109091
189 159 0.100529
189 160 0.0117647
189 187 0.0310559
189 188 0.028436
189 218 0.00952381
189 219 0.115385
189 220 0.165919
190 192 0.00970874
190 222 0.11236
190 223 0.017094
190 251 0.0223881
190 252 0.538462
190 253 0.243243
190 254 0.010101
191 192 0.0875
191 221 0.348837
191 222 0.0322581
191 223 0.0212766
191 251 0.0720721
191 252 0.105263
192 128 0.00609756
192 130 0.0183486
192 159 0.0328947
192 160 0.0902256
192 161 0.0172414
192 190 0.00970874
192 191 0.0875
192 193 0.143885
192 221 0.408163
192 222 0.0479042
192 223 0.0283019
192 225 0.0222222
192 252 0.0137931
193 128 0.014218
193 129 0.00913242
193 130 0.0641026
193 160 0.0444444
193 161 0.349693
193 162 0.0151515
193 163 0.0837696
193 192 0.143885
193 194 0.0502283
193 221 0.0137931
193 225 0.0510949
194 133 0.0273973
194 161 0.00510204
194 162 0.0424242
194 163 0.133929
194 164 0.287805
194 165 0.0471698
194 193 0.0502283
194 195 0.175141
194 196 0.00497512
194 224 0.0253807
194 225 0.0294118
194 226 0.221757
194 257 0.0528634
195 163 0.0201342
195 164 0.0692308
195 165 0.0510949
195 194 0.175141
195 224 0.00819672
195 225 0.0421053
195 226 0.384146
195 257 0.0526316
196 132 0.149254
196 133 0.47619
196 134 0.00769231
196 135 0.0127389
196 164 0.025974
196 165 0.0186335
196 194 0.00497512
196 197 0.141975
196 227 0.028777
197 133 0.0388889
197 134 0.0211268
197 164 0.0180723
197 165 0.306358
197 166 0.00392157
197 167 0.0492958
197 196 0.141975
197 198 0.100478
197 226 0.005
197 227 0.456954
197 228 0.00729927
197 229 0.0610329
197 257 0.0106383
198 134 0.158192
198 136 0.0714286
198 137 0.0300429
198 165 0.0144231
198 166 0.106897
198 167 0.220339
198 168 0.0758929
198 197 0.100478
198 199 0.0619835
198 227 0.016129
198 229 0.141129
199 137 0.025974
199 167 0.0114286
199 168 0.252252
199 198 0.0619835
199 200 0.131707
199 201 0.0257353
199 229 0.0406504
199 230 0.212963
199 231 0.00546448
199 261 0.0643777
199 262 0.0608696
199 263 0.125541
200 137 0.0357143
200 138 0.0662252
200 140 0.0104167
200 168 0.149733
200 169 0.163743
200 170 0.271429
200 199 0.131707
200 201 0.07173
200 230 0.0220994
201 139 0.0141509
201 169 0.0378151
201 170 0.173285
201 171 0.0348837
201 199 0.0257353
201 200 0.07173
201 202 0.414634
201 230 0.00403226
201 234 0.00395257
201 263 0.0988593
201 264 0.150215
202 139 0.0519481
202 169 0.00555556
202 170 0.0319635
202 171 0.115
202 172 0.0149254
202 201 0.414634
202 204 0.011236
202 234 0.0153846
202 264 0.154286
203 171 0.00531915
203 204 0.113725
203 233 0.0787402
203 234 0.371585
203 235 0.0394089
203 264 0.0797546
203 265 0.0138889
203 266 0.103774
204 140 0.00357143
204 141 0.0103448
204 142 0.0164835
204 143 0.0252101
204 171 0.379928
204 172 0.230047
204 173 0.0548523
204 174 0.0622837
204 202 0.011236
204 203 0.113725
204 205 0.0268199
204 234 0.0145985
204 235 0.122449
204 264 0.019685
204 266 0.0165017
205 173 0.0328947
205 174 0.338235
205 175 0.0285714
205 176 0.0273224
205 204 0.0268199
205 206 0.0597015
205 208 0.0208333
205 235 0.215311
205 237 0.182609
205 238 0.0145631
205 266 0.00917431
205 268 0.0189873
206 174 0.0246914
206 176 0.0070922
206 205 0.0597015
206 208 0.117647
206 235 0.0598802
206 236 0.26087
206 237 0.12234
206 238 0.0121951
206 265 0.0648148
206 268 0.155172
207 208 0.0833333
207 238 0.00819672
207 239 0.0224719
208 147 0.0300752
208 175 0.0617978
208 176 0.0860927
208 205 0.0208333
208 206 0.117647
208 207 0.0833333
208 237 0.156566
208 238 0.12069
208 239 0.0638298
208 240 0.0175439
208 270 0.0316742
209 241 0.45
209 270 0.0114943
209 272 0.0151515
209 273 0.0137931
210 147 0.00769231
210 178 0.122302
210 179 0.217391
210 180 0.00540541
210 181 0.016
210 211 0.327586
210 240 0.0714286
210 242 0.0144928
210 270 0.00458716
211 178 0.0483092
211 179 0.153005
211 180 0.00395257
211 181 0.0310881
211 210 0.327586
211 240 0.0508475
211 242 0.290909
211 243 0.0646552
211 273 0.0155642
212 148 0.00796813
212 151 0.037594
212 180 0.346863
212 181 0.251185
212 182 0.0346821
212 183 0.0892857
212 213 0.207048
212 243 0.248
212 274 0.00858369
213 151 0.00930233
213 180 0.00909091
213 182 0.0491803
213 183 0.139738
213 212 0.207048
213 243 0.0452261
213 245 0.168103
213 246 0.0125
213 274 0.0494506
213 275 0.0246305
213 276 0.0610329
214 151 0.0137931
214 182 0.365385
214 183 0.081761
214 215 0.00564972
214 245 0.0185185
215 182 0.0207254
215 183 0.0733333
215 184 0.0850202
215 185 0.019544
215 214 0.00564972
215 216 0.325843
215 245 0.267327
215 246 0.0909091
215 247 0.225108
215 278 0.00930233
216 184 0.0357143
216 185 0.0390625
216 215 0.325843
216 247 0.294444
216 277 0.00510204
216 278 0.0487805
217 156 0.0150376
217 186 0.174419
217 188 0.0253807
217 218 0.102041
217 248 0.193694
217 249 0.0268817
218 155 0.0045045
218 156 0.0890052
218 186 0.0173913
218 187 0.165854
218 188 0.458824
218 189 0.00952381
218 217 0.102041
218 219 0.0132743
218 220 0.0187266
218 248 0.0392857
218 249 0.25
218 250 0.0106007
218 281 0.0042735
219 159 0.0097561
219 187 0.0169492
219 189 0.115385
219 218 0.0132743
219 220 0.338912
219 221 0.00662252
219 249 0.00462963
219 250 0.156863
219 251 0.193182
219 281 0.0194175
220 157 0.0232558
220 158 0.0135135
220 159 0.186992
220 160 0.0352423
220 187 0.0504587
220 188 0.0223881
220 189 0.165919
220 218 0.0187266
220 219 0.338912
220 221 0.0260417
220 250 0.108108
220 251 0.101382
220 252 0.0041841
221 159 0.0126582
221 160 0.0647482
221 191 0.348837
221 192 0.408163
221 193 0.0137931
221 219 0.00662252
221 220 0.0260417
221 222 0.00578035
221 223 0.0178571
221 251 0.0465116
221 252 0.119205
222 190 0.11236
222 191 0.0322581
222 192 0.0479042
222 221 0.00578035
222 223 0.41989
222 224 0.046875
222 225 0.0181818
222 252 0.3
222 253 0.0457143
222 254 0.116564
222 256 0.0229358
222 285 0.0263158
222 286 0.150485
223 190 0.017094
223 191 0.0212766
223 192 0.0283019
223 221 0.0178571
223 222 0.41989
223 224 0.0610687
223 225 0.0961538
223 252 0.0314465
223 253 0.00877193
223 254 0.0294118
223 255 0.0106383
223 256 0.00636943
223 286 0.0413793
224 194 0.0253807
224 195 0.00819672
224 222 0.046875
224 223 0.0610687
224 225 0.191304
224 254 0.0176991
224 255 0.0285714
224 256 0.10119
224 285 0.252809
224 286 0.198718
224 288 0.05
225 192 0.0222222
225 193 0.0510949
225 194 0.0294118
225 195 0.0421053
225 222 0.0181818
225 223 0.0961538
225 224 0.191304
225 226 0.044586
225 255 0.346154
225 256 0.0496454
225 257 0.0965517
225 286 0.00775194
225 288 0.0322581
226 164 0.109375
226 165 0.110553
226 194 0.221757
226 195 0.384146
226 197 0.005
226 225 0.044586
226 227 0.0282486
226 255 0.00680272
226 256 0.0047619
226 257 0.317757
226 258 0.0222222
226 288 0.00617284
226 289 0.0194175
227 164 0.034965
227 165 0.28
227 196 0.028777
227 197 0.456954
227 198 0.016129
227 226 0.0282486
227 229 0.0105263
227 257 0.0363636
227 258 0.0381679
227 259 0.00526316
227 289 0.00636943
228 165 0.0514706
228 197 0.00729927
228 229 0.0511364
228 257 0.0198676
228 258 0.00854701
228 259 0.272727
228 289 0.104895
229 165 0.00471698
229 167 0.0441989
229 197 0.0610329
229 198 0.141129
229 199 0.0406504
229 227 0.0105263
229 228 0.0511364
229 230 0.0945946
229 259 0.246032
229 260 0.0147059
229 261 0.200837
229 290 0.0150754
229 291 0.00796813
230 168 0.010101
230 169 0.00549451
230 170 0.0180995
230 199 0.212963
230 200 0.0220994
230 201 0.00403226
230 229 0.0945946
230 259 0.0045045
230 261 0.349282
230 262 0.0145631
230 263 0.0241546
231 199 0.00546448
231 232 0.0102041
231 233 0.0277778
231 262 0.491329
231 263 0.0402299
231 292 0.0186335
232 231 0.0102041
232 233 0.025
232 234 0.00735294
232 262 0.0344828
232 263 0.0753425
232 264 0.112069
232 293 0.189394
232 294 0.0724638
233 203 0.0787402
233 231 0.0277778
233 232 0.025
233 234 0.136986
233 262 0.0258065
233 263 0.269231
233 264 0.0634921
233 293 0.0211268
233 294 0.0405405
234 201 0.00395257
234 202 0.0153846
