0 2 0.0253165
0 31 0.315152
0 32 0.287582
0 62 0.0223464
1 2 0.324022
1 3 0.217877
1 32 0.114943
1 33 0.132979
1 34 0.0625
1 35 0.0607735
1 64 0.159091
1 65 0.0142857
1 66 0.010101
2 0 0.0253165
2 1 0.324022
2 3 0.04375
2 31 0.0299401
2 32 0.206452
2 33 0.00591716
2 62 0.0110497
2 64 0.159204
3 1 0.217877
3 2 0.04375
3 4 0.0446429
3 5 0.199005
3 33 0.0650888
3 34 0.176
3 35 0.111111
3 64 0.0199005
3 66 0.178771
4 3 0.0446429
4 5 0.150327
4 34 0.0519481
4 35 0.0175439
4 36 0.00675676
4 66 0.175573
5 3 0.199005
5 4 0.150327
5 6 0.0153061
5 33 0.0142857
5 34 0.0361446
5 35 0.142857
5 36 0.168776
5 37 0.0921053
5 66 0.0772727
6 5 0.0153061
6 7 0.0648148
6 36 0.0157068
6 37 0.324176
6 38 0.129412
6 39 0.0182927
6 68 0.0283019
7 6 0.0648148
7 8 0.056
7 36 0.0201342
7 37 0.0642857
7 38 0.125
7 68 0.109375
7 69 0.0273973
8 7 0.056
8 9 0.278947
8 10 0.0350877
8 38 0.283422
8 39 0.00552486
8 41 0.102941
8 69 0.0487805
9 8 0.278947
9 10 0.344633
9 11 0.0102564
9 38 0.0932643
9 39 0.0427807
9 40 0.0447761
9 41 0.119048
9 42 0.0613497
9 73 0.0520231
10 8 0.0350877
10 9 0.344633
10 11 0.0568182
10 40 0.0434783
10 41 0.0104712
10 42 0.1875
10 73 0.012987
11 9 0.0102564
11 10 0.0568182
11 12 0.338384
11 13 0.0173913
11 41 0.0143541
11 42 0.197531
11 73 0.116279
11 75 0.0752212
12 11 0.338384
12 13 0.247863
12 42 0.168675
12 44 0.00454545
12 45 0.0165289
12 74 0.00591716
12 75 0.00434783
13 11 0.0173913
13 12 0.247863
13 14 0.118644
13 15 0.2
13 44 0.166667
13 45 0.0196078
13 74 0.0895522
13 75 0.0267176
13 77 0.0195312
14 13 0.118644
14 15 0.191781
14 16 0.0104167
14 46 0.168067
14 47 0.00671141
14 77 0.0359281
15 13 0.2
15 14 0.191781
15 16 0.103896
15 17 0.0131579
15 44 0.0226244
15 46 0.0451977
15 47 0.169082
15 77 0.0666667
16 14 0.0104167
16 15 0.103896
16 17 0.0784314
16 47 0.261146
16 49 0.00826446
16 78 0.0142857
17 15 0.0131579
17 16 0.0784314
17 18 0.0596026
17 46 0.008
17 47 0.212903
17 49 0.142857
18 17 0.0596026
18 19 0.2
18 47 0.00970874
18 48 0.039604
18 49 0.2
18 51 0.0857143
18 78 0.015873
18 81 0.00505051
19 18 0.2
19 20 0.19697
19 21 0.00490196
19 48 0.00869565
19 49 0.00505051
19 51 0.390756
19 52 0.0358744
19 81 0.10177
19 82 0.01
20 19 0.19697
20 21 0.118056
20 22 0.141243
20 51 0.0955056
20 52 0.0552147
21 19 0.00490196
21 20 0.118056
21 22 0.114754
21 23 0.00606061
21 51 0.00543478
21 52 0.307692
21 53 0.144737
21 82 0.00684932
21 83 0.0529412
22 20 0.141243
22 21 0.114754
22 23 0.161616
22 24 0.125828
22 51 0.0368664
22 52 0.237624
22 53 0.0324324
22 54 0.012766
22 83 0.0591133
23 21 0.00606061
23 22 0.161616
23 24 0.150376
23 25 0.143646
23 53 0.0359281
23 54 0.138249
23 55 0.321168
23 56 0.0245098
23 83 0.027027
23 86 0.0253807
24 22 0.125828
24 23 0.150376
24 52 0.0218978
24 53 0.00833333
24 54 0.164706
24 55 0.0333333
24 83 0.0217391
24 86 0.0266667
25 23 0.143646
25 26 0.212121
25 54 0.151376
25 55 0.0942029
25 56 0.195122
25 57 0.0497738
26 25 0.212121
26 27 0.435897
26 54 0.0299145
26 55 0.012987
26 56 0.126697
26 57 0.109705
26 58 0.0171429
27 26 0.435897
27 29 0.0206186
27 57 0.059633
27 58 0.115385
27 59 0.0274725
27 60 0.0138889
28 29 0.435754
28 30 0.01875
28 58 0.0141844
28 59 0.0299401
28 60 0.0348259
29 27 0.0206186
29 28 0.435754
29 30 0.0984456
29 58 0.0229885
29 59 0.02
29 60 0.123932
29 61 0.107143
29 92 0.0259067
30 28 0.01875
30 29 0.0984456
30 61 0.414634
30 92 0.0172414
31 0 0.315152
31 2 0.0299401
31 32 0.141975
31 62 0.223404
31 63 0.095
31 64 0.0576923
31 65 0.00505051
31 93 0.0210526
32 0 0.287582
32 1 0.114943
32 2 0.206452
32 31 0.141975
32 64 0.00510204
33 1 0.132979
33 2 0.00591716
33 3 0.0650888
33 5 0.0142857
33 34 0.0298507
33 35 0.157895
33 64 0.0952381
33 65 0.36
33 66 0.0265957
33 95 0.0247934
33 96 0.00653595
33 97 0.0795455
33 98 0.0191388
34 1 0.0625
34 3 0.176
34 4 0.0519481
34 5 0.0361446
34 33 0.0298507
34 35 0.023622
34 64 0.0903614
34 65 0.00641026
34 66 0.166667
34 95 0.0519481
34 98 0.00606061
35 1 0.0607735
35 3 0.111111
35 4 0.0175439
35 5 0.142857
35 33 0.157895
35 34 0.023622
35 64 0.0147783
35 65 0.0103627
35 66 0.154696
35 67 0.00621118
35 97 0.035503
35 98 0.158416
36 4 0.00675676
36 5 0.168776
36 6 0.0157068
36 7 0.0201342
36 37 0.372197
36 38 0.00473934
36 66 0.00465116
36 67 0.0307692
36 68 0.0340136
36 69 0.0393013
36 98 0.0847458
36 99 0.0798319
37 5 0.0921053
37 6 0.324176
37 7 0.0642857
37 36 0.372197
37 38 0.0346535
37 68 0.057971
37 69 0.0227273
38 6 0.129412
38 7 0.125
38 8 0.283422
38 9 0.0932643
38 36 0.00473934
38 37 0.0346535
38 39 0.157609
38 41 0.00483092
38 69 0.0192308
39 6 0.0182927
39 8 0.00552486
39 9 0.0427807
39 38 0.157609
39 41 0.0597015
39 69 0.282178
39 70 0.0531401
39 71 0.042328
39 103 0.0122699
40 9 0.0447761
40 10 0.0434783
40 41 0.141892
40 42 0.019802
40 70 0.038961
40 73 0.234234
40 102 0.0166667
41 8 0.102941
41 9 0.119048
41 10 0.0104712
41 11 0.0143541
41 38 0.00483092
41 39 0.0597015
41 40 0.141892
41 42 0.0112994
41 43 0.00724638
41 70 0.23913
41 71 0.0141509
41 72 0.141026
41 73 0.203209
41 102 0.00735294
41 103 0.016129
42 9 0.0613497
42 10 0.1875
42 11 0.197531
42 12 0.168675
42 40 0.019802
42 41 0.0112994
42 43 0.010989
42 72 0.0320856
42 73 0.0857143
42 74 0.075188
42 75 0.0309278
43 41 0.00724638
43 42 0.010989
43 45 0.0217391
43 72 0.0337838
43 73 0.148515
43 74 0.0638298
43 75 0.0580645
44 12 0.00454545
44 13 0.166667
44 15 0.0226244
44 45 0.0791367
44 46 0.00515464
44 74 0.0855615
44 75 0.173387
44 76 0.105505
44 77 0.214876
44 108 0.0195122
45 12 0.0165289
45 13 0.0196078
45 43 0.0217391
45 44 0.0791367
45 75 0.0805369
45 76 0.0756303
45 77 0.00699301
46 14 0.168067
46 15 0.0451977
46 17 0.008
46 44 0.00515464
46 47 0.0222222
46 76 0.0287356
46 77 0.212121
46 78 0.0184049
46 108 0.223602
46 109 0.0914286
46 110 0.0273224
47 14 0.00671141
47 15 0.169082
47 16 0.261146
47 17 0.212903
47 18 0.00970874
47 46 0.0222222
47 48 0.00485437
47 49 0.109195
47 77 0.0131579
47 78 0.0569948
47 109 0.0390244
48 18 0.039604
48 19 0.00869565
48 47 0.00485437
48 49 0.235294
48 50 0.187879
48 51 0.00952381
48 78 0.015873
48 80 0.139896
48 81 0.0707071
48 109 0.039801
48 112 0.252294
49 16 0.00826446
49 17 0.142857
49 18 0.2
49 19 0.00505051
49 47 0.109195
49 48 0.235294
49 50 0.0150376
49 78 0.0382166
49 80 0.00621118
49 81 0.0060241
49 109 0.0650888
49 112 0.0215054
50 48 0.187879
50 49 0.0150376
50 51 0.0115607
50 81 0.0745342
50 82 0.0148148
50 112 0.469613
51 18 0.0857143
51 19 0.390756
51 20 0.0955056
51 21 0.00543478
51 22 0.0368664
51 48 0.00952381
51 50 0.0115607
51 52 0.1133
51 81 0.184466
51 82 0.0833333
51 83 0.0294118
51 112 0.039823
52 19 0.0358744
52 20 0.0552147
52 21 0.307692
52 22 0.237624
52 24 0.0218978
52 51 0.1133
52 53 0.163743
52 81 0.0209424
52 82 0.0484848
52 83 0.142857
53 21 0.144737
53 22 0.0324324
53 23 0.0359281
53 24 0.00833333
53 52 0.163743
53 54 0.0196078
53 83 0.209302
53 84 0.00694444
53 85 0.0165289
53 86 0.190217
53 115 0.0573248
53 116 0.0136054
54 22 0.012766
54 23 0.138249
54 24 0.164706
54 25 0.151376
54 26 0.0299145
54 53 0.0196078
54 55 0.0689655
54 56 0.215768
54 83 0.0045045
54 85 0.00584795
54 86 0.183761
54 87 0.0239521
55 23 0.321168
55 24 0.0333333
55 25 0.0942029
55 26 0.012987
55 54 0.0689655
55 56 0.00621118
55 86 0.0194805
56 23 0.0245098
56 25 0.195122
56 26 0.126697
56 54 0.215768
56 55 0.00621118
56 57 0.131148
56 85 0.0189873
56 86 0.140271
56 87 0.0909091
56 88 0.012987
56 116 0.0108696
56 117 0.00584795
56 119 0.00558659
57 25 0.0497738
57 26 0.109705
57 27 0.059633
57 56 0.131148
57 58 0.207071
57 59 0.107143
57 87 0.0117647
57 88 0.323887
57 89 0.0909091
57 119 0.0410256
58 26 0.0171429
58 27 0.115385
58 28 0.0141844
58 29 0.0229885
58 57 0.207071
58 59 0.135802
58 60 0.153061
58 89 0.0350877
59 27 0.0274725
59 28 0.0299401
59 29 0.02
59 57 0.107143
59 58 0.135802
59 60 0.40991
59 88 0.0995261
59 89 0.05
59 90 0.0153846
59 91 0.0372671
59 122 0.0220994
60 27 0.0138889
60 28 0.0348259
60 29 0.123932
60 58 0.153061
60 59 0.40991
60 61 0.0162602
60 89 0.0574713
60 90 0.0365854
60 91 0.158974
60 92 0.0325581
60 120 0.00581395
60 122 0.116279
61 29 0.107143
61 30 0.414634
61 60 0.0162602
61 91 0.00540541
61 92 0.185366
62 0 0.0223464
62 2 0.0110497
62 31 0.223404
62 63 0.238318
62 64 0.193694
62 93 0.318627
62 94 0.0103093
62 124 0.0174672
63 31 0.095
63 62 0.238318
63 64 0.042735
63 65 0.0178571
63 93 0.435185
63 94 0.116505
63 124 0.06639
63 125 0.0292683
64 1 0.159091
64 2 0.159204
64 3 0.0199005
64 31 0.0576923
64 32 0.00510204
64 33 0.0952381
64 34 0.0903614
64 35 0.0147783
64 62 0.193694
64 63 0.042735
64 65 0.198276
64 93 0.0223214
64 94 0.0186916
64 95 0.0849673
64 97 0.0144231
65 1 0.0142857
65 31 0.00505051
65 33 0.36
65 34 0.00641026
65 35 0.0103627
65 63 0.0178571
65 64 0.198276
65 66 0.0380952
65 93 0.00934579
65 94 0.176471
65 95 0.0769231
65 96 0.0171429
65 97 0.0858586
65 98 0.030303
65 126 0.00719424
66 1 0.010101
66 3 0.178771
66 4 0.175573
66 5 0.0772727
66 33 0.0265957
66 34 0.166667
66 35 0.154696
66 36 0.00465116
66 65 0.0380952
66 97 0.0107527
66 98 0.210046
67 35 0.00621118
67 36 0.0307692
67 96 0.027972
67 98 0.100503
67 99 0.134328
67 129 0.0923077
67 131 0.137056
68 6 0.0283019
68 7 0.109375
68 36 0.0340136
68 37 0.057971
68 69 0.0902778
68 71 0.0305344
68 99 0.0784314
68 100 0.0416667
68 131 0.00671141
69 7 0.0273973
69 8 0.0487805
69 36 0.0393013
69 37 0.0227273
69 38 0.0192308
69 39 0.282178
69 68 0.0902778
69 71 0.206573
69 99 0.00851064
69 131 0.0779221
69 132 0.0192308
70 39 0.0531401
70 40 0.038961
70 41 0.23913
70 71 0.0963303
70 72 0.0958333
70 73 0.0310881
70 101 0.00675676
70 102 0.0492958
70 103 0.140625
70 132 0.112676
70 133 0.0294118
70 134 0.317919
70 135 0.00925926
71 39 0.042328
71 41 0.0141509
71 68 0.0305344
71 69 0.206573
71 70 0.0963303
71 100 0.0425532
71 101 0.00769231
71 103 0.0632184
71 130 0.0406091
71 131 0.197248
71 132 0.261538
71 133 0.00657895
71 134 0.0129032
72 41 0.141026
72 42 0.0320856
72 43 0.0337838
72 70 0.0958333
72 73 0.167513
72 74 0.0736842
72 75 0.0996016
72 103 0.0510204
72 104 0.0744681
72 135 0.0727273
73 9 0.0520231
73 10 0.012987
73 11 0.116279
73 40 0.234234
73 41 0.203209
73 42 0.0857143
73 43 0.148515
73 70 0.0310881
73 72 0.167513
73 75 0.0147059
74 12 0.00591716
74 13 0.0895522
74 42 0.075188
74 43 0.0638298
74 44 0.0855615
74 72 0.0736842
74 75 0.162437
74 104 0.0970149
74 137 0.119171
75 11 0.0752212
75 12 0.00434783
75 13 0.0267176
75 42 0.0309278
75 43 0.0580645
75 44 0.173387
75 45 0.0805369
75 72 0.0996016
75 73 0.0147059
75 74 0.162437
75 76 0.00877193
75 104 0.0205128
75 135 0.00440529
75 137 0.122047
76 44 0.105505
76 45 0.0756303
76 46 0.0287356
76 75 0.00877193
76 77 0.153153
76 106 0.0909091
76 107 0.0440252
76 108 0.216216
76 109 0.00502513
76 110 0.0869565
76 137 0.111607
76 138 0.0205128
76 139 0.0991736
77 13 0.0195312
77 14 0.0359281
77 15 0.0666667
77 44 0.214876
77 45 0.00699301
77 46 0.212121
77 47 0.0131579
77 76 0.153153
77 108 0.119617
77 109 0.044843
77 110 0.0865801
77 137 0.0120968
78 16 0.0142857
78 18 0.015873
78 46 0.0184049
78 47 0.0569948
78 48 0.015873
78 49 0.0382166
78 79 0.115702
78 80 0.0333333
78 108 0.0287356
78 109 0.420213
78 110 0.0459184
78 142 0.134831
79 78 0.115702
79 80 0.04
79 108 0.0252101
79 109 0.037594
79 110 0.0780142
79 111 0.00892857
79 139 0.127273
79 140 0.0162602
79 142 0.097561
80 48 0.139896
80 49 0.00621118
80 78 0.0333333
80 79 0.04
80 81 0.00529101
80 109 0.015625
80 110 0.04
80 111 0.169591
80 112 0.076555
80 140 0.0824176
80 142 0.153846
80 143 0.139175
81 18 0.00505051
81 19 0.10177
81 48 0.0707071
81 49 0.0060241
81 50 0.0745342
81 51 0.184466
81 52 0.0209424
81 80 0.00529101
81 82 0.166667
81 83 0.0364583
81 84 0.0365854
81 112 0.182243
81 113 0.06
81 114 0.019802
81 142 0.0106952
81 143 0.0201005
81 144 0.0104167
82 19 0.01
82 21 0.00684932
82 50 0.0148148
82 51 0.0833333
82 52 0.0484848
82 81 0.166667
82 83 0.0240964
82 84 0.00724638
82 112 0.0106383
82 113 0.16092
82 114 0.0227273
82 143 0.0346821
82 144 0.0120482
83 21 0.0529412
83 22 0.0591133
83 23 0.027027
83 24 0.0217391
83 51 0.0294118
83 52 0.142857
83 53 0.209302
83 54 0.0045045
83 81 0.0364583
83 82 0.0240964
83 84 0.0802469
83 86 0.0544554
83 113 0.020202
83 114 0.005
83 115 0.142857
83 116 0.00606061
83 147 0.0106952
84 53 0.00694444
84 81 0.0365854
84 82 0.00724638
84 83 0.0802469
84 113 0.00588235
84 114 0.232558
84 115 0.129252
84 144 0.0246914
84 145 0.101266
84 146 0.0070922
84 147 0.0754717
85 53 0.0165289
85 54 0.00584795
85 56 0.0189873
85 86 0.271523
85 87 0.190476
85 115 0.0322581
85 116 0.184211
85 117 0.158416
85 118 0.00632911
85 147 0.0735294
85 148 0.00636943
85 149 0.0310078
86 23 0.0253807
86 24 0.0266667
86 53 0.190217
86 54 0.183761
86 55 0.0194805
86 56 0.140271
86 83 0.0544554
86 85 0.271523
86 87 0.0612245
86 115 0.0160428
86 116 0.079096
86 117 0.0243902
86 147 0.0301508
86 149 0.0364583
87 54 0.0239521
87 56 0.0909091
87 57 0.0117647
87 85 0.190476
87 86 0.0612245
87 116 0.0272727
87 117 0.14433
87 118 0.025974
87 119 0.0285714
87 147 0.0151515
87 149 0.096
88 56 0.012987
88 57 0.323887
88 59 0.0995261
88 89 0.0122699
88 118 0.021645
88 119 0.291209
88 149 0.0792079
88 151 0.147465
89 57 0.0909091
89 58 0.0350877
89 59 0.05
89 60 0.0574713
89 88 0.0122699
89 91 0.0973451
89 119 0.018018
89 120 0.222222
89 121 0.015873
89 122 0.0451128
89 151 0.0958904
90 59 0.0153846
90 60 0.0365854
90 91 0.0485437
90 121 0.241379
90 122 0.211382
90 123 0.032
91 59 0.0372671
91 60 0.158974
91 61 0.00540541
91 89 0.0973451
91 90 0.0485437
91 92 0.116883
91 120 0.0630631
91 122 0.194805
91 123 0.0192308
91 151 0.011976
92 29 0.0259067
92 30 0.0172414
92 60 0.0325581
92 61 0.185366
92 91 0.116883
92 122 0.0287356
92 123 0.227273
93 31 0.0210526
93 62 0.318627
93 63 0.435185
93 64 0.0223214
93 65 0.00934579
93 94 0.0561224
93 124 0.199134
93 125 0.0102564
93 156 0.00526316
94 62 0.0103093
94 63 0.116505
94 64 0.0186916
94 65 0.176471
94 93 0.0561224
94 95 0.016
94 97 0.0388889
94 124 0.0271493
94 125 0.205405
94 126 0.0165289
94 128 0.0854271
94 156 0.122222
95 33 0.0247934
95 34 0.0519481
95 64 0.0849673
95 65 0.0769231
95 94 0.016
95 97 0.117647
95 126 0.25
95 128 0.00724638
96 33 0.00653595
96 65 0.0171429
96 67 0.027972
96 97 0.0860927
96 98 0.211957
96 99 0.0107527
96 127 0.299065
96 128 0.0588235
96 129 0.0777778
96 157 0.00917431
96 159 0.0314465
97 33 0.0795455
97 35 0.035503
97 64 0.0144231
97 65 0.0858586
97 66 0.0107527
97 94 0.0388889
97 95 0.117647
97 96 0.0860927
97 98 0.183575
97 125 0.0167598
97 127 0.0307692
97 128 0.0829016
98 33 0.0191388
98 34 0.00606061
98 35 0.158416
98 36 0.0847458
98 65 0.030303
98 66 0.210046
98 67 0.100503
98 96 0.211957
98 97 0.183575
98 99 0.0289256
99 36 0.0798319
99 67 0.134328
99 68 0.0784314
99 69 0.00851064
99 96 0.0107527
99 98 0.0289256
99 100 0.0858896
99 129 0.163866
99 130 0.00456621
99 131 0.258333
99 159 0.00460829
99 161 0.0362694
100 68 0.0416667
100 71 0.0425532
100 99 0.0858896
100 101 0.0140845
100 130 0.057971
100 131 0.0691824
100 132 0.0955882
100 133 0.0215054
100 161 0.0892857
100 164 0.0932203
101 70 0.00675676
101 71 0.00769231
101 100 0.0140845
101 102 0.0185185
101 103 0.0288462
101 132 0.024
101 133 0.365854
101 134 0.0470588
101 162 0.0243902
101 163 0.0530303
101 164 0.28972
101 165 0.0448718
102 40 0.0166667
102 41 0.00735294
102 70 0.0492958
102 101 0.0185185
102 103 0.0816327
102 133 0.210526
102 134 0.240506
102 165 0.0266667
103 39 0.0122699
103 41 0.016129
103 70 0.140625
103 71 0.0632184
103 72 0.0510204
103 101 0.0288462
103 102 0.0816327
103 104 0.0285714
103 132 0.12426
103 133 0.047619
103 134 0.0697674
103 135 0.0465116
103 163 0.00568182
103 164 0.013245
103 165 0.09
104 72 0.0744681
104 74 0.0970149
104 75 0.0205128
104 103 0.0285714
104 105 0.0340909
104 134 0.00826446
104 135 0.219512
104 136 0.0530973
104 137 0.026178
104 167 0.0608696
104 168 0.0769231
105 104 0.0340909
105 106 0.0227273
105 134 0.012987
105 135 0.0416667
105 136 0.26087
105 137 0.0204082
106 76 0.0909091
106 105 0.0227273
106 136 0.0289855
106 137 0.0612245
106 138 0.0169492
106 139 0.0909091
107 76 0.0440252
107 108 0.0616438
107 110 0.0357143
107 137 0.0216216
107 138 0.198718
107 168 0.0340909
107 169 0.0564516
107 170 0.313609
108 44 0.0195122
108 46 0.223602
108 76 0.216216
108 77 0.119617
108 78 0.0287356
108 79 0.0252101
108 107 0.0616438
108 109 0.145161
108 110 0.231959
108 138 0.00549451
108 139 0.0740741
108 140 0.0284091
108 170 0.0153846
109 46 0.0914286
109 47 0.0390244
109 48 0.039801
109 49 0.0650888
109 76 0.00502513
109 77 0.044843
109 78 0.420213
109 79 0.037594
109 80 0.015625
109 108 0.145161
109 110 0.0865385
109 139 0.0245902
109 142 0.142105
110 46 0.0273224
110 76 0.0869565
110 77 0.0865801
110 78 0.0459184
110 79 0.0780142
110 80 0.04
110 107 0.0357143
110 108 0.231959
110 109 0.0865385
110 139 0.0615385
110 140 0.126263
110 141 0.0240385
110 142 0.020202
110 169 0.0232558
110 170 0.16129
110 172 0.0459184
111 79 0.00892857
111 80 0.169591
111 140 0.0591716
111 141 0.0502793
111 142 0.289941
111 143 0.0939227
111 171 0.0060241
111 172 0.107784
111 173 0.149254
111 174 0.0481928
111 175 0.0206897
112 48 0.252294
112 49 0.0215054
112 50 0.469613
112 51 0.039823
112 80 0.076555
112 81 0.182243
112 82 0.0106383
112 113 0.0136364
112 142 0.0289855
112 143 0.0639269
113 81 0.06
113 82 0.16092
113 83 0.020202
113 84 0.00588235
113 112 0.0136364
113 114 0.0913462
113 115 0.0327869
113 143 0.0926829
113 144 0.489899
113 145 0.00515464
113 146 0.0225989
113 173 0.00632911
113 175 0.0591716
113 177 0.0931677
114 81 0.019802
114 82 0.0227273
114 83 0.005
114 84 0.232558
114 113 0.0913462
114 115 0.162162
114 144 0.16
114 145 0.168367
114 146 0.139665
114 148 0.0137615
114 176 0.00628931
114 177 0.00613497
114 178 0.0628019
115 53 0.0573248
115 83 0.142857
115 84 0.129252
115 85 0.0322581
115 86 0.0160428
115 113 0.0327869
115 114 0.162162
115 116 0.173333
115 147 0.209302
115 148 0.0621762
115 178 0.010989
116 53 0.0136054
116 56 0.0108696
116 83 0.00606061
116 85 0.184211
116 86 0.079096
116 87 0.0272727
116 115 0.173333
116 117 0.102362
116 147 0.320988
116 148 0.180328
116 149 0.0129032
116 176 0.00806452
116 178 0.0406977
116 180 0.013245
117 56 0.00584795
117 85 0.158416
117 86 0.0243902
117 87 0.14433
117 116 0.102362
117 118 0.0350877
117 147 0.0201342
117 148 0.0176471
117 149 0.169014
117 150 0.030303
117 178 0.00628931
117 180 0.15942
118 85 0.00632911
118 87 0.025974
118 88 0.021645
118 117 0.0350877
118 119 0.122905
118 148 0.00881057
118 149 0.276382
118 150 0.116402
118 151 0.00934579
118 179 0.0809524
118 180 0.0461538
118 181 0.154472
119 56 0.00558659
119 57 0.0410256
119 87 0.0285714
119 88 0.291209
119 89 0.018018
119 118 0.122905
119 149 0.0333333
119 150 0.0142857
119 151 0.0424242
119 181 0.101523
120 60 0.00581395
120 89 0.222222
120 91 0.0630631
120 121 0.0241935
120 122 0.0534351
120 151 0.138889
120 152 0.00719424
120 153 0.0333333
120 182 0.0636364
121 89 0.015873
121 90 0.241379
121 120 0.0241935
121 122 0.209581
121 123 0.035503
121 151 0.0166667
121 152 0.36
121 153 0.0913979
122 59 0.0220994
122 60 0.116279
122 89 0.0451128
122 90 0.211382
122 91 0.194805
122 92 0.0287356
122 120 0.0534351
122 121 0.209581
122 123 0.0113636
122 151 0.0320856
122 152 0.0714286
122 153 0.0207254
123 90 0.032
123 91 0.0192308
123 92 0.227273
123 121 0.035503
123 122 0.0113636
123 152 0.0217391
123 153 0.0102564
123 154 0.0923077
123 185 0.0909091
124 62 0.0174672
124 63 0.06639
124 93 0.199134
124 94 0.0271493
124 125 0.0409091
124 155 0.35443
124 156 0.0372093
125 63 0.0292683
125 93 0.0102564
125 94 0.205405
125 97 0.0167598
125 124 0.0409091
125 126 0.133333
125 128 0.191919
125 155 0.0199005
125 156 0.273743
125 157 0.0291971
125 188 0.0344828
125 190 0.0152284
126 65 0.00719424
126 94 0.0165289
126 95 0.25
126 125 0.133333
126 128 0.0522388
126 156 0.0173913
126 157 0.0684932
127 96 0.299065
127 97 0.0307692
127 128 0.107383
127 129 0.0377358
127 157 0.0681818
127 158 0.0625
127 159 0.00724638
127 190 0.0472973
128 94 0.0854271
128 95 0.00724638
128 96 0.0588235
128 97 0.0829016
128 125 0.191919
128 126 0.0522388
128 127 0.107383
128 129 0.027027
128 156 0.134715
128 157 0.0662252
128 158 0.0171429
128 159 0.039801
128 190 0.132701
129 67 0.0923077
129 96 0.0777778
129 99 0.163866
129 127 0.0377358
129 128 0.027027
129 130 0.00469484
129 131 0.0470085
129 158 0.0162162
129 159 0.336493
129 160 0.00564972
129 161 0.15508
129 190 0.0316742
130 71 0.0406091
130 99 0.00456621
130 100 0.057971
130 129 0.00469484
130 131 0.116279
130 132 0.0729167
130 160 0.00632911
130 161 0.130952
130 162 0.242105
130 163 0.0100503
130 164 0.0402299
130 191 0.0428571
130 192 0.0191083
130 193 0.179104
131 67 0.137056
131 68 0.00671141
131 69 0.0779221
131 71 0.197248
131 99 0.258333
131 100 0.0691824
131 129 0.0470085
131 130 0.116279
131 132 0.0798122
131 161 0.010582
131 164 0.0205128
132 69 0.0192308
132 70 0.112676
132 71 0.261538
132 100 0.0955882
132 101 0.024
132 103 0.12426
132 130 0.0729167
132 131 0.0798122
132 133 0.0612245
132 134 0.0666667
132 163 0.0203046
132 164 0.19186
132 193 0.00502513
133 70 0.0294118
133 71 0.00657895
133 100 0.0215054
133 101 0.365854
133 102 0.210526
133 103 0.047619
133 132 0.0612245
133 134 0.140187
133 163 0.025974
133 164 0.131783
133 165 0.0168539
133 194 0.0186916
134 70 0.317919
134 71 0.0129032
134 101 0.0470588
134 102 0.240506
134 103 0.0697674
134 104 0.00826446
134 105 0.012987
134 132 0.0666667
134 133 0.140187
134 135 0.0261438
134 136 0.0196078
134 165 0.0276243
135 70 0.00925926
135 72 0.0727273
135 75 0.00440529
135 103 0.0465116
135 104 0.219512
135 105 0.0416667
135 134 0.0261438
135 136 0.144828
135 137 0.0403587
135 165 0.200893
135 166 0.0308642
135 167 0.0136054
135 168 0.046729
135 197 0.00510204
136 104 0.0530973
136 105 0.26087
136 106 0.0289855
136 134 0.0196078
136 135 0.144828
136 137 0.0406977
136 165 0.0231214
136 166 0.108108
136 167 0.0208333
136 168 0.0736196
136 197 0.0137931
136 198 0.0514706
137 74 0.119171
137 75 0.122047
137 76 0.111607
137 77 0.0120968
137 104 0.026178
137 105 0.0204082
137 106 0.0612245
137 107 0.0216216
137 135 0.0403587
137 136 0.0406977
137 138 0.171946
137 167 0.00574713
137 168 0.174274
137 169 0.037037
138 76 0.0205128
138 106 0.0169492
138 107 0.198718
138 108 0.00549451
138 137 0.171946
138 167 0.0758621
138 168 0.212264
138 169 0.01875
138 170 0.15122
138 198 0.027027
138 199 0.0606061
138 200 0.0131004
139 76 0.0991736
139 79 0.127273
139 106 0.0909091
139 108 0.0740741
139 109 0.0245902
139 110 0.0615385
139 140 0.00892857
140 79 0.0162602
140 80 0.0824176
140 108 0.0284091
140 110 0.126263
140 111 0.0591716
140 139 0.00892857
140 141 0.436842
140 142 0.0166667
140 170 0.0301508
140 172 0.264045
140 173 0.0551724
140 202 0.0229885
140 204 0.0266667
141 110 0.0240385
141 111 0.0502793
141 140 0.436842
141 142 0.00526316
141 170 0.00478469
141 171 0.117647
141 172 0.218085
141 173 0.0193548
141 202 0.23913
141 204 0.01875
142 78 0.134831
142 79 0.097561
142 80 0.153846
142 81 0.0106952
142 109 0.142105
142 110 0.020202
142 111 0.289941
142 112 0.0289855
142 140 0.0166667
142 141 0.00526316
142 143 0.00520833
142 172 0.00561798
142 173 0.0413793
143 80 0.139175
143 81 0.0201005
143 82 0.0346821
143 111 0.0939227
143 112 0.0639269
143 113 0.0926829
143 142 0.00520833
143 144 0.385787
143 174 0.0846561
143 175 0.0416667
143 206 0.00512821
144 81 0.0104167
144 82 0.0120482
144 84 0.0246914
144 113 0.489899
144 114 0.16
144 143 0.385787
144 145 0.0376344
144 173 0.0133333
144 174 0.010989
144 175 0.10559
144 177 0.0130719
145 84 0.101266
145 113 0.00515464
145 114 0.168367
145 144 0.0376344
145 146 0.0848485
145 175 0.0127389
145 176 0.00689655
145 177 0.0402685
145 178 0.0310881
145 205 0.0178571
145 206 0.228261
145 208 0.039548
146 84 0.0070922
146 113 0.0225989
146 114 0.139665
146 145 0.0848485
146 148 0.0909091
146 176 0.28125
146 177 0.212121
146 178 0.107955
146 206 0.011976
146 207 0.0223881
146 208 0.2625
146 210 0.03125
147 83 0.0106952
147 84 0.0754717
147 85 0.0735294
147 86 0.0301508
147 87 0.0151515
147 115 0.209302
147 116 0.320988
147 117 0.0201342
147 148 0.15122
147 149 0.0112994
147 178 0.0309278
148 85 0.00636943
148 114 0.0137615
148 115 0.0621762
148 116 0.180328
148 117 0.0176471
148 118 0.00881057
148 146 0.0909091
148 147 0.15122
148 149 0.010101
148 176 0.0958084
148 178 0.465116
148 179 0.062201
148 180 0.103093
148 210 0.0299401
148 211 0.0263158
149 85 0.0310078
149 86 0.0364583
149 87 0.096
149 88 0.0792079
149 116 0.0129032
149 117 0.169014
149 118 0.276382
149 119 0.0333333
149 147 0.0112994
149 148 0.010101
149 150 0.04375
149 151 0.00540541
149 180 0.0060241
149 181 0.0138249
150 117 0.030303
150 118 0.116402
150 119 0.0142857
150 149 0.04375
150 151 0.0857143
150 179 0.187135
150 180 0.275641
150 181 0.21256
150 182 0.0283688
150 210 0.00775194
150 211 0.0197368
150 212 0.0106383
150 213 0.00613497
151 88 0.147465
151 89 0.0958904
151 91 0.011976
151 118 0.00934579
151 119 0.0424242
151 120 0.138889
151 121 0.0166667
151 122 0.0320856
151 149 0.00540541
151 150 0.0857143
151 152 0.0358974
151 153 0.0194175
151 181 0.181034
151 182 0.114458
151 184 0.0341463
152 120 0.00719424
152 121 0.36
152 122 0.0714286
152 123 0.0217391
152 151 0.0358974
152 153 0.432836
152 184 0.025
152 185 0.0402685
152 215 0.0209424
153 120 0.0333333
153 121 0.0913979
153 122 0.0207254
153 123 0.0102564
153 151 0.0194175
153 152 0.432836
153 183 0.0791367
153 184 0.0995261
153 185 0.03125
153 215 0.133663
154 123 0.0923077
154 185 0.157895
154 215 0.0656934
155 124 0.35443
155 125 0.0199005
155 156 0.0408163
155 186 0.211009
155 187 0.0204082
155 217 0.09
156 93 0.00526316
156 94 0.122222
156 124 0.0372093
156 125 0.273743
156 126 0.0173913
156 128 0.134715
156 155 0.0408163
156 187 0.0632184
156 188 0.0414201
157 96 0.00917431
157 125 0.0291971
157 126 0.0684932
157 127 0.0681818
157 128 0.0662252
157 158 0.140351
157 188 0.15748
157 189 0.0362319
157 190 0.206667
158 127 0.0625
158 128 0.0171429
158 129 0.0162162
158 157 0.140351
158 159 0.0121951
158 160 0.0923077
158 188 0.013245
158 189 0.0740741
158 190 0.310345
158 220 0.00694444
158 221 0.171053
158 222 0.108108
159 96 0.0314465
159 99 0.00460829
159 127 0.00724638
159 128 0.039801
159 129 0.336493
159 158 0.0121951
159 160 0.0576923
159 161 0.120482
159 190 0.055
159 193 0.0100503
159 222 0.0632184
160 129 0.00564972
160 130 0.00632911
160 158 0.0923077
160 159 0.0576923
160 161 0.159091
160 191 0.365385
160 193 0.10303
160 221 0.152778
160 222 0.235714
160 223 0.0359712
161 99 0.0362694
161 100 0.0892857
161 129 0.15508
161 130 0.130952
161 131 0.010582
161 159 0.120482
161 160 0.159091
161 162 0.0121951
161 191 0.166667
161 193 0.171429
161 222 0.00666667
162 101 0.0243902
162 130 0.242105
162 161 0.0121951
162 163 0.297436
162 164 0.0588235
162 192 0.176471
162 193 0.22335
162 194 0.0743243
162 195 0.0304878
162 223 0.00584795
162 224 0.0175439
162 225 0.0440252
163 101 0.0530303
163 103 0.00568182
163 130 0.0100503
163 132 0.0203046
163 133 0.025974
163 162 0.297436
163 164 0.223464
163 165 0.114035
163 193 0.0242718
163 194 0.121019
163 195 0.0520231
163 196 0.195531
163 224 0.0111111
163 225 0.00595238
164 100 0.0932203
164 101 0.28972
164 103 0.013245
164 130 0.0402299
164 131 0.0205128
164 132 0.19186
164 133 0.131783
164 162 0.0588235
164 163 0.223464
164 165 0.0246305
164 193 0.0883978
164 194 0.0984849
164 195 0.0202703
164 196 0.00649351
165 101 0.0448718
165 102 0.0266667
165 103 0.09
165 133 0.0168539
165 134 0.0276243
165 135 0.200893
165 136 0.0231214
165 163 0.114035
165 164 0.0246305
165 166 0.0947368
165 167 0.0114286
165 195 0.0456853
165 196 0.0640394
165 197 0.125
166 135 0.0308642
166 136 0.108108
166 165 0.0947368
166 167 0.00884956
166 196 0.0425532
166 197 0.0864198
166 198 0.176471
166 228 0.0357143
167 104 0.0608696
167 135 0.0136054
167 136 0.0208333
167 137 0.00574713
167 138 0.0758621
167 165 0.0114286
167 166 0.00884956
167 168 0.121212
167 197 0.0748299
167 198 0.0797101
167 199 0.0847458
168 104 0.0769231
168 107 0.0340909
168 135 0.046729
168 136 0.0736196
168 137 0.174274
168 138 0.212264
168 167 0.121212
168 169 0.00555556
168 198 0.0780488
168 199 0.178378
168 200 0.0843373
168 201 0.0041841
169 107 0.0564516
169 110 0.0232558
169 137 0.037037
169 138 0.01875
169 168 0.00555556
169 170 0.271676
169 200 0.167513
169 201 0.187166
170 107 0.313609
170 108 0.0153846
170 110 0.16129
170 138 0.15122
170 140 0.0301508
170 141 0.00478469
170 169 0.271676
170 171 0.00510204
170 200 0.14876
170 201 0.00862069
170 202 0.0725389
171 111 0.0060241
171 141 0.117647
171 170 0.00510204
171 172 0.137143
171 201 0.0904762
171 202 0.339181
171 203 0.013245
171 204 0.0612245
171 233 0.143617
172 110 0.0459184
172 111 0.107784
172 140 0.264045
172 141 0.218085
172 142 0.00561798
172 171 0.137143
172 173 0.0839161
172 202 0.00581395
172 203 0.00657895
172 204 0.168919
173 111 0.149254
173 113 0.00632911
173 140 0.0551724
173 141 0.0193548
173 142 0.0413793
173 144 0.0133333
173 172 0.0839161
173 174 0.00704225
173 175 0.14876
173 203 0.0756303
173 204 0.165217
173 236 0.0152672
174 111 0.0481928
174 143 0.0846561
174 144 0.010989
174 173 0.00704225
174 175 0.163399
174 204 0.217687
174 205 0.243902
174 206 0.183333
174 234 0.0166667
174 236 0.0613497
175 111 0.0206897
175 113 0.0591716
175 143 0.0416667
175 144 0.10559
175 145 0.0127389
175 173 0.14876
175 174 0.163399
175 177 0.0403226
175 204 0.00793651
175 205 0.0629371
175 206 0.132075
175 207 0.015873
175 236 0.0422535
176 114 0.00628931
176 116 0.00806452
176 145 0.00689655
176 146 0.28125
176 148 0.0958084
176 177 0.125
176 178 0.0576923
176 179 0.0133333
176 180 0.0222222
176 207 0.00877193
176 208 0.0642857
176 210 0.194444
176 239 0.00740741
176 240 0.0731707
176 241 0.00621118
176 242 0.013986
177 113 0.0931677
177 114 0.00613497
177 144 0.0130719
177 145 0.0402685
177 146 0.212121
177 175 0.0403226
177 176 0.125
177 178 0.0125
177 205 0.0296296
177 206 0.0331126
177 207 0.110169
177 208 0.138889
177 238 0.0148148
177 240 0.0119048
178 114 0.0628019
178 115 0.010989
178 116 0.0406977
178 117 0.00628931
178 145 0.0310881
178 146 0.107955
178 147 0.0309278
178 148 0.465116
178 176 0.0576923
178 177 0.0125
178 179 0.010101
178 180 0.0546448
178 208 0.00531915
178 210 0.0320513
178 211 0.027933
178 240 0.0801887
179 118 0.0809524
179 148 0.062201
179 150 0.187135
179 176 0.0133333
179 178 0.010101
179 180 0.19209
179 181 0.0657895
179 210 0.16
179 211 0.121387
179 212 0.0717703
179 213 0.048913
179 240 0.0631068
179 241 0.0295567
179 242 0.0486486
179 243 0.0147059
180 116 0.013245
180 117 0.15942
180 118 0.0461538
180 148 0.103093
180 149 0.0060241
180 150 0.275641
180 176 0.0222222
180 178 0.0546448
180 179 0.19209
180 181 0.00469484
180 210 0.2
180 211 0.0696203
180 213 0.0118343
180 240 0.0157068
181 118 0.154472
181 119 0.101523
181 149 0.0138249
181 150 0.21256
181 151 0.181034
181 179 0.0657895
181 180 0.00469484
181 182 0.040404
181 183 0.0363636
181 184 0.0548523
181 212 0.0979592
181 213 0.104545
182 120 0.0636364
182 150 0.0283688
182 151 0.114458
182 181 0.040404
182 184 0.292398
182 212 0.0502793
182 244 0.0138889
182 245 0.016129
183 153 0.0791367
183 181 0.0363636
183 184 0.0507246
183 212 0.0205479
183 213 0.0247934
183 243 0.0141844
183 244 0.00900901
183 245 0.130719
184 151 0.0341463
184 152 0.025
184 153 0.0995261
184 181 0.0548523
184 182 0.292398
184 183 0.0507246
184 212 0.00917431
184 214 0.0616438
184 215 0.0746269
184 243 0.00469484
184 244 0.0327869
184 245 0.133333
185 123 0.0909091
185 152 0.0402685
185 153 0.03125
185 154 0.157895
185 215 0.18
186 155 0.211009
186 187 0.0918367
186 188 0.0052356
186 217 0.45
186 218 0.126582
186 248 0.0285714
187 155 0.0204082
187 156 0.0632184
187 186 0.0918367
187 188 0.218935
187 189 0.0555556
187 190 0.00520833
187 217 0.00561798
187 218 0.0837209
187 219 0.0632184
187 220 0.0123457
187 248 0.00653595
187 250 0.0384615
188 125 0.0344828
188 156 0.0414201
188 157 0.15748
188 158 0.013245
188 186 0.0052356
188 187 0.218935
188 189 0.0914286
188 190 0.101604
188 218 0.0380952
188 219 0.142012
188 220 0.0764331
188 252 0.0230769
189 157 0.0362319
189 158 0.0740741
189 187 0.0555556
189 188 0.0914286
189 190 0.227273
189 219 0.0111111
189 220 0.291667
189 221 0.0113636
189 222 0.0523256
189 252 0.0283688
190 125 0.0152284
190 127 0.0472973
190 128 0.132701
190 129 0.0316742
190 157 0.206667
190 158 0.310345
190 159 0.055
190 187 0.00520833
190 188 0.101604
190 189 0.227273
190 220 0.0333333
190 221 0.0159574
190 222 0.0271739
191 130 0.0428571
191 160 0.365385
191 161 0.166667
191 193 0.0340136
191 221 0.031746
191 222 0.0901639
192 130 0.0191083
192 162 0.176471
192 193 0.158537
192 194 0.00869565
192 222 0.0143885
192 223 0.231884
192 224 0.0144928
192 225 0.0793651
192 254 0.0127389
192 255 0.00869565
193 130 0.179104
193 132 0.00502513
193 159 0.0100503
193 160 0.10303
193 161 0.171429
193 162 0.22335
193 163 0.0242718
193 164 0.0883978
193 191 0.0340136
193 192 0.158537
193 194 0.0377358
193 222 0.0218579
193 223 0.131868
193 224 0.0934066
193 225 0.0882353
194 133 0.0186916
194 162 0.0743243
194 163 0.121019
194 164 0.0984849
194 192 0.00869565
194 193 0.0377358
194 195 0.126984
194 224 0.120301
194 225 0.0165289
194 255 0.0727273
195 162 0.0304878
195 163 0.0520231
195 164 0.0202703
195 165 0.0456853
195 194 0.126984
195 196 0.398649
195 197 0.0414201
195 225 0.0437956
195 226 0.0211268
195 227 0.00598802
195 256 0.00653595
195 258 0.00684932
196 163 0.195531
196 164 0.00649351
196 165 0.0640394
196 166 0.0425532
196 195 0.398649
196 197 0.125714
196 226 0.0202703
196 227 0.0231214
196 228 0.04
196 256 0.00628931
196 258 0.0460526
196 260 0.0636943
197 135 0.00510204
197 136 0.0137931
197 165 0.125
197 166 0.0864198
197 167 0.0748299
197 195 0.0414201
197 196 0.125714
197 198 0.208556
197 228 0.0547945
197 229 0.00609756
197 230 0.00446429
197 258 0.0404624
197 260 0.101124
198 136 0.0514706
198 138 0.027027
198 166 0.176471
198 167 0.0797101
198 168 0.0780488
198 197 0.208556
198 199 0.0506329
198 200 0.0315315
198 228 0.0291971
198 230 0.15814
198 258 0.00609756
198 260 0.0236686
199 138 0.0606061
199 167 0.0847458
199 168 0.178378
199 198 0.0506329
199 200 0.143564
199 201 0.03125
199 230 0.153846
199 231 0.0306748
199 260 0.0134228
200 138 0.0131004
200 168 0.0843373
200 169 0.167513
200 170 0.14876
200 198 0.0315315
200 199 0.143564
200 201 0.332031
200 202 0.00460829
200 230 0.0617761
200 231 0.0572687
201 168 0.0041841
201 169 0.187166
201 170 0.00862069
201 171 0.0904762
201 199 0.03125
201 200 0.332031
201 202 0.0289855
201 230 0.00803213
201 231 0.0322581
201 232 0.104478
201 233 0.0625
201 263 0.0948276
202 140 0.0229885
202 141 0.23913
202 170 0.0725389
202 171 0.339181
202 172 0.00581395
202 200 0.00460829
202 201 0.0289855
203 171 0.013245
203 172 0.00657895
203 173 0.0756303
203 204 0.153226
203 232 0.0422535
203 233 0.242424
203 235 0.0774194
203 236 0.107143
203 263 0.0115607
204 140 0.0266667
204 141 0.01875
204 171 0.0612245
204 172 0.168919
204 173 0.165217
204 174 0.217687
204 175 0.00793651
204 203 0.153226
204 233 0.0248447
204 234 0.0130719
204 235 0.0331126
204 236 0.205882
204 267 0.0136054
205 145 0.0178571
205 174 0.243902
205 175 0.0629371
205 177 0.0296296
205 206 0.123529
205 207 0.0510949
205 208 0.0122699
205 235 0.00595238
205 236 0.176471
205 237 0.0373832
205 238 0.188312
205 267 0.0609756
205 268 0.064
206 143 0.00512821
206 145 0.228261
206 146 0.011976
206 174 0.183333
206 175 0.132075
206 177 0.0331126
206 205 0.123529
206 207 0.0653595
206 208 0.0614525
206 209 0.00520833
206 238 0.0235294
206 267 0.0222222
206 268 0.0141844
207 146 0.0223881
207 175 0.015873
207 176 0.00877193
207 177 0.110169
207 205 0.0510949
207 206 0.0653595
207 208 0.30137
207 209 0.138365
207 237 0.0111111
207 238 0.10219
207 239 0.212766
207 240 0.0294118
207 268 0.0555556
207 269 0.0638298
208 145 0.039548
208 146 0.2625
208 176 0.0642857
208 177 0.138889
208 178 0.00531915
208 205 0.0122699
208 206 0.0614525
208 207 0.30137
208 209 0.0540541
208 237 0.00862069
208 238 0.00613497
208 239 0.0658683
208 240 0.112245
208 241 0.0518135
209 206 0.00520833
209 207 0.138365
209 208 0.0540541
209 210 0.0130719
209 237 0.0232558
209 238 0.0113636
209 239 0.4
209 240 0.0478469
209 241 0.135922
209 269 0.105556
209 270 0.0397727
209 271 0.0140845
209 272 0.0191388
210 146 0.03125
210 148 0.0299401
210 150 0.00775194
210 176 0.194444
210 178 0.0320513
210 179 0.16
210 180 0.2
210 209 0.0130719
210 211 0.0610687
210 239 0.00740741
210 240 0.0243902
210 241 0.0434783
210 242 0.0699301
211 148 0.0263158
211 150 0.0197368
211 178 0.027933
211 179 0.121387
211 180 0.0696203
211 210 0.0610687
211 212 0.0578947
211 213 0.278788
211 240 0.026738
211 241 0.0380435
211 242 0.060241
211 243 0.0432432
211 273 0.00636943
212 150 0.0106383
212 179 0.0717703
212 181 0.0979592
212 182 0.0502793
212 183 0.0205479
212 184 0.00917431
212 211 0.0578947
212 213 0.472637
212 214 0.00649351
212 242 0.029703
212 243 0.226244
212 244 0.0575916
212 245 0.00429185
212 273 0.0207254
213 150 0.00613497
213 179 0.048913
213 180 0.0118343
213 181 0.104545
213 183 0.0247934
213 211 0.278788
213 212 0.472637
213 242 0.0338983
213 243 0.0714286
214 184 0.0616438
214 212 0.00649351
214 215 0.0218978
214 243 0.0134228
214 244 0.327731
214 245 0.0496894
215 152 0.0209424
215 153 0.133663
215 154 0.0656934
215 184 0.0746269
215 185 0.18
215 214 0.0218978
215 216 0.0792683
215 245 0.115741
215 278 0.0738916
216 215 0.0792683
216 246 0.00543478
216 247 0.06
216 278 0.417143
217 155 0.09
217 186 0.45
217 187 0.00561798
217 218 0.0958904
217 248 0.121019
217 280 0.0322581
218 186 0.126582
218 187 0.0837209
218 188 0.0380952
218 217 0.0958904
218 219 0.15814
218 220 0.00492611
218 248 0.113402
218 249 0.0348837
218 250 0.246637
218 279 0.0097561
218 280 0.210762
218 281 0.00423729
219 187 0.0632184
219 188 0.142012
219 189 0.0111111
219 218 0.15814
219 220 0.148148
219 249 0.259542
219 250 0.197802
219 251 0.00543478
219 252 0.133333
219 281 0.0153846
220 158 0.00694444
220 187 0.0123457
220 188 0.0764331
220 189 0.291667
220 190 0.0333333
220 218 0.00492611
220 219 0.148148
220 221 0.00632911
220 222 0.00649351
220 249 0.00840336
220 250 0.0176471
220 251 0.00581395
220 252 0.186992
220 281 0.0327869
220 282 0.0153846
220 283 0.119048
221 158 0.171053
221 160 0.152778
221 189 0.0113636
221 190 0.0159574
221 191 0.031746
221 220 0.00632911
221 222 0.135802
221 223 0.00621118
221 252 0.0687023
221 282 0.347826
222 158 0.108108
222 159 0.0632184
222 160 0.235714
222 161 0.00666667
222 189 0.0523256
222 190 0.0271739
222 191 0.0901639
222 192 0.0143885
222 193 0.0218579
222 220 0.00649351
222 221 0.135802
222 223 0.140127
222 252 0.0551181
222 254 0.0113636
222 282 0.0820896
222 283 0.00581395
223 160 0.0359712
223 162 0.00584795
223 192 0.231884
223 193 0.131868
223 221 0.00621118
223 222 0.140127
223 224 0.0576923
223 225 0.0347222
223 253 0.0564516
223 254 0.337143
223 283 0.00584795
223 287 0.00666667
224 162 0.0175439
224 163 0.0111111
224 192 0.0144928
224 193 0.0934066
224 194 0.120301
224 223 0.0576923
224 225 0.333333
224 226 0.0671141
224 254 0.0171429
224 255 0.285714
224 256 0.03125
224 287 0.0333333
225 162 0.0440252
225 163 0.00595238
225 192 0.0793651
225 193 0.0882353
225 194 0.0165289
225 195 0.0437956
225 223 0.0347222
225 224 0.333333
225 226 0.233577
225 254 0.0245399
225 255 0.14876
225 256 0.108108
225 257 0.00606061
225 287 0.0289855
226 195 0.0211268
226 196 0.0202703
226 224 0.0671141
226 225 0.233577
226 255 0.0793651
226 256 0.254902
226 257 0.152941
226 287 0.111888
226 288 0.0179641
226 289 0.181818
227 195 0.00598802
227 196 0.0231214
227 228 0.0416667
227 229 0.0432099
227 256 0.0280899
227 257 0.128205
227 258 0.479532
227 259 0.0828729
227 260 0.0397727
227 290 0.22561
228 166 0.0357143
228 196 0.04
228 197 0.0547945
228 198 0.0291971
228 227 0.0416667
228 229 0.0263158
228 230 0.0574713
228 258 0.097561
228 259 0.0075188
228 260 0.359375
228 261 0.0208333
229 197 0.00609756
229 227 0.0432099
