0 1 0.309278
0 2 0.075
0 31 0.0316456
0 32 0.295566
0 63 0.00568182
1 0 0.309278
1 2 0.0993377
1 3 0.0336134
1 31 0.0201342
1 32 0.123711
1 33 0.136364
1 62 0.0122699
1 63 0.0598802
2 0 0.075
2 1 0.0993377
2 3 0.230769
2 4 0.0935961
2 31 0.0141509
2 32 0.268482
2 33 0.115607
2 34 0.0352423
2 63 0.0608696
2 66 0.014218
3 1 0.0336134
3 2 0.230769
3 4 0.122807
3 32 0.00444444
3 33 0.156028
3 34 0.312821
3 35 0.00757576
3 63 0.0656566
3 66 0.0558659
4 2 0.0935961
4 3 0.122807
4 5 0.0505618
4 33 0.0185185
4 34 0.421296
4 35 0.00653595
4 36 0.107296
4 66 0.03
5 4 0.0505618
5 6 0.256579
5 7 0.0721649
5 34 0.207921
5 35 0.057554
5 36 0.173516
5 67 0.0150376
5 68 0.00970874
6 5 0.256579
6 7 0.269231
6 35 0.0314961
6 36 0.0338164
6 37 0.0333333
6 38 0.0797546
6 67 0.0495868
6 68 0.0206186
7 5 0.0721649
7 6 0.269231
7 8 0.0454545
7 36 0.104418
7 37 0.220721
7 38 0.0829268
7 39 0.0139535
7 68 0.0338983
8 7 0.0454545
8 9 0.443038
8 10 0.0236686
8 37 0.0255102
8 38 0.027933
8 39 0.042328
8 40 0.201183
8 41 0.0106952
8 69 0.00826446
8 71 0.0915033
9 8 0.443038
9 10 0.103226
9 11 0.0052356
9 38 0.0666667
9 39 0.0742857
9 40 0.496774
9 42 0.00641026
9 71 0.0359712
10 8 0.0236686
10 9 0.103226
10 11 0.282178
10 12 0.00990099
10 39 0.0107527
10 40 0.186747
10 41 0.0434783
10 42 0.227545
10 71 0.0533333
11 9 0.0052356
11 10 0.282178
11 12 0.105042
11 40 0.0445545
11 41 0.0409091
11 42 0.463054
11 43 0.0103448
11 44 0.0133333
11 71 0.0107527
11 73 0.00487805
11 74 0.00414938
12 10 0.00990099
12 11 0.105042
12 13 0.254902
12 42 0.182266
12 43 0.258621
12 44 0.08
13 12 0.254902
13 14 0.138614
13 42 0.0177515
13 43 0.261719
13 44 0.12069
13 45 0.0333333
14 13 0.138614
14 16 0.0871369
14 43 0.0763889
14 45 0.0367647
14 46 0.292254
14 47 0.0940594
15 16 0.217143
15 17 0.244444
15 18 0.0686275
15 46 0.0275229
15 47 0.264706
15 48 0.0810811
15 49 0.0112994
15 78 0.0273973
15 79 0.0537634
16 14 0.0871369
16 15 0.217143
16 17 0.0613497
16 18 0.0857143
16 46 0.0584192
16 47 0.23445
16 48 0.131783
16 49 0.084
17 15 0.244444
17 16 0.0613497
17 18 0.211111
17 47 0.016129
17 48 0.0404624
17 49 0.0909091
17 79 0.185185
18 15 0.0686275
18 16 0.0857143
18 17 0.211111
18 19 0.0511364
18 48 0.0432432
18 49 0.338983
18 79 0.0107527
19 18 0.0511364
19 20 0.135135
19 49 0.223108
19 50 0.265683
19 51 0.0748663
19 80 0.0447761
20 19 0.135135
20 21 0.0743243
20 50 0.197531
20 51 0.220126
20 83 0.0114943
21 20 0.0743243
21 22 0.0588235
21 23 0.0253165
21 51 0.079646
21 52 0.121951
21 53 0.166667
21 83 0.0078125
21 84 0.025
22 21 0.0588235
22 23 0.494792
22 24 0.0755814
22 53 0.261628
22 55 0.12973
22 84 0.0519481
22 86 0.00606061
23 21 0.0253165
23 22 0.494792
23 24 0.0206186
23 25 0.0432099
23 53 0.206186
23 55 0.0386473
23 84 0.0340909
23 85 0.0108108
24 22 0.0755814
24 23 0.0206186
24 25 0.147887
24 26 0.0106383
24 53 0.0114943
24 54 0.0379747
24 55 0.545455
24 57 0.027027
24 84 0.00641026
25 23 0.0432099
25 24 0.147887
25 26 0.0384615
25 54 0.0396825
25 55 0.122581
25 56 0.06
25 57 0.0849673
25 88 0.0520833
26 24 0.0106383
26 25 0.0384615
26 27 0.01875
26 28 0.125604
26 55 0.00995025
26 56 0.0136986
26 57 0.457286
26 58 0.0436893
26 86 0.00552486
26 87 0.0217391
27 26 0.01875
27 28 0.345455
27 29 0.0952381
27 57 0.0254777
27 58 0.0487805
28 26 0.125604
28 27 0.345455
28 29 0.127168
28 57 0.0147059
28 58 0.170616
28 59 0.126168
28 60 0.00995025
29 27 0.0952381
29 28 0.127168
29 30 0.0869565
29 58 0.00581395
29 59 0.0342857
29 60 0.111111
30 29 0.0869565
30 60 0.13986
30 61 0.15
31 0 0.0316456
31 1 0.0201342
31 2 0.0141509
31 32 0.219608
31 62 0.299107
31 63 0.0219298
31 93 0.0318471
32 0 0.295566
32 1 0.123711
32 2 0.268482
32 3 0.00444444
32 31 0.219608
32 33 0.00462963
32 63 0.0586081
33 1 0.136364
33 2 0.115607
33 3 0.156028
33 4 0.0185185
33 32 0.00462963
33 34 0.0376344
33 35 0.0162602
33 62 0.0162162
33 63 0.275132
33 64 0.176991
33 65 0.0182927
33 66 0.129412
33 96 0.0447761
34 2 0.0352423
34 3 0.312821
34 4 0.421296
34 5 0.207921
34 33 0.0376344
34 35 0.0225989
34 36 0.155642
34 63 0.00411523
34 66 0.0714286
34 68 0.00819672
35 3 0.00757576
35 4 0.00653595
35 5 0.057554
35 6 0.0314961
35 33 0.0162602
35 34 0.0225989
35 36 0.0876289
35 66 0.26087
35 67 0.416667
35 68 0.138122
35 96 0.152
35 97 0.0454545
36 4 0.107296
36 5 0.173516
36 6 0.0338164
36 7 0.104418
36 34 0.155642
36 35 0.0876289
36 37 0.0607287
36 66 0.0912863
36 67 0.0531915
36 68 0.260536
36 96 0.0341463
36 97 0.0512821
36 99 0.00552486
37 6 0.0333333
37 7 0.220721
37 8 0.0255102
37 36 0.0607287
37 38 0.142857
37 39 0.192488
37 68 0.141026
37 70 0.0654206
37 100 0.00921659
38 6 0.0797546
38 7 0.0829268
38 8 0.027933
38 9 0.0666667
38 37 0.142857
38 39 0.25
38 40 0.0568182
38 68 0.0599078
38 69 0.195312
38 70 0.162437
38 71 0.0125
38 99 0.0510949
38 100 0.005
38 102 0.010929
38 103 0.00653595
39 7 0.0139535
39 8 0.042328
39 9 0.0742857
39 10 0.0107527
39 37 0.192488
39 38 0.25
39 40 0.0967742
39 41 0.0343137
39 69 0.0869565
39 70 0.0724638
39 71 0.2
39 100 0.0428571
39 102 0.0777202
39 103 0.0736196
40 8 0.201183
40 9 0.496774
40 10 0.186747
40 11 0.0445545
40 38 0.0568182
40 39 0.0967742
40 71 0.0333333
41 8 0.0106952
41 10 0.0434783
41 11 0.0409091
41 39 0.0343137
41 42 0.0216216
41 71 0.208333
41 72 0.389535
41 73 0.42246
41 101 0.0075188
41 102 0.0052356
41 103 0.068323
41 104 0.0108696
42 9 0.00641026
42 10 0.227545
42 11 0.463054
42 12 0.182266
42 13 0.0177515
42 41 0.0216216
42 44 0.0956522
42 71 0.013245
42 72 0.00645161
42 74 0.00485437
43 11 0.0103448
43 12 0.258621
43 13 0.261719
43 14 0.0763889
43 44 0.0891089
43 45 0.371166
43 46 0.00295858
43 74 0.0273038
43 75 0.00790514
43 76 0.00980392
44 11 0.0133333
44 12 0.08
44 13 0.12069
44 42 0.0956522
44 43 0.0891089
44 45 0.102151
44 74 0.0196078
44 75 0.0265487
45 13 0.0333333
45 14 0.0367647
45 43 0.371166
45 44 0.102151
45 46 0.223602
45 74 0.0830325
45 75 0.0464135
45 76 0.202128
45 105 0.00431034
45 106 0.00823045
45 107 0.140411
46 14 0.292254
46 15 0.0275229
46 16 0.0584192
46 43 0.00295858
46 45 0.223602
46 47 0.194444
46 48 0.00332226
46 76 0.1
46 77 0.0804598
46 107 0.0361842
46 109 0.0810811
47 14 0.0940594
47 15 0.264706
47 16 0.23445
47 17 0.016129
47 46 0.194444
47 48 0.118721
47 77 0.0782123
47 78 0.0560748
47 79 0.00787402
47 109 0.0607477
47 110 0.00917431
48 15 0.0810811
48 16 0.131783
48 17 0.0404624
48 18 0.0432432
48 46 0.00332226
48 47 0.118721
48 49 0.0807692
48 77 0.114035
48 78 0.0128205
48 79 0.136364
48 80 0.0505415
48 109 0.193916
48 111 0.0144928
48 112 0.021097
49 15 0.0112994
49 16 0.084
49 17 0.0909091
49 18 0.338983
49 19 0.223108
49 48 0.0807692
49 50 0.0110294
49 79 0.0595238
49 80 0.063197
50 19 0.265683
50 20 0.197531
50 49 0.0110294
50 51 0.0817308
50 80 0.148789
50 82 0.357414
50 112 0.0562249
50 113 0.0046729
51 19 0.0748663
51 20 0.220126
51 21 0.079646
51 50 0.0817308
51 52 0.0223881
51 82 0.178771
51 83 0.129496
51 113 0.0769231
52 21 0.121951
52 51 0.0223881
52 53 0.0251572
52 83 0.442953
52 84 0.035461
52 113 0.0214286
52 114 0.0240964
52 116 0.0150376
53 21 0.166667
53 22 0.261628
53 23 0.206186
53 24 0.0114943
53 52 0.0251572
53 54 0.0189873
53 55 0.00534759
53 84 0.24359
53 85 0.133333
54 24 0.0379747
54 25 0.0396825
54 53 0.0189873
54 55 0.0233918
54 57 0.00591716
54 84 0.121429
54 85 0.0402685
54 86 0.0993377
54 87 0.253247
54 116 0.0606061
54 117 0.0211268
54 118 0.0166667
55 22 0.12973
55 23 0.0386473
55 24 0.545455
55 25 0.122581
55 26 0.00995025
55 53 0.00534759
55 54 0.0233918
55 57 0.0555556
55 84 0.0473373
55 86 0.00555556
55 87 0.010929
56 25 0.06
56 26 0.0136986
56 57 0.048951
56 58 0.02
56 86 0.176
56 87 0.0859375
56 88 0.348837
56 89 0.015873
56 119 0.0144928
56 120 0.045977
57 24 0.027027
57 25 0.0849673
57 26 0.457286
57 27 0.0254777
57 28 0.0147059
57 54 0.00591716
57 55 0.0555556
57 56 0.048951
57 58 0.1133
57 86 0.0280899
57 87 0.0718232
57 89 0.00558659
58 26 0.0436893
58 27 0.0487805
58 28 0.170616
58 29 0.00581395
58 56 0.02
58 57 0.1133
58 59 0.215962
58 87 0.0159574
58 89 0.16129
58 90 0.00699301
58 120 0.00680272
59 28 0.126168
59 29 0.0342857
59 58 0.215962
59 60 0.246305
59 61 0.045
59 89 0.0687831
59 90 0.0342466
59 91 0.0594595
59 120 0.00666667
59 122 0.038835
60 28 0.00995025
60 29 0.111111
60 30 0.13986
60 59 0.246305
60 61 0.256684
60 91 0.0465116
61 30 0.15
61 59 0.045
61 60 0.256684
61 91 0.0236686
61 92 0.0336134
61 122 0.1
62 1 0.0122699
62 31 0.299107
62 33 0.0162162
62 63 0.140496
62 93 0.181287
62 94 0.0222222
62 95 0.0813954
62 125 0.039823
63 0 0.00568182
63 1 0.0598802
63 2 0.0608696
63 3 0.0656566
63 31 0.0219298
63 32 0.0586081
63 33 0.275132
63 34 0.00411523
63 62 0.140496
63 64 0.158824
63 65 0.0995475
63 66 0.127753
63 93 0.04
63 94 0.11413
63 95 0.0227273
63 96 0.026178
64 33 0.176991
64 63 0.158824
64 65 0.062069
64 66 0.0463576
64 94 0.203704
64 95 0.05
64 96 0.0608696
65 33 0.0182927
65 63 0.0995475
65 64 0.062069
65 66 0.0940594
65 94 0.0314465
65 95 0.119205
65 96 0.10241
65 97 0.133333
65 125 0.00487805
65 126 0.136126
65 127 0.2
65 128 0.028169
66 2 0.014218
66 3 0.0558659
66 4 0.03
66 33 0.129412
66 34 0.0714286
66 35 0.26087
66 36 0.0912863
66 63 0.127753
66 64 0.0463576
66 65 0.0940594
66 67 0.083871
66 94 0.00606061
66 96 0.238372
66 97 0.169154
67 5 0.0150376
67 6 0.0495868
67 35 0.416667
67 36 0.0531915
67 66 0.083871
67 68 0.108571
67 96 0.201681
67 98 0.011976
68 5 0.00970874
68 6 0.0206186
68 7 0.0338983
68 34 0.00819672
68 35 0.138122
68 36 0.260536
68 37 0.141026
68 38 0.0599078
68 67 0.108571
68 70 0.0526316
68 96 0.0208333
68 97 0.0542986
68 98 0.0916667
68 99 0.255952
68 130 0.1
69 8 0.00826446
69 38 0.195312
69 39 0.0869565
69 70 0.165468
69 71 0.186275
69 100 0.00704225
69 102 0.008
70 37 0.0654206
70 38 0.162437
70 39 0.0724638
70 68 0.0526316
70 69 0.165468
70 98 0.0727273
70 99 0.0743243
70 100 0.312796
70 102 0.0876289
70 103 0.00609756
70 130 0.1
70 131 0.101124
70 132 0.0634921
71 8 0.0915033
71 9 0.0359712
71 10 0.0533333
71 11 0.0107527
71 38 0.0125
71 39 0.2
71 40 0.0333333
71 41 0.208333
71 42 0.013245
71 69 0.186275
71 72 0.246377
71 73 0.0718954
71 103 0.0472441
72 41 0.389535
72 42 0.00645161
72 71 0.246377
72 73 0.0828025
72 75 0.0392157
72 101 0.038835
72 103 0.0305344
72 105 0.00675676
73 11 0.00487805
73 41 0.42246
73 71 0.0718954
73 72 0.0828025
73 74 0.0288462
73 75 0.0238095
73 101 0.0338983
73 102 0.0227273
73 103 0.130137
73 104 0.177515
73 105 0.0184049
73 133 0.00534759
73 134 0.0890052
73 135 0.0214286
74 11 0.00414938
74 42 0.00485437
74 43 0.0273038
74 44 0.0196078
74 45 0.0830325
74 73 0.0288462
74 75 0.460784
74 104 0.0097561
74 105 0.201005
74 106 0.047619
74 134 0.0176211
75 43 0.00790514
75 44 0.0265487
75 45 0.0464135
75 72 0.0392157
75 73 0.0238095
75 74 0.460784
75 104 0.0363636
75 105 0.232704
75 106 0.00588235
75 134 0.0320856
76 43 0.00980392
76 45 0.202128
76 46 0.1
76 77 0.023622
76 106 0.00826446
76 107 0.135294
77 46 0.0804598
77 47 0.0782123
77 48 0.114035
77 76 0.023622
77 78 0.0689655
77 79 0.00735294
77 107 0.160173
77 108 0.125561
77 109 0.515695
77 110 0.00847458
77 140 0.00578035
78 15 0.0273973
78 47 0.0560748
78 48 0.0128205
78 77 0.0689655
78 79 0.03125
78 107 0.00628931
78 108 0.00662252
78 109 0.198675
78 110 0.0869565
78 140 0.00990099
79 15 0.0537634
79 17 0.185185
79 18 0.0107527
79 47 0.00787402
79 48 0.136364
79 49 0.0595238
79 77 0.00735294
79 78 0.03125
79 80 0.0918919
79 109 0.0292398
79 110 0.136364
79 111 0.0869565
79 112 0.186207
79 140 0.00826446
79 142 0.0114943
80 19 0.0447761
80 48 0.0505415
80 49 0.063197
80 50 0.148789
80 79 0.0918919
80 81 0.0126582
80 82 0.138462
80 110 0.0179641
80 111 0.212963
80 112 0.300813
80 141 0.0629921
80 142 0.00531915
80 144 0.00904977
81 80 0.0126582
81 82 0.0378788
81 111 0.0113636
81 112 0.0762712
81 143 0.00645161
81 144 0.193548
82 50 0.357414
82 51 0.178771
82 80 0.138462
82 81 0.0378788
82 83 0.00515464
82 111 0.0684211
82 112 0.109091
82 113 0.0594595
82 141 0.00438596
82 143 0.0194553
82 144 0.14359
83 20 0.0114943
83 21 0.0078125
83 51 0.129496
83 52 0.442953
83 82 0.00515464
83 84 0.10274
83 85 0.00645161
83 113 0.206897
83 114 0.128655
83 115 0.0148148
83 116 0.0144928
84 21 0.025
84 22 0.0519481
84 23 0.0340909
84 24 0.00641026
84 52 0.035461
84 53 0.24359
84 54 0.121429
84 55 0.0473373
84 83 0.10274
84 85 0.0952381
84 86 0.00671141
84 115 0.0472441
84 116 0.0923077
85 23 0.0108108
85 53 0.133333
85 54 0.0402685
85 83 0.00645161
85 84 0.0952381
85 115 0.0147059
85 116 0.280576
85 117 0.0201342
85 118 0.0551181
85 146 0.179487
85 147 0.0295858
85 148 0.00675676
86 22 0.00606061
86 26 0.00552486
86 54 0.0993377
86 55 0.00555556
86 56 0.176
86 57 0.0280899
86 84 0.00671141
86 87 0.300613
86 88 0.0413223
86 118 0.00775194
86 148 0.02
86 149 0.0701754
87 26 0.0217391
87 54 0.253247
87 55 0.010929
87 56 0.0859375
87 57 0.0718232
87 58 0.0159574
87 86 0.300613
87 88 0.00806452
87 89 0.00609756
87 148 0.0653595
87 149 0.045977
87 150 0.089172
87 151 0.0259067
88 25 0.0520833
88 56 0.348837
88 86 0.0413223
88 87 0.00806452
88 89 0.00819672
88 119 0.123077
88 120 0.0481928
88 149 0.00757576
88 150 0.00869565
88 151 0.00662252
89 56 0.015873
89 57 0.00558659
89 58 0.16129
89 59 0.0687831
89 87 0.00609756
89 88 0.00819672
89 90 0.176471
89 120 0.154472
89 121 0.0410959
89 122 0.0111732
89 150 0.0129032
89 151 0.287958
89 152 0.0165746
90 58 0.00699301
90 59 0.0342466
90 89 0.176471
90 91 0.0347826
90 120 0.4
90 122 0.00735294
90 151 0.0337838
91 59 0.0594595
91 60 0.0465116
91 61 0.0236686
91 90 0.0347826
91 92 0.0384615
91 121 0.0704225
91 122 0.331429
91 123 0.0740741
91 152 0.079096
91 153 0.00900901
92 61 0.0336134
92 91 0.0384615
92 123 0.152941
93 31 0.0318471
93 62 0.181287
93 63 0.04
93 124 0.142857
93 125 0.201258
93 156 0.0144928
94 62 0.0222222
94 63 0.11413
94 64 0.203704
94 65 0.0314465
94 66 0.00606061
94 95 0.403509
94 125 0.0238095
94 127 0.0724638
94 156 0.0408163
94 157 0.09375
95 62 0.0813954
95 63 0.0227273
95 64 0.05
95 65 0.119205
95 94 0.403509
95 125 0.08125
95 126 0.0479452
95 127 0.0384615
95 156 0.0215827
95 157 0.0526316
96 33 0.0447761
96 35 0.152
96 36 0.0341463
96 63 0.026178
96 64 0.0608696
96 65 0.10241
96 66 0.238372
96 67 0.201681
96 68 0.0208333
96 97 0.175758
96 98 0.0163043
96 127 0.0344828
96 128 0.114754
97 35 0.0454545
97 36 0.0512821
97 65 0.133333
97 66 0.169154
97 68 0.0542986
97 96 0.175758
97 98 0.117371
97 126 0.0105263
97 127 0.00574713
97 128 0.235849
97 129 0.0176471
97 130 0.0362694
98 67 0.011976
98 68 0.0916667
98 70 0.0727273
98 96 0.0163043
98 97 0.117371
98 99 0.0375
98 100 0.0627803
98 128 0.0649351
98 129 0.010582
98 130 0.400943
98 131 0.0157895
98 160 0.00414938
98 161 0.0123457
99 36 0.00552486
99 38 0.0510949
99 68 0.255952
99 70 0.0743243
99 98 0.0375
99 100 0.00662252
99 130 0.0571429
99 131 0.0932203
99 161 0.0444444
100 37 0.00921659
100 38 0.005
100 39 0.0428571
100 69 0.00704225
100 70 0.312796
100 98 0.0627803
100 99 0.00662252
100 102 0.126904
100 103 0.00598802
100 130 0.0541872
100 131 0.0883978
100 132 0.196078
100 161 0.00653595
101 41 0.0075188
101 72 0.038835
101 73 0.0338983
101 102 0.00819672
101 103 0.315217
101 104 0.0782609
101 132 0.0166667
101 133 0.0225564
101 134 0.00729927
101 164 0.134454
101 165 0.00636943
102 38 0.010929
102 39 0.0777202
102 41 0.0052356
102 69 0.008
102 70 0.0876289
102 73 0.0227273
102 100 0.126904
102 101 0.00819672
102 103 0.24
102 104 0.0115607
102 131 0.0182927
102 132 0.0756303
102 133 0.136126
102 134 0.0102564
102 164 0.0338983
103 38 0.00653595
103 39 0.0736196
103 41 0.068323
103 70 0.00609756
103 71 0.0472441
103 72 0.0305344
103 73 0.130137
103 100 0.00598802
103 101 0.315217
103 102 0.24
103 104 0.0769231
103 131 0.00746269
103 132 0.0144231
103 133 0.0807453
103 134 0.0242424
103 164 0.0136054
104 41 0.0108696
104 73 0.177515
104 74 0.0097561
104 75 0.0363636
104 101 0.0782609
104 102 0.0115607
104 103 0.0769231
104 105 0.025
104 133 0.125
104 134 0.356383
104 135 0.218978
104 136 0.0243902
104 137 0.0404624
104 164 0.0352941
104 165 0.0673077
104 167 0.00694444
104 168 0.00558659
105 45 0.00431034
105 72 0.00675676
105 73 0.0184049
105 74 0.201005
105 75 0.232704
105 104 0.025
105 106 0.127273
105 107 0.0046729
105 134 0.120879
105 135 0.0229008
105 137 0.131737
105 138 0.00588235
105 167 0.0217391
106 45 0.00823045
106 74 0.047619
106 75 0.00588235
106 76 0.00826446
106 105 0.127273
106 107 0.293333
106 137 0.011236
106 138 0.0828729
106 139 0.106383
106 169 0.00625
107 45 0.140411
107 46 0.0361842
107 76 0.135294
107 77 0.160173
107 78 0.00628931
107 105 0.0046729
107 106 0.293333
107 108 0.0300752
107 138 0.026087
107 139 0.0157895
108 77 0.125561
108 78 0.00662252
108 107 0.0300752
108 109 0.147287
108 138 0.0945946
108 139 0.115385
108 140 0.105769
108 141 0.0125
108 142 0.0229885
108 171 0.177686
108 172 0.00342466
109 46 0.0810811
109 47 0.0607477
109 48 0.193916
109 77 0.515695
109 78 0.198675
109 79 0.0292398
109 108 0.147287
109 110 0.0457516
109 111 0.019802
109 140 0.0240385
109 141 0.0375
109 142 0.0517241
110 47 0.00917431
110 77 0.00847458
110 78 0.0869565
110 79 0.136364
110 80 0.0179641
110 109 0.0457516
110 111 0.0103093
110 112 0.0472441
110 140 0.0291262
110 142 0.289855
111 48 0.0144928
111 79 0.0869565
111 80 0.212963
111 81 0.0113636
111 82 0.0684211
111 109 0.019802
111 110 0.0103093
111 112 0.340909
111 140 0.0592105
111 141 0.0706522
111 142 0.135593
111 143 0.028169
111 144 0.00662252
111 172 0.00423729
112 48 0.021097
112 50 0.0562249
112 79 0.186207
112 80 0.300813
112 81 0.0762712
112 82 0.109091
112 110 0.0472441
112 111 0.340909
112 140 0.032967
112 141 0.116822
112 142 0.121622
112 143 0.00823045
112 144 0.0276243
113 50 0.0046729
113 51 0.0769231
113 52 0.0214286
113 82 0.0594595
113 83 0.206897
113 114 0.333333
113 115 0.00793651
113 144 0.0616438
113 145 0.0254777
113 176 0.010929
114 52 0.0240964
114 83 0.128655
114 113 0.333333
114 115 0.0657895
114 116 0.0193548
114 144 0.0174419
114 145 0.163934
114 175 0.0148148
114 176 0.0813397
115 83 0.0148148
115 84 0.0472441
115 85 0.0147059
115 113 0.00793651
115 114 0.0657895
115 116 0.277311
115 117 0.0542636
115 118 0.00934579
115 145 0.00680272
115 146 0.0514706
115 147 0.14094
115 176 0.00578035
116 52 0.0150376
116 54 0.0606061
116 83 0.0144928
116 84 0.0923077
116 85 0.280576
116 114 0.0193548
116 115 0.277311
116 117 0.0454545
116 118 0.0818182
116 146 0.201439
116 147 0.131579
116 148 0.00763359
116 177 0.016129
117 54 0.0211268
117 85 0.0201342
117 115 0.0542636
117 116 0.0454545
117 118 0.0666667
117 146 0.0268456
117 147 0.0864198
117 148 0.475177
117 149 0.154321
118 54 0.0166667
118 85 0.0551181
118 86 0.00775194
118 115 0.00934579
118 116 0.0818182
118 117 0.0666667
118 119 0.0684932
118 146 0.0866142
118 147 0.05
118 148 0.10084
118 149 0.25
118 177 0.0446429
119 56 0.0144928
119 88 0.123077
119 118 0.0684932
119 149 0.0695652
119 150 0.0102041
119 151 0.0820896
119 181 0.0135135
120 56 0.045977
120 58 0.00680272
120 59 0.00666667
120 88 0.0481928
120 89 0.154472
120 90 0.4
120 121 0.0280374
120 122 0.00714286
120 150 0.00862069
120 151 0.0592105
121 89 0.0410959
121 91 0.0704225
121 120 0.0280374
121 122 0.141104
121 150 0.0215827
121 151 0.0628571
121 152 0.333333
121 153 0.020202
121 181 0.010582
121 185 0.020979
122 59 0.038835
122 61 0.1
122 89 0.0111732
122 90 0.00735294
122 91 0.331429
122 120 0.00714286
122 121 0.141104
122 123 0.0320513
122 151 0.0144231
122 152 0.116162
122 153 0.00757576
122 185 0.0568182
123 91 0.0740741
123 92 0.152941
123 122 0.0320513
123 153 0.0434783
123 154 0.226415
123 185 0.132353
124 93 0.142857
124 125 0.156863
124 155 0.313726
124 156 0.0984849
124 157 0.00689655
124 186 0.108108
124 188 0.0194175
125 62 0.039823
125 65 0.00487805
125 93 0.201258
125 94 0.0238095
125 95 0.08125
125 124 0.156863
125 155 0.0306748
125 156 0.134715
125 157 0.194175
125 186 0.0930233
125 187 0.0666667
125 188 0.0182927
126 65 0.136126
126 95 0.0479452
126 97 0.0105263
126 127 0.376471
126 128 0.0625
126 129 0.0120482
126 156 0.0335196
126 157 0.0625
126 158 0.00662252
126 159 0.00515464
126 187 0.0331492
126 189 0.0958904
127 65 0.2
127 94 0.0724638
127 95 0.0384615
127 96 0.0344828
127 97 0.00574713
127 126 0.376471
127 128 0.130208
127 129 0.0333333
127 157 0.0738636
127 158 0.037037
127 159 0.0280899
127 187 0.00606061
127 188 0.00746269
127 189 0.108374
128 65 0.028169
128 96 0.114754
128 97 0.235849
128 98 0.0649351
128 126 0.0625
128 127 0.130208
128 129 0.180851
128 130 0.161137
128 158 0.0346821
128 159 0.101852
128 160 0.0375
128 189 0.00414938
128 190 0.017341
129 97 0.0176471
129 98 0.010582
129 126 0.0120482
129 127 0.0333333
129 128 0.180851
129 130 0.0591716
129 158 0.320611
129 159 0.218391
129 160 0.121212
129 161 0.0588235
129 189 0.0150754
129 190 0.244275
129 192 0.08
130 68 0.1
130 70 0.1
130 97 0.0362694
130 98 0.400943
130 99 0.0571429
130 100 0.0541872
130 128 0.161137
130 129 0.0591716
130 131 0.0764706
130 132 0.0286885
130 159 0.0101523
130 160 0.117647
130 161 0.0774648
130 190 0.00649351
131 70 0.101124
131 98 0.0157895
131 99 0.0932203
131 100 0.0883978
131 102 0.0182927
131 103 0.00746269
131 130 0.0764706
131 132 0.292793
131 133 0.0171429
131 160 0.0150754
131 161 0.2
131 162 0.139037
131 163 0.207547
131 164 0.0186335
131 192 0.0596026
131 194 0.010989
131 195 0.0106383
132 70 0.0634921
132 100 0.196078
132 101 0.0166667
132 102 0.0756303
132 103 0.0144231
132 130 0.0286885
132 131 0.292793
132 133 0.204819
132 161 0.00515464
132 162 0.103448
132 163 0.0777778
132 164 0.093617
132 192 0.0177778
132 194 0.0351562
132 195 0.0916031
132 196 0.00549451
133 73 0.00534759
133 101 0.0225564
133 102 0.136126
133 103 0.0807453
133 104 0.125
133 131 0.0171429
133 132 0.204819
133 134 0.140777
133 164 0.207447
133 165 0.10177
133 194 0.0143541
133 195 0.0511628
133 196 0.00740741
134 73 0.0890052
134 74 0.0176211
134 75 0.0320856
134 101 0.00729927
134 102 0.0102564
134 103 0.0242424
134 104 0.356383
134 105 0.120879
134 133 0.140777
134 135 0.0566038
134 137 0.0102564
134 164 0.015625
134 165 0.104348
134 168 0.00995025
135 73 0.0214286
135 104 0.218978
135 105 0.0229008
135 134 0.0566038
135 136 0.202128
135 137 0.104167
135 164 0.0567376
135 165 0.145251
135 167 0.0782609
135 168 0.0866667
135 196 0.0795455
135 197 0.0819672
135 198 0.016129
136 104 0.0243902
136 135 0.202128
136 137 0.1
136 165 0.0242424
136 166 0.0224719
136 167 0.277228
136 168 0.0367647
136 197 0.0833333
136 198 0.0818182
137 104 0.0404624
137 105 0.131737
137 106 0.011236
137 134 0.0102564
137 135 0.104167
137 136 0.1
137 138 0.00546448
137 167 0.437086
137 168 0.225806
137 169 0.123457
137 197 0.0126582
137 198 0.21875
137 199 0.0299401
138 105 0.00588235
138 106 0.0828729
138 107 0.026087
138 108 0.0945946
138 137 0.00546448
138 139 0.369863
138 167 0.00649351
138 169 0.218182
138 170 0.0512821
138 171 0.0194175
138 203 0.0147059
139 106 0.106383
139 107 0.0157895
139 108 0.115385
139 138 0.369863
139 169 0.12
139 170 0.0649351
139 171 0.0180723
140 77 0.00578035
140 78 0.00990099
140 79 0.00826446
140 108 0.105769
140 109 0.0240385
140 110 0.0291262
140 111 0.0592105
140 112 0.032967
140 141 0.310526
140 142 0.225806
140 171 0.09375
140 172 0.219008
140 204 0.00645161
141 80 0.0629921
141 82 0.00438596
141 108 0.0125
141 109 0.0375
141 111 0.0706522
141 112 0.116822
141 140 0.310526
141 142 0.147436
141 143 0.131474
141 171 0.0357143
141 172 0.339416
141 174 0.0149813
141 204 0.0160428
142 79 0.0114943
142 80 0.00531915
142 108 0.0229885
142 109 0.0517241
142 110 0.289855
142 111 0.135593
142 112 0.121622
142 140 0.225806
142 141 0.147436
142 143 0.0108108
142 172 0.0625
143 81 0.00645161
143 82 0.0194553
143 111 0.028169
143 112 0.00823045
143 141 0.131474
143 142 0.0108108
143 144 0.256881
143 172 0.0231023
143 174 0.293919
143 175 0.127072
143 204 0.0231481
144 80 0.00904977
144 81 0.193548
144 82 0.14359
144 111 0.00662252
144 112 0.0276243
144 113 0.0616438
144 114 0.0174419
144 143 0.256881
144 145 0.0179641
144 174 0.0470085
144 175 0.10084
144 176 0.00518135
145 113 0.0254777
145 114 0.163934
145 115 0.00680272
145 144 0.0179641
145 146 0.00598802
145 175 0.0615385
145 176 0.656863
145 178 0.0264901
145 206 0.0123457
145 207 0.141304
146 85 0.179487
146 115 0.0514706
146 116 0.201439
146 117 0.0268456
146 118 0.0866142
146 145 0.00598802
146 147 0.331361
146 149 0.00591716
146 177 0.241135
146 178 0.05
146 179 0.0264901
146 209 0.0125786
146 211 0.0253165
147 85 0.0295858
147 115 0.14094
147 116 0.131579
147 117 0.0864198
147 118 0.05
147 146 0.331361
147 148 0.0186335
147 149 0.032967
147 176 0.0242718
147 177 0.0974026
147 178 0.0522876
147 179 0.00609756
147 208 0.035503
147 209 0.0697674
147 210 0.00606061
147 211 0.0935673
148 85 0.00675676
148 86 0.02
148 87 0.0653595
148 116 0.00763359
148 117 0.475177
148 118 0.10084
148 147 0.0186335
148 149 0.118012
148 150 0.0347222
148 181 0.0103093
148 182 0.0367647
148 211 0.0466667
149 86 0.0701754
149 87 0.045977
149 88 0.00757576
149 117 0.154321
149 118 0.25
149 119 0.0695652
149 146 0.00591716
149 147 0.032967
149 148 0.118012
149 150 0.0606061
149 181 0.0511628
149 211 0.0877193
150 87 0.089172
150 88 0.00869565
150 89 0.0129032
150 119 0.0102041
150 120 0.00862069
150 121 0.0215827
150 148 0.0347222
150 149 0.0606061
150 151 0.173913
150 152 0.0517241
150 181 0.30303
150 182 0.0857143
150 211 0.00649351
150 215 0.00632911
151 87 0.0259067
151 88 0.00662252
151 89 0.287958
151 90 0.0337838
151 119 0.0820896
151 120 0.0592105
151 121 0.0628571
151 122 0.0144231
151 150 0.173913
151 152 0.0666667
151 181 0.188034
152 89 0.0165746
152 91 0.079096
152 121 0.333333
152 122 0.116162
152 150 0.0517241
152 151 0.0666667
152 153 0.0447761
152 181 0.0669643
152 182 0.0060241
152 183 0.0983607
152 184 0.00411523
152 185 0.0168539
152 213 0.00980392
152 215 0.141304
153 91 0.00900901
153 121 0.020202
153 122 0.00757576
153 123 0.0434783
153 152 0.0447761
153 154 0.0243902
153 183 0.017094
153 185 0.214286
154 123 0.226415
154 153 0.0243902
154 184 0.0314136
154 185 0.0396825
154 216 0.194245
155 124 0.313726
155 125 0.0306748
155 156 0.147887
155 157 0.00645161
155 186 0.247934
155 187 0.00694444
155 188 0.0884956
155 217 0.0111111
156 93 0.0144928
156 94 0.0408163
156 95 0.0215827
156 124 0.0984849
156 125 0.134715
156 126 0.0335196
156 155 0.147887
156 157 0.313514
156 186 0.125828
156 187 0.132184
156 188 0.398601
156 189 0.0283019
156 217 0.00952381
156 219 0.0333333
157 94 0.09375
157 95 0.0526316
157 124 0.00689655
157 125 0.194175
157 126 0.0625
157 127 0.0738636
157 155 0.00645161
157 156 0.313514
157 158 0.0318471
157 186 0.0121951
157 187 0.197861
157 188 0.237179
157 189 0.0711111
157 217 0.00448431
157 219 0.0184049
158 126 0.00662252
158 127 0.037037
158 128 0.0346821
158 129 0.320611
158 157 0.0318471
158 159 0.144654
158 160 0.00546448
158 189 0.0923913
158 190 0.0258621
158 219 0.0901639
158 221 0.00502513
159 126 0.00515464
159 127 0.0280899
159 128 0.101852
159 129 0.218391
159 130 0.0101523
159 158 0.144654
159 160 0.230089
159 189 0.110132
159 190 0.201258
159 191 0.0142857
159 192 0.0168539
159 219 0.0242424
159 221 0.0743802
159 222 0.0140845
160 98 0.00414938
160 128 0.0375
160 129 0.121212
160 130 0.117647
160 131 0.0150754
160 158 0.00546448
160 159 0.230089
160 161 0.146199
160 162 0.163866
160 190 0.0928962
160 191 0.00609756
160 192 0.257426
160 222 0.0126582
160 223 0.0047619
161 98 0.0123457
161 99 0.0444444
161 100 0.00653595
161 129 0.0588235
161 130 0.0774648
161 131 0.2
161 132 0.00515464
161 160 0.146199
161 162 0.0503145
161 163 0.115385
161 190 0.115385
161 192 0.097561
162 131 0.139037
162 132 0.103448
162 160 0.163866
162 161 0.0503145
162 163 0.110345
162 190 0.0116959
162 191 0.0131579
162 192 0.194737
162 193 0.122549
162 194 0.0723982
162 195 0.0396476
162 223 0.010101
162 224 0.026455
163 131 0.207547
163 132 0.0777778
163 161 0.115385
163 162 0.110345
163 164 0.0168067
163 192 0.0275229
163 193 0.0162602
163 194 0.15
163 195 0.0273973
163 196 0.030303
163 224 0.00925926
164 101 0.134454
164 102 0.0338983
164 103 0.0136054
164 104 0.0352941
164 131 0.0186335
164 132 0.093617
164 133 0.207447
164 134 0.015625
164 135 0.0567376
164 163 0.0168067
164 165 0.264151
164 194 0.0615385
164 195 0.0746269
164 196 0.256198
164 226 0.00621118
164 228 0.00543478
165 101 0.00636943
165 104 0.0673077
165 133 0.10177
165 134 0.104348
165 135 0.145251
165 136 0.0242424
165 164 0.264151
165 166 0.00574713
165 168 0.081448
165 194 0.0171674
165 195 0.0794979
165 196 0.0188679
165 197 0.0725389
165 226 0.0954774
165 227 0.0530973
165 228 0.18018
166 136 0.0224719
166 165 0.00574713
166 167 0.00909091
166 168 0.0275862
166 196 0.0361446
166 197 0.452991
166 198 0.0504202
166 199 0.00793651
166 226 0.00813008
166 227 0.0133333
166 228 0.136986
166 230 0.0380952
167 104 0.00694444
167 105 0.0217391
167 135 0.0782609
167 136 0.277228
167 137 0.437086
167 138 0.00649351
167 166 0.00909091
167 168 0.089172
167 169 0.0150376
167 197 0.0310078
167 198 0.183206
167 199 0.0217391
168 104 0.00558659
168 134 0.00995025
168 135 0.0866667
168 136 0.0367647
168 137 0.225806
168 165 0.081448
168 166 0.0275862
168 167 0.089172
168 169 0.0416667
168 197 0.0731707
168 198 0.216867
168 199 0.138728
168 227 0.0101523
168 228 0.11399
168 229 0.0137615
169 106 0.00625
169 137 0.123457
169 138 0.218182
169 139 0.12
169 167 0.0150376
169 168 0.0416667
169 170 0.0416667
169 198 0.0422535
169 199 0.0805369
169 200 0.0828025
169 229 0.0257732
169 232 0.141243
170 138 0.0512821
170 139 0.0649351
170 169 0.0416667
170 171 0.00729927
170 201 0.378378
170 202 0.0137931
170 203 0.119403
170 232 0.116279
170 233 0.0192308
171 108 0.177686
171 138 0.0194175
171 139 0.0180723
171 140 0.09375
171 141 0.0357143
171 170 0.00729927
171 172 0.173913
171 173 0.0333333
171 202 0.217949
171 203 0.0128205
171 232 0.0275229
171 233 0.0880829
171 234 0.0277778
172 108 0.00342466
172 111 0.00423729
172 140 0.219008
172 141 0.339416
172 142 0.0625
172 143 0.0231023
172 171 0.173913
172 173 0.02
172 174 0.0721003
172 202 0.0211268
172 204 0.25523
172 205 0.0230263
172 234 0.0207101
173 171 0.0333333
173 172 0.02
173 202 0.107595
173 203 0.1125
173 204 0.132743
173 205 0.00561798
173 233 0.0769231
173 234 0.146226
173 235 0.00537634
174 141 0.0149813
174 143 0.293919
174 144 0.0470085
174 172 0.0721003
174 175 0.0862944
174 204 0.107759
174 205 0.333333
174 206 0.0742358
174 235 0.00983607
174 236 0.0299625
175 114 0.0148148
175 143 0.127072
175 144 0.10084
175 145 0.0615385
175 174 0.0862944
175 176 0.0833333
175 205 0.00549451
175 206 0.140351
175 207 0.0220588
175 236 0.0131579
175 237 0.0217391
176 113 0.010929
176 114 0.0813397
176 115 0.00578035
176 144 0.00518135
176 145 0.656863
176 147 0.0242718
176 175 0.0833333
176 178 0.00564972
176 207 0.138095
176 209 0.0561224
176 238 0.0448718
177 116 0.016129
177 118 0.0446429
177 146 0.241135
177 147 0.0974026
177 178 0.272
177 179 0.0514706
177 208 0.113475
177 209 0.0416667
177 211 0.00699301
178 145 0.0264901
178 146 0.05
178 147 0.0522876
178 176 0.00564972
178 177 0.272
178 208 0.414286
178 209 0.111888
178 210 0.0220588
178 211 0.00704225
178 238 0.0194175
178 239 0.0625
178 240 0.0268456
179 146 0.0264901
179 147 0.00609756
179 177 0.0514706
179 180 0.483221
179 208 0.013245
179 210 0.0272109
179 211 0.0980392
180 179 0.483221
180 181 0.005
180 182 0.0352113
180 210 0.0266667
180 211 0.301282
180 213 0.0722222
180 242 0.0342857
181 119 0.0135135
181 121 0.010582
181 148 0.0103093
181 149 0.0511628
181 150 0.30303
181 151 0.188034
181 152 0.0669643
181 180 0.005
181 182 0.163158
181 183 0.0193237
181 211 0.0343137
181 212 0.021164
181 213 0.118421
182 148 0.0367647
182 150 0.0857143
182 152 0.0060241
182 180 0.0352113
182 181 0.163158
182 183 0.033557
182 211 0.0342466
182 212 0.137405
182 213 0.205882
183 152 0.0983607
183 153 0.017094
183 181 0.0193237
183 182 0.033557
183 184 0.00884956
183 185 0.0186335
183 212 0.0202703
183 213 0.0427807
183 214 0.0686275
183 215 0.359281
183 245 0.0434783
183 246 0.0196078
184 152 0.00411523
184 154 0.0314136
184 183 0.00884956
184 185 0.208145
184 214 0.106061
184 215 0.110132
184 216 0.350427
184 246 0.0328638
184 247 0.0253165
185 121 0.020979
185 122 0.0568182
185 123 0.132353
185 152 0.0168539
185 153 0.214286
185 154 0.0396825
185 183 0.0186335
185 184 0.208145
185 214 0.0201005
185 215 0.0432099
185 216 0.0828402
186 124 0.108108
186 125 0.0930233
186 155 0.247934
186 156 0.125828
186 157 0.0121951
186 187 0.0522876
186 188 0.0327869
186 217 0.126984
186 250 0.0178571
187 125 0.0666667
187 126 0.0331492
187 127 0.00606061
187 155 0.00694444
187 156 0.132184
187 157 0.197861
187 186 0.0522876
187 188 0.0689655
187 189 0.135514
187 217 0.103774
187 218 0.134259
187 219 0.0460526
187 248 0.013986
188 124 0.0194175
188 125 0.0182927
188 127 0.00746269
188 155 0.0884956
188 156 0.398601
188 157 0.237179
188 186 0.0327869
188 187 0.0689655
188 189 0.0218579
188 217 0.0497238
188 218 0.0108108
188 219 0.00826446
189 126 0.0958904
189 127 0.108374
189 128 0.00414938
189 129 0.0150754
189 156 0.0283019
189 157 0.0711111
189 158 0.0923913
189 159 0.110132
189 187 0.135514
189 188 0.0218579
189 218 0.0708661
189 219 0.331579
189 220 0.109489
189 221 0.134831
189 250 0.0520231
189 251 0.0114943
190 128 0.017341
190 129 0.244275
190 130 0.00649351
190 158 0.0258621
190 159 0.201258
190 160 0.0928962
190 161 0.115385
190 162 0.0116959
190 191 0.0515464
190 192 0.103704
190 222 0.0529412
190 223 0.020979
191 159 0.0142857
191 160 0.00609756
191 162 0.0131579
191 190 0.0515464
191 192 0.155172
191 193 0.0384615
191 222 0.0264901
191 223 0.153226
191 224 0.217391
191 253 0.076087
191 254 0.0551724
191 255 0.0300752
192 129 0.08
192 131 0.0596026
192 132 0.0177778
192 159 0.0168539
192 160 0.257426
192 161 0.097561
192 162 0.194737
192 163 0.0275229
192 190 0.103704
192 191 0.155172
192 193 0.047619
192 222 0.0687831
192 223 0.0864198
192 224 0.163399
192 254 0.0327869
193 162 0.122549
193 163 0.0162602
193 191 0.0384615
193 192 0.047619
193 194 0.201005
193 195 0.0195122
193 223 0.0113636
193 224 0.347305
193 225 0.2
193 226 0.0606061
193 254 0.0558376
193 255 0.281081
193 256 0.0537634
194 131 0.010989
194 132 0.0351562
194 133 0.0143541
194 162 0.0723982
194 163 0.15
194 164 0.0615385
194 165 0.0171674
194 193 0.201005
194 195 0.373874
194 196 0.0774648
194 224 0.0326087
194 225 0.0191083
194 226 0.0879121
194 227 0.00956938
194 255 0.0742574
194 256 0.137931
195 131 0.0106383
195 132 0.0916031
195 133 0.0511628
195 162 0.0396476
195 163 0.0273973
195 164 0.0746269
195 165 0.0794979
195 193 0.0195122
195 194 0.373874
195 196 0.0135135
195 226 0.0425532
195 227 0.00465116
195 256 0.0909091
196 132 0.00549451
196 133 0.00740741
196 135 0.0795455
196 163 0.030303
196 164 0.256198
196 165 0.0188679
196 166 0.0361446
196 194 0.0774648
196 195 0.0135135
196 225 0.0361446
196 226 0.222222
196 228 0.0458015
196 256 0.00775194
197 135 0.0819672
197 136 0.0833333
197 137 0.0126582
197 165 0.0725389
197 166 0.452991
197 167 0.0310078
197 168 0.0731707
197 198 0.130435
197 199 0.0413793
197 227 0.0473373
197 228 0.321212
197 229 0.0210526
197 230 0.0322581
198 135 0.016129
198 136 0.0818182
198 137 0.21875
198 166 0.0504202
198 167 0.183206
198 168 0.216867
198 169 0.0422535
198 197 0.130435
198 199 0.29932
198 200 0.0129032
198 228 0.0538922
198 229 0.0520833
198 262 0.0119048
199 137 0.0299401
199 166 0.00793651
199 167 0.0217391
199 168 0.138728
199 169 0.0805369
199 197 0.0413793
199 198 0.29932
199 200 0.166667
199 229 0.271357
199 230 0.0902256
199 232 0.021978
199 259 0.0108696
199 262 0.0114286
200 169 0.0828025
200 198 0.0129032
200 199 0.166667
200 202 0.0145631
200 229 0.202899
200 230 0.0496454
200 231 0.057971
200 232 0.205263
200 233 0.0181818
200 261 0.0581395
200 262 0.289617
200 263 0.027027
200 264 0.0431034
201 170 0.378378
201 203 0.107143
201 232 0.0169492
201 233 0.0107527
202 170 0.0137931
202 171 0.217949
202 172 0.0211268
202 173 0.107595
202 200 0.0145631
202 203 0.103659
202 232 0.039823
202 233 0.402985
202 234 0.27027
202 235 0.037037
202 262 0.00456621
202 264 0.0263158
202 265 0.0628019
203 138 0.0147059
203 170 0.119403
203 171 0.0128205
203 173 0.1125
203 201 0.107143
203 202 0.103659
203 232 0.0675676
203 233 0.422764
203 234 0.0183486
203 264 0.0540541
203 265 0.0310078
204 140 0.00645161
204 141 0.0160428
204 143 0.0231481
204 172 0.25523
204 173 0.132743
204 174 0.107759
204 205 0.147465
204 206 0.00671141
204 234 0.0956175
204 235 0.0222222
204 236 0.00534759
205 172 0.0230263
205 173 0.00561798
205 174 0.333333
205 175 0.00549451
205 204 0.147465
205 206 0.0280374
205 234 0.0379747
205 235 0.0758621
205 236 0.392857
205 266 0.0102041
206 145 0.0123457
206 174 0.0742358
206 175 0.140351
206 204 0.00671141
206 205 0.0280374
206 207 0.119048
206 236 0.152174
206 237 0.209677
206 267 0.0405405
206 268 0.0238095
207 145 0.141304
207 175 0.0220588
207 176 0.138095
207 206 0.119048
207 237 0.0958904
207 238 0.205882
207 267 0.117647
207 268 0.0157895
207 269 0.0122699
208 147 0.035503
208 177 0.113475
208 178 0.414286
208 179 0.013245
208 209 0.383648
208 210 0.0723684
208 211 0.0189873
208 238 0.0588235
208 239 0.0625
208 240 0.0545455
208 271 0.0060241
208 272 0.00606061
209 146 0.0125786
209 147 0.0697674
209 176 0.0561224
209 177 0.0416667
209 178 0.111888
209 208 0.383648
209 210 0.0580645
209 211 0.0434783
209 238 0.0737705
209 239 0.0136054
209 240 0.00595238
209 241 0.0070922
209 271 0.00591716
209 272 0.0238095
210 147 0.00606061
210 178 0.0220588
210 179 0.0272109
210 180 0.0266667
210 208 0.0723684
210 209 0.0580645
210 211 0.116883
210 239 0.0428571
210 241 0.126866
210 242 0.017341
210 271 0.0123457
210 272 0.229814
210 273 0.0441989
211 146 0.0253165
211 147 0.0935673
211 148 0.0466667
211 149 0.0877193
211 150 0.00649351
211 177 0.00699301
211 178 0.00704225
211 179 0.0980392
211 180 0.301282
211 181 0.0343137
211 182 0.0342466
211 208 0.0189873
211 209 0.0434783
211 210 0.116883
211 272 0.0239521
212 181 0.021164
212 182 0.137405
212 183 0.0202703
212 213 0.218935
212 241 0.008
212 242 0.170732
212 243 0.00813008
212 245 0.00833333
212 272 0.00657895
212 273 0.0639535
212 275 0.0503597
212 276 0.0613497
213 152 0.00980392
213 180 0.0722222
213 181 0.118421
213 182 0.205882
213 183 0.0427807
213 212 0.218935
213 214 0.0355556
213 215 0.0265957
213 242 0.251232
213 244 0.0150376
213 245 0.0503145
213 273 0.00947867
213 276 0.00495049
214 183 0.0686275
214 184 0.106061
214 185 0.0201005
214 213 0.0355556
214 215 0.097561
214 216 0.00471698
214 244 0.00666667
214 245 0.181818
214 246 0.120419
214 247 0.0697674
214 275 0.0102564
214 276 0.0410959
214 277 0.124481
215 150 0.00632911
215 152 0.141304
215 183 0.359281
215 184 0.110132
215 185 0.0432099
215 213 0.0265957
215 214 0.097561
215 245 0.00719424
215 246 0.0649351
216 154 0.194245
216 184 0.350427
216 185 0.0828402
216 214 0.00471698
216 246 0.0124224
216 247 0.0864865
216 277 0.014218
217 155 0.0111111
217 156 0.00952381
217 157 0.00448431
217 186 0.126984
217 187 0.103774
217 188 0.0497238
217 218 0.242063
217 248 0.329609
217 250 0.0818713
217 279 0.0103093
218 187 0.134259
218 188 0.0108108
218 189 0.0708661
218 217 0.242063
218 219 0.119792
218 220 0.0253623
218 248 0.00546448
218 250 0.12
218 251 0.262357
218 281 0.026455
219 156 0.0333333
219 157 0.0184049
219 158 0.0901639
219 159 0.0242424
219 187 0.0460526
219 188 0.00826446
219 189 0.331579
219 218 0.119792
219 220 0.0566038
219 221 0.131707
219 250 0.135135
219 251 0.0201005
220 189 0.109489
220 218 0.0253623
220 219 0.0566038
220 221 0.463668
220 250 0.0307692
220 251 0.208481
220 252 0.0766283
220 282 0.037037
221 158 0.00502513
221 159 0.0743802
221 189 0.134831
221 219 0.131707
221 220 0.463668
221 222 0.0909091
221 251 0.0942029
221 252 0.0629921
221 282 0.00478469
222 159 0.0140845
222 160 0.0126582
222 190 0.0529412
222 191 0.0264901
222 192 0.0687831
222 221 0.0909091
222 223 0.370558
222 224 0.0106383
222 252 0.0533333
222 253 0.0363636
222 254 0.288991
222 282 0.00555556
222 285 0.0207254
223 160 0.0047619
