0 1 0.384615
0 2 0.0757576
0 47 0.00934579
0 48 0.138298
1 0 0.384615
1 2 0.114504
1 48 0.0107527
2 0 0.0757576
2 1 0.114504
2 3 0.189781
2 48 0.109756
3 2 0.189781
3 4 0.197674
3 51 0.0432099
4 3 0.197674
4 5 0.31746
4 51 0.0277778
4 52 0.0107527
5 4 0.31746
5 6 0.163399
5 7 0.0701754
5 8 0.0299401
5 52 0.0378378
6 5 0.163399
6 7 0.0253165
6 8 0.151515
6 9 0.057971
7 5 0.0701754
7 6 0.0253165
7 8 0.11828
7 9 0.010101
7 53 0.013986
7 55 0.238095
8 5 0.0299401
8 6 0.151515
8 7 0.11828
8 9 0.197368
9 6 0.057971
9 7 0.010101
9 8 0.197368
9 10 0.233918
9 55 0.108911
9 57 0.030303
10 9 0.233918
10 11 0.388235
10 57 0.116071
11 10 0.388235
11 12 0.283186
11 13 0.00840336
11 57 0.0408163
11 58 0.01
12 11 0.283186
12 13 0.0526316
12 58 0.175439
12 60 0.267606
13 11 0.00840336
13 12 0.0526316
13 14 0.264
13 15 0.0787402
13 60 0.194805
13 61 0.00699301
13 62 0.0434783
14 13 0.264
14 15 0.270588
14 60 0.025
15 13 0.0787402
15 14 0.270588
15 16 0.26087
15 62 0.0350877
16 15 0.26087
16 17 0.20155
16 62 0.0291262
16 63 0.0163934
17 16 0.20155
17 19 0.0288462
17 63 0.0123457
17 64 0.178947
18 19 0.449438
18 65 0.144578
19 17 0.0288462
19 18 0.449438
19 20 0.0775194
19 64 0.153846
19 65 0.0319149
19 66 0.126866
20 19 0.0775194
20 21 0.0512821
20 22 0.0733333
20 66 0.196319
20 67 0.116129
21 20 0.0512821
21 22 0.371622
21 23 0.114428
21 24 0.00724638
21 67 0.0653595
21 68 0.0928962
21 69 0.00529101
21 70 0.0776699
22 20 0.0733333
22 21 0.371622
22 24 0.151515
22 67 0.0136054
22 68 0.00564972
22 70 0.03
23 21 0.114428
23 68 0.252174
23 69 0.228814
23 70 0.245059
24 21 0.00724638
24 22 0.151515
24 25 0.0457516
24 70 0.236842
24 71 0.0397727
25 24 0.0457516
25 26 0.155914
25 70 0.00904977
25 71 0.289855
25 73 0.0338983
26 25 0.155914
26 29 0.0496894
26 71 0.0239234
26 72 0.0669856
26 73 0.128492
26 74 0.261905
27 28 0.444444
27 29 0.185567
27 74 0.0753425
27 75 0.0571429
27 76 0.0316456
28 27 0.444444
28 29 0.04
28 74 0.00671141
28 75 0.191781
29 26 0.0496894
29 27 0.185567
29 28 0.04
29 30 0.0314136
29 74 0.136612
29 76 0.220513
30 29 0.0314136
30 31 0.227907
30 32 0.0191571
30 76 0.373016
30 77 0.0893617
30 78 0.0301887
31 30 0.227907
31 32 0.153509
31 76 0.086758
31 77 0.00495049
31 78 0.0387931
31 79 0.107438
32 30 0.0191571
32 31 0.153509
32 33 0.0731707
32 34 0.0172414
32 78 0.0143885
32 79 0.375
33 32 0.0731707
33 34 0.477099
33 35 0.00469484
33 36 0.00512821
33 79 0.142308
33 80 0.0304569
33 81 0.0391061
34 32 0.0172414
34 33 0.477099
34 35 0.143969
34 36 0.142259
34 79 0.0361842
34 80 0.00414938
34 81 0.2287
35 33 0.00469484
35 34 0.143969
35 36 0.310526
35 38 0.18239
35 81 0.0287356
36 33 0.00512821
36 34 0.142259
36 35 0.310526
36 38 0.0921986
36 81 0.173077
36 82 0.00578035
37 39 0.397727
37 83 0.137931
37 84 0.00877193
37 85 0.046875
37 86 0.0625
38 35 0.18239
38 36 0.0921986
38 83 0.141026
38 84 0.223684
39 37 0.397727
39 41 0.0517241
39 83 0.0566038
39 84 0.0192308
39 86 0.138554
39 87 0.0656934
40 41 0.0307692
40 42 0.11465
40 86 0.0166667
40 87 0.231788
40 88 0.260638
41 39 0.0517241
41 40 0.0307692
41 87 0.287356
42 40 0.11465
42 43 0.0546875
42 44 0.1
42 87 0.0789474
42 88 0.0794702
43 42 0.0546875
43 44 0.108696
43 45 0.10559
43 88 0.0754717
43 89 0.0338983
43 90 0.015873
43 91 0.0211268
44 42 0.1
44 43 0.108696
44 45 0.159509
45 43 0.10559
45 44 0.159509
45 46 0.169697
45 91 0.107784
46 45 0.169697
46 91 0.0410959
46 93 0.109091
47 0 0.00934579
47 48 0.140351
47 49 0.0521739
47 94 0.170455
47 97 0.0393701
48 0 0.138298
48 1 0.0107527
48 2 0.109756
48 47 0.140351
48 94 0.0133333
48 97 0.0789474
49 47 0.0521739
49 50 0.0833333
49 51 0.0484848
49 94 0.12782
49 95 0.0819672
49 96 0.015625
49 97 0.366279
50 49 0.0833333
50 51 0.20438
50 52 0.188811
50 96 0.01
50 97 0.0277778
51 3 0.0432099
51 4 0.0277778
51 49 0.0484848
51 50 0.20438
51 52 0.107955
51 96 0.105263
51 97 0.141243
52 4 0.0107527
52 5 0.0378378
52 50 0.188811
52 51 0.107955
52 53 0.294393
52 96 0.0215827
52 99 0.11465
53 7 0.013986
53 52 0.294393
53 54 0.0342857
53 55 0.00689655
53 99 0.174603
53 100 0.256522
54 53 0.0342857
54 55 0.0675676
54 56 0.0441989
54 100 0.0691824
54 101 0.198529
54 102 0.12
55 7 0.238095
55 9 0.108911
55 53 0.00689655
55 54 0.0675676
55 57 0.0238095
55 102 0.0315789
56 54 0.0441989
56 57 0.00671141
56 58 0.013245
56 59 0.0113208
56 101 0.0751174
56 102 0.287129
56 105 0.361111
57 9 0.030303
57 10 0.116071
57 11 0.0408163
57 55 0.0238095
57 56 0.00671141
57 58 0.238095
57 102 0.0967742
58 11 0.01
58 12 0.175439
58 56 0.013245
58 57 0.238095
58 59 0.0443038
58 60 0.0172414
59 56 0.0113208
59 58 0.0443038
59 60 0.0290698
59 105 0.19305
59 106 0.324786
59 108 0.125475
60 12 0.267606
60 13 0.194805
60 14 0.025
60 58 0.0172414
60 59 0.0290698
60 61 0.0724638
60 108 0.0122699
61 13 0.00699301
61 60 0.0724638
61 62 0.0230769
61 63 0.0333333
61 106 0.01
61 108 0.266376
61 109 0.238342
62 13 0.0434783
62 15 0.0350877
62 16 0.0291262
62 61 0.0230769
62 63 0.0294118
63 16 0.0163934
63 17 0.0123457
63 61 0.0333333
63 62 0.0294118
63 64 0.0402685
63 109 0.251256
63 110 0.178947
63 111 0.00632911
64 17 0.178947
64 19 0.153846
64 63 0.0402685
64 66 0.04
64 111 0.0989011
65 18 0.144578
65 19 0.0319149
65 112 0.319149
66 19 0.126866
66 20 0.196319
66 64 0.04
66 67 0.1375
66 111 0.0970149
66 112 0.0671642
66 113 0.0671141
67 20 0.116129
67 21 0.0653595
67 22 0.0136054
67 66 0.1375
67 68 0.148352
67 113 0.163121
67 114 0.0113636
67 115 0.088785
68 21 0.0928962
68 22 0.00564972
68 23 0.252174
68 67 0.148352
68 69 0.00917431
68 70 0.00425532
68 115 0.25
69 21 0.00529101
69 23 0.228814
69 68 0.00917431
69 70 0.00829876
69 115 0.02
69 116 0.322275
69 117 0.205479
69 118 0.0147059
70 21 0.0776699
70 22 0.03
70 23 0.245059
70 24 0.236842
70 25 0.00904977
70 68 0.00425532
70 69 0.00829876
70 71 0.131148
70 117 0.211864
70 119 0.0224719
71 24 0.0397727
71 25 0.289855
71 26 0.0239234
71 70 0.131148
71 72 0.00434783
71 73 0.015
71 117 0.045045
71 119 0.217391
72 26 0.0669856
72 71 0.00434783
72 73 0.34
72 74 0.00865801
72 118 0.0676328
72 119 0.343874
72 120 0.0904255
73 25 0.0338983
73 26 0.128492
73 71 0.015
73 72 0.34
73 74 0.104478
73 119 0.0986547
73 120 0.0506329
73 121 0.00534759
74 26 0.261905
74 27 0.0753425
74 28 0.00671141
74 29 0.136612
74 72 0.00865801
74 73 0.104478
74 75 0.0641026
74 120 0.015873
74 121 0.12844
75 27 0.0571429
75 28 0.191781
75 74 0.0641026
75 76 0.0357143
75 77 0.00662252
75 121 0.0492958
75 122 0.0736842
76 27 0.0316456
76 29 0.220513
76 30 0.373016
76 31 0.086758
76 75 0.0357143
76 77 0.16318
76 78 0.00743494
77 30 0.0893617
77 31 0.00495049
77 75 0.00662252
77 76 0.16318
77 78 0.194444
77 121 0.028169
77 122 0.0301205
77 123 0.165414
77 124 0.00621118
77 125 0.0245399
78 30 0.0301887
78 31 0.0387931
78 32 0.0143885
78 76 0.00743494
78 77 0.194444
78 79 0.0479452
78 123 0.0368098
78 125 0.0932643
78 126 0.344948
79 31 0.107438
79 32 0.375
79 33 0.142308
79 34 0.0361842
79 78 0.0479452
79 80 0.100418
79 81 0.00904977
79 125 0.0147783
79 126 0.127946
80 33 0.0304569
80 34 0.00414938
80 79 0.100418
80 81 0.126582
80 125 0.0571429
80 126 0.179487
80 127 0.0875912
80 129 0.0102564
81 33 0.0391061
81 34 0.2287
81 35 0.0287356
81 36 0.173077
81 79 0.00904977
81 80 0.126582
81 82 0.0254777
81 128 0.0471698
81 129 0.079096
81 130 0.0153846
82 36 0.00578035
82 81 0.0254777
82 128 0.349593
82 129 0.350515
82 130 0.0849057
83 37 0.137931
83 38 0.141026
83 39 0.0566038
83 84 0.318182
83 85 0.0245902
83 130 0.0135135
84 37 0.00877193
84 38 0.223684
84 39 0.0192308
84 83 0.318182
85 37 0.046875
85 83 0.0245902
85 86 0.10989
85 130 0.196429
85 131 0.262887
85 132 0.0543478
85 133 0.0909091
86 37 0.0625
86 39 0.138554
86 40 0.0166667
86 85 0.10989
86 87 0.0145985
86 132 0.142857
86 133 0.15814
86 134 0.0625
87 39 0.0656934
87 40 0.231788
87 41 0.287356
87 42 0.0789474
87 86 0.0145985
87 88 0.0137931
87 134 0.0347826
88 40 0.260638
88 42 0.0794702
88 43 0.0754717
88 87 0.0137931
88 89 0.177305
88 134 0.0394737
89 43 0.0338983
89 88 0.177305
89 90 0.287037
89 134 0.045045
89 136 0.084507
90 43 0.015873
90 89 0.287037
90 136 0.113924
90 137 0.0789474
90 138 0.0980392
91 43 0.0211268
91 45 0.107784
91 46 0.0410959
91 93 0.107143
91 138 0.0887574
91 139 0.259067
91 140 0.127778
92 137 0.111111
92 138 0.0810811
93 46 0.109091
93 91 0.107143
93 139 0.00636943
93 140 0.166667
94 47 0.170455
94 48 0.0133333
94 49 0.12782
94 95 0.178947
94 97 0.117241
95 49 0.0819672
95 94 0.178947
95 97 0.0223881
95 141 0.0151515
95 142 0.164706
96 49 0.015625
96 50 0.01
96 51 0.105263
96 52 0.0215827
96 97 0.0142857
96 98 0.0547945
96 99 0.122807
97 47 0.0393701
97 48 0.0789474
97 49 0.366279
97 50 0.0277778
97 51 0.141243
97 94 0.117241
97 95 0.0223881
97 96 0.0142857
98 96 0.0547945
98 99 0.175824
98 144 0.164179
98 145 0.0188679
98 147 0.132353
98 148 0.0192308
99 52 0.11465
99 53 0.174603
99 96 0.122807
99 98 0.175824
99 100 0.0635838
99 148 0.0537634
100 53 0.256522
100 54 0.0691824
100 99 0.0635838
100 101 0.251309
100 103 0.0238095
100 148 0.119403
101 54 0.198529
101 56 0.0751174
101 100 0.251309
101 102 0.165605
101 103 0.0873786
101 104 0.0363636
102 54 0.12
102 55 0.0315789
102 56 0.287129
102 57 0.0967742
102 101 0.165605
102 105 0.00510204
103 100 0.0238095
103 101 0.0873786
103 104 0.0222222
103 148 0.0217391
103 149 0.183673
103 150 0.0784314
104 101 0.0363636
104 103 0.0222222
104 105 0.0134228
104 150 0.103448
104 151 0.219178
104 152 0.136364
105 56 0.361111
105 59 0.19305
105 102 0.00510204
105 104 0.0134228
105 106 0.0361991
105 152 0.0552147
106 59 0.324786
106 61 0.01
106 105 0.0361991
106 107 0.0144928
106 108 0.275556
106 152 0.00724638
107 106 0.0144928
107 108 0.0479042
107 152 0.0375
107 153 0.181818
107 154 0.0857143
107 155 0.105882
108 59 0.125475
108 60 0.0122699
108 61 0.266376
108 106 0.275556
108 107 0.0479042
108 109 0.0779817
109 61 0.238342
109 63 0.251256
109 108 0.0779817
110 63 0.178947
110 111 0.19697
110 157 0.11811
110 160 0.0538462
111 63 0.00632911
111 64 0.0989011
111 66 0.0970149
111 110 0.19697
111 112 0.01
111 160 0.122449
112 65 0.319149
112 66 0.0671642
112 111 0.01
112 157 0.0105263
112 159 0.169643
112 160 0.418367
113 66 0.0671141
113 67 0.163121
113 114 0.175758
113 115 0.103448
113 160 0.0707965
114 67 0.0113636
114 113 0.175758
114 115 0.302521
114 161 0.125
114 162 0.0188679
115 67 0.088785
115 68 0.25
115 69 0.02
115 113 0.103448
115 114 0.302521
115 162 0.156
116 69 0.322275
116 117 0.0485437
116 118 0.104712
116 119 0.00421941
116 162 0.109005
116 163 0.117647
116 164 0.0352113
116 165 0.0289017
117 69 0.205479
117 70 0.211864
117 71 0.045045
117 116 0.0485437
117 118 0.0301508
117 119 0.122449
118 69 0.0147059
118 72 0.0676328
118 116 0.104712
118 117 0.0301508
118 119 0.178261
118 120 0.0121212
118 166 0.328767
118 168 0.0409091
119 70 0.0224719
119 71 0.217391
119 72 0.343874
119 73 0.0986547
119 116 0.00421941
119 117 0.122449
119 118 0.178261
119 120 0.0189573
120 72 0.0904255
120 73 0.0506329
120 74 0.015873
120 118 0.0121212
120 119 0.0189573
120 121 0.142857
120 122 0.0078125
120 168 0.40796
121 73 0.00534759
121 74 0.12844
121 75 0.0492958
121 77 0.028169
121 120 0.142857
121 122 0.127389
121 123 0.0322581
121 168 0.16087
122 75 0.0736842
122 77 0.0301205
122 120 0.0078125
122 121 0.127389
122 123 0.12987
122 124 0.0285714
122 167 0.0229008
122 168 0.0218579
122 169 0.288136
122 170 0.025641
122 171 0.0153846
122 172 0.0344828
123 77 0.165414
123 78 0.0368098
123 121 0.0322581
123 122 0.12987
123 124 0.0277778
123 169 0.0117647
123 170 0.0222222
123 172 0.0070922
124 77 0.00621118
124 122 0.0285714
124 123 0.0277778
124 125 0.0196078
124 169 0.0265487
124 170 0.246575
124 171 0.064
124 172 0.260355
125 77 0.0245399
125 78 0.0932643
125 79 0.0147783
125 80 0.0571429
125 124 0.0196078
125 126 0.161616
125 127 0.0693069
125 170 0.0133333
125 171 0.023622
125 172 0.0760234
125 174 0.020979
126 78 0.344948
126 79 0.127946
126 80 0.179487
126 125 0.161616
126 127 0.0102564
127 80 0.0875912
127 125 0.0693069
127 126 0.0102564
127 173 0.118644
127 174 0.45
127 175 0.015873
128 81 0.0471698
128 82 0.349593
128 129 0.153846
128 130 0.0124224
128 175 0.12
129 80 0.0102564
129 81 0.079096
129 82 0.350515
129 128 0.153846
129 130 0.159483
129 175 0.00826446
129 176 0.0232558
129 177 0.0318182
129 178 0.00456621
130 81 0.0153846
130 82 0.0849057
130 83 0.0135135
130 85 0.196429
130 128 0.0124224
130 129 0.159483
130 131 0.377273
130 177 0.0462185
130 178 0.07173
131 85 0.262887
131 130 0.377273
131 132 0.0166667
131 177 0.00480769
131 178 0.00966184
131 179 0.00568182
132 85 0.0543478
132 86 0.142857
132 131 0.0166667
132 133 0.341014
132 179 0.0662651
132 180 0.0222222
133 85 0.0909091
133 86 0.15814
133 132 0.341014
133 134 0.015544
133 179 0.328638
133 180 0.0769231
133 181 0.0104712
134 86 0.0625
134 87 0.0347826
134 88 0.0394737
134 89 0.045045
134 133 0.015544
134 136 0.0121951
134 180 0.027027
134 181 0.258333
134 182 0.0254777
135 182 0.225
135 183 0.0674157
136 89 0.084507
136 90 0.113924
136 134 0.0121951
136 137 0.025974
136 182 0.0854701
136 183 0.152174
136 184 0.0810811
137 90 0.0789474
137 92 0.111111
137 136 0.025974
137 138 0.231788
137 183 0.0123457
137 184 0.100917
137 185 0.0204082
138 90 0.0980392
138 91 0.0887574
138 92 0.0810811
138 137 0.231788
138 139 0.046729
138 184 0.0405405
138 185 0.246809
139 91 0.259067
139 93 0.00636943
139 138 0.046729
139 140 0.244444
139 185 0.0733591
139 187 0.161943
140 91 0.127778
140 93 0.166667
140 139 0.244444
140 187 0.102564
141 95 0.0151515
141 142 0.283582
141 143 0.113208
141 188 0.0740741
141 189 0.0238095
142 95 0.164706
142 141 0.283582
142 143 0.125
142 188 0.0217391
142 189 0.278689
142 190 0.126437
143 141 0.113208
143 142 0.125
143 144 0.169014
143 145 0.0877193
143 190 0.0547945
144 98 0.164179
144 143 0.169014
144 145 0.228571
144 190 0.27907
144 192 0.129032
145 98 0.0188679
145 143 0.0877193
145 144 0.228571
145 146 0.12963
145 147 0.056338
145 192 0.0833333
146 145 0.12963
146 147 0.289855
146 149 0.0714286
147 98 0.132353
147 145 0.056338
147 146 0.289855
147 148 0.214286
147 149 0.0273973
147 192 0.126984
147 195 0.0606061
148 98 0.0192308
148 99 0.0537634
148 100 0.119403
148 103 0.0217391
148 147 0.214286
148 149 0.140351
148 192 0.0212766
148 193 0.0416667
148 195 0.1
149 103 0.183673
149 146 0.0714286
149 147 0.0273973
149 148 0.140351
149 150 0.145161
149 195 0.0188679
149 196 0.015873
150 103 0.0784314
150 104 0.103448
150 149 0.145161
150 151 0.177215
150 196 0.123077
151 104 0.219178
151 150 0.177215
151 152 0.241379
151 153 0.166667
151 196 0.075
152 104 0.136364
152 105 0.0552147
152 106 0.00724638
152 107 0.0375
152 151 0.241379
152 153 0.0909091
152 198 0.147541
152 200 0.133333
153 107 0.181818
153 151 0.166667
153 152 0.0909091
153 154 0.179104
154 107 0.0857143
154 153 0.179104
154 155 0.146667
154 156 0.0862069
155 107 0.105882
155 154 0.146667
155 156 0.205479
155 202 0.046875
155 203 0.172043
156 154 0.0862069
156 155 0.205479
156 157 0.0410959
156 158 0.0714286
156 203 0.0657895
157 110 0.11811
157 112 0.0105263
157 156 0.0410959
157 158 0.164384
157 159 0.0186916
157 203 0.16129
157 204 0.215385
157 205 0.025974
158 156 0.0714286
158 157 0.164384
158 159 0.0333333
158 206 0.0454545
159 112 0.169643
159 157 0.0186916
159 158 0.0333333
159 160 0.0636364
159 205 0.12766
159 206 0.319672
159 207 0.0692308
160 110 0.0538462
160 111 0.122449
160 112 0.418367
160 113 0.0707965
160 159 0.0636364
160 207 0.0517241
161 114 0.125
161 162 0.201754
161 163 0.0588235
161 207 0.298913
161 208 0.0306748
161 210 0.00543478
162 114 0.0188679
162 115 0.156
162 116 0.109005
162 161 0.201754
162 163 0.251366
163 116 0.117647
163 161 0.0588235
163 162 0.251366
163 164 0.00877193
163 165 0.0137931
163 208 0.00847458
163 210 0.136691
163 211 0.0510949
164 116 0.0352113
164 163 0.00877193
164 165 0.34188
164 166 0.0206186
164 210 0.027027
164 211 0.211009
164 212 0.145455
164 213 0.0973451
165 116 0.0289017
165 163 0.0137931
165 164 0.34188
165 210 0.056338
165 211 0.342857
165 212 0.106383
165 213 0.0694444
166 118 0.328767
166 164 0.0206186
166 167 0.0153846
166 168 0.126374
166 212 0.165289
166 213 0.0887097
166 214 0.0454545
166 215 0.00740741
167 122 0.0229008
167 166 0.0153846
167 168 0.0784314
167 214 0.188312
167 215 0.184713
167 216 0.047619
168 118 0.0409091
168 120 0.40796
168 121 0.16087
168 122 0.0218579
168 166 0.126374
168 167 0.0784314
168 214 0.0194175
169 122 0.288136
169 123 0.0117647
169 124 0.0265487
169 170 0.0116279
169 171 0.0724638
169 172 0.0384615
169 216 0.156716
169 217 0.0900901
169 218 0.0522388
170 122 0.025641
170 123 0.0222222
170 124 0.246575
170 125 0.0133333
170 169 0.0116279
170 172 0.0492958
170 216 0.0531915
170 217 0.253521
170 219 0.028169
171 122 0.0153846
171 124 0.064
171 125 0.023622
171 169 0.0724638
171 172 0.386598
171 216 0.0479452
171 217 0.130081
171 218 0.0273973
171 219 0.0463918
171 220 0.101796
172 122 0.0344828
172 123 0.0070922
172 124 0.260355
172 125 0.0760234
172 169 0.0384615
172 170 0.0492958
172 171 0.386598
172 216 0.0210526
172 217 0.209581
172 218 0.0263158
172 219 0.210084
172 220 0.151659
173 127 0.118644
173 174 0.51875
173 175 0.0481928
173 219 0.0159574
173 220 0.15528
173 221 0.00746269
174 125 0.020979
174 127 0.45
174 173 0.51875
174 175 0.0571429
174 219 0.1
174 220 0.131148
174 221 0.0192308
174 222 0.00469484
175 127 0.015873
175 128 0.12
175 129 0.00826446
175 173 0.0481928
175 174 0.0571429
175 222 0.0588235
176 129 0.0232558
176 177 0.247191
176 178 0.0112994
176 222 0.240642
177 129 0.0318182
177 130 0.0462185
177 131 0.00480769
177 176 0.247191
177 178 0.488889
177 179 0.0721649
177 222 0.0212766
177 224 0.0491803
177 226 0.014218
178 129 0.00456621
178 130 0.07173
178 131 0.00966184
178 176 0.0112994
178 177 0.488889
178 179 0.0777202
178 223 0.0197044
178 224 0.242798
178 225 0.0220994
178 226 0.047619
179 131 0.00568182
179 132 0.0662651
179 133 0.328638
179 177 0.0721649
179 178 0.0777202
179 226 0.0558659
180 132 0.0222222
180 133 0.0769231
180 134 0.027027
180 181 0.12844
180 225 0.092437
180 226 0.0135135
180 227 0.102804
180 228 0.0102041
181 133 0.0104712
181 134 0.258333
181 180 0.12844
181 182 0.129032
181 228 0.168224
181 229 0.0107527
182 134 0.0254777
182 135 0.225
182 136 0.0854701
182 181 0.129032
182 183 0.190083
182 230 0.356383
183 135 0.0674157
183 136 0.152174
183 137 0.0123457
183 182 0.190083
183 184 0.0512821
183 230 0.0854701
183 231 0.0148148
184 136 0.0810811
184 137 0.100917
184 138 0.0405405
184 183 0.0512821
184 185 0.0621762
184 231 0.208589
184 232 0.0242424
185 137 0.0204082
185 138 0.246809
185 139 0.0733591
185 184 0.0621762
185 186 0.0493274
185 187 0.00373134
185 231 0.136
185 232 0.365079
185 233 0.00714286
186 185 0.0493274
186 187 0.0758294
186 232 0.2
186 233 0.32287
186 234 0.00729927
187 139 0.161943
187 140 0.102564
187 185 0.00373134
187 186 0.0758294
187 232 0.025
187 233 0.25
187 234 0.181319
188 141 0.0740741
188 142 0.0217391
188 189 0.142857
189 141 0.0238095
189 142 0.278689
189 188 0.142857
189 190 0.016129
189 235 0.00961538
189 236 0.031746
190 142 0.126437
190 143 0.0547945
190 144 0.27907
190 189 0.016129
190 191 0.253731
191 190 0.253731
191 192 0.0697674
191 236 0.0441176
191 238 0.104762
191 239 0.00787402
192 144 0.129032
192 145 0.0833333
192 147 0.126984
192 148 0.0212766
192 191 0.0697674
192 193 0.390244
192 238 0.00980392
193 148 0.0416667
193 192 0.390244
193 194 0.241379
193 195 0.0909091
193 238 0.038835
193 239 0.008
194 193 0.241379
194 195 0.1
194 239 0.163121
194 240 0.0931677
194 241 0.011236
195 147 0.0606061
195 148 0.1
195 149 0.0188679
195 193 0.0909091
195 194 0.1
195 197 0.175
196 149 0.015873
196 150 0.123077
196 151 0.075
196 197 0.2
196 198 0.203704
197 195 0.175
197 196 0.2
197 198 0.0263158
197 241 0.057971
197 242 0.0594059
197 243 0.0108696
198 152 0.147541
198 196 0.203704
198 197 0.0263158
198 200 0.0243902
198 243 0.0104167
198 244 0.0413223
198 245 0.00877193
199 200 0.238806
199 201 0.0666667
199 245 0.0714286
199 247 0.0795455
199 248 0.0535714
200 152 0.133333
200 198 0.0243902
200 199 0.238806
200 201 0.030303
200 245 0.00884956
201 199 0.0666667
201 200 0.030303
201 202 0.125
201 203 0.0163934
201 248 0.025641
201 249 0.0463576
202 155 0.046875
202 201 0.125
202 203 0.253731
202 204 0.025641
202 249 0.0318471
202 250 0.062069
203 155 0.172043
203 156 0.0657895
203 157 0.16129
203 201 0.0163934
203 202 0.253731
203 204 0.102941
204 157 0.215385
204 202 0.025641
204 203 0.102941
204 205 0.0192308
204 250 0.00684932
204 251 0.0337079
205 157 0.025974
205 159 0.12766
205 204 0.0192308
205 251 0.039604
205 252 0.0729167
205 253 0.045977
205 254 0.0291262
206 158 0.0454545
206 159 0.319672
206 253 0.130435
207 159 0.0692308
207 160 0.0517241
207 161 0.298913
207 208 0.0347826
207 252 0.0151515
207 253 0.00813008
207 254 0.0215827
207 255 0.0704225
208 161 0.0306748
208 163 0.00847458
208 207 0.0347826
208 209 0.0737705
208 210 0.0434783
208 252 0.027027
208 253 0.0784314
208 254 0.0508475
208 255 0.231405
208 256 0.0526316
208 257 0.00970874
209 208 0.0737705
209 210 0.160839
209 211 0.0141844
209 255 0.0738255
209 256 0.217391
209 257 0.10687
209 258 0.00757576
210 161 0.00543478
210 163 0.136691
210 164 0.027027
210 165 0.056338
210 208 0.0434783
210 209 0.160839
210 211 0.171642
210 255 0.028169
210 256 0.402597
210 257 0.346774
210 258 0.104
211 163 0.0510949
211 164 0.211009
211 165 0.342857
211 209 0.0141844
211 210 0.171642
211 212 0.037594
211 213 0.0147059
211 256 0.0460526
211 257 0.114754
211 258 0.0813008
211 259 0.119048
211 260 0.057971
212 164 0.145455
212 165 0.106383
212 166 0.165289
212 211 0.037594
212 213 0.189781
212 214 0.062069
212 215 0.0405405
212 258 0.016129
212 259 0.377953
212 260 0.165468
212 261 0.028169
213 164 0.0973451
213 165 0.0694444
213 166 0.0887097
213 211 0.0147059
213 212 0.189781
213 214 0.0608108
213 215 0.0529801
213 258 0.0314961
213 259 0.0461538
213 260 0.0422535
213 261 0.00689655
214 166 0.0454545
214 167 0.188312
214 168 0.0194175
214 212 0.062069
214 213 0.0608108
214 215 0.327044
214 259 0.00724638
214 260 0.0133333
214 261 0.48366
214 262 0.0807453
214 263 0.00552486
215 166 0.00740741
215 167 0.184713
215 212 0.0405405
215 213 0.0529801
215 214 0.327044
215 261 0.166667
215 262 0.00609756
215 263 0.0108696
216 167 0.047619
216 169 0.156716
216 170 0.0531915
216 171 0.0479452
216 172 0.0210526
216 217 0.142857
216 218 0.0422535
216 262 0.0714286
216 263 0.367816
216 264 0.112903
216 265 0.031746
217 169 0.0900901
217 170 0.253521
217 171 0.130081
217 172 0.209581
217 216 0.142857
217 218 0.00840336
217 263 0.0596026
217 264 0.0368098
218 169 0.0522388
218 171 0.0273973
218 172 0.0263158
218 216 0.0422535
218 217 0.00840336
218 219 0.00526316
218 220 0.00613497
218 262 0.00649351
218 263 0.0632184
218 264 0.55914
218 265 0.00793651
219 170 0.028169
219 171 0.0463918
219 172 0.210084
219 173 0.0159574
219 174 0.1
219 218 0.00526316
219 220 0.42654
219 264 0.017094
219 265 0.091954
219 266 0.185185
219 267 0.00613497
220 171 0.101796
220 172 0.151659
220 173 0.15528
220 174 0.131148
220 218 0.00613497
220 219 0.42654
220 264 0.00483092
220 265 0.0272109
220 266 0.037037
221 173 0.00746269
221 174 0.0192308
221 266 0.0666667
221 267 0.0458716
221 268 0.039604
221 269 0.387387
221 270 0.0169492
222 174 0.00469484
222 175 0.0588235
222 176 0.240642
222 177 0.0212766
222 223 0.117371
222 224 0.0395257
222 268 0.100386
222 269 0.0178571
222 270 0.0299145
223 178 0.0197044
223 222 0.117371
223 224 0.288288
223 268 0.254386
223 270 0.0246305
223 271 0.0653266
224 177 0.0491803
224 178 0.242798
224 222 0.0395257
224 223 0.288288
224 225 0.25
224 226 0.0567686
224 268 0.00373134
224 271 0.209205
225 178 0.0220994
225 180 0.092437
225 224 0.25
225 226 0.275449
225 271 0.0112994
226 177 0.014218
226 178 0.047619
226 179 0.0558659
226 180 0.0135135
226 224 0.0567686
226 225 0.275449
226 227 0.103226
226 271 0.0145631
226 272 0.195946
227 180 0.102804
227 226 0.103226
227 229 0.032967
227 272 0.0186916
227 273 0.0294118
227 274 0.265487
227 275 0.0275229
228 180 0.0102041
228 181 0.168224
228 229 0.0853659
228 275 0.27
229 181 0.0107527
229 227 0.032967
229 228 0.0853659
229 230 0.0238095
229 274 0.122222
229 275 0.0813954
229 276 0.00840336
229 277 0.28169
230 182 0.356383
230 183 0.0854701
230 229 0.0238095
230 276 0.124294
230 277 0.23
230 278 0.0471698
231 183 0.0148148
231 184 0.208589
231 185 0.136
231 232 0.0405405
231 278 0.016129
231 279 0.222672
232 184 0.0242424
232 185 0.365079
232 186 0.2
232 187 0.025
232 231 0.0405405
232 233 0.0357143
232 279 0.136546
232 280 0.00746269
233 185 0.00714286
233 186 0.32287
233 187 0.25
233 232 0.0357143
233 234 0.123711
233 280 0.22973
234 186 0.00729927
234 187 0.181319
234 233 0.123711
234 280 0.00952381
234 281 0.135135
235 189 0.00961538
235 236 0.175573
235 237 0.0803571
235 282 0.0829016
235 283 0.226244
236 189 0.031746
236 191 0.0441176
236 235 0.175573
236 237 0.0819672
236 238 0.015748
237 235 0.0803571
237 236 0.0819672
237 238 0.245455
237 283 0.128205
237 284 0.2607
237 285 0.00724638
238 191 0.104762
238 192 0.00980392
238 193 0.038835
238 236 0.015748
238 237 0.245455
238 239 0.177419
238 284 0.0298507
239 191 0.00787402
239 193 0.008
239 194 0.163121
239 238 0.177419
239 240 0.302632
239 284 0.125561
239 285 0.103306
239 286 0.025
240 194 0.0931677
240 239 0.302632
240 241 0.0965909
240 285 0.00763359
240 286 0.219231
240 287 0.125541
241 194 0.011236
241 197 0.057971
241 240 0.0965909
241 242 0.257353
241 243 0.00787402
241 287 0.0503145
242 197 0.0594059
242 241 0.257353
242 243 0.295597
242 287 0.078534
242 288 0.0984456
242 289 0.037037
242 290 0.0210084
243 197 0.0108696
243 198 0.0104167
243 241 0.00787402
243 242 0.295597
243 244 0.217143
243 289 0.0144928
243 290 0.0567686
244 198 0.0413223
244 243 0.217143
244 245 0.181347
244 290 0.224409
244 291 0.00373134
245 198 0.00877193
245 199 0.0714286
245 200 0.00884956
245 244 0.181347
245 246 0.317972
245 247 0.027027
245 290 0.0283401
245 291 0.0536398
245 292 0.0353535
246 245 0.317972
246 247 0.233202
246 291 0.0445205
246 292 0.20524
246 293 0.0707965
247 199 0.0795455
247 245 0.027027
247 246 0.233202
247 293 0.030303
247 294 0.315556
247 295 0.0102564
248 199 0.0535714
248 201 0.025641
248 249 0.344828
248 250 0.026178
248 294 0.124224
248 295 0.0610687
249 201 0.0463576
249 202 0.0318471
249 248 0.344828
249 250 0.397727
249 295 0.0343137
249 296 0.129464
249 297 0.0125523
250 202 0.062069
250 204 0.00684932
250 248 0.026178
250 249 0.397727
250 251 0.117949
250 296 0.0660377
250 297 0.154185
251 204 0.0337079
251 205 0.039604
251 250 0.117949
251 297 0.164706
251 298 0.0732984
251 299 0.125926
252 205 0.0729167
252 207 0.0151515
252 208 0.027027
252 253 0.0756303
252 254 0.281481
252 255 0.0362319
252 299 0.223077
252 300 0.00917431
252 301 0.0559441
252 302 0.124088
253 205 0.045977
253 206 0.130435
253 207 0.00813008
253 208 0.0784314
253 252 0.0756303
253 254 0.190476
253 255 0.186047
253 302 0.117188
254 205 0.0291262
254 207 0.0215827
254 208 0.0508475
254 252 0.281481
254 253 0.190476
254 255 0.124138
254 299 0.0145985
254 300 0.0172414
254 301 0.08
254 302 0.166667
255 207 0.0704225
255 208 0.231405
255 209 0.0738255
255 210 0.028169
255 252 0.0362319
255 253 0.186047
255 254 0.124138
255 256 0.04375
255 301 0.150327
255 302 0.312925
255 303 0.160839
256 208 0.0526316
256 209 0.217391
256 210 0.402597
256 211 0.0460526
256 255 0.04375
256 257 0.147887
256 301 0.0484848
256 302 0.00628931
256 303 0.348387
256 305 0.0654762
257 208 0.00970874
257 209 0.10687
257 210 0.346774
257 211 0.114754
257 256 0.147887
257 258 0.168142
257 259 0.00862069
257 301 0.0296296
257 303 0.008
257 304 0.0444444
257 305 0.0797101
258 209 0.00757576
258 210 0.104
258 211 0.0813008
258 212 0.016129
258 213 0.0314961
258 257 0.168142
258 259 0.025641
258 304 0.117647
258 305 0.057554
258 306 0.0689655
259 211 0.119048
259 212 0.377953
259 213 0.0461538
259 214 0.00724638
259 257 0.00862069
259 258 0.025641
259 260 0.0606061
259 304 0.00719424
259 305 0.00704225
259 306 0.114865
260 211 0.057971
260 212 0.165468
260 213 0.0422535
260 214 0.0133333
260 259 0.0606061
260 305 0.0454545
260 306 0.2625
260 307 0.0141844
260 308 0.0387597
261 212 0.028169
261 213 0.00689655
261 214 0.48366
261 215 0.166667
261 262 0.126582
261 263 0.0224719
261 306 0.0122699
261 308 0.0227273
261 310 0.00641026
262 214 0.0807453
262 215 0.00609756
262 216 0.0714286
262 218 0.00649351
262 261 0.126582
262 263 0.311828
262 264 0.0757576
262 308 0.0142857
262 310 0.164634
262 311 0.0609756
263 214 0.00552486
263 215 0.0108696
263 216 0.367816
263 217 0.0596026
263 218 0.0632184
263 261 0.0224719
263 262 0.311828
263 264 0.0917431
263 310 0.0815217
263 311 0.0706522
263 312 0.0147059
264 216 0.112903
264 217 0.0368098
264 218 0.55914
264 219 0.017094
264 220 0.00483092
264 262 0.0757576
264 263 0.0917431
264 265 0.111765
264 310 0.0204082
264 311 0.377551
264 312 0.0202703
264 313 0.0444444
265 216 0.031746
265 218 0.00793651
265 219 0.091954
265 220 0.0272109
265 264 0.111765
265 266 0.128
265 267 0.020202
265 311 0.161765
265 312 0.125
265 313 0.193939
266 219 0.185185
266 220 0.037037
266 221 0.0666667
266 265 0.128
266 267 0.298246
266 269 0.00862069
266 312 0.0679612
266 313 0.183333
266 314 0.00840336
267 219 0.00613497
267 221 0.0458716
267 265 0.020202
267 266 0.298246
267 269 0.0444444
267 313 0.0324675
267 314 0.193548
267 315 0.00877193
268 221 0.039604
268 222 0.100386
268 223 0.254386
268 224 0.00373134
268 269 0.0601093
268 270 0.393574
268 271 0.146939
268 314 0.00537634
268 315 0.140097
269 221 0.387387
269 222 0.0178571
269 266 0.00862069
269 267 0.0444444
269 268 0.0601093
269 314 0.0421053
269 315 0.12069
270 221 0.0169492
270 222 0.0299145
270 223 0.0246305
270 268 0.393574
270 271 0.218182
270 315 0.043956
270 316 0.159236
270 317 0.013245
271 223 0.0653266
271 224 0.209205
271 225 0.0112994
271 226 0.0145631
271 268 0.146939
271 270 0.218182
271 272 0.107595
271 317 0.0204082
272 226 0.195946
272 227 0.0186916
272 271 0.107595
272 273 0.0842105
272 317 0.0224719
272 318 0.0120482
273 227 0.0294118
273 272 0.0842105
273 274 0.138614
273 318 0.0128205
273 320 0.333333
274 227 0.265487
274 229 0.122222
274 273 0.138614
274 321 0.0892857
274 323 0.056338
275 227 0.0275229
275 228 0.27
275 229 0.0813954
275 276 0.153285
275 323 0.0447761
275 324 0.00735294
276 229 0.00840336
276 230 0.124294
276 275 0.153285
276 277 0.196891
276 278 0.0707071
276 279 0.0045045
276 323 0.02
276 324 0.0118343
276 325 0.0379747
277 229 0.28169
277 230 0.23
277 276 0.196891
277 278 0.00819672
277 324 0.208333
278 230 0.0471698
278 231 0.016129
278 276 0.0707071
278 277 0.00819672
278 279 0.0198676
278 325 0.0804598
279 231 0.222672
279 232 0.136546
279 276 0.0045045
279 278 0.0198676
279 280 0.0204778
279 325 0.166667
279 326 0.310185
279 327 0.0117188
280 232 0.00746269
280 233 0.22973
280 234 0.00952381
280 279 0.0204778
280 326 0.00851064
280 327 0.447273
280 328 0.0526316
281 234 0.135135
281 328 0.150685
282 235 0.0829016
282 283 0.338843
282 329 0.418478
282 330 0.0934066
282 331 0.018018
283 235 0.226244
283 237 0.128205
283 282 0.338843
283 284 0.0905512
283 329 0.0141509
283 330 0.0142857
283 331 0.196
284 237 0.2607
284 238 0.0298507
284 239 0.125561
284 283 0.0905512
284 285 0.354086
284 286 0.00784314
284 331 0.0811966
284 332 0.0104712
285 237 0.00724638
285 239 0.103306
285 240 0.00763359
285 284 0.354086
285 286 0.251825
285 331 0.217391
285 332 0.0619048
286 239 0.025
286 240 0.219231
286 284 0.00784314
286 285 0.251825
286 287 0.17284
286 331 0.0119522
286 332 0.221154
286 333 0.0934579
286 334 0.00947867
287 240 0.125541
287 241 0.0503145
287 242 0.078534
287 286 0.17284
287 288 0.37963
287 333 0.0324324
287 334 0.0164835
288 242 0.0984456
288 287 0.37963
288 289 0.323651
288 334 0.0706522
288 336 0.0627803
289 242 0.037037
289 243 0.0144928
289 288 0.323651
289 290 0.129371
289 334 0.0289855
289 335 0.00917431
289 336 0.402439
289 337 0.0415094
290 242 0.0210084
290 243 0.0567686
290 244 0.224409
290 245 0.0283401
290 289 0.129371
290 291 0.229814
290 292 0.019305
290 336 0.0447761
290 337 0.087108
291 244 0.00373134
291 245 0.0536398
291 246 0.0445205
291 290 0.229814
291 292 0.457875
291 337 0.0631229
291 339 0.197802
292 245 0.0353535
292 246 0.20524
292 290 0.019305
292 291 0.457875
292 293 0.0289855
292 339 0.104762
293 246 0.0707965
293 247 0.030303
293 292 0.0289855
293 295 0.0654762
293 338 0.0078125
293 339 0.193237
293 340 0.327957
293 341 0.00555556
294 247 0.315556
294 248 0.124224
294 295 0.0246914
295 247 0.0102564
295 248 0.0610687
295 249 0.0343137
295 293 0.0654762
295 294 0.0246914
295 296 0.0131579
295 340 0.166667
295 341 0.291667
296 249 0.129464
296 250 0.0660377
296 295 0.0131579
296 297 0.106952
296 341 0.0731707
296 342 0.0920245
296 343 0.178218
297 249 0.0125523
297 250 0.154185
297 251 0.164706
297 296 0.106952
297 298 0.304933
297 343 0.0829493
298 251 0.0732984
298 297 0.304933
298 299 0.207447
298 343 0.0210084
298 344 0.005
298 345 0.0941176
298 346 0.00526316
298 347 0.00478469
298 348 0.00584795
299 251 0.125926
299 252 0.223077
299 254 0.0145985
299 298 0.207447
299 344 0.0347222
299 347 0.0196078
299 348 0.0347826
300 252 0.00917431
300 254 0.0172414
300 301 0.016129
300 302 0.0169492
300 344 0.138211
300 346 0.0353982
300 348 0.170213
300 349 0.105691
300 350 0.0169492
301 252 0.0559441
301 254 0.08
301 255 0.150327
301 256 0.0484848
301 257 0.0296296
301 300 0.016129
301 302 0.203947
301 303 0.0135135
301 349 0.0700637
301 350 0.125
301 351 0.0111111
302 252 0.124088
302 253 0.117188
302 254 0.166667
302 255 0.312925
302 256 0.00628931
302 300 0.0169492
302 301 0.203947
302 303 0.0774648
302 347 0.075
302 348 0.0409836
302 349 0.112583
302 350 0.109589
303 255 0.160839
303 256 0.348387
303 257 0.008
303 301 0.0135135
303 302 0.0774648
303 305 0.0662252
303 349 0.0340136
303 350 0.00704225
303 351 0.152941
304 257 0.0444444
304 258 0.117647
304 259 0.00719424
304 305 0.354037
304 306 0.0239521
304 351 0.0833333
304 352 0.0943396
304 353 0.00653595
305 256 0.0654762
305 257 0.0797101
305 258 0.057554
305 259 0.00704225
305 260 0.0454545
305 303 0.0662252
305 304 0.354037
305 306 0.0235294
305 351 0.213115
305 352 0.197531
305 353 0.025641
306 258 0.0689655
306 259 0.114865
306 260 0.2625
306 261 0.0122699
306 304 0.0239521
306 305 0.0235294
306 307 0.10828
306 308 0.0206897
306 352 0.0952381
306 353 0.0987654
306 354 0.00549451
307 260 0.0141844
307 306 0.10828
307 308 0.0396825
307 309 0.00819672
307 353 0.111888
307 354 0.0245399
307 355 0.182482
307 356 0.0114943
308 260 0.0387597
308 261 0.0227273
308 262 0.0142857
308 306 0.0206897
308 307 0.0396825
308 309 0.00909091
308 310 0.0362319
308 353 0.0152672
308 354 0.119205
308 355 0.112
308 356 0.185185
309 307 0.00819672
309 308 0.00909091
309 310 0.179104
309 355 0.0413223
309 356 0.259494
309 358 0.0258621
310 261 0.00641026
310 262 0.164634
310 263 0.0815217
310 264 0.0204082
310 308 0.0362319
310 309 0.179104
310 311 0.0740741
310 355 0.033557
310 356 0.139785
310 358 0.125
311 262 0.0609756
311 263 0.0706522
311 264 0.377551
311 265 0.161765
311 310 0.0740741
311 312 0.0964912
311 313 0.0471204
311 356 0.0107527
311 357 0.0662983
311 358 0.118056
311 359 0.0487805
312 263 0.0147059
312 264 0.0202703
312 265 0.125
312 266 0.0679612
312 311 0.0964912
312 313 0.048951
312 358 0.197917
312 359 0.0172414
312 360 0.105769
313 264 0.0444444
313 265 0.193939
313 266 0.183333
313 267 0.0324675
313 311 0.0471204
313 312 0.048951
313 357 0.0238095
313 358 0.0289017
313 359 0.0932643
313 360 0.0828729
314 266 0.00840336
314 267 0.193548
314 268 0.00537634
314 269 0.0421053
314 315 0.0672269
314 362 0.184466
315 267 0.00877193
315 268 0.140097
315 269 0.12069
315 270 0.043956
315 314 0.0672269
315 316 0.2
315 362 0.0967742
315 363 0.0183486
316 270 0.159236
316 315 0.2
316 317 0.238095
316 363 0.107143
316 364 0.011236
317 270 0.013245
317 271 0.0204082
317 272 0.0224719
317 316 0.238095
317 318 0.0972222
317 363 0.205128
318 272 0.0120482
318 273 0.0128205
318 317 0.0972222
318 319 0.0227273
318 320 0.0277778
318 363 0.0277778
318 364 0.025974
318 365 0.0326087
319 318 0.0227273
319 320 0.0531915
319 365 0.0614035
319 366 0.119266
319 367 0.114286
320 273 0.333333
320 318 0.0277778
320 319 0.0531915
320 321 0.0210526
320 367 0.011236
321 274 0.0892857
321 320 0.0210526
321 322 0.0789474
321 323 0.112676
321 324 0.00714286
321 367 0.141509
322 321 0.0789474
322 323 0.0630631
322 368 0.0258621
322 369 0.131579
323 274 0.056338
323 275 0.0447761
323 276 0.02
323 321 0.112676
323 322 0.0630631
323 324 0.030303
323 370 0.243243
323 371 0.03
324 275 0.00735294
324 276 0.0118343
324 277 0.208333
324 321 0.00714286
324 323 0.030303
324 369 0.0214286
324 370 0.0660377
324 371 0.337278
324 372 0.0102041
325 276 0.0379747
325 278 0.0804598
325 279 0.166667
325 326 0.0197368
325 371 0.0126582
325 372 0.0689655
325 373 0.122807
326 279 0.310185
326 280 0.00851064
326 325 0.0197368
326 327 0.00505051
326 373 0.271186
327 279 0.0117188
327 280 0.447273
327 326 0.00505051
327 328 0.0930233
327 373 0.0322581
327 374 0.160338
327 375 0.0394089
328 280 0.0526316
328 281 0.150685
328 327 0.0930233
328 374 0.0467836
328 375 0.10219
329 282 0.418478
329 283 0.0141509
329 330 0.0328947
329 331 0.0104167
329 376 0.139706
329 377 0.0228571
330 282 0.0934066
330 283 0.0142857
330 329 0.0328947
330 331 0.221053
330 332 0.00680272
330 376 0.186567
330 377 0.144509
330 378 0.208092
331 282 0.018018
331 283 0.196
331 284 0.0811966
331 285 0.217391
331 286 0.0119522
331 329 0.0104167
331 330 0.221053
331 332 0.235294
331 376 0.00574713
331 377 0.028169
331 378 0.0985916
331 379 0.00512821
332 284 0.0104712
332 285 0.0619048
332 286 0.221154
332 330 0.00680272
332 331 0.235294
332 333 0.1
332 378 0.129412
332 379 0.0592105
332 380 0.00571429
333 286 0.0934579
333 287 0.0324324
333 332 0.1
333 334 0.176471
333 378 0.00568182
333 379 0.177215
333 380 0.303867
334 286 0.00947867
334 287 0.0164835
334 288 0.0706522
334 289 0.0289855
334 333 0.176471
334 335 0.229814
334 336 0.00529101
334 380 0.129213
334 381 0.00588235
335 289 0.00917431
335 334 0.229814
335 336 0.035
335 380 0.00529101
335 381 0.149171
335 382 0.245902
336 288 0.0627803
336 289 0.402439
336 290 0.0447761
336 334 0.00529101
336 335 0.035
336 337 0.255061
336 383 0.0515464
337 289 0.0415094
337 290 0.087108
337 291 0.0631229
337 336 0.255061
337 383 0.253521
337 384 0.00671141
337 385 0.282407
338 293 0.0078125
338 339 0.175573
338 340 0.0272727
338 384 0.0952381
338 385 0.00917431
338 386 0.0204082
338 387 0.313726
339 291 0.197802
339 292 0.104762
339 293 0.193237
339 338 0.175573
339 340 0.00529101
339 385 0.196809
340 293 0.327957
340 295 0.166667
340 338 0.0272727
340 339 0.00529101
340 341 0.240741
340 342 0.0434783
340 387 0.100917
341 293 0.00555556
341 295 0.291667
341 296 0.0731707
341 340 0.240741
341 342 0.167742
341 343 0.00515464
342 296 0.0920245
342 340 0.0434783
342 341 0.167742
342 343 0.134715
342 388 0.0162602
342 389 0.232704
343 296 0.178218
343 297 0.0829493
343 298 0.0210084
343 341 0.00515464
343 342 0.134715
343 389 0.0909091
343 390 0.333333
344 298 0.005
344 299 0.0347222
344 300 0.138211
344 345 0.206349
344 346 0.315068
344 347 0.260606
344 348 0.220472
344 391 0.0283688
344 392 0.0480769
344 393 0.112
344 394 0.146341
344 395 0.0592593
345 298 0.0941176
345 344 0.206349
345 346 0.0689655
345 390 0.15894
345 391 0.225225
345 392 0.121622
345 393 0.126316
346 298 0.00526316
346 300 0.0353982
346 344 0.315068
346 345 0.0689655
346 347 0.264516
346 348 0.0854701
346 391 0.145038
346 392 0.0425532
346 393 0.0956522
346 394 0.0884956
346 395 0.048
347 298 0.00478469
347 299 0.0196078
347 302 0.075
347 344 0.260606
347 346 0.264516
347 348 0.102941
347 349 0.0181818
347 391 0.0133333
347 393 0.0223881
347 394 0.136364
347 395 0.145833
347 396 0.0273224
348 298 0.00584795
348 299 0.0347826
348 300 0.170213
348 302 0.0409836
348 344 0.220472
348 346 0.0854701
348 347 0.102941
348 349 0.0551181
